Clustering algorithm selected: kmeans
=====================================

Clustering evaluation metric: dbc_ss
Clustering evaluation value: 0.4376641701748208

========== Cluster 0 ==========

Base classifier: DummyClassifier(strategy='most_frequent')

Minority Class: 0

Selected Features: [ 0  1  2  3  4  5  6  7  8  9 10 11 12 13 14 15 16 17 18 19 20 21 22 23
 24 25 26 27 28 29 30]

Labels: [1 1 1 1 1 1 1 1 1 1 1 1 1 1 1 1 1 1 1 1 1 1 1 1 1 1 1 1 1 1 1 1 1 1 1]

Synthetic samples indexes: []

========== Cluster 1 ==========

Base classifier: SVC(probability=True)

Minority Class: 0

Selected Features: [24 21  0 23  4  3  1  8 14  2 28 22 10 20 27]

Labels: [1 0 0 0 0 1 1 1 0 1 1 1 0 0 0 1 0 1 0 1 1 0 1 1 0 0 1 1 0 0 0 0 0 1 0 1 0
 1 0 1 1 0 0 1 1 1 0 1 0 1 1 1 0 0 0 0 1 0 0 0 0 1 0 1 0 1 1 1 1 0 1 1 1 1
 0 0 1 1 0 1 1 0 0 1 0 1 1 1 1 0 0 1 1 0 1 1 1 1 0 0 1 0 1 0 1 1 1 0 1 0 0
 0 1 0 1 0 0 0 0 0 1 0 1 1 0 1 1 1 1 0 1 0 0 1 0 1 1 1 1 0 0 1 1 0 0 1 1 0
 0 0 1 1 1 0 0 0 0 1 1 0 0 0 1 0 0 1 1 0 1 1 0 0 0 0 1 0 0 1 0 1 1 0 1 0 1
 0 0 0 0 0 1 0 1 1 1 1 1 0 1 0 0 0 0 1 1 1 0 1 0 1 1 1 0 1 0 1 0 0 0 0 1 1
 0 0 1 1 0 0 0 1 0 0 1 1 0 0 1 1 1 0 0 1 1 1 0 0 0 0 1 1 1 0 1 0 1 0 1 1 1
 1 1 0 0 0 1 0 1 1 0 1 1 0 0 0 0 0 0 0 1 0 1 0 0 0 1 0 0 1 0 0 0 1 0 1 0 0
 1 0 0 1 1 0 0 0 0 0 0 0 1 0 1 0 1 1 1 1 0 1 0 1 0 0 1 0 0 0 0 0 1 1 0 1 0
 1 1 1 1 1 1 1 1 0 0 1 1 1 1 1 0 1 1 1 0 1 1 1 1 1 1 0 0 0 1 0 1 1 0 1 1 1
 1 0 0 0 0 1 0 1 0 0 0 0 1 0 0 1 0 1 0 0 1 0 1 1 0 0 0 1 1 0 1 0 0 1 1 1 0
 0 0 1 1 0 1 1 0 1 1 1 0 1 0 1 0 1 0 1 1 1 1 1 0 0 0 0 0 1 0 1 1 0 1 0 1 1
 1 0 0 0 1 1 1 0 1 1 0 0 1 1 0 1 0 0 1 0 0 0 0 0 0 1 1 0 0 0 1 0 1 0 0 0 1
 0 1 1 1 0 1 1 1 1 0 1 0 0 0 1 0 1 0 1 0 1 1 0 0 1 0 1 1 0 1 0 0 0 0 0 1 1
 0 1 1 1 1 0 0 0 1 0 1 0 0 1 1 1 0 0 1 0 0 0 0 1 0 1 0 1 1 0 0 1 1 0 1 0 1
 1 1 0 0 1 0 1 0 0 0 1 0 1 1 1 1 1 1 1 1 1 1 1 0 0 1 1 0 1 0 1 0 0 1 0 0 0]

Synthetic samples indexes: [  0   5   6   9  10  11  15  17  19  20  22  23  26  27  33  35  37  39
  40  43  45  47  49  50  51  56  61  63  65  66  67  68  70  71  72  76
  79  80  83  85  86  87  88  91  92  94  95  96  97 100 102 104 105 108
 112 114 120 122 123 125 126 127 128 133 135 136 137 138 141 142 145 146
 150 151 152 157 158 162 165 166 168 174 177 179 180 184 190 192 193 194
 195 196 198 203 204 205 207 209 210 211 213 215 220 221 224 225 229 232
 233 236 237 238 242 243 248 249 250 252 254 256 257 258 259 260 264 266
 267 269 270 278 280 287 291 293 296 299 308 312 313 314 315 317 319 322
 328 329 331 333 334 335 336 337 338 339 340 343 344 345 346 347 349 351
 353 354 355 356 358 362 364 365 368 369 370 375 377 382 385 387 393 397
 398 400 404 405 409 410 412 413 415 416 417 419 421 423 425 426 427 428
 429 435 437 438 440 442 443 444 448 449 450 452 453 456 457 459 462 469
 470 474 476 480 482 483 484 487 488 489 491 495 497 499 501 502 505 507
 508 510 516 517 519 520 521 522 526 531 532 533 536 541 543 545 546 549
 550 552 554 555 556 559 561 565 567 568 569 570 571 572 573 574 575 576
 577 580 581 583 585 588]

========== Cluster 2 ==========

Base classifier: SVC(probability=True)

Minority Class: 0

Selected Features: [21 28 24 25  8 23 22  7  3 20  4 27 29 14 17  2  0  1  5 19 18]

Labels: [1 0 0 1 1 0 1 0 0 0 1 0 0 1 0 1 1 0 0 0 1 1 1 0 1 1 1 0 1 0 0 0 1 0 1 0 0
 0 0 1 1 1 1 0 1 0 1 1 1 1 0 1 0 1 1 1 0 0 0 1 0 1 1 0 0 0 0 1 0 1 1 0 1 0
 0 1 0 0 0 1 1 1 1 0 0 0 1 0 1 1 1 0 0 1 1 0]

Synthetic samples indexes: [ 5  7  8  9 12 14 23 27 31 33 43 45 50 52 57 58 63 68 73 74 76 87 91]

========== Cluster 3 ==========

Base classifier: DummyClassifier(strategy='most_frequent')

Minority Class: 0

Selected Features: [ 0  1  2  3  4  5  6  7  8  9 10 11 12 13 14 15 16 17 18 19 20 21 22 23
 24 25 26 27 28 29 30]

Labels: [1 1 1 1 1 1 1 1 1 1 1 1 1 1 1 1 1 1 1 1 1 1 1 1 1 1 1 1 1 1 1 1 1 1 1 1 1
 1 1 1 1 1 1 1 1 1 1 1 1 1 1 1 1 1 1 1 1 1 1 1 1 1 1 1 1 1 1 1 1 1 1 1 1 1
 1 1 1 1 1 1 1 1 1 1 1 1 1 1]

Synthetic samples indexes: []

