Clustering algorithm selected: kmeans++
=====================================

Clustering evaluation metric: dbc
Clustering evaluation value: 0.10212364835637149

========== Cluster 0 ==========

Base classifier: KNeighborsClassifier()

Selected Features: [0]

Labels: [0 1 1 1 1 1 1 1 1 1 1 0 0 0 1 0 0 0 0 1 1 0 0 1 0 0 0 0 1 1 0 1 0 0 1 0 0
 1 1 0 0 0 0 0 0 1 1 0 0 1 1 0 0 0 1 0 0 1 1 0 0 1 1 0 0 1 0 1 0 0 1 0 0 1
 1 0 1 1 1 1 0 0 0 0 0 1 1 1 1 0 1 0 0 0 1 1 0 1 0 1 0 1 0 1 0 1 1 0 1 1 1
 1 0 1 0 0 1 0 0 1 1 0 0 0 0 0 1 0 0 0 0 1 0 0 1 0 1 1 1 1 1 0 0 0 0 0 0 0
 0 1 0 0 1 0 1 1 0 1 1 0 0 0 1 1 0 1 0 1 1 0 1 1 0 1 1 1 0 0 1 1 1 1 0 0 0]

========== Cluster 1 ==========

Base classifier: DecisionTreeClassifier()

Selected Features: [0 4]

Labels: [0 0 0 0 0 1 0 0 0 0 0 1 1 0 1 0 0 0 1 0 1 1 0 1 1 0 1 1 0 0 0 1 1 0 0 1 1
 1 1 0 1 1 1 1 1 1 1 0 1 0 0 1 0 1 1 0 0 1 0 0 1 1 0 1 0 1 1 1 0 0 0 0 0 1
 0 0 1 0 0 0 0 0 1 1 0 0 1 1 0 1 1 0 0 0 1 1 1 1 1 1 0 0 1 0 0 0 0 1 0 1 1
 1 1 1 1 1 1 0 0 0 1 0 0 1 1 1 1 0 1 0 1 1 1 0 0 0 1 1 1 1 0 0 1 0 0 0 0 0
 1 1 0 1 0 1 1 0 0 0 0 0 0 1 0 0 1 0 1 1 1 0 0 0 1 1 1 1 1 0 1 1 1 1 1 1 0
 0 0 0 0 1 0 1 1 0 1 1 0 0 0 1 1 0 1 1 1]

========== Cluster 2 ==========

Base classifier: LogisticRegression()

Selected Features: [1 0 5]

Labels: [0 0 0 0 0 0 0 1 0 0 0 0 0 1 1 0 0 0 0 1 0 0 0 0 0 0 0 0 1 0 0 1 0 0 0 0 0
 0 0 1 0 0 1 0 0 0 0 0 0 0 0 0 0 1 0 0 1 0 0 0 0 0 1 0 0 0 0 0 1 0 0 1 0 1
 1 0 0 1 0 0 0 1 0 0 0 0 0 0 0 0 0 0 0 0 0 0 0 1 0 0 0 0 0 1 0 0 0 0 0 0 0
 0 1 0 0 0 0 0 0 0 0 0 0 0 0 0 0 1 0 0 0 0 1 1 0 0 0 0 0 0 0 0 0 0 1 0 0 0
 0 0 0 0 0 0 0 1 1 1 1 0 0 0 0 0 1 0 0 0 0 0 0 0 0 0 0 0 0 0 0 0 0 0 0 0 0
 0 0 1 0 0 0 0 0 1 0 0 0 0 0 0 0 0 0 1 0 1 0 0 0 0 1 0 0 0 1 0 1 0 0 0 0 0
 0 0 1 0 0 0 0 0 0 0 0 1 1 0 0 0 0 0 0 0 0 1 0 0 0 0 0 1 1 1 0 0 1 0 0 0 0
 0 0 0 0 0 1 0 0 0 0 0 0 0 0 1 0 0 0 0 0 0 1 1 0 0 0 0 0 0 0 1 0 0 0 0 0 0
 0 0 0 1 0]

