Clustering algorithm selected: fcm
=====================================

Clustering evaluation metric: dbc
Clustering evaluation value: 0.5179269855122377

========== Cluster 0 ==========

Base classifier: LogisticRegression()

Selected Features: [34 32 36 33 31 25  2 35 37 13 20 14  3 23 21  9 22  0 27  4 19 28 11 17
 10 15 26 30 29 24 16 18]

Labels: [0 0 0 1 0 0 0 1 0 0 1 1 0 0 0 1 1 0 0 0 1 1 1 1 1 0 1 0 0 0 0 0 0 0 0 1 1
 0 0 0 1 1 0 1 0 0 0 1 0 0 0 0 1 0 1 0 1 0 1 1 0 0 0 1 1 1 1 1 1 1 1 1 1 1
 1 1 1 1 1 1]

========== Cluster 1 ==========

Base classifier: SVC(probability=True)

Selected Features: [32 33 34 36 27 21 37 23 31 19 30 15  3  9 29  5  7 22  1  4 26 14 35  8
 18 17 25 28 24 20 16 10 13]

Labels: [0 0 0 1 0 0 1 1 1 0 1 0 0 0 0 0 0 0 1 0 0 1 1 1 1 1 1 0 0 0 0 0 1 1 0 1 0
 1 1 1 0 1 0 1 1 0 1 1 1 0 0 1 0 1 1 1 0 1 1 0 0 0 1 0 0 0 0 1 0 0 0 1 1 1
 1 1 1 1]

========== Cluster 2 ==========

Base classifier: SVC(probability=True)

Selected Features: [34 32 33  7 25 20 37 18  0 31  5 26 36  6 15 21 23 35  1 30 17  2  9 22
 16 19 28 29 27 24  8 10]

Labels: [0 0 0 0 0 0 0 0 0 1 0 1 0 1 1 0 0 0 0 1 1 1 0 0 0 1 0 1 0 0 1 0 0 0 0 1 0
 1 1 1 0 1 0 0 0 0 1 0 0 0 0 1 1 0 0 0 0 0 1 1 1 0 0 0 0 1 0 1 1 0 0 1 1 1
 1 0 0 0 0 1 1 0 1 0 1 1 1 1 1 1 1 1 1 1 1 1 1 1 1 1 1 1 1 1 1 1]

========== Cluster 3 ==========

Base classifier: LogisticRegression()

Selected Features: [32 34 33 29  0 36 12 27  4  9 37 23 25  1 28  5  3 11 16  7 19 15 13 24
 10 20 14 35 26 30]

Labels: [0 0 1 0 1 1 0 1 1 1 0 0 0 0 1 1 0 0 0 1 1 1 0 0 0 0 1 0 0 0 0 1 0 1 0 0 0
 1 1 1 0 0 0 0 1 0 0 1 1 1 0 1 1 1 1 0 1 1 0 1 1 0 0 0 1 1 0 1 1 1 0 1 0 1
 0 0 0 1 1 1 0 1 0 1 1 1]

========== Cluster 4 ==========

Base classifier: GradientBoostingClassifier()

Selected Features: [32 33  2  4 34 27  3 17 11  1  5 29  7 31  0 37 14 12]

Labels: [0 0 0 1 1 0 0 1 1 0 0 1 0 1 1 1 1 0 1 1 1 1 1 0 0 1 0 1 1 1 1 0 0 1 1 1 0
 1 1 1 1 1 0 0 0 0 1 0 0 1 0 1 1 1 1 1 0 0 0 0 0 1 1 0 0 0 1 1 1 0 0 0 0 0
 0 0 0 0]

========== Cluster 5 ==========

Base classifier: RandomForestClassifier()

Selected Features: [32 31 33 37 34 29 36 10 35 15 20  7  1 23 30 22  6  4 21  0  2 13  5 16
 18 19 27 26 25 24 28 17  8]

Labels: [0 0 0 1 1 1 0 0 1 0 0 0 0 0 0 0 0 0 1 1 1 1 0 1 0 0 1 0 1 0 0 1 0 0 0 0 1
 0 0 1 0 1 1 0 0 0 1 0 1 0 0 0 0 0 0 1 1 0 1 0 0 1 0 1 1 0 1 1 0 1 1 1 0 1
 1 1 0 0 0 1 0 1 1 1 1 1 1 1 1 1 1 1 1 1 1 1]

========== Cluster 6 ==========

Base classifier: GradientBoostingClassifier()

Selected Features: [32 34 36 16 33 37  6 11 31 35 22 13 24 28  9 10 26 23 27 14  7  0 17 18
 19 20 21 30 29 25  8 12 15]

Labels: [0 0 0 0 0 1 1 1 1 0 0 1 0 0 0 1 0 0 0 1 1 1 0 0 1 1 1 0 1 0 1 1 0 1 0 0 0
 0 0 1 0 0 1 1 0 1 1 1 1 0 0 0 1 0 1 0 1 0 0 0 0 0 0 1 1 0 0 1 0 0 1 0 0 1
 1 0 1 1 1 1 1 1 1 1 1 1 1 1]

========== Cluster 7 ==========

Base classifier: LogisticRegression()

Selected Features: [32 34 31  4 33 28 20 37 27  2 10  0  5  3  6 24 35 21 17  9 36  1 14 16
 19 23 22 30 26 25 29 18]

Labels: [0 0 0 1 0 0 0 0 0 1 0 1 0 1 1 0 1 0 0 0 0 1 0 0 0 0 1 0 0 1 1 0 0 1 1 0 1
 0 1 1 1 0 0 1 1 0 0 0 1 1 0 0 1 1 1 0 0 0 1 1 0 1 0 0 1 0 0 0 1 0 0 1 1 1
 1 1 1 1 1 0 0 0 1 1 0 1 1 1 1 1 1 1 1 1]

