Clustering algorithm selected: fcm
=====================================

Clustering evaluation metric: rand
Clustering evaluation value: -1.0998376227229752e-06

========== Cluster 0 ==========

Base classifier: SVC(probability=True)

Minority Class: 1

Selected Features: [2 0 8]

Labels: [1 1 1 1 1 0 0 0 1 1 1 0 1 0 0 0 0 0 1 0 1 1 0 1 0 0 0 1 1 1 1 0 0 0 0 1 0
 0 1 0 1 1 0 0 1 0 0 1 0 1 1 1 1 0 1 0 1 1 1 0 1 1 0 1 0 0 0 1 0 0 0 1 0 0
 0 1 1 0 0 0 1 0 0 0 1 0 1 0 1 1 0 1 1 1 0 0 0 0 1 0 1 0 0 0 0 1 1 1 0 0 1
 1 0 1 0 0 1 0 0 0 0 0 0 0 1 1 0 0 0 0 0 0 1 1 0 0 1 0 0 1 1 0 0 1 1 1 0 1
 1 1 1 1 0 1 0 1 0 0 0 0 0 0 0 1 0 1 1 1 1 1 1 0 0 1 0 0 1 1 0 0 1 0 0 0 1
 1 0 0 0 1 1 1 0 0 0 0 1 1 0 1 1 1 0 1 1 0 0 1 0 1 1 1 0 0 0 1 0 1 0 0 0 0
 0 1 1 0 0 1 1 0 0 0 1 0 1 0 1 0 0 0 0 0 0 1 1 1 1 0 1 0 0 1 0 1 1 0 1 0 1
 1 0 0 1 0 0 1 0 0 0 0 1 0 1 1 1 0 1 0 0 0 1 1 1 0 0 0 1 0 1 1 1 1 0 1 1 1
 1 0 0 0 1 1 0 1 0 1 1 0 1 0 0 0 0 1 1 1 1 1 1 1 1 1 1 0 1 0 1 1 0 1 1 1 1
 0 1 0 0 1 1 1 0 0 0 1 1 0 0 1 1 1 1 1 1 1 1 1 0 0 0 0 1 1 1 0 1 0 1 1 0 1
 1 1 1 1 0 1 1 0 0 1 0 1 0 1 0 0 0 0 0 1 0 1 1 1 0 1 0 0 0 0 1 0 0 0 0 0 0
 1 1 0 1 0 0 1 0 0 0 0 1 0 0 0 1 0 0 1 1 1 1 1 1 0 1 1 0 1 0 1 1 0 0 0 1 0
 0 0 1 1 0 1 0 0 0 1 0]

========== Cluster 1 ==========

Base classifier: SVC(probability=True)

Minority Class: 0

Selected Features: [6 3 7 8 4 1 2 0]

Labels: [1 1 1 1 1 0 1 1 1 0 0 1 1 0 1 0 1 1 1 0 1 1 0 0 0 0 1 1 1 1 0 1 1 1 1 0 1
 0 0 0 1 0 1 0 1 1 1 1 0 0 0 0 1 1 0 1 0 0 1 1 0 1 0 1 1 0 1 0 1 0 0 1 0 0
 0 0 1 1 0 0 1 1 1 0 0 1 1 0 0 0 1 1 0 0 0 0 0 1 1 0 1 0 0 0 1 1 0 1 1 1 1
 1 1 0 0 0 1 0 1 1 1 0 0 1 0 0 1 1 0 0 1 1 0 0 0 0 0 0 0 0 1 0 1 0 0 0 0 0
 1 1 1 1 0 1 1 0 1 0 0 1 1 0 1 1 0 1 1 0 0 1 0 0 0 0 0 1 1 1 0 1 1 0 1 1 0
 0 0 0 0 0 1 1 1 1 1 1 0 0 0 0 0 0 1 0 1 1 0 0 0 0 1 0 0 0 1 1 1 0 0 1 0 0
 1 1 0 0 1 0 0 1 1 0 0 0 1 1 0 1 0 1 0 1 0 0 0 1 1 1 0 1 1 0 0 1 1 0 0 1 0
 1 1 1 1 1 0 1 0 1 0 1 1 1 0 1 0 1 1 1 1 1 1 1 1 1 0 1 1 0 1 0 1 0 1 0 0 0
 0 1 1 0 1 1 1 0 0 1 1 1 0 0 0 0 1 0 0 0 0 0 0 1 1 0 0 1 0 1 1 1 1 1 1 0 0
 0 1 0 1 1 1 0 0 1 0 1 1 1 1 1 0 1 1 1 1 1 1 0 1 1 1 0 1 1 0 0 1 0 1 1 1 1
 0 1 1 0 0 0 0 0 1 1 0 1 0 0 1 1 0 1 1 1 0 1 1 0 1 1 1 0 0 1 1 0 1 0 1 1 1
 0 0 1 0 1 0 1 0 1 0 1 1 1 0 1 1 0 1 0 0 0 1 0 0 0 1 0 0 0 0 0 0 1 0 1 0 0
 0]

