Clustering algorithm selected: kmeans++
=====================================

Clustering evaluation metric: dbc
Clustering evaluation value: 0.16722980351987973

========== Cluster 0 ==========

Base classifier: GaussianNB()

Minority Class: 0

Selected Features: [ 0  1  2  3  4  5  6  7  8  9 10 11 12 13 14 15 16 17 18 19 20 21 22 23
 24 25 26 27 28 29 30]

Labels: [1 0 1 1 1 0 1 0 0 1 0 0 0 1 0 1 1 0 1 0 1 1 0 0 0 1 0 0 1 1 0 0 0 1 0 1 0
 1 0 1 0 0 0 0 1 0 0 1 0 0 0 0 0 0 0 1 0 1 0 1 1 0 1 0 1 1 0 1 1 1 1 1 0 0
 0 1 1 1 1 1 0 0 1 0 0 0 1 1 0 0 1 0 1 1 1 1 0 0 1 0 0 1 1 0 1 1 0 0 1 0 1
 0 0 0 1 1 1 0 0 0 0 0 0 1 1 0 1 1 0 0 1 0 0 0 0 1 0 0 0 0 0 1 0 0 1 1 0 1
 1 1 0 0 0 1 1 1 1 1 1 1 1 1 0 0 1 1 1 0 1 0 1 1 0 0 1 1 1 0 1 1 1 1 0 1 0
 1 1 0 1 0 0 0 1 0 0 1 1 0 0 1 1 0 1 1 1 1 1 0 1 0 0 1 0 0 0 0 0 0 1 1 0 0
 0 0 0 0 1 0 1 1 1 1 0 0 1 1 1 0 0 1 0 0 0 1 0 1 1 0 0 0 0 1 1 0 0 1 1 1 1
 0 1 0 0 0 0 0 1 0 0 1 0 1 0 0 0 0 0 0 1 1 1 0 1 1 0 0 1 1 1 0 0 0 0 1 1 0
 1 0 0 0 0 1 1 1 1 1 1 0 0 1 1 1 1 1 1 1 0 1 1 1 0 1 1 0 0 0 0 0 1 0 0 1 0
 0 0 1 0 0 1 1 1 0 1 1 0 1 1 1 0 1 0 0 0 1 0 1 1 1 0 1 1 0 1 1 0 1 1 1 1 1
 1 0 1 1 0 0 0 0 0 0 0 0 0 0 0 1 1 1 1 1 0 1 0 0 0 0 0 0 1 0 0 0 0 0 0 1 0
 0 0 1 1 1 0 1 1 1 1 0 1 0 1 0 0 1 1 1 1 1 1 0 1 0 1 1 0 0 0 1 0 0 0 1 0 1
 0 0 1 1 1 1 0 1 1 0 1 0 0 1 1 1 0 1 1 1 1 0 0 1 0 1 0 1 1 1 1 0 1 1 0 1 0
 0 0 0 0 1 1 0 0 1 1 1 1 0 1 0 1 1 0 1 1 0 0 0 1 0 0 1 0 0 1 0 0 1 0 1 1 1
 1 0 1 1 1 1 1 1 1 1 0 0 0 1 0 1 0 1 0 0 0 0 0 0 1 1 1 1 0 0 0 0 0 0 1 1 1
 1 0 0 1 1 0 0 1 1 0 0 0 0 0 1 1 1 1 0 0 0 1 0 0 0 1 1 1 1 1 0 0 1 1 0 0 1
 0 0 0 0 1 0 1 1 0 1 0 1 1 1 1 1 0 0 0 1 0 1 1 0 1 1 0 0 1 1 1 1]

Synthetic samples indexes: [  2   3   4   6   9  15  20  21  25  28  29  33  35  37  39  44  47  55
  57  59  60  62  64  65  67  68  69  70  71  75  76  77  78  79  82  86
  87  90  92  94  95  98 101 102 104 105 108 110 114 116 123 124 126 127
 130 135 141 144 147 148 149 153 154 156 157 159 160 161 164 165 166 168
 170 171 174 175 176 178 179 180 183 185 186 188 192 195 196 200 202 203
 204 205 206 211 218 219 226 228 229 230 231 234 235 236 239 243 245 246
 251 252 256 257 258 260 266 269 271 278 279 280 282 283 286 287 288 293
 294 296 301 302 303 304 305 306 309 310 312 313 315 317 318 319 321 322
 328 331 335 338 340 342 343 345 346 347 353 355 356 357 359 360 362 365
 366 367 368 369 370 372 373 386 388 389 391 398 405 409 410 411 413 415
 416 418 420 423 424 425 426 427 430 432 433 437 441 443 448 449 451 452
 454 457 458 459 461 462 464 467 469 471 472 474 476 477 479 485 486 489
 490 491 492 494 496 497 499 500 504 507 510 513 515 516 517 518 520 521
 522 523 524 525 526 527 531 533 535 542 543 544 545 552 553 554 555 558
 559 562 563 569 571 572 576 580 581 582 583 584 587 591 596 598 599 601
 603 604 605 606 611 613 616 617 620 621 623]

========== Cluster 1 ==========

Base classifier: GaussianNB()

Minority Class: 0

Selected Features: [ 0  1  2  3  4  5  6  7  8  9 10 11 12 13 14 15 16 17 18 19 20 21 22 23
 24 25 26 27 28 29 30]

Labels: [1 1 1 1 0 1 1 1 1 0 1 1 1 1 1 1 1 1 0 0 0 0 0 1 1 0 1 1 0 1 1 1 0 1 0 1 1
 1 0 0 0 0 1 1 1 1 0 0 1 0 0 0 1 0 1 0 1 1 1 0 0 0 1 0 1 0 1 1 0 0 0 0 0 0
 0 1 0 0 0 1 1 0 0 1 0 0 0 0 1 1 0 0 1 0 0 0 0 1 1 0 1 1 0 1 1 1 1 1 1 0 0
 1 1 1 0 0 0 0 1 0 1 0 1 1 1 0 1 0 0 1 1 0 1 1 1 1 0 0 1 0 0 0 1 0 0 0 1 1
 1 0 1 1 1 1 0 0 0 1 1 0 1 1 0 1 0 1 0 1 1 0 0 0 0 0 1 0 0 0 1 0 0 1 0 1 1
 0 0 0 1 1 0 1 0 1 1 1 0 1 0 0 1 0 1 0 0 0 1 0 0 1 0 1 0 0 0 1 0 1 0 0 1 0
 0 1 1 0 0 0 0 0 0 0 1 1 1 0 1 1 0 0 0 0 1 0 0 1 0 0 0 1 1 0 0 1 0 0 0 1 1
 0 1 0 1 1 0 1 1 1 1 0 1 1 0 1 0 1 0 1 1 0 1 1 1 0 0 1 1 1 1 1 1 0 0 0 0 0
 1 0 1 0 1 0 0 1 1 1 1 1 1 1 0 0 1 0 0 0 1 0 1 1]

Synthetic samples indexes: [  4   9  18  19  20  21  22  28  32  34  38  39  40  41  46  47  49  50
  51  53  55  59  60  61  63  65  68  69  70  71  72  73  74  76  78  81
  82  84  85  86  87  90  91  93  94  95  96  99 102 109 110 114 115 116
 117 119 121 125 127 128 136 137 139 140 141 143 144 145 149 154 155 156
 159 162 164 166 169 170 171 172 175 176 177 179 185 186 187 190 192 196
 198 199 201 203 204 205 207 208 210 212 213 214 216 218 219 221 222 225
 226 227 228 229 230 231 235 238 239 241 243 244 246 247 248 251 252 254
 255 256 259 261 264 269 274 276 279 283 284 291 292 293 294 297 299 301
 302 310 311 313 314 315 317]

