Clustering algorithm selected: kmeans
=====================================

Clustering evaluation metric: silhouette
Clustering evaluation value: 0.07383951272857378

========== Cluster 0 ==========

Base classifier: SVC(probability=True)

Minority Class: 1

Selected Features: [216 215   3   0 214 140 224 217 154  46 223  15  63 142  30 219 221 139
 204 198  21   1 136 163 135 153   7  55  24 146   6 137 158 156 147  18
  88  75 199 168 144 130 220  43 143   9 126 151  41 102 138  14  95 212
 218  54 202 205 120  44  10 206 145 185 101 124 119  23  17  39  60  62
 201 171 166  73 177 187 181  66 182   2 194 164 208 162  22  69 116  81
 111 210 152  65  53 197 209 159   4 141  33  11  68  59 203 211  64 179
 155  84  74  77 172 173 103  89  57  35 183  90  71 196  31 123  49 129
 131  34   8  27  26  79 127  13  58  87 118  29 170 174 175 165 167 161
 191 176 178 180 190 188 189 186 184 160 222 213 207 200 195 193 192 128
 134 133 132 157 148 150 149 169  70  67  86  85  80 125 117 112 113 114
 115 107 110 109 108 104 105 106 100  99  98  97  96 122 121  76  72  78
  83  82  92  91  94  93  51]

Labels: [0 0 1 1 0 0 0 1 0 1 1 1 1 1 0 0 1 1 0 1 0 1 0 0 1 0 1 0 1 1 1 0 0 0 1 0 0
 1 0 0 0 0 1 0 1 0 1 0 1 1 1 1 1 1 1 1 0 1 1 0 1 0 1 1 1 1 0 1 1 0 0 1 1 1
 0 1 1 0 0 1 0 1 1 1 0 0 0 0 0 1 0 1 1 1 1 1 0 0 0 1 0 1 0 0 0 0 1 0 0 0 1
 0 0 0 1 1 1 1 1 1 0 0 1 1 1 1 0 0 1 1 1 0 0 0 0 0 1 1 1 1 0 0 1 0 1 1 0 1
 1 1 1 0 0 1 0 1 1 0 0 0 1 1 0 0 1 1 1 0 1 0 1 0 0 1 0 0 1 1 0 1 1 0 0 0 0
 1 1 1 1 0 1 0 0 0 0 1 0 0 0 0 0 0 1 0 1 1 1 1 1 0 0 0 0 1 0 0 1 0 0 0 1 0
 1 1 1 0 1 0 0 0 1 1 1 1 0 0 1 0 1 0 0 1 0 1 0 0 0 0 0 1 1 1 1 0 1 1 0 0 0
 1 0 1 0 0 0 0 0 0 1 1 0 0 0 0 1 1 0 1 1 0 0 0 1 1 1 1 1 1 1 1 0 0 0 1 0 1
 0 0 0 0 1 1 0 0 0 0 0 0 1 1 1 1 1 1 1 0 1 0 1 0 0 1 0 1 1 1 0 1 1 0 0 1 1
 1 1 1 1 0 1 1 0 1 0 0 1 0 0 0 1 1 0 1 0 0 0 1 1 1 0 0 0 0 1 1 1 1 1 1 0 0
 1 1 0 0 0 1 1 0 0 0 1 1 0 0 0 0 1 0 0 1 1 1 0 1 1 1 0 0 0 0 0 1 0 1 1 1 0
 1 0 1 0 0 1 1 0 1 0 0 0 1 0 0 1 0 1 0 1 0 1 1 0 0 0 1 0 0 1 0 0 0 1 0 1 1
 1 1 1 1 0 1 0 0 1 0 1 0 1 0 0 1 1 1 1 0 0 0 1 0 1 1 1 0 1 1 1 0 1 0 0 0 0
 1 1 1 1 0 0 1 0 0 1 0 1 1 0 0 1 1 0 1 1 1 0 1 0 0 1 0 0 0 1 0 1 1 0 0 1 1
 0 1 0 1 0 0 1 0 0 1 1 1 0 0 0 1 1 1 0 0 1 1 0 0 1 0 1 0 1 1 0 0 1 0 1 1 0
 0 0 0 1 0 0 0 1 1 1 1 0 1 0 1 0 0 1 1 0 0 1 1 0 0 1 0 0 0 1 1 1 0 1 0 0 1
 0 0 1 1 1 0 1 0 0 1 0 1 1 0 1 1 1 1 0 1 1 0 0 0 0 0 0 0 0 1 0 1 1 0 1 1 0
 1 0 0 0 0 0 1 1 1 1 1 1 0 1 0 1 0 0 0 1 0 0 0 0 1 0 0 1 0 0 0 0 0 1 0 1 0
 0 0 0 1 1 0 1 1 0 0 0 1 0 0 0 0 1 0 1 0 1 1 0 1 1 1 1 1 0 0 0 0 1 1 1 1 1
 0 1 1 0 0 0 0 1 1 1 1 0 0 1 1 1 1 0 1 1 1 1 1 0 0 1 1 1 1 1 0 1 1]

Synthetic samples indexes: [  2   7   9  11  13  16  17  19  21  24  26  29  44  48  50  52  53  57
  64  65  68  71  72  73  79  82  91  92  93  95 101 117 119 123 125 128
 129 137 138 142 145 153 160 161 166 170 173 176 177 186 188 207 208 216
 220 223 226 230 232 236 238 241 243 249 250 252 259 268 274 275 277 278
 282 284 285 286 287 308 310 312 313 314 316 318 324 325 332 333 338 339
 348 351 355 356 357 364 366 370 375 376 380 381 386 391 395 401 403 404
 405 412 413 415 419 424 426 429 433 436 442 443 444 445 446 447 449 452
 460 466 468 472 473 474 476 482 483 490 492 493 496 499 501 512 516 517
 527 528 538 542 544 546 547 552 564 573 585 601 603 604 607 612 626 635
 636 638 640 644 656 662 664 669 684 687 689 698 699 700 704 705 710 713
 716 717 718 719 722 724 725 730 731 732 734]

========== Cluster 1 ==========

Base classifier: SVC(probability=True)

Minority Class: 1

Selected Features: [214 217 215   3 216   8 219 164 224 138 218 204 153   0 176 144 136 143
 221 212 132 207  56 152  22 205 220   7  12 163 201 148 142  41  74 146
  59  11 195   4  92  23 206 134 124  86 166  28   9 167 177  10 145   5
  91 137  31  65  53 187 194 160  19 135 159 186  90   2  34 199 175 182
  35  15  95 154  18 208  43  70  38 158  85  63 113 120  55 131 223 188
 202 181 151  80  46 196  62  44 140 141 213  47 114 209  87  67 203  97
  26 179 122  99  48  66 168  37 192   6  50   1 165  30  14  17  64 133
  16  42  60 210  72 183 184 101 155 157 139 156 170 171 172 174 150 149
 147 169 190 178 180 189 185 191 193 200 198 211 222 197 173 162 161 128
 129 130  69  76  77  75  73  79  71  68  78  84  83  82  81  88 115 117
 111 107 110 109 108 104 105 106 103 100 102  98  96 127 125 126 116 118
 119 123 121 112  89  94  93  54  57  61]

Labels: [1 0 0 0 0 1 1 0 1 0 1 1 0 0 0 0 0 0 0 1 1 0 0 1 0 1 1 0 1 1 1 1 1 1 1 1 1
 0 1 0 0 1 0 1 1 1 0 0 0 0 0 1 0 1 1 1 1 0 1 1 1 1 0 1 1 1 1 1 1 0 0 0 0 0
 0 1 0 1 1 1 1 0 1 1 0 0 1 1 1 1 0 1 0 0 1 1 0 1 0 1 1 0 0 1 1 0 1 1 0 0 0
 0 0 1 1 1 1 0 0 1 1 0 1 1 1 0 1 0 1 0 0 1 1 0 0 0 0 0 1 0 0 1 0 1 1 1 0 0
 1 0 0 0 1 0 1 1 0 0 0 1 1 0 0 1 1 1 0 0 0 0 0 0 1 0 0 0 1 1 0 1 1 1 1 1 0
 0 0 1 1 1 0 0 1 0 1 1 0 1 1 1 1 1 1 1 0 0 0 1 0 0 1 0 1 0 1 0 0 1 0 1 1 1
 1 1 1 1 1 0 1 1 1 1 0 0 0 1 0 0 0 0 1 1 0 1 0 1 1 1 0 1 1 1 0 0 0 0 1 0 0
 1 0 0 0 0 1 1 1 1 0 1 1 1 1 0 1 1 0 1 0 0 1 0 0 0 0 0 0 1 0 1 1 0 0 0 1 1
 1 0 1 1 1 0 1 1 0 1 0 0 0 0 0 0 0 1 1 0 0 1 1 0 0 0 0 0 0 1 0 1 0 1 1 0 0
 1 0 0 1 1 1 0 0 1 1 1 0 1 0 1 0 1 0 0 1 0 0 1 0 1 1 1 1 1 0 1 1 1 0 0 1 1
 1 1 1 0 0 0 0 0 1 1 0 0 1 1 1 1 1 0 1 0 1 0 0 0 0 0 1 1 1 0 1 0 1 0 0 1 0
 1 0 1 0 0 0 0 0 0 0 1 1 0 0 0 0 0 0 0 1 1 1 1 0 0 0 0 0 0 0 0 1 0 1 0 0 1
 0 0 0 0 0 1 1 1 1 0 0 1 1 1 1 0 1 0 1 0 1 0 0 0 0 1 1 1 0 1 1 1 1 1 1 0 1
 1 0 1 1 1 0 0 1 1 0 1 1 0 1 1 0 0 0 1 0 0 1 0 0 1 0 1 0 0 1 0 0 1 1 1 0 0
 0 0 1 0 1 0]

Synthetic samples indexes: [  0   5   6   8  10  11  19  23  28  31  32  33  34  38  44  45  53  54
  56  59  61  63  64  66  67  75  77  79  80  82  83  87  88  89  91  97
  99 100 103 107 114 128 131 132 143 145 148 152 154 163 164 165 172 176
 179 181 182 183 187 188 194 197 198 199 202 203 207 210 212 214 217 220
 221 222 223 225 226 230 235 240 241 243 245 249 251 256 259 265 266 267
 269 271 272 274 275 280 287 289 290 294 295 296 298 300 302 313 314 317
 318 325 327 333 336 337 338 342 345 355 357 359 361 363 364 368 370 372
 382 383 384 385 386 388 396 398 400 402 405 409 418 426 427 428 440 443
 457 462 469 471 473 474 475 476 477 478 480 483 484 488 489 491 494 495
 499 502 505 507 510 520 522]

