Clustering algorithm selected: kmeans
=====================================

Clustering evaluation metric: dbc_ss
Clustering evaluation value: 0.2666857228648399

========== Cluster 0 ==========

Base classifier: SVC(probability=True)

Minority Class: 1

Selected Features: [  0   1   2   3   4   5   6   7   8   9  10  11  12  13  14  15  16  17
  18  19  20  21  22  23  24  25  26  27  28  29  30  31  32  33  34  35
  36  37  38  39  40  41  42  43  44  45  46  47  48  49  50  51  52  53
  54  55  56  57  58  59  60  61  62  63  64  65  66  67  68  69  70  71
  72  73  74  75  76  77  78  79  80  81  82  83  84  85  86  87  88  89
  90  91  92  93  94  95  96  97  98  99 100 101 102 103 104 105 106 107
 108 109 110 111 112 113 114 115 116 117 118 119 120 121 122 123 124 125
 126 127 128 129 130 131 132 133 134 135 136 137 138 139 140 141 142 143
 144 145 146 147 148 149 150 151 152 153 154 155 156 157 158 159 160 161
 162 163 164 165 166 167 168 169 170 171 172 173 174 175 176 177 178 179
 180 181 182 183 184 185 186 187 188 189 190 191 192 193 194 195 196 197
 198 199 200 201 202 203 204 205 206 207 208 209 210 211 212 213 214 215
 216 217 218 219 220 221 222 223 224]

Labels: [0 0 1 1 0 0 0 1 0 1 1 1 1 1 0 0 1 1 0 1 0 1 0 0 1 0 1 0 1 1 1 0 0 0 1 0 0
 1 0 0 0 0 1 0 1 0 1 0 1 1 1 1 1 1 1 1 0 1 1 0 1 0 1 1 1 1 0 1 1 0 0 1 1 1
 0 1 1 0 0 1 0 1 1 1 0 0 0 0 0 1 0 1 1 1 1 1 0 0 0 1 0 1 0 0 0 0 1 0 0 0 1
 0 0 0 1 1 1 1 1 1 0 0 1 1 1 1 0 0 1 1 1 0 0 0 0 0 1 1 1 1 0 0 1 0 1 1 0 1
 1 1 1 0 0 1 0 1 1 0 0 0 1 1 0 0 1 1 1 0 1 0 1 0 0 1 0 0 1 1 0 1 1 0 0 0 0
 1 1 1 1 0 1 0 0 0 0 1 0 0 0 0 0 0 1 0 1 1 1 1 1 0 0 0 0 1 0 0 1 0 0 0 1 0
 1 1 1 0 1 0 0 0 1 1 1 1 0 0 1 0 1 0 0 1 0 1 0 0 0 0 0 1 1 1 1 0 1 1 0 0 0
 1 0 1 0 0 0 0 0 0 1 1 0 0 0 0 1 1 0 1 1 0 0 0 1 1 1 1 1 1 1 1 0 0 0 1 0 1
 0 0 0 0 1 1 0 0 0 0 0 0 1 1 1 1 1 1 1 0 1 0 1 0 0 1 0 1 1 1 0 1 1 0 0 1 1
 1 1 1 1 0 1 1 0 1 0 0 1 0 0 0 1 1 0 1 0 0 0 1 1 1 0 0 0 0 1 1 1 1 1 1 0 0
 1 1 0 0 0 1 1 0 0 0 1 1 0 0 0 0 1 0 0 1 1 1 0 1 1 1 0 0 0 0 0 1 0 1 1 1 0
 1 0 1 0 0 1 1 0 1 0 0 0 1 0 0 1 0 1 0 1 0 1 1 0 0 0 1 0 0 1 0 0 0 1 0 1 1
 1 1 1 1 0 1 0 0 1 0 1 0 1 0 0 1 1 1 1 0 0 0 1 0 1 1 1 0 1 1 1 0 1 0 0 0 0
 1 1 1 1 0 0 1 0 0 1 0 1 1 0 0 1 1 0 1 1 1 0 1 0 0 1 0 0 0 1 0 1 1 0 0 1 1
 0 1 0 1 0 0 1 0 0 1 1 1 0 0 0 1 1 1 0 0 1 1 0 0 1 0 1 0 1 1 0 0 1 0 1 1 0
 0 0 0 1 0 0 0 1 1 1 1 0 1 0 1 0 0 1 1 0 0 1 1 0 0 1 0 0 0 1 1 1 0 1 0 0 1
 0 0 1 1 1 0 1 0 0 1 0 1 1 0 1 1 1 1 0 1 1 0 0 0 0 0 0 0 0 1 0 1 1 0 1 1 0
 1 0 0 0 0 0 1 1 1 1 1 1 0 1 0 1 0 0 0 1 0 0 0 0 1 0 0 1 0 0 0 0 0 1 0 1 0
 0 0 0 1 1 0 1 1 0 0 0 1 0 0 0 0 1 0 1 0 1 1 0 1 1 1 1 1 0 0 0 0 1 1 1 1 1
 0 1 1 0 0 0 0 1 1 1 1 0 0 1 1 1 1 0 1 1 1 1 1 0 0 1 1 1 1 1 0 1 1]

Synthetic samples indexes: [  2   7   9  11  13  16  17  19  21  24  26  29  44  48  50  52  53  57
  64  65  68  71  72  73  79  82  91  92  93  95 101 117 119 123 125 128
 129 137 138 142 145 153 160 161 166 170 173 176 177 186 188 207 208 216
 220 223 226 230 232 236 238 241 243 249 250 252 259 268 274 275 277 278
 282 284 285 286 287 308 310 312 313 314 316 318 324 325 332 333 338 339
 348 351 355 356 357 364 366 370 375 376 380 381 386 391 395 401 403 404
 405 412 413 415 419 424 426 429 433 436 442 443 444 445 446 447 449 452
 460 466 468 472 473 474 476 482 483 490 492 493 496 499 501 512 516 517
 527 528 538 542 544 546 547 552 564 573 585 601 603 604 607 612 626 635
 636 638 640 644 656 662 664 669 684 687 689 698 699 700 704 705 710 713
 716 717 718 719 722 724 725 730 731 732 734]

========== Cluster 1 ==========

Base classifier: SVC(probability=True)

Minority Class: 1

Selected Features: [  0   1   2   3   4   5   6   7   8   9  10  11  12  13  14  15  16  17
  18  19  20  21  22  23  24  25  26  27  28  29  30  31  32  33  34  35
  36  37  38  39  40  41  42  43  44  45  46  47  48  49  50  51  52  53
  54  55  56  57  58  59  60  61  62  63  64  65  66  67  68  69  70  71
  72  73  74  75  76  77  78  79  80  81  82  83  84  85  86  87  88  89
  90  91  92  93  94  95  96  97  98  99 100 101 102 103 104 105 106 107
 108 109 110 111 112 113 114 115 116 117 118 119 120 121 122 123 124 125
 126 127 128 129 130 131 132 133 134 135 136 137 138 139 140 141 142 143
 144 145 146 147 148 149 150 151 152 153 154 155 156 157 158 159 160 161
 162 163 164 165 166 167 168 169 170 171 172 173 174 175 176 177 178 179
 180 181 182 183 184 185 186 187 188 189 190 191 192 193 194 195 196 197
 198 199 200 201 202 203 204 205 206 207 208 209 210 211 212 213 214 215
 216 217 218 219 220 221 222 223 224]

Labels: [1 0 0 0 0 1 1 0 1 0 1 1 0 0 0 0 0 0 0 1 1 0 0 1 0 1 1 0 1 1 1 1 1 1 1 1 1
 0 1 0 0 1 0 1 1 1 0 0 0 0 0 1 0 1 1 1 1 0 1 1 1 1 0 1 1 1 1 1 1 0 0 0 0 0
 0 1 0 1 1 1 1 0 1 1 0 0 1 1 1 1 0 1 0 0 1 1 0 1 0 1 1 0 0 1 1 0 1 1 0 0 0
 0 0 1 1 1 1 0 0 1 1 0 1 1 1 0 1 0 1 0 0 1 1 0 0 0 0 0 1 0 0 1 0 1 1 1 0 0
 1 0 0 0 1 0 1 1 0 0 0 1 1 0 0 1 1 1 0 0 0 0 0 0 1 0 0 0 1 1 0 1 1 1 1 1 0
 0 0 1 1 1 0 0 1 0 1 1 0 1 1 1 1 1 1 1 0 0 0 1 0 0 1 0 1 0 1 0 0 1 0 1 1 1
 1 1 1 1 1 0 1 1 1 1 0 0 0 1 0 0 0 0 1 1 0 1 0 1 1 1 0 1 1 1 0 0 0 0 1 0 0
 1 0 0 0 0 1 1 1 1 0 1 1 1 1 0 1 1 0 1 0 0 1 0 0 0 0 0 0 1 0 1 1 0 0 0 1 1
 1 0 1 1 1 0 1 1 0 1 0 0 0 0 0 0 0 1 1 0 0 1 1 0 0 0 0 0 0 1 0 1 0 1 1 0 0
 1 0 0 1 1 1 0 0 1 1 1 0 1 0 1 0 1 0 0 1 0 0 1 0 1 1 1 1 1 0 1 1 1 0 0 1 1
 1 1 1 0 0 0 0 0 1 1 0 0 1 1 1 1 1 0 1 0 1 0 0 0 0 0 1 1 1 0 1 0 1 0 0 1 0
 1 0 1 0 0 0 0 0 0 0 1 1 0 0 0 0 0 0 0 1 1 1 1 0 0 0 0 0 0 0 0 1 0 1 0 0 1
 0 0 0 0 0 1 1 1 1 0 0 1 1 1 1 0 1 0 1 0 1 0 0 0 0 1 1 1 0 1 1 1 1 1 1 0 1
 1 0 1 1 1 0 0 1 1 0 1 1 0 1 1 0 0 0 1 0 0 1 0 0 1 0 1 0 0 1 0 0 1 1 1 0 0
 0 0 1 0 1 0]

Synthetic samples indexes: [  0   5   6   8  10  11  19  23  28  31  32  33  34  38  44  45  53  54
  56  59  61  63  64  66  67  75  77  79  80  82  83  87  88  89  91  97
  99 100 103 107 114 128 131 132 143 145 148 152 154 163 164 165 172 176
 179 181 182 183 187 188 194 197 198 199 202 203 207 210 212 214 217 220
 221 222 223 225 226 230 235 240 241 243 245 249 251 256 259 265 266 267
 269 271 272 274 275 280 287 289 290 294 295 296 298 300 302 313 314 317
 318 325 327 333 336 337 338 342 345 355 357 359 361 363 364 368 370 372
 382 383 384 385 386 388 396 398 400 402 405 409 418 426 427 428 440 443
 457 462 469 471 473 474 475 476 477 478 480 483 484 488 489 491 494 495
 499 502 505 507 510 520 522]

