Clustering algorithm selected: kmeans++
=====================================

Clustering evaluation metric: dbc
Clustering evaluation value: 0.4620886213059368

========== Cluster 0 ==========

Base classifier: SVC(probability=True)

Minority Class: 1

Selected Features: [ 0  1  2  3  4  5  6  7  8  9 10 11 12 13 14 15 16 17 18 19 20 21 22 23
 24 25 26 27 28 29 30 31 32 33 34 35 36 37]

Labels: [1 1 1 0 0 0 1 0 1 1 1 0 1 1 1 0 1 0 1 0 0 1 1 1 1 1 1 1 0 0 1 0 0 0 1 0 0
 0 1 1 1 0 0 1 1 0 1 1 0 0 1 0 1 0 1 1 1 0 1 1 0 0 1 0 0 0 1 0 0 1 0 0 1 1
 1 0 0 0 1 0 1 1 1 1 1 0 0 0 0 1 1 0 0 1 0 1 0 1 0 0 1 1 1 0 0 1 0 0 1 1 1
 1 0 0 1 1 1 0 0 1 1 1 1 0 0 1 0 0 0 0 1 1 0 0 0 0 1 1 0 1 1 0 1 0 0 1 1 1
 0 1 1 1 1 0 0 0 1 0 1 0 0 1 0 0 1 1 1 0 1 0 0 1 1 0 1 0 0 1 1 1 0 0 1 0 0
 1 0 1 1 0 1 0 1 0 0 0 0 0 0 1 0 0 0 0]

Synthetic samples indexes: [  6  12  13  14  16  18  21  22  23  24  25  34  40  43  44  47  54  56
  58  59  66  74  80  82  83  84  89  93  97 100 109 114 115 116 120 121
 122 130 136 137 140 145 146 147 149 150 151 152 156 158 165 168 171 172
 177 178 179 185 187 188]

========== Cluster 1 ==========

Base classifier: SVC(probability=True)

Minority Class: 1

Selected Features: [ 0  1  2  3  4  5  6  7  8  9 10 11 12 13 14 15 16 17 18 19 20 21 22 23
 24 25 26 27 28 29 30 31 32 33 34 35 36 37]

Labels: [1 0 1 0 1 1 1 0 0 1 0 1 0 1 1 0 1 1 1 0 0 1 0 1 0 0 1 1 1 1 1 1 0 1 0 0 1
 0 0 1 1 1 0 1 1 1 0 1 0 0 1 1 0 1 0 0 1 0 1 1 1 0 0 0 1 0 1 0 0 1 1 1 0 0
 1 1 0 1 0 0 1 1 0 0 1 1 1 1 1 0 1 1 0 0 1 0 1 1 0 0 1 1 1 1 0 0 0 0 0 0 1
 1 1 1 0 1 1 0 0 1 1 1 1 1 1 1 1 1 1 1 1 1 0 1 0 0 1 0 1 1 0 1 0 0 1 1 0 0
 1 1 0 0 0 1 1 1 0 0 1 0 0 1 1 0 1 1 0 0 0 0 1 0 1 0 1 1 1 1 0 1 1 1 0 1 1
 0 1 0 1 0 1 1 0 0 1 0 1 1 1 0 0 0 0 0 1 1 1 1 1 1 0 1 1 0 1 1 0 0 0 0 0 1
 0 1 0 0 0 0 0 0 0 0 0 1 0 1 1 1 0 0 1 1 0 1 1 0 0 1 0 0 1 1 1 0 0 1 0 1 0
 1 0 0 1 1 0 0 0 0 0 1 1 0 0 0 0 0 1 0 1 0 1 1 0 0 0 1 0 0 0 1 0 1 0 1 0 1
 0 1 0 1 1 1 1 1 1 0 0 0 1 1 0 1 0 0 0 1 0 0 1 0 1 0 1 0 0 0 0 0 1 0 1 0 1
 1 0 1 1 1 0 1 0 0 1 0 0 0 1 1 0 1 1 1 0 1 1 1 1 0 0 0 1 1 0 0 0 1 1 1 1 1
 0 1 0 0 0 0 0 0 0 0 1 0 1 1 0 0 1 1 0 1 0 1 1 0 1 1 1 1 0 1 1 1 0 0 1 0 0
 1 1 0 0 0 1 0 1 1 1 0 0 1 1 0 0 1 0 0 0 0 0 1 0 1 1 1 1 0 1 0 0 1 0 1 0 0
 0 1 1 0 1 0 0 0 0 0 1 0 1 1 1 0 1 1 1 0 0 1 0 0 0 0 0 0 0 0 0 0 1 0 0 1 0
 1 0 0]

Synthetic samples indexes: [ 60  70 133 154 356 382 445]

