Clustering algorithm selected: fcm
=====================================

Clustering evaluation metric: dbc
Clustering evaluation value: 0.4908549053708976

========== Cluster 0 ==========

Base classifier: LogisticRegression()

Selected Features: [ 62   8  48 128 189 134 138  84 223  65 176 202  90  14 167  23 172   3
  22  94 107 204  82 140 145 127  64 111  31 123  91 169 203 102  43 186
 131  12 117 216  45 144  40 217 175  98  77 224  29  24  74  28 162 198
 130 165 160 148 190   7 164  95 210  88 157  58  66  54  36 218  92 197
  32 143  68 174 208 196  20  55 193  57  78 106  80   6 155 206 132 119
  13  52 219 121 171  86 187  99 105   9  33  11 213 152 135 129 133 158
 151 149 150 146]

Labels: [0 0 0 0 0 0 0 0 0 1 0 0 1 0 0 1 0 0 0 0 0 0 0 0 0 0 0 0 0 0 1 0 0 0 0 0 0
 0 0 0 0 0 1 0 1 0 0 0 1 0 1 1 0 0 1 0 0 0 0 1 0 1 1 0 1 0 0 1 0 0 0 0 0 0
 0 0 1 1 0 1 0 0 0 0 0 0 0 1 0 0 1 0 0 0 0 0 0 0 1 0 1 0 0 1]

========== Cluster 1 ==========

Base classifier: RandomForestClassifier()

Selected Features: [195 155  59   7 211 142 144 156  61  36 106 157 109  99 209 202  30 148
  82 180   2  98  14 221 200 178  63 177 215  89 170 199  38 149  10 213
 113 204 129  86 168 193  65  73  24  81 182 185  78 220 128 165  15  60
 176 158  27  35   5  74 203  93 194  72 172 101  23 135  12  34 102 208
 119  17 134 184 173 160  18 161   0   4  77 151 198 136  48 105   8  79
 205 153  46 171   3 103  96 145  55 125 132 163   6  75 138 141 150 159
 154 152 147 146 137 131 130 133 143 140 139 186 187 191 169 174 175 164
 166 167 192 224 210 214 223 219 218 217 216 222 212 206 207 201 197]

Labels: [0 0 0 1 0 0 0 0 1 1 0 0 0 0 0 0 0 0 0 0 1 0 0 1 0 0 1 1 0 0 0 0 1 1 0 1 0
 0 0 1 0 0 0 0 1 0 1 0 0 0 0 0 0 1 0 0 1 0 0 0 1 0 1 1 0 1 0 1 0 0 0 0 0 0
 0 0 1 1 0 0 1 1 1 1 0 1 0 0 0]

========== Cluster 2 ==========

Base classifier: LogisticRegression()

Selected Features: [ 32 175  12  71 138 205 174 146  63  56 140  78  31 109 224  68 149  22
   0 141   8  94 103  37  67 192 185  45 105  36  64 144 173 176  19 111
  89  27  42  60 217 193  70 113  93  24  99 130  76 101  91  10 179 218
 222  39  92  26  38   6 165 124  20  18 110 184 120 142 166  53 106  50
  66 112 219 102  96 191  74  81 150  87 157   7  95 199  90 200  77  13
 178 127  88 220 145]

Labels: [1 1 0 1 0 0 1 0 0 0 0 0 1 0 0 1 1 1 0 0 0 0 0 1 0 0 0 0 0 0 1 1 0 0 0 1 0
 0 0 0 0 0 0 1 0 0 0 0 1 0 0 1 1 1 0 0 0 1 0 0 0 0 0 0 0 0 0 0 0 0 1 0 0 0]

========== Cluster 3 ==========

Base classifier: RandomForestClassifier()

Selected Features: [136 115 196 133 168  29   1  90 118 154 223 159  74 180 144 101  31  94
   6  18 200 109   3 134  66  62  14 197 139 162 201  44  78 212  80  12
  79 111  64  20  58 172 207 214   9 148  55  89 116 224 113  72 138  84
 110  38 119  88 184 204 164 199  68 221 130 105  75 153  22  83  60  70
  37  43 167 209  15  82  76  67 186 161 122 210 170 177  56 203 176 158
 191 125   2 141 174  36  46  25 198  17 102  10  33 147  65 128 129 131
 132 135 150 146 145 156 152 182]

Labels: [0 0 0 1 1 0 0 0 0 0 0 1 0 0 1 0 0 0 1 0 0 1 0 0 1 0 0 0 0 1 1 0 0 1 1 1 0
 0 0 0 1 0 0 0 0 0 0 0 1 1 1 0 1 0 1 0 0 0 1 0 0 0 0 0 0 0 1 0 0]

========== Cluster 4 ==========

Base classifier: LogisticRegression()

Selected Features: [203  59  23 216 214 146  73 123 209  75  78 117  91  86  74 206  44 207
  56  84 184  29  81  41 200 142 219  82  65 215  42 199  48 147  30 201
 152 144 179   2  63  10 202  54 156  18  26 193  38 108   1 158 155  24
 183  12   3  33  97 210 135  19 125 138  89  69  40  88 180 107 191  43
 196 145 164 181   0 223   7  90 194 137 101  70 218 128 109 172  93 153
 115  95  15  52]

Labels: [0 0 1 0 1 0 1 0 0 0 1 0 1 0 0 0 0 1 0 0 0 1 1 1 0 0 0 1 0 0 1 0 1 0 1 0 0
 0 1 0 1 1 1 1 1 0 1 0 0 1 0 0 0 0 0 1 0 1 0 1 0 0 0 0 0 1 0 1 1 0 0 0 0 1
 0 0 0 0 0 1 1 1 0 0]

========== Cluster 5 ==========

Base classifier: KNeighborsClassifier()

Selected Features: [117 111  21  71   2  30  32 191 172  84   3 219  85 110 130 115  17  94
 188  45 113  49 129  64 223 180 193 201 183   1 173 151 138  92 148 100
 108 101 195  88 220 133 131   8  58  26 123 136 184 175  53  16 205 102
  12  97  44 142  74 164 170 178   0 214 154  65  18  56  75 213   7 190
 177  78  95   5 146 137 169  99  90 153  25 208 165  20  24  47 216  77
 159 217  68 144 162  46 179  40  70 128 132 140 135 134 139 152 155 157
 156 149 150]

Labels: [0 0 0 1 0 0 1 1 1 1 0 0 0 0 0 0 0 0 1 0 1 0 0 0 1 0 1 1 0 1 0 0 0 0 0 1 0
 0 0 1 0 1 0 0 1 0 1 0 0 0 1 0 0 1 0 1 0 0 0 0 1 0 0 1 0 1 1 0 0 1 0 0 1 1
 0 1 0 1 0]

========== Cluster 6 ==========

Base classifier: SVC(probability=True)

Selected Features: [  4   2 158   0 140 177  80  64 179  40  51  23 162  54   8   7 135 148
 113 122 110 178 204  25 116  66  28  47 163  63  90 191  35  56 142  72
 105 165 187 205 173 112 156  17 145 194 132 190 213  71   3  18 215 188
 220 175 118 214  96 221  91 121  30  37  62  12 141 210  61 185  26  31
  49 128  53 171  32  21  11 201 159  44  95  78  46 114 146 106 123 108
 222  43 109 192   5  86 211 189  88 206  14 200 129 216 209 131]

Labels: [0 0 0 1 0 0 0 0 1 0 1 1 1 0 0 0 1 0 1 0 0 0 0 1 0 0 0 0 0 0 1 1 1 1 1 1 1
 0 1 0 0 0 0 0 0 1 0 0 0 0 0 0 0 1 0 0 0 1 0 0 0 0 1 0 0 0 0 0 0 0 1 1 0 0
 1]

========== Cluster 7 ==========

Base classifier: LogisticRegression()

Selected Features: [111 133 209 160  96 128 201  39  37 162 167 208   2 132  69  65 193  64
 141  46  80  28 212  93 108 105 213  32   8  78 121  22 186 100 203 116
 197 223 192  77  30  76  47  12 219  50  54  26  59  36  41 216 215 183
  45  34  90 189  62 150 143 146 123  51 157  98 107  60 152 199  48  14
  68 140 200 169 153  58 145  16 161 131 156 125 202 214  72 196 101 184
  85  23 159  56 112 113 137  13 118  33 172  24 138 104 135 129 130 134
 151 148 149 147]

Labels: [1 0 0 0 1 0 1 0 1 0 1 1 0 0 1 1 1 0 0 1 1 1 0 0 1 0 1 0 0 0 0 1 1 0 0 1 0
 0 0 0 0 0 0 0 0 0 0 0 0 0 0 0 0 0 0 0 0 1 0 0 0 0 0 1 1 1 0 1 0 0 0 0 1 1
 0 0 0 1 0 1 0 0 0 1 1]

========== Cluster 8 ==========

Base classifier: LogisticRegression()

Selected Features: [ 42   1 212  45 168 102  85  47 192  54 195 128 182 196 206   2 174 107
  66  72  36  81  55  96  78   8  74  22  15 224 162 134  67 202 147 217
 158  30 143 181 110 178  17   4  84  52 189 221  24  62 169 105  37   0
  80 205 157  20 133  90 183  27  43 188  56 153  48 211 155  35  28 138
 125 203 120 163 200  97 194 131  33  94 197 213 199 135 148  63 172  21
 198 220 124   5 149 109  64]

Labels: [0 1 0 0 0 0 0 0 1 1 1 0 1 0 0 0 0 0 0 0 0 0 0 0 0 0 0 0 0 0 1 0 0 1 0 1 0
 0 1 1 0 0 0 0 0 0 1 0 0 0 1 0 0 0 0 0 0 1 1 1 1 0 0 1 0 1 0 0 0 0 0 0 0 1]

========== Cluster 9 ==========

Base classifier: GradientBoostingClassifier()

Selected Features: [  3 208 109  83  24 211 192 220  86 198 196 165 132 106 142  18  87 217
 114  57 113  67 222 189 185 137 121  41  69  97 155  48  27 107 126 161
  59  65 118   7 120 206 171  36  47 195 218 184  45 201  61  44 111  49
  46  56 143  98   0  22 125  37  68 169 108  73 214 145 146 213   8 179
 117  72 104  29  34  21  77 127 223 190  15 122  62 154 181  32  38 131
  58 152 212  28  13  92 153 210 112 186   5 128 129 138 136 141 140 130
 133 135 134 147 144]

Labels: [1 0 0 0 0 0 1 0 1 0 0 1 1 1 0 0 1 0 1 0 1 0 1 0 0 0 0 0 1 0 1 0 0 0 0 0 0
 0 0 1 1 0 0 0 1 0 0 0 1 0 0 0 0 0 0 1 0 0 1 1 0 0 0 0 0 1 0 0 0 1 0 0 0 0
 0 1 1 0 0 1 0 0 1 0 0 1 1 0 0 0 0 1]

========== Cluster 10 ==========

Base classifier: RandomForestClassifier()

Selected Features: [ 91  55  79 193 134  19 136 156 211 221 183  87  21 222 169 159  57  69
 113  60 171 188 190 121 107 207  46 200  42  85 172  16 215 180 116 213
 197  54 177  59  22  88  77   0 149  90 189 123  76 218  39  89 144  78
 104 111 112  15 155 117  73 132 208 202  96 110 101 216 196  48  81 108
 114  49  50  84  34  45  26  93  62   3  30  86  65  63  43  37  70 195
 214 153 138 140 139 204 120 122  83 135   6   9 191  12 152  40 198 109
 130 133 142 143 131 158]

Labels: [1 0 0 0 1 0 1 0 0 1 1 0 0 0 0 0 0 0 0 0 0 0 1 1 0 0 0 1 1 1 1 1 0 0 1 1 0
 1 1 1 0 0 0 0 0 0 0 1 0 0 0 0 0 1 0 0 0 0 0 1 0 1 1 0 0 0 0 0 0 1 1 0 0 0
 0]

