Clustering algorithm selected: kmeans++
=====================================

Clustering evaluation metric: dbc_ss
Clustering evaluation value: 0.24756132255485278

========== Cluster 0 ==========

Base classifier: RandomForestClassifier()

Selected Features: [203  55   3 214 122 127 124   6  89 195 171  29 167   0  16 218  21 157
  63 112  50 134 136 184 125  68  47  15  12 140 123  85 128 104 217  76
   4 152 224  94  45 196 192 188  25   5 210  22  52 174 216 221 100  33
 222  90 129 223 108  98  40 133 179 131  57  36 163   8  10  77  69  26
 109 162 142 120  67 219 149 117 153  73  74 138 187 114  71  56 180  31
 154 178 141 204 111  66 130 190 207   1 102 185 198 146 121  79  72 197
  97 147 143  24 103 177  18  34 156 200 193  70 211 176  35  54 182  37
  38  39 181  41  46  53 173 175  48  42  43 183  44  51  49 137  32  30
 135   2 202 201 199   7   9  11 206  13  14 194 220  17  19  20 191  23
 126 189  27  28 186 172  61 170  58 158]

Labels: [0 0 0 0 0 1 0 0 1 0 0 0 0 0 0 1 0 0 1 0 0 1 0 0 1 0 0 0 1 0 0 1 0 0 1 0 0
 0 0 0 0 0 0 0 1 1 0 0 0 0 1 0 0 0 1 0 0 1 0 0 0 0 1 1 0 0 0 0 0 0 0 1 1 0
 0 1 1 1 0 0 1 1 0 1 0 1 0 0 1 0 0 0 1 1 0 1 0 0 1 0 0 0 0 1 0 0 0 0 1 1 0
 0 0 1 0 1 0 1 0 0 0 0 0 0 0 0 1 0 0 1 0 0 1 0 0 0 0 1 0 0 0 0 0 0 0 0 0 0
 0 0 1 0 0 0 0 0 0 0 0 0 1 0 0 0 0 0 0 1 0 1 1 0 0 1 1 1 0 0 0 1 1 0 0 0 0
 0 0 0 0 0 0 0 0 0 0 0 0 0 0 1 0 0 0 0 0 0 0 0 0 0 1 1 0 1 0 1 0 1 1 0 1 0
 0 0 1 1 1 0 0 0 0 0 0 0 0 0 0 1 1 0 1 0 0 1 0 0 0 0 0 1 0 1 0 0 0 0 0 0 0
 0 0 0 1 0 0 0 1 0 0 1 1 0 0 0 0 0 0 0 0 1 0 0 0 0 0 0 0 0 0 0 0 0 0 0 0 0
 0 1 0 0 0 0 1 0 1 0 0 0 0 0 1 1 0 1 0 0 0 0 0 1 0 1 0 0 0 0 0 0 0 0 0 0 1
 0 0 0 0 0 0 0 0 0 0 1 0]

========== Cluster 1 ==========

Base classifier: SVC(probability=True)

Selected Features: [  0 149 172   3 106 134 153  57  12  24 143 197  45 215 223  97 170 117
 167 139 202 110 185 164  92 157 196   2  65 162 222  11  44 206  16   1
  70  75 121  58 148 220  26  73  35  32 135  82 100 219 177  36  33  15
 113 214  25  23 201  53 146 118 211 102 127 140  10 191  51 163 105 213
  14  79 156  59 155  71  84   8 218 179 171  21  28  56 160 119 112  89
  43  72  37  68 109 123  48  74 175  40  47  41  42  39  38 189 188 187
  46 136  50  49  34 186  52 184  54  55 183 182 181 180  60  61 190 193
 192 212 207  13 208 209 210   9   7  63   6   5   4 216 217 221 205 204
  17  18  19  20 203  22 200 199 198 195  27 194  29  30  31  62  67  64
 178 103 104 154 152 107]

Labels: [1 0 0 0 0 1 0 1 1 1 0 0 0 0 0 0 0 0 1 1 0 0 0 1 0 0 1 0 0 0 0 0 0 0 1 1 0
 0 0 0 0 1 0 0 0 1 1 0 0 1 0 0 0 0 1 0 1 0 1 0 1 1 0 1 0 0 0 0 0 0 0 1 0 0
 0 0 0 0 0 0 1 0 0 1 0 1 1 0 1 0 0 0 0 0 0 0 0 0 1 0 0 0 0 0 0 0 1 0 0 0 1
 0 0 0 0 1 1 1 0 0 1 0 0 1 1 0 0 0 1 0 1 0 0 0 0 0 0 0 1 1 0 0 0 0 0 0 0 0
 1 0 0 1 0 0 1 0 1 1 0 0 0 0 0 0 0 0 0 1 0 1 0 0 0 1 0 0 1 0 0 0 1 1 0 0 1
 0 0 1 0 0 0 0 0 0 0 1 0 1 0 1 0 1 0 1 1 1 0 0 0 0 1 1 0 0 0 0 0 0 0 1 1 1
 0 1 0 1 0 0 1 0 0 0 0 1 0 1 1 0 1 0 1 0 1 0 1 0 0 0 1 0 0 1 0 0 1 0 0 0 0
 1 0 0 0 0 0 0 0 0 1 1 1 0 1 0 0 0 1 1 1 0 0 0 0 0 0 0 0 1 0 0 0 1 0 1 1 0
 0 0 0 0 0 1 0 1 1 0 0 1 1 0 0 0 0 1 1 0 1 0 0 0 1 0 1 1 1 1 1 1 0 1 0 1 1
 0 0 1 0 0 1 1 1 0 1 0 1 0 1 0]

========== Cluster 2 ==========

Base classifier: RandomForestClassifier()

Selected Features: [  3  86  94  22  12 137 173  21 142 123 112  15 120  67  25 189  71 215
 143  45 175  62 210   6 133 160  78 195  33 132 162 211  16 155 220  27
  64  99 105   2  58  41   0  42  83 183  11 219  96  10   1 176  56 117
  35 165 126 157  53 115 119 196 180 135  50 218 192  46 181  93 107 203
 103  23 141 128 150 156 212  90 167 122  85  43 153  63 104  26  82 222
 159  19  77  17 138  57 158  29  66 207 184  13  14  89 127  70 100 188
 186   8  36  61 174  28 197  34 114  18  52   4 168  47  48  49 221 179
  51  24 166   5  54  55 164 216 205 217  59  60 206 169  44 178   9 209
  30  31 177 172  32 208 213 170   7 214  37  38]

Labels: [0 0 0 1 0 0 0 0 1 0 1 1 0 1 1 1 0 0 0 1 1 1 1 1 0 0 0 0 0 0 0 0 0 1 1 0 0
 0 0 1 1 1 1 1 1 0 1 0 0 0 0 0 0 0 0 0 0 0 0 0 0 0 0 0 0 0 1 1 1 1 0 0 0 1
 0 0 1 0 0 1 1 0 0 1 1 0 1 0 0 0 0 1 1 0 1 0 1 0 0 0 0 0 0 1 1 0 1 0 0 0 0
 1 1 0 0 0 1 0 1 1 1 1 1 1 1 0 1 0 1 0 1 1 1 0 0 0 0 1 0 0 1 0 0 0 1 0 0 0
 0 0 0 0 0 0 0 1 0 1 0 0 0 0 0 0 1 0 1 0 0 1 1 0 0 0 0 1 0 1 0 0 0 1 0 0 1
 0 0 0 0 0 0 1 0 0 0 0 0 0 0 0 1 1 1 0 0 1 1]

