Clustering algorithm selected: kmeans++
=====================================

Clustering evaluation metric: silhouette
Clustering evaluation value: 0.23057929815571734

========== Cluster 0 ==========

Base classifier: GaussianNB()

Selected Features: [1 5 6 3 0 4]

Labels: [0 0 1 0 0 0 1 1 0 0 0 0 0 0 0 0 1 0 0 0 0 0 1 1 0 0 0 0 0 1 0 0 0 0 0 0 0
 1 0 0 0 0 0 0 0 1 0 0 0 1 0 0 0 1 0 0 0 0 0 0 1 0 0 0 0 1 0 1 1 0 0 0 0 1
 0 0 0 0 0 0 1 1 0 0 0 0 0 0 0 0 0 0 0 1 0 0 0 1 1 0 0 0 0 1 0 0 0 1 1 0 0
 0 0 0 0 0 1 0 0 0 0 1 0 0 0 0 0 0 0 0 1 0 0 1 0 0 1 0 1 0 1 0 1 0 0 0 0 0
 0 0 0 0 0 0 0 1 1 0 0 0 0 0 0 0 0 1 0 0 0 1 0 0 0 0 0 0 0 0 0 0 0 1 0 0 0
 0 0 1 0 1 1 1 0 0 0 0 1 1 1 0 0 0 1 0 1 1 0 1 0 1 0 1 0 1 0 0 1 0 0 0 0 0
 0 1 0 0 0 0 0 1 0 0 1 0 0 1 0 0 0 1 1 1 0 1 0 0 1 0 1 0 0 1 1 1 1 1 0 0 0
 0 0 1 1 0 0 1 0 0 0 0 0 0 1 0 0 0 1 0 1 0 0 0 0 0 0 0 0 0 0 0 0 0 1 0 0 0
 0 0 0 0 0 0 0 1 0 0 0 0 0 1 0 0 0 0 0 1 0 1 1 0 0 0 0 1 1 1 0 0 0 1 0 1 0
 0 0 0 0 0 0 0 0 0 0 0 0 0 0 0 0 0 0 1 0 1 0 0 0 1 0 0 0 0 0 1 0 0 1 0 0 0
 1 0 0 0 0 0 1 1 0 0 0 0 1 1 0 0 0 0 0 0 1 1 0 0 0 0 0 1 0 1 0 0 0 0 1 0 0
 0 1 0 0 0 0 0 0 0 0 1 1 1 0 1 0 0 0 1 0 1 0 0 0 0 1 0 0 0 1 1 1 0 0 0 0 0
 0 0 0 1 0]

========== Cluster 1 ==========

Base classifier: GaussianNB()

Selected Features: [1 4 7 5 6 3 2]

Labels: [0 1 1 1 0 0 1 1 1 1 0 1 0 1 1 1 0 1 1 1 1 1 1 0 1 0 0 1 0 1 1 1 1 0 1 0 1
 0 0 1 1 0 1 0 1 1 1 1 0 0 0 0 0 0 1 0 0 1 0 0 0 1 0 0 0 0 0 1 1 0 0 1 1 0
 0 1 1 0 0 0 1 0 1 0 1 1 1 1 1 1 0 1 1 1 1 1 1 0 0 1 1 0 0 1 0 0 0 1 1 0 1
 0 1 0 0 0 1 0 0 1 1 0 1 1 1 1 0 1 1 1 0 1 1 0 0 0 1 0 0 0 0 0 1 1 1 1 0 1
 0 0 1 1 1 0 0 0 1 0 1 1 1 0 0 0 1 1 0 1 0 0 0 0 1 1 0 1 0 1 1 1 1 0 0 0 0
 0 1 0 0 1 0 0 1 0 1 1 1 0 0 0 1 1 1 1 1 1 0 1 1 1 1 0 1 1 1 1 0 0 0 0 0 1
 1 0 1 1 1 0 1 0 1 0 0 0 0 1 1 1 0 1 1 1]

