Clustering algorithm selected: spectral
=====================================

Clustering evaluation metric: dbc
Clustering evaluation value: 0.032539465492385754

========== Cluster 0 ==========

Base classifier: KNeighborsClassifier()

Minority Class: 1

Selected Features: [0 1 2 3 4 5 6 7 8 9]

Labels: [1 1 1 1 1 1 0 1 1 1 0 1 1 1 0 1 0 0 0 1 0 0 0 1 0 1 0 1 0 1 0 1 0 0 1 1 0
 1 0 0 1 0 0 1 0 0 0 1 0 1 0 1 0 1 0 0 1 1 0 1 1 1 0 0 0 0 1 1 1 0 1 1 0 0
 0 0 0 0 1 0 0 1 0 1 1 0 1 0 0 1 0 1 1 1 1 1 0 0 0 0 1 0 0 1 0 1 1 0 0 1 1
 1 0 0 1 0 1 1 1 1 0 1 0 1 1 1 0 1 1 0 1 0 1 0 0 1 0 0 0 1 0 0 0 0 1 1 0 0
 0 1 0 0 0 1 0 1 0 1 1 0 1 0 1 1 0 0 0 0 1 0 1 0 1 1 1 0 0 0 0 1 1 1 0 0 1
 1 0 1 0 0 1 0 0 0 0 0 0 0 1 1 0 0 0 1 0 0 0 1 1 0 0 1 0 0 1 1 0 0 1 1 1 0
 1 1 1 1 1 0 1 0 1 0 0 0 0 0 0 0 1 0 1 1 1 1 1 1 0 0 1 0 0 1 1 0 0 0 1 0 0
 0 1 1 0 0 0 1 1 1 0 0 0 0 1 1 0 1 1 1 0 1 0 1 0 0 1 0 1 0 1 1 1 1 0 0 0 1
 0 1 0 0 0 0 0 1 1 0 0 1 1 0 0 0 0 1 1 0 1 0 1 0 0 0 0 0 0 1 1 1 1 1 0 1 0
 0 1 0 1 1 0 1 0 1 1 0 0 1 0 0 1 0 0 0 0 1 0 1 1 1 0 1 0 0 0 1 1 1 0 0 0 1
 0 1 1 1 1 0 1 1 1 1 0 0 0 1 1 0 1 0 1 1 0 1 0 0 0 0 1 1 1 1 1 0 1 1 1 1 1
 1 1 0 1 0 1 1 0 1 1 1 1 0 1 0 0 1 1 1 0 0 0 1 1 0 0 1 1 1 1 1 1 1 1 1 0 0
 0 0 1 1 1 1 0 1 0 1 1 0 1 1 1 1 1 0 1 1 0 0 1 0 1 0 1 0 0 0 0 0 1 0 1 1 1
 0 1 0 0 0 0 0 1 0 1 0 0 0 0 0 0]

========== Cluster 1 ==========

Base classifier: SVC(C=786.6609399441145, gamma=0.27910592529190126, probability=True)

Minority Class: 0

Selected Features: [0 1 2 3 4 5 6 7 8 9]

Labels: [0 1 1 0 1 1 0 0 1 1 0 1 0 0 0 1 1 1 0 0 0 1 1 1 0 0 0 1 1 1 1 0 1 0 1 0 1
 0 1 1 1 0 0 0 1 1 1 1 0 1 1 1 0 0 1 1 0 1 0 1 1 1 1 0 1 1 1 0 1 1 0 1 0 0
 0 1 0 1 0 1 1 0 0 0 0 1 1 0 1 0 0 1 1 0 1 0 1 0 1 0 1 0 0 1 0 0 0 1 1 0 0
 1 1 1 0 0 1 1 0 0 0 1 1 0 0 0 0 1 1 0 1 0 0 0 1 1 1 1 1 0 0 0 1 0 1 1 1 0
 0 1 0 0 1 1 0 0 1 1 0 0 0 0 0 0 0 0 1 0 1 0 0 0 0 0 1 1 1 0 1 1 0 1 0 0 1
 1 0 1 1 0 1 1 0 0 1 0 0 0 0 0 1 1 1 0 1 1 0 1 1 0 0 0 0 0 1 1 1 1 1 1 0 0
 0 0 0 0 1 0 1 1 0 0 0 0 0 1 1 0 0 1 0 0 1 1 0 0 1 0 1 0 0 0 1 1 0 1 0 0 1
 0 0 0 1 1 1 0 1 1 0 0 1 1 0 0 1 0 1 1 1 1 1 0 1 0 1 0 1 1 1 0 1 0 1 1 1 1
 1 1 1 1 1 0 1 1 0 1 0 1 0 1 0 0 0 0 1 1 0 1 1 1 0 0 1 1 1 0 0 0 0 1 0 0 0
 0 0 0 1 0 1 0 1 1 1 1 1 0 0 0 1 0 1 1 1 0 0 1 0 1 1 1 1 1 0 1 1 1 1 1 0 1
 1 1 0 1 1 0 0 1 0 1 1 1 1 0 1 1 0 0 0 0 0 1 1 0 1 0 1 0 0 0 0 0 0]

