Clustering algorithm selected: fcm
=====================================

Clustering evaluation metric: rand
Clustering evaluation value: 0.0005450729133045122

========== Cluster 0 ==========

Base classifier: SVC(probability=True)

Minority Class: 0

Selected Features: [1 9]

Labels: [2 0 1 2 2 1 0 2 2 2 0 2 2 2 2 0 2 0 0 1 1 2 2 1 1 0 0 1 0 0 2 2 0 1 1 0 2
 0 1 0 1 1 0 2 0 1 2 0 0 0 1 0 0 1 2 2 2 1 0 0 2 1 2 0 2 0 1 1 2 2 1 2 2 0
 0 2 2 2 1 2 1 2 0 1 1 0 1 1 2 1 0 1 0 0 1 0 0 2 0 1 2 0 2 1 1 0 2 0 1 2 1
 0 2 2 2 2 1 1 1 2 1 1 2 0 0 0 2 2 2 2 2 1 0 2 0 2 1 0 2 1 2 1 2 0 2 2 0 2
 1 1 1 0 2 1 2 2 0 0 1 2 2 0 0 1 0 2 0 1 1 1 0 1 2 1 0 2 0 2 2 2 0 2 1 0 2
 0 2 1 1 0 1 0 2 2 1 1 1 2 0 1 1 0 1 0 1 1 1 0 0 1 2 2 0 2 1 2 2 1 1 1 1 0
 1 1 1 0 2 0 1 0 0 1 1 0 1 1 1 0 2 1 0 1 2 2 1 2 2 1 0 0 2 1 2 2 0 0 0 2 2
 1 1 2 2 1 2 1 0 0 2 1 2 2 0 0 1 1 1 1 0 2 1 0 0 1 1 2 1 1 0 0 1 2 0 1 1 2
 1 0 1 1 1 2 0 1 1 2 0 0 1 1 0 1 2 2 1 2 1 2 1 0 0 2 0 1 1 1 1 0 0 0 0 1 0
 1 2 2 1 0 1 0 0 1 1 2 0 1 1 0 0 2 0 2 0 1 0 0 0 1 0 2 2 2 2 2 0 0 2 0 1 0
 0 1 0 1 2 1 2 1 1 1 1 2 0 1 2 2 0 1 1 0 2 0 0 2 1 1 0 1 2 1 0 1 1 1 1 0 1
 1 2 0 1 2 2 2 0 1 2 2 1 0 0 2 2 0 1 1 1 2 2 2 0 0 0 1 0 0 2 0 1 1 0 1 1 0
 0 0 0 2 0 0 0 0 0 0 2 1 2 0 0 1 2 1 2 1 0 0 0 2 0 2 0 0 1 2 2 0 1 2 0 1 2
 0 1 0 0 0 1 0 2 2 2 1 1 1 1 2 1 0 2 2 0 0 1 2 1 2 2 2 1 2 2 1 0 0 1 2 2 2
 0 1 1 1 1 1 2 2 0 1 0 1 0 1 0 1 0 2 2 2 2 2 2 0 0 1 1 2 1 0 1 1 2 1 0 2 1
 0 1 1 1 0 1 2 1 2 1 0 2 1 2 0 2 0 2 2 2 1 2 2 1 1 2 1 1 2 0 0 0 2 2 2 1 2
 1 2 1 0 0 0 2 2 1 2 2 1 1 2 1 0 1 1 0 1 0 2 0 0 2 0 2 1 0 1 0 1 2 2 2 2 1
 1 1 2 1 2 2 1 2 2]

========== Cluster 1 ==========

Base classifier: SVC(probability=True)

Minority Class: 1

Selected Features: [2 6 8 9 5 0]

Labels: [2 0 0 1 2 0 1 2 1 2 0 2 0 2 2 2 2 2 2 1 0 0 0 0 0 2 1 2 0 1 1 0 1 1 1 0 0
 0 1 1 0 1 2 1 0 1 1 1 2 0 0 2 2 0 0 1 2 0 2 0 1 0 2 1 0 0 2 2 0 0 2 2 2 0
 0 0 1 0 2 0 1 2 1 2 0 0 0 2 0 0 2 1 0 0 1 0 0 0 0 1 0 2 2 2 2 1 1 1 0 1 1
 0 2 0 0 2 0 2 1 0 0 0 2 2 2 2 2 2 2 2 1 2 1 1 1 2 0 2 1 0 2 0 1 2 2 0 1 2
 1 2 0 2 1 0 2 1 1 2 0 1 2 0 1 0 0 2 1 1 1 1 0 2 2 1 1 0 1 1 1 2 2 2 1 0 1
 0 2 1 1 1 2 2 0 1 2 2 1 2 1 2 2 1 2 1 2 1 2 2 2 1 2 0 1 0 0 0 2 0 0 0 1 2
 0 1 1 2 0 2 0 0 1 0 1 0 0 2 2 2 0 0 0 0 1 2 2 0 1 2 2 2 2 1 0 0 2 1 0 2 0
 0 2 2 2 2 2 1 1 1 1 1 0 1 2 0 2 1 0 2 2 0 2 0 1 1 0 0 1 0 2 0 1 1 1 2 0 0
 2 2 1 2 0 2 0 1 0 0 1 1 2 1 2 2 0 0 0 2 2 0 1 2 2 1 2 1 1 1 0 1 2 2 0 1 0
 0 1 2 2 0 2 2 1 1 1 0 0 0 0 1 0 1 2 1 0 2 1 2 1 1 0 2 2 2 1 1 0 1 1 0 1 0
 2 0 0 0 1 2 2 2 2 0 0 1 0 0 1 1 1 0 0 0 1 0 0 2 0 2 2 0 2 0 1 1 0 0 0 0 1
 1 2 2 0 1 2 1 1 0 1 2 0 0 0 2 0 2 2 0 0 0 1 2 2 2 0 2 1 2 2 1 1 2 1 2 0 1
 1 0 2 0 2 1 0 2 2 0 2 2 0 0 1 1 2 1 0 1 0 0 1 1 0 1 2 2 1 2 2 0 0 2 1 0 2
 2 0 1 2 0 2 0 2 1 2 1 0 2 0 1 2 1 0 0 1 1 1 0 1 1 0 1 0 1 0 1 0 2 2 0 1 1
 1 2 0 0 1 0 0 2 0 1 1 0 2 0 1 2 2 0 0 2 2 1 0 0 1 1 1 0 0 1 1 2 0 1 2 1 0
 0 2 1 1 0 0 0 1 2 1 0 0 2 0 0 2 0 2 1 1 2 2 1 2 0 1 1 1 2 1 0 1 1 1 2 1 1
 2 2 0 0 1 2 0 0 2 1 0 1 0 0 1 0 1 0 1 1 2 0 1 1 2 0 1 0 2 2 0 0 2 2 0 2 0
 2 1 1 2 2 1 2 1 0 0 0 2 0 0 1 0 1 2 2 2 2 1 0 2 0 2 1 2 0 1 2 2 0 2 0 2 2
 0 0 2 0 1 1 0 0 0 2 0 0 2 0 0 2 0 1 2 2 0 1 2 2 2 0 2 1 2 0 1 1 2 1 2 2 2
 2 2 1 1 1 2 1 2 1]

