Clustering algorithm selected: fcm
=====================================

Clustering evaluation metric: dbc
Clustering evaluation value: 0.4903896802145927

========== Cluster 0 ==========

Base classifier: LogisticRegression()

Minority Class: 1

Selected Features: [222 106  90 182  24 201 160 212 163  60  40 172 213 155 135 152 140 207
 206  51 200 216  38  36 137 161 214 183 158 151 141  15  85 139  21  76
  18  73  80  30   7 180   1 131  28 177  17 173 144  99   0  71  87  53
  26 150  54 157  89 114  16   5  65 174 219 113 221   9 108 111  98   4
 184 187 196 130 165   3  93 185 110  86 142  44  11 115  81  92 204  25
 132  13  45 138  10  95  43 195 179  50   6  70  31  29  27  72  46   2
  19  74  68  41  20  75   8  23  22  77  78  42  69  67  79  61  52  12
  37  55  56  57  58  59  49  48  66  14  35  39  47  63  34  64  33  32
  62 224  82 170 188 186 181 178 176 175 171 169 190 168 167 166 164 162
 159 156 189 191 153 208 220 218 217 215 211 210 209 205 192 203 202 199
 198]

Labels: [0 1 0 0 0 0 1 0 0 0 0 0 0 0 0 0 1 0 1 0 0 0 0 0 1 0 0 1 0 0 0 0 0 1 1 0 1
 0 0 1]

========== Cluster 1 ==========

Base classifier: LogisticRegression()

Minority Class: 1

Selected Features: [136   3  28   8  37 211 201  93 220  67 215  86  11  34  26  30 105 142
 162 143 163  21  98 214  76 101 130  12 118 177 151 197 173  14  84  36
 133 148 116  16 122  23  78  58 194  87  24 219 120  43  94 119 187  20
 188 152  61  40 168   1 175  63  45 139  74 106  69  38  44  50  51 169
 131  60 100 222  13 179 171 221 205  10 109 218 115  64  79 196 176 167
   2   5  70 224 174  85 125  25  80 190 157 217  66 181 210  57 145 216
  68   7  71  49   9  39  73   6  72  48  75   4  47  77  15  18  17  65
  35  52  53  54  55  56  33  32  31  29  27  41  59  62  42  22  19  46
 112  81  82 183 182 180 178 172 170 166 165 164 161 160 159 158 156 155
 154]

Labels: [1 0 0 0 0 0 0 0 1 0 1 1 1 1 0 0 0 0 0 0 0 1 1 1 0 1 0 0 0 1 0 0 1 0 0 0 0
 0 1 0 0 1 0 1 0 0 0 0 1 1 0 0 0 0 0 0 1 1 0 0 1 1 0 0 0 1 1 1 0 0 0 0 1 0
 1 1 0 0 0 0 1 0 1 0 0 0 0 0 0 0 0 0 0 1 0 1 1 0 1 1 0 1 0 0 0 0 0 0 1 1 0
 0 1 0 0 0 0 0 0 0 0 0 0 0 0 1 0 0 0 0 0 0 0 0 0 0 0 1 0 1 0 0 0 1 1 0 1 1
 0 0 0 0 0 1 1 1 0 0 0 1 0 0 0 1 0 0 0 0 1 0 0 1 0 0 1 0 0 1 0 1 0 1 0 0 0
 0 0 0 0 0 1 0 0 0 1 0 0 0 1 1 1 0 0 1 0 0 0 1 0 0 0 0 0 1 0 1 0 0 0 0 0 0
 1 0 0 0 1 1 1 0 0 0 1 1 0 0 0 0 1 1 0 1 0 0 0 0 0 1 0 0 0 1 1 1 1 0 1 0 1
 0 1 1 1 0 0 1 1 1 0 0 0 1 0 0 1 0 1 1 0 1 0 0 1 0 1 0 0 1 0 1 0 1 1 0 1 0
 0 0 1 0 0 0 0 0 0 0 1 0 0 1 0 1 0 0 0 1 1 0 0 0 0 1 0 0 1 0 0 0 0 0 0 1 0
 0 0 1 0 1 1 0 1 0 1 1 1 0 0 0 0 0 1 0 0 0 0 0 1 0 0 1 1 0 0 0 1 0 1 0 0 0
 0 1 1 1 0 0 0 1 0 0 0 0 0 1 0 0 1 1 0 1 0 0 0 0 0 0 1 0 0 0 1 1 1 0 0 0 0
 1 0 0 1 0 0 0 0 0 0 0 1 0 1 0 0 0 0 1 1 0 0 0 0 0 0 1 1 0 1 1 1 1 1]

========== Cluster 2 ==========

Base classifier: SVC(probability=True)

Minority Class: 0

Selected Features: [ 22  68 144 218 108 157 186 208  83 210 165 224 207 167 187 148 150 151
 216  35 182  23 111 188  33 152 146 179   5 206 174 183 113  13 139  96
  69  59 128  28 145 172 160  76 177  27  99  20 164 138  85 154 141  24
  97 107 176 127 132  63   0  44   1 126 200  43 120  60 191  92 137 217
  15 125  48  29  36  67   4 211   2 209  56  74  12 119  10  32  16 121
 130 115  55 123 147  31  18 181  51 114 203  72  50  49  52  71  70  47
  62  53  54 204  61  66  65  64  57  46 205  58 163  45  42   3 222   6
   7   8   9  11 221  14  17  19 220  21 219 215  25  26 214 213  30  73
  34  37  38  39  40  41 212  81  75 116 184 140 185 189 136 135 134 133
 190 131 129 192 124 122 118 142 143 180 155 161 166 159 158 168 156 169]

Labels: [1 1 1 0 1 1 1 1 1 1 0 1 0 1 1 1 0 1 1 1 1 0 0 0 0 0 0]

========== Cluster 3 ==========

Base classifier: LogisticRegression()

Minority Class: 1

Selected Features: [  1   3  22  27 134 102   8 173 104 125  44  26  85 112 110  45  37 217
 109  66 214  53 169 143  17  60  62 206 114 153  25 189 120  42  48 195
  88 107 148 213 136 135  95 172 156  47 149  98 161 186 138  54 183 215
 159 139  39 118 130 129   6  73 212 157 140 166 221 113   7  51  18  38
  31  75 191  84  59 180  16  50 184  15  57 162  81  80   0  34  82  83
 144  40 208 163 158 190 127 178  69  32  58  63 168 147  46 176 198 155
 199  87 100  92  36  78 209 105 192 188 187  52  55  41 193  43 197 196
  49 200  56 201 185 194 137  35  33 222   2 220   4   5 219 218 216   9
  10  11  12  13  14 211]

Labels: [0 0 0 0 0 0 1 0 0 0 0 0 0 1 0 0 0 1 0 0 0 0 1 0 0 1 0 0 0 1 0 0 1 0 0 1 1
 0 0 0 0 0 0 0 0 1 1 0 0 0 0 1 0 0 0 0 0 1 0 0 0 0 1 1 0 0 0 0 0 0 0 0 0 0
 0 1 1 1 1 0 0 1 1 1 0 0 0 0 0 1 1 0 0 1 0 0 0 1 0 0 0 1 1 0 1 0 0 0 1 0 1
 0 0 0 1 0 0 0 0 1 1 0 1 0 0 0 0 1 0 1 0 0 1 0 0 0 0 0 0 0 1 0 0 1 0 1 0 0
 0 1 0 0 0 0 0 1 0 0 0 0 0 0 0 0 0 0 0 1 0 0 0 1 0 0 0 0 0 0 1 0 0 0 0 0 0
 0 0 1 0 0 1 1 0 0 1 1 1 0 0 0 1 1 0 0 0 0 0 1 0 0 0 1 0 0 0 0 0 0 0 0 0 0
 0 0 1 0 1 0 0 0 0 0 0 0 0 0 0 0 0 0 1 1 0 0 0 1 1 0 1 1 0 1 0 0 0 0 1 0 0
 0 1 0 0 1 1 0 1 0 0 0 0 0 0 0 0 0 0 1 1 0 1 0 0 1 0 0 0 0 0 1 0 0 0 1 0 0
 0 0 0 0 0 0 0 0 0 0 0 0 0 1 0 0 0 0 0 1 0 0 0 0 0 1 0 0 0 0 0 0 0 1 1 0 1
 0 0 0 0 0 0 0 0 0 1 1 0 0 1 1 1 0 0 0 1 0 0 1 1 0 0 0 0 0 0 0 0 0 1 0 0 0
 0 0 0 0 0 0 0 0 0 0 0 1 0 0 0 1 0 0 0 0 1 0 0 0 1 1 1]

