Clustering algorithm selected: fcm
=====================================

Clustering evaluation metric: dbc
Clustering evaluation value: 0.4765426630678307

========== Cluster 0 ==========

Base classifier: LogisticRegression()

Minority Class: 1

Selected Features: [ 20  43   4 214   9   3  17 134  68  39 201 211  34 118 150 210  73 166
 156 206 172  74  25  33 202 133 194 221  10 173  93  89 217 140   5 184
 169 219  64  48 204 146  85 161 154 119 207 149 180 121 148  36 179 137
  58  71 104  30 152 129 102 164 178 186   1  91 111 136  61 157 171 170
 107 182  13 205 138  46  81 126  49 141 160 199  27 220 159 193 168 147
 115 101  67 209  60  57 183 213 215  50  26  14  37 155 108 109  72 191
  18  16  63  41  62  21  22  19  65  15  23  66  12  69  11  70   8   7
  59  55  24  32  40  44   2  45  38  35  47   6  31  56  75  51  29  52
  53  28  54  42 224 112  76 181 176 175 174 167 165 163 162 158 153 151
 145 144 143 142 139 177 185 132 187 222 218 216]

Labels: [0 0 0 0 1 0 0 1 0 0 0 0 0 0 0 1 0 0 0 0 1 0 0 0 0 1 0 0 0 1 0 0 0 1 0 0 1
 0 0 1 1 0 0 0 0 0 0 0 0 0 1 1 0 0 0 0 1 0 0 0 0 0 1 0 0 0 0 1 1 0 0 0 0 0
 0 0 0 0 0 0 1 1 0 1 1 0 0 1 1 1 0 0 0 0 0 1 1 0 0 1 0 0 0 1 0 0 0 1 1 0 1
 0 0 0 1 0 1 0 0 0 1 0 0 0 0 0 1 1 0 1 0 0 0 0 1 0 1 0 0 1 0 0 0 0 0 0 0 1
 0 0 1 0 1 0 0 0 1 0 0 0 0 0 1 0 0 0 0 0 0 0 0 0 0 0 0 1 0 0 0 1 0 0 0 0 0
 0 1 0 0 0 0 0 0 0 0 1 0 0 1 1 0 0 0 1 1 1 0 0 0 1 1 1 0 0 0 0 0 0 1 0 0 0
 1 0 0 0 0 0 0 0 0 0 0 0 0 1 0 1 0 0 0 0 0 0 0 0 0 0 0 0 0 0 1 1 0 0 0 1 1
 0 1 1 0 1 0 0 0 0 1 0 0 0 0 0 0 0 0 0 0 1 0 0 0 0 1 0 1 0 0 0 0 0 0 0 1 1
 0 1 0 1 0 0 0 0 0 0 0 0 1 1 0 0 1 1 1 0 0 0 1 0 0 1 1 0 0 0 0 0 0 0 0 0 0
 1 0 0 0 0 0 0 0 0 0 0 0 0 0 0 0 1 0 0 0 1 0 0 0 0 1 0 0 0 1 0 0 0 0 0 1 1
 0 0 1 0 0 0 0 0 0 0 1 1 0 1 0 0 1 0 0 0 0 0 0 0 0 0 1 0 0 0 0 0 0 0 0 0 0
 1 0]

========== Cluster 1 ==========

Base classifier: SVC(probability=True)

Minority Class: 1

Selected Features: [ 16 161 195 176 138  46  17  62 207 147 168 181   3   2 214 139 105 136
   1  90 222 172  68 212 128 174  63  64 189  42  32 221  97 213 185  52
  79   4  18 177 183  26  37 133  38  34   7 208 135  92  24  57  47 120
   9  93 153  19 124 102 131 205  20  28  75  39 190 122 171  15  71  78
  61 188 112  65 199 169  55  51 192 142 224  35  48  30  96 118  77  21
  54  41 202 191 154 194 166 107   8  29  73   6 113 179 204 141  89 173
  23 184  60  40 175 178  43  44  45  58  59 182 187 186  56 180  53  49
  50 198 193 196 220 219 218 217   5 216 215  10  11  12  13  14 211 210
 209 206 203  22  25 201  27 200  31 167  33 197  36 170  70  66 151 106
 108 109 110 111 223 114 115 116 117 119 121 152 123 125  67]

Labels: [0 0 0 0 0 0 0 1 0 1 1 0 1 0 1 0 1 1 1 1 1]

========== Cluster 2 ==========

Base classifier: LogisticRegression()

Minority Class: 1

Selected Features: [  0 218 219  36 215  86 190  33 160 191 153 133  95 103 175 157 110  51
 172 189 159 207  15 212 209 125  20 188  88  11 208 211 154 224  83 143
 173  54   5  60 214 114  39 197 102 196 167  81 213  64 170  28  67 180
 202 198  58 195  45  98 123 166  48 200 187 111  10 142 152 113 134  79
 155 120 108  41 126   3  44 128 149  34 122  43  55  37 104  85 140 221
  24   1  57 193 185 101 223  91 192  23 130  93  47  30  40   9  14  59
  13  12  61  62  63 222  65   8  17   7  66   6   4   2  68  69  70  71
  16  56  18  27  38  73 216  35 217  46  32  31  29  49  42  50  26  25
  52  53  22  21 220  19  72 206  74 136 161 158 199 156 201 151 150 148
 147 146 145 144 141 139 138 162 163 164 179 194 186 184 183 182 181 178
 165 177 176 174 171 169 168 137 135  75 132  99]

Labels: [1 0 0 0 0 0 0 0 1 0 1 1 1 1 0 0 0 0 0 0 0 1 1 1 0 1 0 0 1 0 0 1 0 0 0 0 0
 1 0 0 0 1 1 0 1 0 0 0 0 1 1 1 0 0 0 0 0 0 1 1 0 0 1 1 0 0 0 1 1 1 1 0 0 1
 0 0 1 0 1 0 0 1 1 0 0 0 0 1 1 0 1 0 0 0 0 0 0 0 0 0 0 1 0 1 1 0 1 1 0 1 0
 0 1 0 0 1 0 1 1 0 0 1 0 0 0 0 0 0 0 0 0 0 0 0 0 1 0 0 0 0 0 0 0 0 0 0 1 0
 0 1 0 1 0 0 0 1 1 0 1 1 0 0 0 0 0 1 1 1 0 0 0 1 0 0 0 1 1 0 0 0 1 0 1 0 0
 1 0 0 0 1 0 0 1 0 1 0 1 0 0 0 0 0 0 0 0 1 0 0 0 1 0 0 1 1 1 0 0 1 1 0 0 0
 0 0 1 0 0 0 0 0 1 0 1 0 0 0 0 1 0 1 0 0 0 0 1 1 1 1 0 0 0 1 0 0 0 1 1 0 1
 0 0 0 0 0 0 1 0 0 1 0 0 1 1 1 1 1 0 1 0 1 0 1 1 1 0 0 0 1 1 1 0 0 0 1 0 0
 1 0 1 1 1 0 1 0 0 0 1 0 1 0 0 0 0 0 0 0 0 0 0 1 0 1 1 1 0 0 0 0 0 1 0 0 0
 0 0 1 0 0 1 0 0 0 1 0 1 0 0 0 0 1 1 1 0 0 0 1 0 0 0 0 0 1 0 0 0 1 1 0 1 0
 0 0 0 0 0 1 0 0 0 1 1 1 0 0 0 1 0 0 1 0 0 1 0 0 0 0 0 1 0 1 0 0 0 0 1 1 0
 0 0 0 0 0 1 1 0 1 1 0 0 0 0 0 1 0 1 0 0 0 1 0 0 1 0 1 0 1 0 0 0 1 1 0 0 1
 1 1 0 0 0 1 0 1 0 0 1 1 0 1 0 1 1 0 0 1 1 0 1 0 1 1 1 0 1 0]

