Clustering algorithm selected: fcm
=====================================

Clustering evaluation metric: dbc
Clustering evaluation value: 0.4796614732686855

========== Cluster 0 ==========

Base classifier: SVC(probability=True)

Minority Class: 1

Selected Features: [  3 169 187 202  54 208 215 145   9 155  48 201   0  57 166 220  87 205
 117 109 214 178  50  10  11 124 209 210  30  60 121  20 106 177 176 207
 221 116 157 130  27   1 149  98  53 217 122  21 148 224 105   4  73  43
  68 119 150 131  32 162 114  38  16 175 146 192  24 104 103 189 113 193
 125 134 154  77  31 141 133 222 211 163  36 190 165 173 194   7 184 136
 186 203  63  14 223  18 164  15 152 128  26  44 213  79  82  37  74 107
 218 168 120  72  34 144  97 129 142 206  71  35 199  49 200  51  47  61
  58 196  55  59 197 198  56  52 174  46 212   2 219   5   6   8 216  12
  13  17  19  22  45  23  25  28  29 204  33  39  40  41  42  62 195  64
  65 188 123 126 127 185 132 135 137 138 139 140 143 147 183 182 151 153
 181 156 180 158 159 160 161 179]

Labels: [0 0 0 0 0 0 1 0 0 0 0 0 0 0 1 0 0 0 0 1 0 0 0 0 1 0 0 0 1 0 0 0 1 0 0 1 0
 0 1 1 0 0 0 0 0 1 0 0 0 0 1 1 0 0 0 0 1 0 0 0 0 0 1 0 0 0 0 1 1 0 0 0 0 0
 0 0 0 0 0 0 0 1 1 0 1 1 0 0 0 1 1 1 0 0 0 0 0 0 1 1 0 0 0 1 0 0 0 1 0 0 0
 1 1 0 1 0 0 0 1 0 1 1 0 0 0 1 0 0 0 0 0 0 1 0 0 0 0 0 0 1 0 0 0 0 0 0 0 0
 1 0 0 1 1 0 0 0 1 1 1 1 0 0 0 1 1 1 1 0 0 0 0 0 0 0 1 0 0 0 1 0 0 0 0 0 0
 0 0 0 0 0 0 0 1 0 1 0 0 0 0 0 0 0 0 0 0 0 0 0 1 1 0 0 0 1 1 0 1 1 0 1 0 0
 0 0 1 1 0 0 0 0 0 1 0 0 1 1 0 0 1 0 0 0 0 0 0 0 0 0 0 0 1 1 0 1 0 0 1 0 0
 0 0 0 0 1 0 0 0 1 0 0 0 0 0 0 0 0 0 0 0 0 0 0 0 0 0 1 0 0 0 0 0 1 0 0 0 0
 1 0 1 0 0 0 0 0 0 0 0 1 1 0 1 0 1 0 0 0 0 0 0 0 0 0 0 1 1 0 0 1 1 1 0 0 0
 1 0 0 1 1 0 0 0 0 0 0 0 0 0 0 1 0 0 0 0 0 0 0 0 0 0 0 0 0 0 0 1 0 0 0 1 0
 0 0 0 1 0 0 0 1 0 0 0 0 0 1 1 0 0 1 0 0 0 0 0 0 0 1 1 0 1 0 0 1 0 0 0 0 0
 0 0 0 0 1 0 0 0 0 0 0 0 0 0 0 1 0]

========== Cluster 1 ==========

Base classifier: SVC(probability=True)

Minority Class: 1

Selected Features: [214  31 106 216  60  24  39 107 197 162  99 110  95  30 155 186 143 105
 117 224 173 172 147  69 131   2 124 149  73 164  86  41   1  37 189  27
  11 166 213 122 161 125 101 137 112   0 144  12 185   4  57 129 136  61
 170  55  70  53 168 217   3 207 150  79 180  35 171 139 159 118 177 204
 109  78 222  54  80  45 121 181  15  98 202 130  44  68 169 179  94  29
 212  85 138 156 100  82  64  50 194 182 190  96 167 211  62 152 128 165
 210  42  36  40  43  38 192 163 184  46  47 183  49  51  52 160 158 157
  56  58  59 209  48  32  34  33 176 221 175 174   5   6   7   8   9  10
 220  13  14  16  17  18  19  20  21  22  23 219  25  26 218  28 215 187
 154  63 198 104 145 201 200 108]

Labels: [0 1 1 0 0 0 0 0 0 1 0 0 0 1 0 1 0 1 0 1 0 1 1 1]

========== Cluster 2 ==========

Base classifier: SVC(probability=True)

Minority Class: 1

Selected Features: [154   3 210 224 131 209  54 103  34 193 213 159  25  88 200 188 219 195
 215 218  30  85 201 178  84   4  56  65   9 214   1  36 223  44 169 112
  20  43  10  17  91 108  93   2  92  29 146   0  70 175  33  31 151  78
  12 155  64 127 110 136 111 133   8 130   5 105 211 191 168 164  57 116
  46 147  67  72  71  18 216  98  42 212 190 135  63 222 134 202 170 125
  82 119  23  99 137  94 100 171 129  69  97  86 186 138 150  75  27 102
  52 142 180 182  39  38  40  37 208  41 165 128 163 207 166  45 162  47
  48  49  50  51  53 206  55 205  35  28 167  15 185 221 220 184   6   7
 183 217  11 181  13  14  16  32 179  19 177  21  22 176  24 174  26  58
 173 172 161 192  59 197  96 144 143 101 198 104 106 107 141 109 140 139
 113 187 114 115 117 118 132 120 121 122 123 124 196 126]

Labels: [1 0 0 0 0 0 0 0 1 0 1 1 1 1 0 0 0 0 0 0 0 1 1 1 0 1 0 0 1 0 0 1 0 0 0 0 0
 1 0 0 0 1 1 0 1 0 0 0 0 1 1 1 0 0 0 0 0 0 1 1 0 0 1 0 0 0 1 1 1 0 0 1 0 0
 1 0 1 0 0 1 1 0 0 0 0 1 1 0 1 0 0 0 0 0 0 0 0 0 1 0 1 1 0 1 1 0 1 0 0 1 0
 0 1 1 1 0 0 1 0 0 0 0 0 0 0 0 0 0 0 0 1 0 0 0 0 0 0 0 0 0 0 0 1 0 1 0 0 0
 1 1 0 1 1 0 0 0 0 0 1 1 0 0 0 0 0 0 0 0 0 1 0 0 0 0 0 1 0 1 0 0 0 0 1 0 1
 0 0 0 1 1 1 0 0 0 0 0 0 1 1 0 1 0 0 0 0 0 1 0 1 0 0 1 1 1 1 1 0 1 0 1 0 1
 1 1 0 0 0 1 1 1 0 0 0 1 0 0 1 0 1 1 1 0 1 0 0 0 1 0 1 0 0 0 1 0 1 1 1 1 0
 0 0 0 1 0 1 0 0 0 0 0 1 0 0 0 1 0 1 0 0 0 1 1 0 0 0 1 0 0 1 0 0 0 0 1 0 0
 0 1 0 1 1 0 1 0 1 1 1 0 0 0 0 1 0 0 0 0 0 1 0 0 1 0 0 0 1 0 1 0 0 0 0 1 1
 1 0 0 0 1 0 0 0 0 0 1 0 1 1 0 1 0 0 0 0 0 0 1 0 0 0 1 1 1 0 0 0 1 0 0 1 0
 0 1 0 0 0 0 0 1 0 1 0 0 0 0 1 1 0 0 0 0 0 0 1 1 0 1 1 0 0 0 0 0 1 0 1 0 0
 0 1 0 0 1 0 1 0 1 0 0 0 1 1 0 0 1 1 1 0 0 0 1 0 1 0 0 1 1 0 1 0 1 1 0 0 1
 1 0 1 0 1 1 1 0 1 0]

