Clustering algorithm selected: fcm
=====================================

Clustering evaluation metric: dbc
Clustering evaluation value: 0.6997179628303682

========== Cluster 0 ==========

Base classifier: DummyClassifier(strategy='most_frequent')

Minority Class: 0

Selected Features: [  0   1   2   3   4   5   6   7   8   9  10  11  12  13  14  15  16  17
  18  19  20  21  22  23  24  25  26  27  28  29  30  31  32  33  34  35
  36  37  38  39  40  41  42  43  44  45  46  47  48  49  50  51  52  53
  54  55  56  57  58  59  60  61  62  63  64  65  66  67  68  69  70  71
  72  73  74  75  76  77  78  79  80  81  82  83  84  85  86  87  88  89
  90  91  92  93  94  95  96  97  98  99 100 101 102 103 104 105 106 107
 108 109 110 111 112 113 114 115 116 117 118 119 120 121 122 123 124 125
 126 127 128 129 130 131 132 133 134 135 136 137 138 139 140 141 142 143
 144 145 146 147 148 149 150 151 152 153 154 155 156 157 158 159 160 161
 162 163 164 165 166 167 168 169 170 171 172 173 174 175 176 177 178 179
 180 181 182 183 184 185 186 187 188 189 190 191 192 193 194 195 196 197
 198 199 200 201 202 203 204 205 206 207 208 209 210 211 212 213 214 215
 216 217 218 219 220 221 222 223 224]

Labels: [0]

========== Cluster 1 ==========

Base classifier: DummyClassifier(strategy='most_frequent')

Minority Class: 0

Selected Features: [208 217 206 204 224 220 214 140 143  58  56  77  76  75  74  73  72  71
  70  69  68  59  57  67  79  66  65  64  63  62  61  60  78  83  80  94
 105 104 103 102 101 100  99  98  97  96  95  93  81  92  91  90  89  88
  87  86  85  84  54  82  55  51  53  13  24  23  22  21  20  19  18  17
  16  15  14  12  52  11  10   9   8   7   6   5   4   3   2   1  25  26
  27  28 107  50  49  48  47  46  45  44  43  42  41  40  39  38  37  36
  35  34  33  32  31  30  29 106 112 108 178 189 188 187 186 185 184 183
 182 181 180 179 177 109 176 175 174 173 172 171 170 169 168 167 166 190
 191 192 193 222 221 219 218 216 215 213 212 211 210 209 207 205 203 202
 201 200 199 198 197 196 195 194 165 164 163 134 132 131 130 129 128 127
 126 125 124 123 122 121 120 119 118 117 116 115 114 113 223 111 110 133
 135 162 136 161 160 159 158 157 156 155 154 153 152 151 150 149 148 147
 146 145]

Labels: [0 0 0 0 0 0]

========== Cluster 2 ==========

Base classifier: DummyClassifier(strategy='most_frequent')

Minority Class: 0

Selected Features: [  3 200 204 206 208 224  77  88  85  84  82  81  79  78  76  90  75  74
  71  70  69  68  67  66  64  63  62  89 100  92  94 125 123 122 121 120
 119 118 116 115 114 113 223 111 108 107 104 103 101  60  61  56  59  28
  26  25  24  23  22  21  20  19  16  15  13  12  11  10   9   7   5   2
   1  27  29  58  30 127  52  51  49  48  47  46  45  44  42  41  39  38
  37  36  35  34  32  31 126 112 170 177 190 189 188 186 185 184 183 182
 180 178 176 192 175 174 171 129 169 167 166 165 164 163 191 193 161 211
 222 221 220 219 218 217 215 214 213 212 210 194 209 207 205 203 201 199
 198 197 196 195 162   0 160 134 147 145 143 148 140 139 138 151 152 136
 135 153 137 131 154 133 159 132 158 156 130 109 124 144 105 106 142 202
   8 110 141 216  18  17   4   6 146  14 117 102  97  33  99  72 157  80
 168  65 155  83 172 173  86  57  87]

Labels: [0 0 0]

========== Cluster 3 ==========

Base classifier: DummyClassifier(strategy='most_frequent')

Minority Class: 1

Selected Features: [  0   1   2   3   4   5   6   7   8   9  10  11  12  13  14  15  16  17
  18  19  20  21  22  23  24  25  26  27  28  29  30  31  32  33  34  35
  36  37  38  39  40  41  42  43  44  45  46  47  48  49  50  51  52  53
  54  55  56  57  58  59  60  61  62  63  64  65  66  67  68  69  70  71
  72  73  74  75  76  77  78  79  80  81  82  83  84  85  86  87  88  89
  90  91  92  93  94  95  96  97  98  99 100 101 102 103 104 105 106 107
 108 109 110 111 112 113 114 115 116 117 118 119 120 121 122 123 124 125
 126 127 128 129 130 131 132 133 134 135 136 137 138 139 140 141 142 143
 144 145 146 147 148 149 150 151 152 153 154 155 156 157 158 159 160 161
 162 163 164 165 166 167 168 169 170 171 172 173 174 175 176 177 178 179
 180 181 182 183 184 185 186 187 188 189 190 191 192 193 194 195 196 197
 198 199 200 201 202 203 204 205 206 207 208 209 210 211 212 213 214 215
 216 217 218 219 220 221 222 223 224]

Labels: [1]

========== Cluster 4 ==========

Base classifier: LogisticRegression()

Minority Class: 1

Selected Features: [208 206 102  16  23 214 105 139   9  15 177 130  50  85 222  75 178 204
  11 126 143 170 137  36 196 163  60  90  87 128  35 192 144 135  68 183
 205 211  91 207  55 157 115  25 155  65 100 185 181  94  67  52  38 153
 123 151 148  18 167 179  57  39 154  78 124 217 188 133  70  45 104  14
 118 108  47  42 121 216 112   6  62  46   5 173  61 132 138  43  99  12
 184 213   7  71   8  19  10  17  13  69  48  73  72  66  74  76  77   4
   3  79   2  80   1  20  63  21  64  82  41  40  51  37  34  33  53  32
  54  31  30  29  56  28  27  26  58  59  24  22  44  49  81 224  83 190
 187 186 182 180 176 175 174 172 171 169 168 166 165 164 162 161 160 189
 191 158 193 221 220 219 218 215 212 210 209 203 202 201 200 199 198 197
 195 194 159 156  84 114 223 111 110]

Labels: [1 0 0 0 0 0 0 0 0 1 0 1 0 0]

========== Cluster 5 ==========

Base classifier: LogisticRegression()

Minority Class: 1

Selected Features: [211   6 215 170  47 112 137  19 189   0  53 201  67 184 116 146 101 151
  45  69 114  82   9  13  89  58 136 217 212 106  52   3 139  95 206 152
  75  44 209 175  98 157 199   4   8  88  68  29 100 104 196 224 160 177
 155 210  60 142  56  38 154  42 203 129  79 195  77 165  70  84 102  27
 191  86 145 108 192 222 110 166  63  39 167 124  80 218  46  43  40 149
 223  10 194 105 126 214 172  71  59 188   5  93  57 147 117   1  32  15
 208 183  37 193  36 190  35  41 187 186 185 128 182 220  48  49  34  51
 181 180  54  55 179 178  50  30  33  17   2 216 207   7 205 204 202  11
  12 200  14  16  18  31 221  20  21  22  23  24  25  26 198  28 197  61
 176  64  62  96 148  99 144 143 103]

Labels: [1 0 0 0 0 0 0 0 1 0 1 1 1 1 0 0 0 0 0 0 1 1 1 0 1 0 0 1 0 0 1 0 0 0 0 0 1
 0 0 0 1 1 0 1 0 0 0 0 1 1 0 0 0 0 0 1 1 0 0 1 0 0 0 1 1 1 1 0 0 1 0 0 1 0
 1 0 0 1 1 0 0 0 0 1 1 0 1 0 0 0 0 0 0 1 1 1 0 1 1 1 0 0 1 0 0 1 1 1 0 0 0
 1 0 0 0 0 0 0 0 0 0 0 0 0 0 0 0 0 0 0 0 0 0 0 1 0 0 1 1 0 1 1 0 1 1 0 0 0
 0 1 0 0 0 1 0 0 0 1 1 0 0 0 1 0 1 0 0 1 0 0 0 1 0 0 1 0 1 0 1 0 0 0 0 0 0
 0 0 1 0 0 0 1 0 0 1 1 0 0 1 1 0 0 0 1 0 0 0 0 0 1 0 1 0 0 0 1 0 1 0 0 0 1
 1 1 0 0 0 0 0 1 1 1 0 0 0 0 0 1 0 1 0 0 1 1 1 1 1 0 1 0 1 0 1 1 0 0 0 1 1
 0 0 0 1 0 0 1 0 1 1 1 0 1 0 0 0 1 0 1 0 0 1 0 1 1 1 1 0 0 0 1 0 1 0 0 0 0
 1 0 0 0 1 0 1 0 0 0 1 1 0 0 0 1 0 0 1 0 0 0 1 0 0 0 1 1 1 0 0 1 0 0 0 1 0
 1 0 0 0 0 1 0 0 0 0 0 1 0 0 0 0 0 1 1 0 0 0 0 0 0 1 1 0 1 1 0 0 0 0 0 1 0
 1 0 0 0 1 0 0 1 0 1 0 1 0 0 0 1 1 0 0 1 1 1 0 1 1 0 1 0 1 1 0 1 1 1 0 1 1
 0 0 1 1 1 0 1 0]

========== Cluster 6 ==========

Base classifier: SVC(probability=True)

Minority Class: 1

Selected Features: [ 28 152 120  62 118  99 116 157  36 205  76   3 109 183  58 179 155  42
 201 212 137 125   2  88  85  87  37 117 164 168  12 213  21 196  77 200
 169 195 141  61 103 224  60 153  46 187  44 177  50  40 115  79   9  26
  32 105  84  13 188  64  82  19 193 110  78 186   6 182 133 131 165 135
 185 106 146 107 151 172  30  74 143  49 171 126  31  39 159  27 202 191
 220 158   1 114 194 215 178 136 154  67   8   7  63  25  65  66  47  68
  69  71  72  73  75   5   4  22  24  70  38  35  55  48  23  17  45  51
  52  33  16  53  54  56  34  18  57  20  14  43  29  11  59  41  10  15
 112  80  81 189 184 181 180 176 175 174 173 170 167 166]

Labels: [0 0 0 0 1 0 1 0 0 0 0 0 0 0 0 0 0 1 0 0 0 0 1 1 1 1 0 0 0 0 1 1 0 0 0 0 0
 1 1 1 0 0 0 0 0 0 0 0 0 0 1 1 0 0 1 0 1 1 0 0 0 0 0 0 1]

========== Cluster 7 ==========

Base classifier: AdaBoostClassifier()

Minority Class: 1

Selected Features: [ 98 104 123  17 110 213  82  31 214  77 203  93 132  32  81 218  47 113
 144 142   8 129  28 134 174 152 194 158  92 108 131 109  63 177  26  41
  96 173   3 182 124 164 127 198  38 169  79  35  60 155  19 197  70 202
   0 130 189 161 192 170 106  59  55 208  14  46 175  54  51 199  72  29
  43 171 114  30  88 117  73  86 121 147 191  57 181 205  85 135  22 215
  61 160 122  94 195 209 211 107  87   5  75  76  67   1   2  69   6  66
   4  74  64  68  65  71   7  13   9  10  27  25  33  34  24  23  36  37
  21  20  40  18  42  44  45  16  48  49  50  52  15  53  12  56  58  11
  62  39 224  78 168 184 183 180 179 178 176 172 167 186 166 165 163 162]

Labels: [0 0 0 0 0 0 1 0 0 0 0 0 0 1 0 0 1 0 0 0 1 0 0 0 1 0 0 0 1 0 0 1 0 0 1 1 0
 0 0 0 0 0 0 0 1 1 0 0 0 0 1 0 0 0 0 0 1 0 0 0 0 1 1 0 0 0 0 0 0 0 0 0 1 1
 0 1 1 0 0 1 1 1 0 0 0 0 0 1 1 0 0 1 0 0 0 1 0 0 0 1 1 0 1 0 0 0 1 0 0 0 0
 1 0 0 0 0 1 1 0 1 0 0 0 0 1 0 1 0 0 1 0 0 0 0 0 0 0 1 0 0 1 0 1 0 0 0 1 0
 0 0 0 0 1 0 0 0 0 0 0 0 0 0 0 0 0 1 0 0 0 1 0 0 0 0 0 0 1 0 0 0 0 0 0 0 0
 1 0 0 1 1 0 0 1 1 1 0 0 0 1 1 1 0 0 0 0 0 1 0 0 0 1 0 0 0 0 0 0 0 0 0 0 0
 0 1 0 1 0 0 0 0 0 0 0 0 0 0 0 0 0 1 1 0 0 0 1 1 0 1 1 0 1 0 0 0 0 1 0 0 1
 0 0 1 1 0 1 0 0 0 0 0 0 0 0 0 0 1 1 0 1 0 0 1 0 0 0 0 0 1 0 0 0 1 0 0 0 0
 0 0 0 0 0 0 0 0 0 0 0 0 1 0 0 1 1 0 0 0 0 0 0 0 0 0 1 0 0 0 0 0 0 0 0 0 0
 0 0 0 1 0 0 0 1 0 0 0 0 1 0 0 0 1 0 0 0 0 0 1 1 0 1 0 0 0 0 0 0 1 0 1 0 0
 1 0 0 0 0 0 0 0 0 1 0 0 0 0 0 0 0 0 0 0 1 0]

========== Cluster 8 ==========

Base classifier: GaussianNB()

Minority Class: 0

Selected Features: [  0   1   2   3   4   5   6   7   8   9  10  11  12  13  14  15  16  17
  18  19  20  21  22  23  24  25  26  27  28  29  30  31  32  33  34  35
  36  37  38  39  40  41  42  43  44  45  46  47  48  49  50  51  52  53
  54  55  56  57  58  59  60  61  62  63  64  65  66  67  68  69  70  71
  72  73  74  75  76  77  78  79  80  81  82  83  84  85  86  87  88  89
  90  91  92  93  94  95  96  97  98  99 100 101 102 103 104 105 106 107
 108 109 110 111 112 113 114 115 116 117 118 119 120 121 122 123 124 125
 126 127 128 129 130 131 132 133 134 135 136 137 138 139 140 141 142 143
 144 145 146 147 148 149 150 151 152 153 154 155 156 157 158 159 160 161
 162 163 164 165 166 167 168 169 170 171 172 173 174 175 176 177 178 179
 180 181 182 183 184 185 186 187 188 189 190 191 192 193 194 195 196 197
 198 199 200 201 202 203 204 205 206 207 208 209 210 211 212 213 214 215
 216 217 218 219 220 221 222 223 224]

Labels: [1 1 0]

