Clustering algorithm selected: fcm
=====================================

Clustering evaluation metric: dbc
Clustering evaluation value: 0.4917777795431861

========== Cluster 0 ==========

Base classifier: SVC(probability=True)

Minority Class: 0

Selected Features: [214 221 213 212 157 146 140 165   9 216 201 200 222  71 224 143  33 134
 196 176 186  44 102 211 210 142   0 112  41  73  92  43  62  89 168 114
  28 194 116 217 198   5  39 151  13 110  34  10  15  63  19  65  17 180
 109 203  37 191 108 189   8  98 123  75 215 209 164 173  12 127 124   3
 219 115 106  66  58  30  42 218 204  52 187 105  36  25  40 122 152  87
 130 137 174 182  14 107 163  59 175 184  29 178 170 138 220 149  85   6
 119  57  50  51   2 199  18  53  54  55  56  16  48 188  60  61 190   1
 177  64  11 202  49  47 185  46  31  67  32 195   7  35  27 183 192  26
   4  24  38  23  22  21 181 193 179  20  45 162  81  68 129 139 136 135
 133 132 131 128  69 126 125 121 120 118 117 208 141 207 206 144 145 205
 147 148 150 153 154 155 156 158 159 160 166 113 223  90  70  72  74  76
  77  78  79  80 161  82  83  84  86  88  91 111 172]

Labels: [0 0 0 0 0 0 1 0 1 0 0 0 1 1 1 1 1 1 1 1]

========== Cluster 1 ==========

Base classifier: GaussianNB()

Minority Class: 1

Selected Features: [141 140  58   8 158 214 224   1 145   3   6 215  89  31 161 119 216 146
  49  92  60 104 217 203 165 190  57 105  66 136 221 199  64  71 120 176
  79 220  88  19 223  13 209 157  80 195 218 208  73 162  23  25 123 107
 128 159  72  43  65 207 200  20 169 179  24 187 151  51 110 106 102 175
  28 135  99 126 152 112  48 192  97  63  50  32 212  34   4  86  37  47
 149  76  27  74 109  44 131 202 188  40 116 206 198  68 186 156  93 178
 173  39  10  83 130 114   2 138 170 194  56  61 191  59  45 222 193  46
  52  55  54  53 219 197 196 213  35  42  22   9  11  12 211  14  15  16
  17  18 210  21 205  41 204  26 201  29  30  62  33   5   7  36  38 147
 183 189 125 167 111 166 113 115]

Labels: [0 0 0 1 0 0 0 0 0 0 0 0 1 1 1 1 1 1 1 1 1]

========== Cluster 2 ==========

Base classifier: SVC(probability=True)

Minority Class: 1

Selected Features: [  3 186 216   8 214 165 134 154  74 164  11 120 197 135 106 211 170 131
  49 173 174 166  84 146 136  59 142 119  42  14  27 204  54   7 181 206
 124 159  17 117  13 194 212 118 109  32 147 219 133 208 207 179   0 156
   4 169  94  91 115 125  86 149 151 139 184  98  93 193 172  85 205 161
  69  41  24 168 175 138 220  68 102 129 190  73 121 183  20 162  30 114
  88  36  57   5  90 223 141  48  46  92  25 110 132 218  81  62 177 155
   6  35  31 137  19 200  44 128  75  52  28  65  53  64  23  63  60  66
  61   1  58  26  67   2  38  22  43  18  16  15  39  37  40  34  12  33
  29  10   9  45  47  50  51  55  56  21 224  70 171 187 185 182 180 178
 176 167 189 163 160 158 157 153 152 188 191  71 209]

Labels: [0 0 0 0 1 0 0 1 0 0 0 0 0 0 0 1 0 0 0 1 0 0 0 0 1 0 0 0 1 0 0 0 1 0 0 1 0
 0 1 1 0 0 0 0 0 0 0 0 0 1 1 0 0 0 0 1 0 0 0 0 0 0 1 0 0 0 0 1 1 0 0 0 0 0
 0 0 0 0 0 0 1 1 0 1 1 0 0 1 1 1 0 0 0 0 0 0 0 1 1 0 0 1 0 0 0 1 0 0 0 1 1
 0 1 0 0 0 1 0 1 0 0 0 1 0 0 0 0 0 1 1 0 1 0 0 0 0 1 0 1 0 0 1 0 0 0 0 0 0
 0 1 0 0 1 0 1 0 0 0 1 0 0 0 0 0 1 0 0 0 0 0 0 0 0 0 0 0 0 1 0 0 0 1 0 0 0
 0 0 0 1 0 0 0 0 0 0 0 0 1 0 0 1 1 0 0 0 1 1 1 0 0 0 1 1 1 0 0 0 0 0 1 0 0
 0 0 0 0 0 0 0 0 0 0 0 0 0 1 0 1 0 0 0 0 0 0 0 0 0 0 0 0 0 0 1 1 0 0 0 1 1
 0 1 1 0 1 0 0 0 0 1 1 0 0 0 1 0 0 1 1 0 1 0 0 0 0 0 0 0 0 0 0 1 1 0 1 0 0
 1 0 0 0 0 0 0 1 0 0 0 1 0 0 0 0 0 0 0 0 0 0 0 0 0 0 0 0 1 0 0 0 0 0 1 0 0
 0 0 0 1 0 0 0 0 0 0 0 1 1 0 1 0 1 0 0 0 0 0 0 0 0 1 1 0 0 1 1 0 0 0 0 0 0
 0 1 0 0 0 0 0 0 0 1 1 0 1 0 0 1 0 0 0 0 0 0 0 0 1 0 0 0 0 0 0 0 0 0 0 1 0]

========== Cluster 3 ==========

Base classifier: SVC(probability=True)

Minority Class: 1

Selected Features: [215   0  89  57  54  10  66  28 105  67 163  72 140 147  82   9 134  52
 103 204 210 161  15 162  96   5 178  95 109 114 130 183  17   3  34 208
   7 157 194 120  42 144 213 112  13 124   1  76  22  29  55 214  93 150
 136 220  45  14 168 141 149 119  20  91   2  74 201 142 156  60 170 153
 148  25  99  98  92  83 191  79  26  58 184  32  63  41  37 173 200 135
 206  38  86  77 180 145  47 222 177 198 123 211  12 115  90 154  69 174
 158  40 197  78 195 104  36  35 155 159 212  33 160  39  31 186 192  43
  44 185  46 152  48  49  50  51 209  53 207  30  27 182  56 181 176 175
   4 221   6   8 219 218  11 172 171 169]

Labels: [1 0 0 0 0 0 0 0 1 0 1 1 1 1 0 0 0 0 0 0 0 1 1 1 0 1 0 0 1 0 0 1 0 0 0 0 0
 1 0 0 0 1 1 0 1 0 0 0 0 1 1 1 0 0 0 0 0 0 1 1 0 0 1 1 0 0 0 1 1 1 1 0 0 1
 0 0 1 0 1 0 0 1 1 0 0 0 0 1 1 0 1 0 0 0 0 0 0 0 0 0 0 1 0 1 1 0 1 1 0 1 0
 0 1 0 0 1 0 1 1 0 0 0 1 0 0 0 0 0 0 0 0 0 0 0 0 1 0 0 0 0 0 0 0 0 0 1 0 0
 1 0 1 0 0 0 1 1 0 1 1 0 0 0 0 0 1 1 1 0 0 0 1 0 0 1 0 1 1 0 0 0 1 0 1 0 0
 1 0 0 0 1 0 0 1 0 1 0 1 0 0 0 0 0 0 0 0 1 0 0 0 1 0 0 1 1 1 0 0 1 1 0 0 0
 0 1 0 0 0 0 0 1 0 1 0 0 0 0 1 0 1 0 0 0 0 1 1 1 1 0 0 0 1 0 0 0 1 1 0 1 0
 0 0 0 0 0 1 0 1 0 0 1 1 1 1 1 0 1 0 1 0 1 1 1 0 0 0 1 1 1 0 0 0 1 0 0 1 0
 1 1 1 0 1 0 0 0 1 0 1 1 0 0 0 1 0 1 0 1 1 1 0 0 0 0 1 0 1 0 0 0 0 0 1 0 0
 0 0 1 0 1 0 0 0 1 1 0 0 0 1 0 0 1 0 0 0 0 1 0 0 0 1 0 1 1 0 1 1 0 1 1 1 0
 0 0 0 1 0 0 0 0 0 1 0 0 1 0 0 0 1 0 1 0 0 0 0 1 1 1 0 0 0 1 0 0 0 0 0 1 0
 0 1 1 0 1 0 0 0 0 0 0 0 0 0 0 0 0 0 0 0 1 0 1 0 1 0 0 0 1 1 0 0 1 1 1 0 0
 0 1 0 1 0 1 0 1 1 0 1 0 1 1 0 0 1 1 0 1 0 1 1 1 0 1 0]

