Clustering algorithm selected: fcm
=====================================

Clustering evaluation metric: dbc
Clustering evaluation value: 0.6824508421811406

========== Cluster 0 ==========

Base classifier: GaussianNB()

Minority Class: 0

Selected Features: [  0   1   2   3   4   5   6   7   8   9  10  11  12  13  14  15  16  17
  18  19  20  21  22  23  24  25  26  27  28  29  30  31  32  33  34  35
  36  37  38  39  40  41  42  43  44  45  46  47  48  49  50  51  52  53
  54  55  56  57  58  59  60  61  62  63  64  65  66  67  68  69  70  71
  72  73  74  75  76  77  78  79  80  81  82  83  84  85  86  87  88  89
  90  91  92  93  94  95  96  97  98  99 100 101 102 103 104 105 106 107
 108 109 110 111 112 113 114 115 116 117 118 119 120 121 122 123 124 125
 126 127 128 129 130 131 132 133 134 135 136 137 138 139 140 141 142 143
 144 145 146 147 148 149 150 151 152 153 154 155 156 157 158 159 160 161
 162 163 164 165 166 167 168 169 170 171 172 173 174 175 176 177 178 179
 180 181 182 183 184 185 186 187 188 189 190 191 192 193 194 195 196 197
 198 199 200 201 202 203 204 205 206 207 208 209 210 211 212 213 214 215
 216 217 218 219 220 221 222 223 224]

Labels: [0 1]

========== Cluster 1 ==========

Base classifier: DummyClassifier(strategy='most_frequent')

Minority Class: 0

Selected Features: [204 208 143 224  93  91  89  88  87  86  85  82  81  80  79  78  77  76
  75  74  72  70  69  67  66  92  98  96  64 123 122 121 120 119 118 116
 115 114 113 223 108 107 106 105 102 101 100  99  65  62  63  15  28  26
  24  23  22  19  18  17  16  14  31  13  11  10   8   6   5   3   2   1
  29  32 127  47  58  57  55  53  52  51  50  49  48  46  34  45  44  43
  42  41  40  39  38  36 126 112 175 181 191 190 189 188 187 186 185 184
 182 180 161 179 178 176 172 170 166 165 164 163 193 195 196 197 222 221
 218 217 216 215 214 213 212 211 210 209 207 206 202 201 200 199 198 162
   0 146 150 138 137 136 135 155 148 134 133 132 140 131 141 130 145 159
 142 158 129 153  27 160  30 109  25  33 110 139 203 205 111  21  20  35
 117  12   9   7 219   4 220 124 144 194 104 157 125 174 173 156 171  68
 169  60  71 168  73 167  84  83  61  59  37]

Labels: [0 0 0 0]

========== Cluster 2 ==========

Base classifier: AdaBoostClassifier()

Minority Class: 1

Selected Features: [208 172  36   8  94 181  80 120  83 139 143   0 206  34 164  93 123 146
 132 182  50  24  84  27 178 134  61 195   9 218  21 118 103 211  91  28
 209 221 223 201 150  13 142  57  19 104 214 212  40  46 202  42 219  47
 189 151  62 101 133 114  29  75  82  10  14 176 185 168  79  49 217 194
  51 121  59  48  44 154 165  71 207 124 191 130  17 162   3 188  16 199
  41   5 153 158  22 126 119 155 205 145  77 127 169 187 213 222 111  97
  96  68   1   6  64  74  65  66  67  70  69  25  33  32  31  30  72  26
  73  63  15  45  54  18  43  20  39  38  52  12  53  55   7  56  11  58
  23  37   2  60  35   4 224  76 179 175 174 173 171 170 167 166 163 161
 160 159 157 156 152 149 177 180  78 183 220 216 215 210 204 203 200]

Labels: [1 0 0 0 0 0 0 0 1 0 1 1 1 1 0 0 0 0 0 0 0 1 1 1 0 1 0 0 1 0 0 1 0 0 0 0 0
 1 0 0 0 1 1 0 1 0 0 0 0 1 1 1 0 0 0 0 0 1 1 0 0 1 1 1 0 0 0 1 0 0 0 0 0 0
 0 0 0 0 0 0 1 0 0 0 0 0 0 0 0 0 0 1 0 0 1 1 0 0 0 1 1 0 1 1 0 0 0 0 0 1 1
 0 0 0 1 0 0 1 0 1 1 0 0 0 1 0 1 0 0 1 0 0 0 1 0 0 1 0 1 0 1 0 0 0 0 0 0 0
 0 1 0 0 0 1 0 0 1 1 1 0 0 1 1 0 0 0 0 0 1 0 0 0 0 0 1 0 1 0 0 0 0 1 0 1 0
 0 0 0 1 1 1 0 0 0 1 0 0 0 1 1 0 1 0 0 0 0 0 1 0 1 0 0 1 1 1 1 1 0 1 0 1 0
 1 1 0 0 0 1 1 1 0 0 0 1 0 0 1 0 1 1 1 0 1 0 0 0 1 0 1 1 0 0 0 1 0 1 1 1 1
 0 0 0 0 1 0 1 0 0 0 0 1 0 0 0 0 1 0 1 0 0 0 1 1 0 0 0 1 0 0 1 0 0 0 1 0 0
 0 1 0 1 1 0 1 1 0 1 1 1 0 0 0 0 1 0 0 0 0 0 1 0 0 1 0 0 1 0 1 0 1 0 0 0 0
 1 1 1 0 0 0 1 0 0 0 0 0 1 0 0 1 1 0 1 0 0 0 0 0 0 1 0 0 0 1 1 1 0 0 1 0 0
 1 0 0 1 0 0 0 0 0 0 1 0 1 0 0 0 0 0 1 1 0 0 0 0 0 0 1 1 0 1 1 0 0 0 0 0 1
 0 1 0 0 0 1 0 0 1 0 1 0 1 0 0 0 0 1 1 0 0 1 1 1 0 0 0 1 1 0 1 0 1 1 0 1 0
 1 1 0 0 1 1 0 1 0 1 1 1 0 1 0]

========== Cluster 3 ==========

Base classifier: GradientBoostingClassifier()

Minority Class: 1

Selected Features: [208  49 150  77 220 172 200 141  29 140 205 210 103  61 185  81  45  22
 108 129 105  25  16 100  76 195  70  85 223 114 145 112 198  72  59 222
  51  37   2  82  26 160 151 149  35  33 131  95  53  68  74 161 224 217
 189 177 153 109  15 209  27  52 124  19  87 132 192 162 167   3  71 173
 120 101 134  97  78 206  11  38 125 207  67  90 147   5  88 123  50  54
  47  55  48  62  56  57  58 204  60 203 211  63  64  65  66 202  69 201
 199  46 171  44  12  21  20  18  17 219  14  13  10  43   9   8   7   6
   4 221   1 218  23  24 216  42  41  40  39 212 197  36 213  34 214  32
  31  30 215  28  73 191  75 146 144 143 142 179 180 139 138 137 136 135
 133 181 130 182 128 178 148 126 176 169 168 166 165 164 163 174 159 158
 157 156 155 154 152 175]

Labels: [1 1 0 0]

========== Cluster 4 ==========

Base classifier: DummyClassifier(strategy='most_frequent')

Minority Class: 0

Selected Features: [  0   1   2   3   4   5   6   7   8   9  10  11  12  13  14  15  16  17
  18  19  20  21  22  23  24  25  26  27  28  29  30  31  32  33  34  35
  36  37  38  39  40  41  42  43  44  45  46  47  48  49  50  51  52  53
  54  55  56  57  58  59  60  61  62  63  64  65  66  67  68  69  70  71
  72  73  74  75  76  77  78  79  80  81  82  83  84  85  86  87  88  89
  90  91  92  93  94  95  96  97  98  99 100 101 102 103 104 105 106 107
 108 109 110 111 112 113 114 115 116 117 118 119 120 121 122 123 124 125
 126 127 128 129 130 131 132 133 134 135 136 137 138 139 140 141 142 143
 144 145 146 147 148 149 150 151 152 153 154 155 156 157 158 159 160 161
 162 163 164 165 166 167 168 169 170 171 172 173 174 175 176 177 178 179
 180 181 182 183 184 185 186 187 188 189 190 191 192 193 194 195 196 197
 198 199 200 201 202 203 204 205 206 207 208 209 210 211 212 213 214 215
 216 217 218 219 220 221 222 223 224]

Labels: [0]

========== Cluster 5 ==========

Base classifier: GaussianNB()

Minority Class: 1

Selected Features: [200  75  45  90 164 173 141 216 220 171 210 196 197 206 198 152 103 112
 224 169  87  40  18 108   8 143 185 187 192  84  22 109 177 110  15 145
  91 199  36 157 132 175 178   2 122 142  32 172  52 195  54  14   3 201
 189 180  26   5 137 125 202  48  98 128 105 203 134  80  29 139 113  76
  72  92  42 207 124  38  69  68  67  11  66  65  12  71  13  16  64  63
  17  70  10  61   9  73  74 221   7  77   6   4  78  79   1  81  82  62
  60  39  59  37  41  35  83  34  33  43  44  31 222  30  46  47  28  27
  25  49  50  51  24  23  53  21  20  19  55  56  57  58 205 102  85 168
 166 165 214 163 162 161 160 159 158 156 155 154 153 215 151 150 149 167
 170 147 213 208 209 211 194 193 191 190 188 186 184 183 182 181 179 176
 174 212 148 146  86 114 111 107 106 104 218 204 101 100  99  97  96]

Labels: [0 0 0 1 0 0 0 1 0 0 0]

========== Cluster 6 ==========

Base classifier: RandomForestClassifier()

Minority Class: 1

Selected Features: [207 170 214   0  11  48  60  14 217 127 190 105 135 163  25 221  83 183
 146  71   3  51  92  69  85 211 103  49 150 184  57 155   4 134 220 168
  68  95  15 173  89 176  45 160  80  40 132 191 222 107  96 118  59 149
 215 128 195 223  47  17 193  30   1 115  53 156 179 136 140 192  64  43
 224  36 172  26  29  88  72 166 143  34 157 180 187  74  41  98  94 126
 113 145   6  42  70 148  75 182  76  62  27 131  82  61  10 121 198 104
  44  63  28  56 201 200  50 199  12 213  52   9  54  55   8 208 197   7
  58   5 196 216 218 194   2 219  13 212 202  46  24 206  31  32 189  23
  35  22  21  20  37  38  39 205  19  18 209 204  16 210 203  33 151  65
  66 169 114 167 116 117 119 120 122 123 124 125 165 164 129]

Labels: [0 0 0 0 0 0 1 0 0 0 0 0 0 0 1 0 0 0 1 0 0 0 0 1 0 0 0 1 0 0 0 1 0 0 1 0 0
 1 1 0 1 0 0 1 1 1 0 0 0 0 0 0 1 1 0 0 1 0 0 0 1 0 0 0 1 1 0 1 0 0 0 1 0 1
 0 0 0 1 0 0 0 0 1 1 0 1 0 0 0 0 1 0 1 0 0 1 0 0 0 0 0 0 0 1 0 0 1 0 1 0 0
 0 1 0 0 0 0 0 1 0 0 0 0 0 0 0 0 0 0 0 0 1 0 0 0 0 1 0 0 0 0 0 0 1 0 0 0 0
 0 0 0 0 1 0 0 1 1 0 0 0 1 1 1 0 0 0 1 1 1 0 0 0 0 0 0 1 0 0 0 1 0 0 0 0 0
 0 0 0 0 0 0 0 1 0 1 0 0 0 0 0 0 0 0 0 0 0 0 0 1 1 0 0 0 1 1 0 1 1 0 1 0 0
 0 0 1 1 0 0 0 0 0 1 0 0 1 1 0 0 1 0 0 0 0 0 0 0 0 0 0 1 1 0 1 0 0 1 0 0 0
 0 0 0 1 0 0 0 1 0 0 0 0 0 0 0 0 0 0 0 0 0 0 0 0 0 0 0 0 0 0 1 0 0 0 0 0 1
 0 0 0 0 0 0 0 1 1 0 1 0 1 0 0 0 0 0 0 0 0 0 1 1 0 0 1 1 1 0 0 0 1 0 0 1 1
 0 0 0 0 0 0 0 0 0 0 1 0 0 0 0 0 0 0 0 0 0 0 0 0 0 1 0 0 0 1 0 0 0 0 1 0 0
 0 1 0 0 0 0 0 1 1 0 0 1 0 0 0 0 0 0 0 1 1 0 1 0 0 1 0 0 0 0 0 0 0 0 1 0 0
 0 0 0 0 0 0 0 0 1 0]

========== Cluster 7 ==========

Base classifier: DummyClassifier(strategy='most_frequent')

Minority Class: 1

Selected Features: [  0   1   2   3   4   5   6   7   8   9  10  11  12  13  14  15  16  17
  18  19  20  21  22  23  24  25  26  27  28  29  30  31  32  33  34  35
  36  37  38  39  40  41  42  43  44  45  46  47  48  49  50  51  52  53
  54  55  56  57  58  59  60  61  62  63  64  65  66  67  68  69  70  71
  72  73  74  75  76  77  78  79  80  81  82  83  84  85  86  87  88  89
  90  91  92  93  94  95  96  97  98  99 100 101 102 103 104 105 106 107
 108 109 110 111 112 113 114 115 116 117 118 119 120 121 122 123 124 125
 126 127 128 129 130 131 132 133 134 135 136 137 138 139 140 141 142 143
 144 145 146 147 148 149 150 151 152 153 154 155 156 157 158 159 160 161
 162 163 164 165 166 167 168 169 170 171 172 173 174 175 176 177 178 179
 180 181 182 183 184 185 186 187 188 189 190 191 192 193 194 195 196 197
 198 199 200 201 202 203 204 205 206 207 208 209 210 211 212 213 214 215
 216 217 218 219 220 221 222 223 224]

Labels: [1]

========== Cluster 8 ==========

Base classifier: DummyClassifier(strategy='most_frequent')

Minority Class: 1

Selected Features: [  0   1   2   3   4   5   6   7   8   9  10  11  12  13  14  15  16  17
  18  19  20  21  22  23  24  25  26  27  28  29  30  31  32  33  34  35
  36  37  38  39  40  41  42  43  44  45  46  47  48  49  50  51  52  53
  54  55  56  57  58  59  60  61  62  63  64  65  66  67  68  69  70  71
  72  73  74  75  76  77  78  79  80  81  82  83  84  85  86  87  88  89
  90  91  92  93  94  95  96  97  98  99 100 101 102 103 104 105 106 107
 108 109 110 111 112 113 114 115 116 117 118 119 120 121 122 123 124 125
 126 127 128 129 130 131 132 133 134 135 136 137 138 139 140 141 142 143
 144 145 146 147 148 149 150 151 152 153 154 155 156 157 158 159 160 161
 162 163 164 165 166 167 168 169 170 171 172 173 174 175 176 177 178 179
 180 181 182 183 184 185 186 187 188 189 190 191 192 193 194 195 196 197
 198 199 200 201 202 203 204 205 206 207 208 209 210 211 212 213 214 215
 216 217 218 219 220 221 222 223 224]

Labels: [1]

