============== Classifiers Parameters ==============
[{'cost': 13.037344545444514, 'gamma': 570.7533727589723}, {'cost': 361.2943692051656, 'gamma': 417.2751232484959}, {'cost': 115.04282269858263, 'gamma': 316.68144694782114}, {'cost': 980.2925871532121, 'gamma': 910.5437690718076}, {'cost': 67.56422481809187, 'gamma': 574.5596375374136}, {'cost': 370.77660178525184, 'gamma': 428.2762019837334}, {'cost': 31.471345371358744, 'gamma': 86.89982077699972}]

Optimal clusterer: kmeans

External clustering metrics:
adjusted_rand_score: 1.3207858530539227e-05
normalized_mutual_info_score: 0.004390336893322241
v_measure_score: 0.004390336893322241
fowlkes_mallows_score: 0.5756481915398514

Internal clustering metrics:
silhouette: 0.5228913247915914
davies_bouldin: 4.342243910625912
calinski_harabasz_score: 1.6694634686855292

Base classifier: svm
========== Cluster 0 ==========

Labels: [0 2 0 1 1 1 1 2 2 2 2 1 2 1 1 2 1 1 1 0 2 1 2 0 2 1 2 2 0 0 1 1 0 2 1 2 1
 2 1 1 1 2 0 0 2 1 2 2 0 2 0 2 1 2 1 2 1 1 0 1 2 2]

========== Cluster 1 ==========

Labels: [2 2 0 2 2 0 0 1 0 1 0 0 1 1 0 2 0 1 2 2 0 0 0 2 2 0 0 2 0 0 0 1 0 1 0 0 0
 2 2 2 2 2 0 1 2 1 1 0 1 2 2 1 2 2 0 1 2 1 1 1 1 2 2 2 0 0 2 0 2 2 2 0 1 2
 1 2 1 0 2 0 0 1 0 1 0 1 1 0 1 0 0 2 1 2 0 1 1 2 0 0 1 2 1 0 1 0 0 0 1 1 1
 0 1 2 1 1 0 2 1 0 0 0 0 1 1 1 2 1 0 0 1 1 0 0 2 0 0 0 2 2 1 1 2 1 1 2 1 0
 1 0 2 0 0 0 0 1 1 0 1 1 2 1 1 1 0 2 0 1 1 0 2 0 2 2 0 2 1 0 2 2 2 0 2 2 0
 0 0 2 2 2 2 2 1 1 1 0 2 1 0 0 2 0 1 2 1 0 1 2 1 2 1 2 2 2]

========== Cluster 2 ==========

Labels: [2 2 0 2 0 2 2 2 0 2 2 1 0 2 1 2 0 1 0 1 1 2 1 0 1 1 2 1 0 2 2 1 2 1 0 1 1
 1 0 0 0 1 2 2 1 0 2 2 1 0 0 1 0 0 0 1 0 2 1 2 0 1 2 1 1 0 1 1 1 2 2 1 1 0
 2 0 0 1 1 0 1 0 2 2 2 1 2 1 0 2 2 1 1 1 0 1 0 1 2 1 1 2 2 2 1 0 1 1 2 2 2
 1 0 0 1 1 1 0 0 2 1 0 1 0 1 1 0 0 2 2 1 0 0 0 2 2 2 2 0 1 1 2 2 1 1 0 2 1
 1 1 1 1 1 1 2 2 2 2 1 2 0 2 2 2 0 0 1 0 2 0 1 1 0 1 2 2 2 1 1 2 1 1 1 1 0
 1 1 2 2 1 2 2 1 1 1 0 2 0 2 1 1 2 2 1 2 1 2 0 1 2 0 0 2 1 0 0 0 2 1 2 0 0
 1 1 0 0 2]

========== Cluster 3 ==========

Labels: [2 1 1 2 2 0 0 1 1 1 0 2 0 0 1 1 0 2 0 0 2 2 0 2 0 2 0 1 2 0 2 2 2 0 2 2 0
 1 2 0 2 2 2 1 0 0 1 2 1 2 1 2 0 0 2 2 1 0 2 1 0 2 2 2 2 1 1 1 2 2 1 2 0 2
 1 2 0 0 0 1 1 1 0 1 0 2 2 2 0 1 1 1 1 0 2 1 1 1 0 1 1 0 0 0 2 2 1 1 1 1 1
 1 1 1 1 2 1 0 0 1 2 2 2 2 2 2 2 2 0 1 2 0 0 1 0 1 1 2 1 1 1 1 0 1 2 0 1 1
 0 1 0 0 1 1 0 1 2 1 1 2 0 2 2 0 0 1 0 2 0 2 1 0 0 0 2 1 1 1 0 0 2 1 0 2 1
 1 2 0 1 2 0 1 2 0 2 0 2 1 1 1 2 0 1 0 0 2 1 1 1 1 2 0 1 1 0 2 0 2 1 1 0 2
 0 1 2 1 2 0 2 0 2 2 2 2 1 2 1 2 1 0 0 2 0 0 2 1 0 2 1 1 0 2 0 0 0 0 0 1 2
 1 2 2 2 1 1 1 2 2 1 2 0 2 0 0 1 2 1 0 2 2 1 0 2 2 2 0 1 1 1 1 0 2 1 0 2 1
 2 0 0 2]

========== Cluster 4 ==========

Labels: [1 2 0 1 0 1 0 1 0 1 0 2 2 0 0 0 0 0 1 0 0 2 1 0 0 0 0 2 0 1 0 0 0 0 2 2 1
 0 1 0 2 0 0 2 1 0 1 1 0 1 1 0 0 1 1 0 1 2 2 2 0 0 1 0 0 0 0 2 0 0 0 2 2 2
 1 1 1 2 0 0 0 0 2 0 0 0 0 1 1 0 2 2 1 0 0 0 0 0 1 0 0 0 0 2 2 0 0 1 2 0 1
 0 0 0 1 2 2 0 1 0 2 0 0 0 0 0 0 0 0 0 1 0 1 0 0 2 1 0 0 1 2 2 2 0 0 0 0 1
 1 2 0 1 0 0 2 0 2 1 0 0 2 0 0 0 2 0 1 2 0 2 1 2 2 1 0 0 1 0 2 0 2 0 2 0 2
 0 0 0 2 1 1 0 0 0]

========== Cluster 5 ==========

Labels: [2 0 0 1 1 2 2 2 2 0 2 2 0 0 2 1 1 1 0 2 0 0 0 1 1 2 2 0 1 2 0 0 2 2 2 1 1
 1 2 2 1 2 2 1 1 2 2 2 0 1 0 0 1 1 2 2 2 1 2 1 2 2 2 2 2 1 2 0 0 0 0 1 2 0
 0 2 2 0 1 2 2 1 0 0 2 1 2 0 2 0 2 1 2 1 1 2 2 2 2 2 2 2 1 1 0 2 2 2 2 0 1
 2 2 2 1 1 1 0 2 1 0 0 0 0 2 0 1 0 1 2 2 1 2 2 2 2 2 1 1 0 2 1 0 2 2 0 0 0
 0 0 0 0 0 0 1 2 0 1 1 2 0 1 0 1 0 0 1 1 1 0 2 0 2 2 1 1 2 0 2 0 1 1 1 2 2
 1 1 0 2 0 2 2 0 2 1 1 2 1 2 2 1 1 2 1 1 1 1 1 0 2 1 0 1 2 0 0 0 1 1 1 2 2
 0 2 1 0 2 0 2 0 0 2 1 2 2]

========== Cluster 6 ==========

Labels: [0 2 2 1 1 0 0 1 0 1 2 2 2 1 1 1 0 0 0 1 2 1 1 2 2 2 2 1 2 0 2 2 1 1 2 0 2
 2 0 0 2 2 1 0 1 0 2 2 1 2 0 0 0 1 1 0 1 0 1 1 0 1 0 2 1 2 0 0 1 2 1 1 0 2
 0 0 0 1 1 1 1 2 2 0 2 2 0 1 1 1 0 1 2 2 2 0 2 2 1 2 1 0 1 2 0 1 1 2 1 1 1
 0 1 2 1 2 0 1]

