============== Classifiers Parameters ==============
[{'cost': 583.6808348131644, 'gamma': 1.4937707881747428}, {'cost': 548.1590946591607, 'gamma': 37.17258292691599}]

Optimal clusterer: kmeans

External clustering metrics:
adjusted_rand_score: 1.9581702620133147e-08
normalized_mutual_info_score: 0.0021515138874722687
v_measure_score: 0.0021515138874722683
fowlkes_mallows_score: 0.5752140117866589

Internal clustering metrics:
silhouette: 0.4457667754919223
davies_bouldin: 0.7944232146146634
calinski_harabasz_score: 20.871526295552226

Base classifier: svm
========== Cluster 0 ==========

Labels: [2 0 1 2 2 1 0 2 2 2 0 2 2 2 2 0 2 0 0 1 1 2 2 1 1 0 0 1 0 0 2 2 0 1 1 0 2
 0 1 0 1 1 0 2 0 1 2 0 0 0 1 1 2 2 2 1 0 2 1 2 2 1 1 1 1 1 1 1 2 2 2 0 0 2
 0 2 2 2 0 2 2 0 2 0 2 2 2 0 0 2 2 0 0 1 0 2 0 1 1 1 0 1 1 2 1 0 2 0 2 2 2
 0 2 1 0 2 0 2 1 1 0 1 0 2 2 1 1 1 2 0 1 1 0 1 0 1 1 1 0 0 1 2 2 0 2 1 2 2
 1 1 1 1 0 1 1 1 0 2 0 1 0 0 1 1 0 1 1 1 0 2 1 0 1 2 2 1 2 2 2 1 0 0 2 1 2
 2 0 0 0 2 2 1 1 2 2 1 2 1 0 0 2 1 2 2 0 0 1 1 1 1 0 2 1 0 0 1 1 2 1 1 0 0
 1 2 0 1 1 2 1 0 1 1 1 1 2 0 1 1 2 0 1 1 0 1 2 2 1 2 1 2 1 0 0 2 0 1 1 1 1
 0 0 0 0 1 1 0 1 2 2 1 0 1 0 0 1 1 2 0 1 1 0 0 2 0 2 0 1 0 0 0 1 0 2 2 2 2
 2 0 0 2 0 1 0 0 1 0 1 2 1 2 1 1 1 2 0 1 2 2 0 1 1 0 2 0 0 2 1 1 0 1 2 1 0
 1 1 1 1 0 1 1 2 0 1 2 2 2 0 1 2 2 1 0 0 2 2 0 1 1 1 2 2 2 0 0 0 1 0 0 2 0
 1 1 0 1 1 0 0 0 0 2 2 0 0 0 0 0 0 2 1 2 0 0 1 2 1 2 1 0 0 0 2 0 2 0 0 1 2
 2 0 1 2 0 1 2 0 1 0 0 0 1 0 2 2 2 1 1 1 1 2 1 0 2 2 0 0 1 2 1 2 2 2 1 2 1
 0 0 1 2 2 2 0 1 1 1 1 1 2 2 0 1 0 1 0 1 0 1 0 2 2 2 2 2 2 0 0 1 1 2 1 0 1
 1 2 1 0 2 1 0 1 1 1 0 1 2 1 2 1 0 2 1 2 0 2 0 2 2 2 1 2 2 1 1 2 1 2 0 0 0
 2 2 2 1 2 1 2 1 0 0 0 2 2 1 2 2 1 1 2 1 0 1 1 0 1 0 2 0 0 2 0 2 1 0 1 0 1
 2 2 2 2 1 1 1 2 1 2 2 1 2 2 0 2 1 1 2 0 1 0 1 2 2 1 2 0 0 2 0 0 0 0 1 2 1
 0 2 0 2 1 2 2 0 2 1 0 1 0 0 0 1 2 2 2 2 0 1 2 1 1 0 1 0 1 0 1 2 1 0 2 1 0
 2 1 0 0 1 2 0 0 2 2]

========== Cluster 1 ==========

Labels: [2 0 0 1 2 0 1 2 1 2 0 2 0 2 2 2 2 2 2 1 0 0 0 0 0 2 1 2 0 1 1 0 1 1 1 0 0
 0 1 1 0 1 2 1 0 1 1 1 2 0 0 2 2 0 0 1 2 0 2 0 1 0 2 1 0 0 0 0 2 2 0 0 2 2
 2 1 2 1 1 1 1 1 2 0 2 2 2 0 2 0 0 0 2 0 2 2 0 1 1 2 2 2 1 0 1 0 2 1 1 2 2
 0 1 2 2 1 2 1 2 2 1 2 1 2 1 2 2 2 1 2 0 1 0 0 0 2 0 0 0 1 2 0 1 1 2 0 2 0
 0 1 0 1 0 0 2 2 2 0 0 0 0 1 2 2 0 1 2 2 2 2 1 0 0 1 0 2 0 0 2 2 2 2 2 1 1
 1 1 1 0 1 2 0 2 1 0 2 2 0 2 0 1 1 0 0 1 0 2 0 1 1 1 2 0 0 2 2 1 2 0 2 0 1
 0 0 1 1 2 1 2 2 0 0 0 2 2 0 2 2 1 0 2 1 1 1 0 1 2 2 0 1 0 0 1 2 2 0 2 2 1
 1 1 0 0 0 0 1 0 2 1 0 2 1 2 1 1 0 2 2 2 1 1 0 1 1 0 1 0 2 0 0 0 1 2 2 2 2
 0 0 1 0 0 1 1 1 0 0 0 1 0 0 2 0 2 2 0 2 0 1 1 0 0 0 0 1 1 1 2 2 0 1 2 1 1
 0 1 2 0 0 0 2 0 2 2 0 0 0 1 2 2 2 0 2 1 2 2 1 1 2 1 2 0 1 1 0 2 0 2 1 0 2
 2 0 2 2 0 0 1 1 2 1 0 1 0 0 1 1 0 1 2 2 1 2 2 0 0 2 1 0 2 2 0 1 0 2 0 2 1
 2 1 0 2 0 1 2 1 0 0 1 1 1 0 1 1 0 1 0 1 0 1 0 2 2 0 1 1 1 2 0 0 1 0 0 2 0
 1 1 0 2 0 1 2 2 0 0 2 2 1 0 0 1 1 1 0 0 1 1 2 0 1 2 1 0 0 2 1 1 0 0 0 2 1
 2 1 0 0 2 0 0 2 0 2 1 1 2 2 1 2 0 1 1 1 2 1 0 1 1 1 2 1 1 2 2 0 0 1 2 0 0
 2 1 0 1 0 0 1 0 1 0 1 1 2 0 1 1 2 0 1 0 2 2 0 0 2 2 0 2 0 2 1 1 2 2 1 2 1
 0 0 0 2 0 0 1 0 1 2 2 2 2 1 0 2 1 0 2 1 2 0 1 2 2 0 2 0 2 2 0 0 2 0 1 1 0
 0 0 2 0 0 2 0 0 2 0 1 2 2 0 1 2 2 2 0 2 1 2 0 1 1 2 1 2 2 2 2 2 1 1 1 2 1
 2 1 0 1 2 1 0 1 2 1 1 1 1 0 1 0 1 2 1 1 0 2 0 2 1 2 2 0 2 0 0 1 0 1 1 0 0
 1 1 2 2 0 1 2 0 2 2 1 0 0 0 2 1 2 1 2 1 1 1 1 0 1 0 0 2 0 1 2 0 2 1 2 2 2
 2 0 0 2 2 1 2 2]

