Clustering algorithm selected: kmeans++
=====================================

Clustering evaluation metric: silhouette
Clustering evaluation value: 0.07492823248185292

========== Cluster 0 ==========

Base classifier: SVC(probability=True)

Minority Class: 1

Selected Features: [  0   1   2   3   4   5   6   7   8   9  10  11  12  13  14  15  16  17
  18  19  20  21  22  23  24  25  26  27  28  29  30  31  32  33  34  35
  36  37  38  39  40  41  42  43  44  45  46  47  48  49  50  51  52  53
  54  55  56  57  58  59  60  61  62  63  64  65  66  67  68  69  70  71
  72  73  74  75  76  77  78  79  80  81  82  83  84  85  86  87  88  89
  90  91  92  93  94  95  96  97  98  99 100 101 102 103 104 105 106 107
 108 109 110 111 112 113 114 115 116 117 118 119 120 121 122 123 124 125
 126 127 128 129 130 131 132 133 134 135 136 137 138 139 140 141 142 143
 144 145 146 147 148 149 150 151 152 153 154 155 156 157 158 159 160 161
 162 163 164 165 166 167 168 169 170 171 172 173 174 175 176 177 178 179
 180 181 182 183 184 185 186 187 188 189 190 191 192 193 194 195 196 197
 198 199 200 201 202 203 204 205 206 207 208 209 210 211 212 213 214 215
 216 217 218 219 220 221 222 223 224]

Labels: [0 1 0 0 0 1 1 0 1 1 0 1 1 0 0 1 0 1 0 1 0 1 0 0 1 0 0 1 1 1 1 1 0 1 0 1 0
 1 0 1 1 0 1 1 0 1 0 1 1 1 0 0 1 1 0 1 1 1 1 0 1 0 1 1 1 0 0 1 1 0 0 1 1 0
 0 1 0 1 1 1 0 1 0 0 0 1 1 0 0 1 1 0 1 0 0 1 1 0 0 0 0 1 1 1 0 0 1 1 1 1 0
 1 1 0 0 1 1 1 0 1 0 0 1 1 1 0 1 1 1 1 1 0 0 0 1 0 0 1 0 0 1 1 0 0 1 1 0 0
 0 0 0 1 1 1 0 1 0 1 1 1 1 1 1 0 1 0 1 0 0 1 0 1 0 0 0 1 1 0 0 0 0 1 0 1 0
 1 0 1 0 0 1 0 1 1 0 1 0 0 0 1 1 0 1 0 0 1 1 0 1 0 1 1 0 0 0 0 1 0 1 1 0 1
 1 0 0 1 1 1 0 1 1 1 0 0 0 0 0 0 0 0 1 0 0 1 0 1 1 1 0 1 0 1 1 0 0 1 1 0 0
 1 0 0 0 1 0 0 0 0 1 0 0 1 0 1 0 1 0 1 0 1 1 0 0 0 0 0 1 0 1 1 1 1 1 1 1 1
 0 1 1 0 0 0 0 1 0 1 1 0 0 1 0 1 0 1 1 1 0 0 0 0 1 1 0 0 1 0 1 1 0 0 0 1 0
 0 0 0 0 1 1 0 0 1 1 0 1 1 0 1 0 1 1 0 0 0 0 0 0 1 0 1 0 0 0 1 0 1 1 0 0 1
 1 0 1 0 0 0 1 1 0 0 0 1 0 1 0 0 0 1 1 0 1 1 0 0 1 0 1 1 0 1 1 0 1 0 1 1 1
 1 1 0 1 1 0 1 0 1 0 0 0 1 0 0 0 0 1 1 0 0 1 1 0 1 0 1 0 1 0 1 1 0 0 1 0 1
 1 1 1 0 1 0 0 1 1 1 0 0 0 0 0 0 1 1 1 0 0 1 1 0 0 0 0 0 1 1 0 1 1 1 1 1 0
 0 1 0 1 0 0 0 1 1 0 1 0 0 0 1 1 1 1 0 1 0 1 0 1 1 1 1 1 0 1 0 0 1 1 1 1 0
 0 0]

Synthetic samples indexes: [  6   9  11  15  17  21  27  28  29  30  31  35  37  40  42  43  45  47
  49  52  55  57  58  60  63  64  67  68  71  72  75  77  78  79  81  85
  89  92  95 101 107 108 111 112 115 116 117 119 122 126 128 129 130 134
 137 140 141 144 145 151 157 158 159 161 164 166 171 176 183 190 192 200
 202 210 211 216 219 221 225 227 230 231 240 243 246 247 249 251 255 259
 263 268 271 273 275 277 280 286 289 290 291 292 294 297 303 305 306 309
 311 313 314 320 324 326 327 331 337 341 344 347 359 363 365 366 370 372
 376 387 390 391 394 397 400 402 408 411 415 419 424 425 428 429 431 433
 435 437 441 444 445 446 448 452 453 460 461 462 465 472 473 475 476 478
 479 482 484 496 498 500 502 504 505 508 510 514 515]

========== Cluster 1 ==========

Base classifier: SVC(probability=True)

Minority Class: 1

Selected Features: [  0   1   2   3   4   5   6   7   8   9  10  11  12  13  14  15  16  17
  18  19  20  21  22  23  24  25  26  27  28  29  30  31  32  33  34  35
  36  37  38  39  40  41  42  43  44  45  46  47  48  49  50  51  52  53
  54  55  56  57  58  59  60  61  62  63  64  65  66  67  68  69  70  71
  72  73  74  75  76  77  78  79  80  81  82  83  84  85  86  87  88  89
  90  91  92  93  94  95  96  97  98  99 100 101 102 103 104 105 106 107
 108 109 110 111 112 113 114 115 116 117 118 119 120 121 122 123 124 125
 126 127 128 129 130 131 132 133 134 135 136 137 138 139 140 141 142 143
 144 145 146 147 148 149 150 151 152 153 154 155 156 157 158 159 160 161
 162 163 164 165 166 167 168 169 170 171 172 173 174 175 176 177 178 179
 180 181 182 183 184 185 186 187 188 189 190 191 192 193 194 195 196 197
 198 199 200 201 202 203 204 205 206 207 208 209 210 211 212 213 214 215
 216 217 218 219 220 221 222 223 224]

Labels: [1 0 1 0 1 0 0 0 0 1 1 1 0 1 1 0 0 1 0 0 1 0 0 0 1 1 1 0 0 0 1 0 1 1 1 1 0
 1 0 0 1 1 0 0 1 1 0 1 0 1 1 0 1 0 0 1 0 0 1 1 1 1 1 1 1 1 1 0 1 1 0 0 1 0
 0 0 0 0 0 0 1 1 1 1 1 0 0 0 0 0 0 0 0 0 0 1 1 1 1 1 0 0 1 0 1 1 0 0 0 1 0
 0 1 1 1 0 0 0 0 0 1 0 1 1 1 0 0 0 1 1 0 0 1 1 0 0 1 0 0 0 1 1 1 0 1 1 1 1
 1 1 0 1 1 0 0 1 0 1 1 1 1 1 1 0 1 1 0 1 0 1 1 0 0 1 1 0 1 0 0 1 1 0 0 1 0
 0 0 0 1 1 1 1 1 0 1 0 1 1 0 0 1 0 0 0 0 1 1 1 0 1 1 1 1 0 1 1 0 0 0 0 0 1
 1 0 0 0 0 0 1 1 1 0 1 0 1 1 0 0 0 0 1 0 1 1 1 0 0 1 0 1 1 0 0 1 1 1 0 1 1
 0 1 1 0 0 1 0 0 0 1 0 1 1 1 1 1 1 0 0 1 0 1 0 0 0 0 1 0 0 1 0 1 1 1 1 1 1
 1 0 0 1 1 0 0 0 1 1 1 1 1 1 0 1 0 0 0 0 0 0 0 1 0 1 1 0 0 0 0 1 1 0 1 1 1
 0 1 1 0 1 0 1 0 1 0 1 0 0 0 1 1 0 0 1 0 1 0 0 1 0 1 0 0 0 0 0 0 0 1 1 1 0
 1 0 1 0 0 0 1 0 1 1 0 1 1 0 1 1 0 0 1 1 0 1 1 1 1 0 0 0 1 0 0 0 0 0 0 0 0
 1 1 0 1 0 1 0 0 1 0 1 0 0 0 0 0 1 0 0 0 1 0 1 0 1 0 0 0 1 0 0 1 1 1 0 0 1
 0 0 1 1 0 0 0 1 0 0 1 1 0 1 0 0 0 1 1 1 0 0 0 0 0 1 1 1 1 1 1 0 1 0 1 0 1
 0 0 1 0 0 1 1 0 0 1 1 1 0 0 1 1 1 0 0 0 0 1 1 1 1 0 1 1 0 0 0 0 1 0 0 1 1
 1 0 0 1 1 1 1 0 1 0 1 0 1 1 1 1 1 1 0 0 1 1 0 0 1 1 1 0 0 1 0 1 0 0 0 0 1
 1 1 0 1 0 1 1 0 1 1 1 1 0 1 0 0 0 1 1 1 0 1 0 0 1 0 1 1 1 1 1 1 1 1 1 0 0
 0 1 1 0 1 0 0 0 0 0 0 1 1 0 0 0 1 1 1 0 0 0 1 1 1 0 1 1 0 0 0 0 1 1 1 1 1
 0 1 1 0 0 1 0 1 0 0 1 0 0 1 1 1 0 1 0 0 1 0 0 1 1 0 1 1 0 0 0 0 1 1 1 0 0
 0 0 0 1 1 0 1 0 1 0 0 1 0 0 1 1 1 1 1 1 1 0 1 0 0 1 0 0 0 1 0 0 1 0 0 0 0
 1 1 1 1 1 1 0 0 0 1 0 0 1 0 1 0 1 1 1 1 0 0 1 1 0 1 0 1 0 1 0 0 1 1 0 0 1]

Synthetic samples indexes: [  0   2  11  17  20  24  25  26  30  34  37  45  52  58  59  61  62  63
  66  69  81  84  95 104 112 113 114 122 123 124 128 132 133 141 149 151
 155 158 159 161 165 169 170 173 174 179 180 183 188 189 192 196 200 207
 209 212 214 215 221 228 229 232 235 240 243 244 247 255 257 258 261 272
 278 280 285 290 295 299 300 305 307 308 309 311 319 321 322 330 331 335
 343 347 353 358 366 367 368 372 378 381 382 385 393 408 410 412 415 431
 435 438 440 443 446 454 455 461 463 469 470 472 473 476 480 483 487 491
 492 496 497 502 504 508 516 517 523 533 535 538 539 544 555 558 560 563
 565 573 574 576 579 581 582 585 587 588 589 594 603 614 616 618 619 626
 628 631 634 639 642 643 656 663 670 677 681 682 686 688 691 704 705 706
 707 717 719 721 730]

