Clustering algorithm selected: kmeans
=====================================

Clustering evaluation metric: silhouette
Clustering evaluation value: 0.07423882052813818

========== Cluster 0 ==========

Base classifier: SVC(probability=True)

Minority Class: 1

Selected Features: [  0   1   2   3   4   5   6   7   8   9  10  11  12  13  14  15  16  17
  18  19  20  21  22  23  24  25  26  27  28  29  30  31  32  33  34  35
  36  37  38  39  40  41  42  43  44  45  46  47  48  49  50  51  52  53
  54  55  56  57  58  59  60  61  62  63  64  65  66  67  68  69  70  71
  72  73  74  75  76  77  78  79  80  81  82  83  84  85  86  87  88  89
  90  91  92  93  94  95  96  97  98  99 100 101 102 103 104 105 106 107
 108 109 110 111 112 113 114 115 116 117 118 119 120 121 122 123 124 125
 126 127 128 129 130 131 132 133 134 135 136 137 138 139 140 141 142 143
 144 145 146 147 148 149 150 151 152 153 154 155 156 157 158 159 160 161
 162 163 164 165 166 167 168 169 170 171 172 173 174 175 176 177 178 179
 180 181 182 183 184 185 186 187 188 189 190 191 192 193 194 195 196 197
 198 199 200 201 202 203 204 205 206 207 208 209 210 211 212 213 214 215
 216 217 218 219 220 221 222 223 224]

Labels: [0 1 0 0 0 1 0 1 1 1 1 0 0 0 0 1 1 0 0 1 0 0 0 1 0 1 0 0 1 1 0 1 1 1 1 1 0
 0 0 1 1 0 0 1 0 0 1 0 0 1 0 0 1 1 0 1 0 0 1 0 0 0 0 0 1 0 0 0 0 1 0 1 1 0
 1 0 0 1 1 0 1 1 0 1 0 1 0 1 1 1 0 1 1 1 1 0 1 1 1 1 1 1 1 1 1 0 1 0 0 0 0
 0 0 0 0 0 1 0 1 0 0 1 1 0 1 0 1 1 0 1 0 1 0 1 0 0 0 0 0 0 0 0 1 0 0 0 1 1
 0 1 0 0 0 1 0 0 0 1 0 1 1 0 0 1 1 0 1 1 0 1 0 1 0 1 1 0 0 1 0 1 0 1 0 0 1
 1 1 0 0 1 0 1 0 1 1 1 1 0 0 1 0 0 1 0 0 0 1 1 1 0 1 0 0 0 0 1 1 0 0 0 1 1
 1 0 0 0 0 1 1 1 0 0 1 1 1 0 0 0 1 1 1 1 1 1 1 0 0 1 1 0 0 1 0 1 1 1 1 0 0
 1 1 0 1 0 0 0 1 0 1 0 1 1 1 1 0 0 1 1 1 0 0 1 0 1 1 1 0 1 1 0 0 1 1 0 0 0
 0 0 1 1 1 0 1 0 1 0 1 0 1 0 1 0 1 1 0 1 0 0 1 1 0 0 1 0 1 0 1 0 1 1 0 1 1
 0 1 0 1 1 0 1 0 1 1 1 0 1 0 1 1 0 0 0 0 0 0 1 0 0 1 1 1 1 0 1 0 0 1 0 0 0
 0 1 1 0 1 0 0 0 0 1 1 1 0 0 1 0 0 1 0 1 1 1 1 0 1 1 1 1 1 1 1 1 0 1 1 0 0
 0 0 1 0 0 0 1 1 1 0 0 1 0 1 0 1 1 0 1 0 1 0 1 0 1 0 1 1 1 1 1 1 1 0 0 0 1
 0 1 0 0 0 0 1 0 0 0 1 1 1 1 0 1 0 0 1 1 1 0 0 0 0 0 0 0 0 1 1 1 0 0 0 0 0
 0 1 0 1 0 1 1 1 1 0 0 0 1 1 1 0 0 1 1 1 1 0 1 0 0 0 1 1 0 1 1 0 1 1 1 0 0
 0 1 1 1 0 0 1 0 0 1 1 1 1 0 1 1 0 0 0 0 1 1 1 1 1 0 0 1 1 1 0 1 0 1 0 0]

Synthetic samples indexes: [  5   7   8  10  16  19  23  28  29  31  32  33  35  39  40  43  46  49
  52  58  72  74  77  78  81  85  91  92  94  97  99 100 102 103 104 116
 118 121 124 126 127 133 142 146 147 149 157 160 164 166 167 169 179 181
 185 189 191 193 195 196 199 202 206 210 216 220 221 222 227 228 229 233
 234 238 239 240 241 243 244 248 251 253 255 259 266 268 270 271 272 273
 276 277 278 281 284 285 287 291 292 298 299 306 308 310 312 315 319 322
 324 326 328 329 331 332 334 337 339 341 342 343 345 347 348 358 359 360
 361 366 371 372 374 379 381 384 387 389 390 391 392 394 395 397 399 400
 403 409 413 414 415 423 425 427 429 431 433 435 437 439 450 456 457 462
 463 464 473 482 484 486 487 488 489 493 495 498 499 500 501 503 513 515
 521 524 527 528 530 532 538 540 541 542 546 547 549 551]

========== Cluster 1 ==========

Base classifier: SVC(probability=True)

Minority Class: 1

Selected Features: [  0   1   2   3   4   5   6   7   8   9  10  11  12  13  14  15  16  17
  18  19  20  21  22  23  24  25  26  27  28  29  30  31  32  33  34  35
  36  37  38  39  40  41  42  43  44  45  46  47  48  49  50  51  52  53
  54  55  56  57  58  59  60  61  62  63  64  65  66  67  68  69  70  71
  72  73  74  75  76  77  78  79  80  81  82  83  84  85  86  87  88  89
  90  91  92  93  94  95  96  97  98  99 100 101 102 103 104 105 106 107
 108 109 110 111 112 113 114 115 116 117 118 119 120 121 122 123 124 125
 126 127 128 129 130 131 132 133 134 135 136 137 138 139 140 141 142 143
 144 145 146 147 148 149 150 151 152 153 154 155 156 157 158 159 160 161
 162 163 164 165 166 167 168 169 170 171 172 173 174 175 176 177 178 179
 180 181 182 183 184 185 186 187 188 189 190 191 192 193 194 195 196 197
 198 199 200 201 202 203 204 205 206 207 208 209 210 211 212 213 214 215
 216 217 218 219 220 221 222 223 224]

Labels: [0 0 0 1 1 0 0 0 1 0 0 0 1 0 1 0 1 0 1 0 1 0 0 0 0 1 1 0 0 0 0 1 1 1 0 1 0
 1 0 1 1 0 1 0 1 1 1 1 1 0 1 1 0 0 1 1 1 1 0 0 0 1 1 1 0 0 0 1 0 0 0 1 0 0
 0 0 1 0 1 0 0 0 1 1 1 1 0 0 1 1 1 1 0 0 0 0 0 0 0 1 1 0 1 1 1 1 1 0 0 0 0
 1 1 0 1 0 0 1 0 1 0 1 1 1 0 1 0 1 1 1 0 0 1 0 0 1 0 0 0 1 1 0 0 0 1 1 1 0
 1 0 1 0 1 0 0 0 0 0 1 1 1 0 0 1 0 0 0 0 1 0 0 0 0 1 0 1 1 0 1 1 0 0 1 1 0
 1 0 0 0 0 1 1 0 1 0 1 0 0 0 0 1 0 1 1 0 0 1 1 1 1 0 0 0 1 0 0 0 0 0 1 1 0
 0 1 0 1 1 1 0 0 1 1 0 0 1 1 1 0 1 1 1 1 1 1 1 1 1 1 0 0 1 0 0 0 0 1 0 0 0
 0 1 1 0 1 1 0 1 1 0 0 0 1 0 1 0 0 0 1 0 0 1 0 0 0 1 1 0 0 0 1 0 1 0 0 1 1
 0 0 1 0 1 0 0 0 1 0 0 0 0 0 0 0 0 0 1 1 0 1 1 1 0 0 1 1 0 1 1 0 1 1 0 1 1
 1 1 0 0 1 1 1 1 1 1 1 0 0 1 1 0 1 0 0 1 1 0 0 1 1 0 1 1 0 1 0 0 0 0 0 0 0
 0 1 0 1 1 0 0 0 1 0 1 1 1 0 1 1 0 1 1 1 1 0 1 0 0 1 0 0 1 1 1 0 1 0 0 1 1
 0 0 0 0 1 1 0 1 1 0 0 1 0 1 1 1 0 0 0 0 0 0 1 1 0 1 0 1 0 1 1 1 0 1 1 0 1
 0 1 0 0 0 1 0 0 1 0 0 0 1 0 0 0 1 0 1 1 1 0 0 0 1 1 0 1 1 0 0 0 0 0 0 0 1
 1 1 1 1 0 0 1 1 1 1 1 1 0 1 0 1 1 1 1 1 1 0 1 0 0 0 0 0 0 0 1 0 1 0 1 0 1
 0 0 0 0 1 0 1 0 1 0 0 0 1 1 1 0 0 1 0 1 1 0 0 1 1 0 1 0 1 1 1 1 0 0 1 1 0
 1 0 0 1 1 0 1 0 1 0 0 1 0 1 1 1 1 0 0 1 0 0 1 1 1 1 0 0 1 0 0 1 0 1 1 1 1
 0 0 1 1 1 1 0 0 1 0 1 1 1 0 0 1 1 1 0 1 0 0 1 1 0 1 1 0 0 0 1 1 1 0 0 0 1
 1 1 1 1 0 1 1 0 1 0 1 0 1 1 1 1 1 1 1 1 0 1 0 0 0 0 1 1 0 1 1 0 0 1 1 0 1
 0 0 0 1 0 1 1 1 0 1 0 1 1 1 1 0 0 1 0 1 1 0 1 0 1 0 1 0 1 1 0 0 1 1 1 0 1
 1 1 1]

Synthetic samples indexes: [  8  18  20  25  26  33  39  40  45  47  50  56  63  71  76  78  82  83
  85  88  91 100 102 103 105 112 119 121 122 132 145 158 159 160 175 178
 183 190 191 195 200 202 206 208 223 225 226 227 230 231 234 236 238 240
 245 246 264 280 289 300 314 318 319 323 326 329 331 337 338 339 340 341
 343 349 359 362 373 374 378 387 388 392 395 399 402 406 412 415 421 432
 434 436 438 440 441 445 449 452 460 463 468 471 480 481 484 487 489 492
 496 497 499 500 503 511 515 517 522 531 537 538 541 547 549 552 553 558
 561 569 574 577 578 580 583 588 589 591 594 596 597 600 602 603 608 609
 617 618 629 631 635 642 644 647 650 655 658 672 673 680 686 688 690 695
 699 700 702 705]

