============== Classifiers Parameters ==============
[{'cost': 561.6885983811146, 'gamma': 587.8670597259187}, {'cost': 290.8206016453337, 'gamma': 36.36650309173072}, {'cost': 586.8098261068543, 'gamma': 827.6976076863398}, {'cost': 113.4849730579372, 'gamma': 192.84046769716022}, {'cost': 409.8201872747445, 'gamma': 265.5237587973754}, {'cost': 743.4395856286969, 'gamma': 100.48632811277216}, {'cost': 453.5896387560242, 'gamma': 5.446514645812492}, {'cost': 638.1254311502792, 'gamma': 162.0225683175084}, {'cost': 470.243254794259, 'gamma': 786.0029438602983}, {'cost': 259.301318241951, 'gamma': 177.05485467292667}]

Optimal clusterer: kmeans

External clustering metrics:
adjusted_rand_score: 0.0020277081504569794
normalized_mutual_info_score: 0.025720716127509858
v_measure_score: 0.025720716127509854
fowlkes_mallows_score: 0.7553317528965414

Internal clustering metrics:
silhouette: 0.4511047189528228
davies_bouldin: 0.730839924615423
calinski_harabasz_score: 104.01563843828784

Base classifier: svm
========== Cluster 0 ==========

Labels: [0 0 1 0 0 0 0 0 0 0 0 0 0 1 0 0 0 1 0 0 0 0 1 0 0 0 0 0 0 0 0 0 0 0 1 1 0
 0 0 0 1 0 0 0 0 0 0 0 0 0 0 0 0 0 0 1 0 0 0 0 0 0 0 0 1 0 0 0 1 0 0 0 0 0
 0 0 1 0 0 0 0 0 0 1 0 0 0 0 0 0 0 0 0 0 0 0 0 0 0 0 0 0 0 0 0 0 0 0 0 0 0
 0 0 0 0 0 0 0 0 0 0 0 0 0]

========== Cluster 1 ==========

Labels: [0 0 0 0 1 0 0 0 0 0 0 0 1 1 1 1 1 0 0 0 0 1 1 1 1 0 1 0 0 0 1 1 0 0 0 0 0
 1 1 0 0 1 1 0 0 0 0 0 0 1 1 1 0 0 0 0 0 0 1 0 0 0 1 0 1 1 1 0 0 1 1 0 0 0
 1 0 0 1 0 0 0 1 0 0 0 0 1 0 1 1 0 0 0 0 0 1 0 0 0 1 0 0 0 0 1 1 0 0 0 1 0
 0 0 0 0 0 0 0 1 1 0 0 0 0 0 0 0 1 0 0 0 0 1 0 0 0 1 1 1 0 0 0 1 1 0 0 0 0
 0 0 0 0 1 0 0 0 0 0 0 1 0]

========== Cluster 2 ==========

Labels: [0 0 0 0 0 0 0 0 0 0 1 0 0 0 0 0 0 0 0 0 0 0 0 1 0 0 1 0 0 1 0 1 0 1 0 0 0
 1 0 0 0 0 0 1 0 0 0 0 0 0 1 1 0 0 0 1 0 0 0 0 0 0 0 0 0 0]

========== Cluster 3 ==========

Labels: [1 1 0 1 0 1 0 0 1 1 0 0 1 0 1 0 0 0 0 1 0 0 1 1 1 0 1 1 1 0 1 0 1 1 1 0 1
 0 0 0 0 1 0 1 1 1 1 1 0 1 0 0]

========== Cluster 4 ==========

Labels: [0 0 1 1 1 0 0 0 0 0 0 0 0 0 0 1 0 0 0 0 0 0 0 0 0 0 1 0 1 1 0 0 0 0 0 0 0
 0 0 0 1 1 1 0]

========== Cluster 5 ==========

Labels: [0 0 1 0 0 1 1 1 1 0 0 0 1 1 1 1 1 0 0 1 0 0 0 0 1 0 1 0 0 1 0]

========== Cluster 6 ==========

Labels: [1 1 0 0 1 1 1]

========== Cluster 7 ==========

Labels: [0 0 0 0 1 0 1 0 1 1 0 0 0 0 1 0 0 0 0 0 0 0 0 1 1 0 0 1 0 0 0 1 0 0 0 1 0
 1 1 0 0 0 0 0 0 0 0 0 0 1 1 0 0 0 0 0 0 0 1 1 0 0 1 1 0 0 0 1 0 0 0 0 0 0
 0 0 0 0 0 0 1 0 1 0 0 0 0 0 0 0 0 1 1 0 0 0 1 0 0 0 0 0 0 1 0 0 0 0 1 0 1
 0]

========== Cluster 8 ==========

Labels: [0 1 0 0 0 0 0 0 0 0 0 0 1 0 1 0 1 0 0 0 0 0 0 0 0 0 0 0 0 0 0 0 0 0 0 0 0
 0 0 0 0 0 0 0 0 0 0]

========== Cluster 9 ==========

Labels: [0 0 0 0 0 0 0 0 0 0 0 0 0 0 0 0 0 0 0 0 0 0 0 0 0 0 0 1 0]

