Clustering algorithm selected: kmeans++
=====================================

Clustering evaluation metric: silhouette
Clustering evaluation value: 0.07492823248185292

========== Cluster 0 ==========

Base classifier: SVC(probability=True)

Minority Class: 1

Selected Features: [  0   1   2   3   4   5   6   7   8   9  10  11  12  13  14  15  16  17
  18  19  20  21  22  23  24  25  26  27  28  29  30  31  32  33  34  35
  36  37  38  39  40  41  42  43  44  45  46  47  48  49  50  51  52  53
  54  55  56  57  58  59  60  61  62  63  64  65  66  67  68  69  70  71
  72  73  74  75  76  77  78  79  80  81  82  83  84  85  86  87  88  89
  90  91  92  93  94  95  96  97  98  99 100 101 102 103 104 105 106 107
 108 109 110 111 112 113 114 115 116 117 118 119 120 121 122 123 124 125
 126 127 128 129 130 131 132 133 134 135 136 137 138 139 140 141 142 143
 144 145 146 147 148 149 150 151 152 153 154 155 156 157 158 159 160 161
 162 163 164 165 166 167 168 169 170 171 172 173 174 175 176 177 178 179
 180 181 182 183 184 185 186 187 188 189 190 191 192 193 194 195 196 197
 198 199 200 201 202 203 204 205 206 207 208 209 210 211 212 213 214 215
 216 217 218 219 220 221 222 223 224]

Labels: [0 1 1 0 1 0 0 0 0 1 1 1 1 1 1 0 1 1 0 1 1 0 0 1 0 1 1 0 1 1 1 1 0 1 1 0 1
 1 1 0 0 0 0 0 1 1 0 0 1 0 0 0 0 1 0 0 1 0 0 0 0 1 0 1 0 0 0 0 0 1 1 1 0 0
 1 0 0 0 0 0 1 0 1 1 1 0 1 1 0 1 1 0 0 0 1 1 0 1 1 0 0 1 1 0 1 0 1 1 1 0 0
 1 0 0 1 1 0 1 0 0 1 0 0 1 1 1 1 1 0 1 1 1 1 1 1 1 0 1 1 1 1 0 0 1 1 0 0 1
 1 1 1 0 1 0 1 0 1 1 0 1 0 0 1 1 0 0 0 1 0 0 1 1 1 0 1 1 1 1 1 0 1 1 0 1 1
 1 0 1 1 0 1 0 1 0 1 1 1 1 1 0 0 0 0 1 1 0 1 0 1 0 1 1 1 0 1 1 0 0 1 0 1 1
 1 0 1 1 1 0 1 0 0 1 1 1 1 1 0 1 1 0 1 0 1 0 1 0 0 0 1 1 1 0 1 0 1 0 1 1 0
 0 0 1 0 1 1 0 1 1 1 0 1 0 1 0 1 1 0 1 0 0 1 1 1 0 0 0 0 0 0 0 0 0 0 0 1 0
 1 0 0 0 1 1 1 0 0 1 1 0 0 0 1 0 1 0 0 0 0 1 1 0 1 0 0 0 0 0 1 1 0 1 1 0 0
 0 0 1 0 1 0 0 1 1 1 1 1 1 1 1 1 1 1 1 0 1 1 0 1 0 1 0 0 0 0 1 0 1 0 0 1 0
 0 0 0 0 0 1 0 0 1 0 0 0 1 0 1 0 1 1 0 0 0 1 0 1 1 1 1 1 0 0 1 0 1 0 0 1 1
 0 0 0 0 0 0 0 1 1 1 1 0 1 0 0 1 1 1 1 0 1 0 1 0 0 0 1 1 0 1 0 0 1 1 0 0 0
 0 1 0 0 0 0 0 0 0 1 1 0 0 0 0 0 1 0 1 1 1 0 1 0 0 1 0 1 0 1 0 1 0 1 1 1 1
 0 1 1 0 0 0 1 0 1 0 1 0 1 1 0 0 0 0 0 0 0 0 0 1 1 0 1 0 1 0 1 1 0 1 0 1 0
 0 1]

Synthetic samples indexes: [  2   4   9  10  11  12  13  14  16  23  31  33  34  36  38  45  53  69
  74  82  83  84  86  89  90  94  95  97  98 101 102 104 108 111 114 117
 123 124 126 130 131 132 133 134 135 137 139 143 144 147 148 149 150 152
 156 157 163 170 171 172 174 175 176 177 178 180 181 183 185 187 190 192
 194 195 197 198 203 206 208 210 212 214 220 221 224 225 228 231 232 235
 238 240 244 248 249 250 252 254 256 257 261 264 266 268 272 275 280 281
 294 305 306 312 318 320 327 335 337 340 342 343 344 345 346 348 350 354
 356 358 365 368 375 378 382 384 386 394 395 397 400 405 406 417 419 422
 423 425 427 429 433 434 436 439 440 445 453 454 464 466 473 475 479 480
 482 483 487 489 491 493 494 504 505 509 512 514 516]

========== Cluster 1 ==========

Base classifier: SVC(probability=True)

Minority Class: 1

Selected Features: [  0   1   2   3   4   5   6   7   8   9  10  11  12  13  14  15  16  17
  18  19  20  21  22  23  24  25  26  27  28  29  30  31  32  33  34  35
  36  37  38  39  40  41  42  43  44  45  46  47  48  49  50  51  52  53
  54  55  56  57  58  59  60  61  62  63  64  65  66  67  68  69  70  71
  72  73  74  75  76  77  78  79  80  81  82  83  84  85  86  87  88  89
  90  91  92  93  94  95  96  97  98  99 100 101 102 103 104 105 106 107
 108 109 110 111 112 113 114 115 116 117 118 119 120 121 122 123 124 125
 126 127 128 129 130 131 132 133 134 135 136 137 138 139 140 141 142 143
 144 145 146 147 148 149 150 151 152 153 154 155 156 157 158 159 160 161
 162 163 164 165 166 167 168 169 170 171 172 173 174 175 176 177 178 179
 180 181 182 183 184 185 186 187 188 189 190 191 192 193 194 195 196 197
 198 199 200 201 202 203 204 205 206 207 208 209 210 211 212 213 214 215
 216 217 218 219 220 221 222 223 224]

Labels: [0 1 0 0 0 1 1 1 1 1 0 1 0 0 1 1 1 0 1 0 0 1 1 1 1 1 0 0 1 1 1 1 1 0 0 1 0
 1 0 0 1 0 1 0 1 0 1 0 0 1 0 0 0 0 0 1 1 1 0 0 1 0 0 0 0 0 1 0 1 1 1 1 0 1
 1 1 1 0 1 1 0 1 0 0 1 0 0 0 1 1 0 1 0 0 0 0 1 1 1 0 1 0 1 1 1 1 0 0 0 0 1
 0 0 0 1 0 0 0 0 1 0 0 1 1 1 0 1 1 1 0 0 0 0 0 1 0 0 1 1 0 0 1 0 1 1 1 1 0
 1 1 0 0 0 0 0 0 0 0 1 1 1 1 1 1 0 1 1 1 1 0 0 0 0 1 1 1 1 0 0 0 0 1 0 0 0
 1 0 1 1 0 0 0 1 0 0 0 1 1 0 1 0 0 0 0 0 1 1 0 0 0 1 1 1 1 0 1 0 1 0 0 1 1
 0 1 1 1 1 0 0 1 0 1 0 0 0 1 0 0 0 1 0 0 1 0 1 1 0 0 1 1 0 0 1 1 1 0 0 1 0
 0 1 1 0 0 1 0 1 1 1 1 1 0 0 0 0 0 0 0 0 1 0 1 0 1 1 1 1 1 0 1 1 0 1 1 0 0
 1 0 1 1 1 1 0 1 1 0 0 0 0 0 0 1 1 0 0 1 1 0 1 1 0 0 1 1 1 0 1 0 0 1 0 0 0
 1 1 1 0 1 1 1 1 0 0 1 1 0 1 1 0 0 1 0 0 0 1 0 0 1 0 1 0 1 0 1 0 1 0 0 0 0
 0 0 0 1 1 0 0 0 0 1 0 1 1 0 1 1 0 0 1 0 0 1 0 1 1 0 1 0 1 0 1 0 1 0 0 0 1
 0 0 0 1 0 0 1 0 0 1 1 0 0 0 1 0 0 0 0 1 0 1 1 1 1 0 0 0 0 1 0 0 1 0 1 1 0
 1 0 1 1 0 1 1 0 1 0 0 1 1 1 0 0 1 0 1 1 0 0 0 1 1 0 1 0 1 1 1 1 1 1 0 0 0
 0 0 0 0 0 1 0 0 0 0 0 0 1 0 0 1 0 0 1 0 1 1 0 1 0 1 0 1 1 1 1 1 0 0 1 1 1
 1 0 1 0 1 0 1 1 0 1 0 1 0 0 0 0 1 1 1 1 0 0 1 1 1 0 1 0 0 1 0 1 0 1 0 1 1
 1 1 1 0 1 0 0 0 1 1 0 0 0 1 1 1 1 0 1 0 1 1 0 1 0 0 0 1 1 0 0 1 1 0 0 0 0
 1 0 1 1 1 0 1 1 0 0 1 0 0 1 0 1 0 1 1 1 1 0 0 1 0 1 1 0 1 1 1 1 0 1 0 1 1
 0 1 0 0 0 1 0 1 1 1 0 0 1 0 0 1 1 0 0 1 1 0 1 1 0 1 0 1 0 1 1 1 1 1 0 0 0
 1 1 1 0 1 1 1 1 0 0 0 1 1 1 1 1 1 0 1 0 0 1 1 1 0 1 0 1 0 0 1 1 0 0 0 0 0
 1 0 1 0 1 0 0 0 0 1 1 1 0 1 1 0 0 0 1 1 1 0 1 1 1 1 1 1 1 1 1 0 0 1 1 0 1]

Synthetic samples indexes: [  1   6   7   9  11  15  16  30  40  42  46  49  55  56  70  71  74  75
  76  78  79  84  89  97  98 102 104 114 119 122 128 143 144 146 158 160
 161 162 167 168 174 176 197 199 206 213 215 217 220 221 223 226 231 235
 239 242 248 252 254 261 264 268 281 283 287 292 293 296 299 303 304 311
 315 316 318 323 324 326 333 335 337 339 343 344 346 363 365 374 381 382
 384 393 394 398 400 402 406 410 413 417 421 426 429 431 436 439 442 444
 446 450 452 455 457 462 467 470 473 476 477 486 493 499 502 506 510 512
 515 516 517 518 534 535 537 544 547 549 551 555 559 563 564 569 573 595
 596 598 599 607 609 612 617 618 630 641 651 654 656 658 659 662 666 667
 668 677 680 681 682 684 687 688 693 696 697 703 707 714 716 721 723 726
 727 729 731 732 736]

