Clustering algorithm selected: kmeans++
=====================================

Clustering evaluation metric: dbc
Clustering evaluation value: 0.47332092962168004

========== Cluster 0 ==========

Base classifier: LogisticRegression()

Minority Class: 1

Selected Features: [ 0  1  2  3  4  5  6  7  8  9 10 11 12 13 14 15 16 17 18 19 20 21 22 23
 24 25 26 27 28 29 30 31 32 33 34 35 36 37]

Labels: [0 0 1 1 0 1 0 0 0 0 0 0 0 1 1 0 1 1 0 0 1 0 1 1 0 0 1 0 0 0 0 1 0 0 1 1 0
 0 1 0 0 1 1 0 1 1 0 1 0 0 0 0 1 1 1 0 1 0 0 0 0 0 1 0 0 1 0 0 0 1 1 1 1 1
 0 0 1 1 1 1 0 1 1 0 0 1 1 0 0 0 0 1 0 1 0 1 1 0 0 0 0 1 1 0 1 1 0 0 1 1 0
 1 1 1 0 1 1 1 1 1 0 0 1 1 0 1 0 1 1 1 1 0 0 0 1 0 1 1 0 0 1 0 1 0 0 1 1 1
 0 1 0 1 1 1 1 1 0 1 1 1 1 0 1 1 1 1 1 0 0 0 0 1 1 0 1 0 1 1 1 1 1 0 1 1 1
 0 0 0 1 0 1 1 0 1 0 0 0 1 1 0 1 1 1 1 1 0 1 0 0 0 0 0 0 1 0 1 1 1 1 0 0 0
 1 0 0 1 0 0 1 1 1 0 0 1 0 0 1 1 0 0 0 0 1 1 0 1 0 1 0 1 1 0 0 0 0 0 0 1 0
 0 0 1 0 1 0 0 0 0 0 0 1 1 1 1 0 0 0 1 0 0 0 1 0 0 1 0 1 0 0 1 1 1 0 1 0 0
 1 0 0 1 1 1 1 0 1 0 0 0 1 1 0 0 0 1 1 1 1 1 1 1 1 1 1 0 1 1 1 0 1 0 0 0 0
 1 0 1 1 1 1 0 1 1 1 0 1 1 0 0 1 1 1 1 0 0 0 0 0 1 0 1 0 1 1 1 0 0 1 1 1 0
 1 0 1 1 1 0 0 0 1 0 1 1 1 0 0 0 1 0 0 1 1 1 0 0 0 1 0 0 0 1 1 1 1 1 0 0 0
 1 1 0 0 1 0 0 0 0 1 0 0 1 0 0 0 1 0 0 1 1]

Synthetic samples indexes: [  2   3   5  13  41  42  44  54  69  70  76  79 101 104 109 118 119 145
 146 149 154 158 159 172 177 182 183 184 191 204 206 218 245 247 250 257
 290 291 293 299 302 309 336 337 345 348 351 366 373 382 386 389 390 416]

========== Cluster 1 ==========

Base classifier: SVC(probability=True)

Minority Class: 1

Selected Features: [ 0  1  2  3  4  5  6  7  8  9 10 11 12 13 14 15 16 17 18 19 20 21 22 23
 24 25 26 27 28 29 30 31 32 33 34 35 36 37]

Labels: [1 0 0 1 0 1 0 0 0 1 1 1 0 0 1 0 1 0 0 1 0 1 1 0 0 1 0 0 1 1 0 0 1 0 0 0 0
 0 1 1 0 0 0 1 0 1 1 0 0 1 1 0 0 1 1 1 1 0 1 1 0 1 1 0 1 1 1 1 0 0 1 0 0 0
 1 1 0 0 0 0 1 1 0 0 0 0 1 0 0 1 0 1 1 1 1 0 0 1 0 1 0 0 1 1 0 1 0 0 0 1 1
 1 1 0 0 0 1 1 1 1 0 0 1 1 1 0 1 1 0 0 0 0 1 1 1 1 0 0 0 1 0 1 1 1 1 0 1 0
 1 1 0 0 1 0 1 0 1 1 0 1 0 0 0 0 1 0 1 0 1 0 0 0 0 1 1 1 0 1 1 1 0 0 1 1 1
 1 0 0 0 0 1 0 0 1 0 1 0 0 0 0 1 1 0 0 1 0 0 0 1 1 1 0 0 1 1 1 1 0 1 0 0 0
 1 1 0 1 0 0 0 1 1 1 0 0 1 1 1 0 0 1 0 0 1 1 0 1 1 1 0 1 1 1 1 1 0 0 0 0 1
 1 1 1]

Synthetic samples indexes: [  9  22  28  49  58  74  89  91  94 102 179 200 214 215 222]

