Clustering algorithm selected: kmeans++
=====================================

Clustering evaluation metric: dbc_ss
Clustering evaluation value: 0.2672579768121278

========== Cluster 0 ==========

Base classifier: RandomForestClassifier()

Selected Features: [167 209  39 152   3 118  85 103 204   8 221 126 142 181  12  73  69 157
  34 135 172   4  71 122  90 108  77  75 113  62  30 213 149  18  88  67
  41 203   6  52  83 101 160  53  95 175 174 180 117 215 223 119 124 188
 195  99 173 133  80 217  17 178 100  59 143  65 155  48 169 151  20 208
  92  82  93 214  70 154 153  81 187 216 109  45 166  38  55  29  94 150
 186 115 198  74 141 218 116 164 171   2  13 207 130   7 123 191 177   5
  28 162 146 158 220  51 104 197  23  98 134 131 132 140 139 159 156 148
 138 137 136 224 211 212 219 222 210 205 206 200 201 202 199 196 147 145
 144 176 179 182 183 189 190 185 184 168 165 163 170 161 194 193 192 128
 129  64  66  76  78  79]

Labels: [0 0 0 0 0 1 0 0 1 0 0 0 0 0 0 1 0 0 1 0 0 1 0 0 1 0 0 0 1 0 0 1 0 0 1 0 0
 0 0 0 0 0 0 0 1 1 0 0 0 0 1 1 0 0 0 1 0 0 1 0 0 0 0 1 1 0 0 0 0 0 0 0 1 1
 0 0 1 1 1 0 0 0 1 1 0 0 1 0 0 1 0 0 0 1 0 1 0 0 1 0 0 0 0 1 0 0 0 0 0 0 0
 0 0 0 0 1 0 0 0 0 0 0 1 0 1 1 1 0 0 1 1 1 0 0 0 1 1 0 0 0 1 0 0 0 0 0 0 0
 0 0 0 0 0 0 0 0 1 0 0 0 0 0 0 0 0 0 0 1 1 0 1 0 1 0 1 1 0 1 0 0 0 1 1 1 0
 0 0 0 0 0 0 0 0 0 1 1 0 1 0 0 1 0 0 0 0 0 0 1 0 1 0 0 0 0 0 0 0 0 0 0 0 0
 0 0 0 0 1 1 0 0 0 0 0 1 0 0 0 0 0 0 0 1 1 0 1 0 1 0 1 0 0 0 0 0 0 1 1 0 1
 1 1 0 0 0 1 0 0 1 1 0 0 0 0 0 0 0 0 1 0 0 0 0 0 0 0 0 0 0 0 0 0 0 0 0 0 0
 1 0 0 0 0 1 0 1 0 0 0 0 0 1 1 0 0 1 0 0 0 0 0 1 0 1 0 0 0 0 0 0 0 0 0 0 1
 0 0 0 0 0 0 0 0 0 0 1 0]

========== Cluster 1 ==========

Base classifier: LogisticRegression()

Selected Features: [183 135 157 111 155 210 175   3   6 110 192 195 220 122   0 206  23  33
 181  59  39  44  88 130  79 199  56 134 202  29  15 211  67  17 187  97
 201 159  55 215  83  92 109 177 190 198 208   4  98  91 200 114  65  74
  13  50  95 191  61 185 178 213  54 141 158  32 106   2 113 125 127 100
 219 149 214 173  22 126 153 129   5  16  21  42  85 165  90  20  58 103
 143  11  80 209 168 189 221 142 119 169 112 163  36 194  37 128 131 150
 148 147 146 145 144 156 154 133 132 139 138 137 136 140 151 166 167 164
 162 161 160 184 182 179 176 223 216 217 222 212 207 205 204 203 197 196
 193 224 218 152 180 186 188 172 174 171 170  96  99 115 118 117 116  64
  66  69  68  70  71  73  72  78  77  75  76  84  86  82  81  87  94  93
  89 124 123 121]

Labels: [1 0 0 0 0 0 0 0 1 0 1 1 1 1 0 0 0 0 0 0 0 0 0 0 0 0 1 1 1 0 1 0 0 0 1 0 0
 1 0 0 0 0 0 1 0 0 0 1 1 0 1 0 0 0 0 1 1 1 0 0 0 0 0 0 1 1 1 0 0 1 1 0 0 0
 1 0 1 1 0 0 0 0 0 1 0 1 0 0 1 1 0 0 0 0 0 1 1 0 1 0 0 0 0 0 0 0 0 0 0 1 0
 0 0 1 1 0 0 0 1 0 1 1 1 0 1 0 0 0 1 0 0 1 0 1 1 0 0 0 1 0 0 0 0 0 0 0 0 0
 0 0 0 0 0 0 0 1 0 0 0 0 0 0 0 0 0 0 0 1 0 0 1 0 1 0 0 0 1 1 1 0 1 0 1 0 0
 0 0 0 1 1 1 1 0 0 0 0 0 0 0 0 1 0 0 0 1 0 0 0 0 0 0 0 1 0 1 0 0 0 0 0 0 0
 1 0 0 0 0 1 1 1 1 0 0 0 1 1 0 0 0 0 0 1 1 0 1 0 0 0 0 0 0 0 1 1 0 0 1 0 0
 1 1 1 1 1 0 1 0 1 0 0 1 0 1 1 1 0 0 0 0 1 1 0 1 0 0 0 1 0 0 0 1 0 0 1 1 1
 0 1 0 1 0 0 1 0 1 0 0 1 0 0 0 0 1 0 1 0 1 0 0 1 1 0 1 0 0 0 0 1 0 1 0 0 0
 1 0 0 0 0 0 0 1 0 0 0 0 1 0 1 0 0 0 1 1 0 0 0 1 0 0 0 0 1 0 0 0 0 0 0 0 0
 0 1 0 0 0 1 0 1 0 1 1 0 1 1 0 1 1 1 0 0 0 0 0 0 1 0 0 0 0 0 1 0 0 1 0 0 0
 0 1 0 1 0 0 0 0 1 1 1 0 0 0 1 0 0 0 0 0 1 0 0 0 1 1 0 1 0 0 0 0 0 0 0 1 0
 0 0 1 1 1 0 0 0 0 0 1 0 0 1 0 0 1 0 0 0 0 0 0 1 0 1 0 1 0 0 0 1 1 1 0 0 0
 0 0 0 0 0 1 1 0 1 1 0 0 0 0 0 1 0 1 0 0 0 1 0 0 1 0 1 0 1 0 0 0 0 0 1 0 1
 1 0 0 1 1 1 1 0 0 0 1 0 1 0 1 0 0 1 1 0 1 0 1 1 0 0 1 1 0 1 0 1 1 1 0 1 0]

