Clustering algorithm selected: fcm
=====================================

Clustering evaluation metric: dbc_ss
Clustering evaluation value: 0.34795011578577134

========== Cluster 0 ==========

Base classifier: SVC(probability=True)

Selected Features: [184 141  51 198 200 206 212 205 105 154  69 133  44  86 211 135 172  78
 129 164 130 132  39  95 210  85 220 217 139 207   5 209 216  45 138 147
 178 142 113 143 101  74  68 195 102  71 189  15  62   4 215 219  75 151
  94  96  60 202 144 123 187  22 176  28 175 152 114 118  53 173 161 153
 177 140 111 218  20  38  92 223   0  23   7 167  16 193 148  63  17  64
  12  18  61  14  66  67  13  65  11  59  10  70   9   8  72  73   6   3
   2  76  77   1  19  42  21  41  40  80  37  43  36  35  34  33  32  46
  31  30  47  48  49  50  29  52  27  54  55  26  56  57  58  25  24  79
 224  81  82 181 180 179 174 171 170 169 168 166 165 163 162 160 159 158
 157 156 182 183 185 201 222 221 214 213 208 204 203 199 186 197 196 194
 192 191 190 188 155 150 149  97 107 106 104 103 100  99  98  93 109  91
  90]

Labels: [1 0 1 0]

========== Cluster 1 ==========

Base classifier: RandomForestClassifier()

Selected Features: [  3 195   0  91  22 175 126 150 144 181  15 106  46 139   8 124   9 152
 198 217 177 132 183  58  12 142 149 214  48 221  84  27 166 215 155 147
 180 105 202 133  97  79 197 179 114  64   4 188  68 219 108  43  80 223
  50 218 185 169 153  18  16 123 131  95 220  93  62 209 138 159 161 113
  78  23  61   2  32  63  85  34 158   5  28 207 162 111  41 163  54  66
 194 128 165 107 176  31 190   1  40 102 210 168 112  89  92 156 121  42
 192 191  33 189  35  36  37  38  39 187 186 184  44  45 182  47 178  49
 174  51  52  53 173  55  56  30  29 172 193 222 216 213 212 211   6   7
 208 206  10  11 205  13  14 204 203  17 201  19  20  21 200 199  24  25
  26 196  57  60  59 135  94 141  96 140  98  99 100 101 137 103]

Labels: [0 0 0 0 1 0 0 1 0 0 0 0 0 0 0 1 0 0 0 0 1 0 0 0 0 1 0 0 0 1 0 0 0 1 0 0 1
 0 0 1 1 0 0 0 0 0 0 0 0 0 1 1 0 0 0 0 1 0 0 0 0 0 1 0 0 0 0 1 1 0 0 0 0 0
 0 0 0 0 0 0 1 1 0 1 1 0 0 1 1 1 0 0 0 0 0 0 1 1 0 0 1 0 0 0 1 0 0 0 1 1 0
 1 0 0 0 1 0 1 0 0 0 1 0 0 0 0 0 1 1 0 1 0 0 0 0 1 0 1 0 0 1 0 0 0 0 0 0 0
 1 0 0 1 0 1 0 0 0 1 0 0 0 0 0 1 0 0 0 0 0 0 0 0 0 0 0 0 1 0 0 0 1 0 0 0 0
 0 0 1 0 0 0 0 0 0 0 0 1 0 0 1 1 0 0 0 1 1 1 0 0 0 1 1 1 0 0 0 0 0 0 1 0 0
 0 1 0 0 0 0 0 0 0 0 0 0 0 0 0 1 0 1 0 0 0 0 0 0 0 0 0 0 0 0 0 0 1 1 0 0 0
 1 1 0 1 1 0 1 0 0 0 0 1 0 0 0 0 0 0 0 0 0 0 0 1 0 0 0 0 1 0 1 0 0 0 0 0 0
 0 1 1 0 1 0 1 0 0 0 0 0 0 0 0 0 1 1 0 0 1 1 1 0 0 0 1 0 0 1 1 0 0 0 0 0 0
 0 0 0 0 1 0 0 0 0 0 0 0 0 0 0 0 0 0 0 0 1 0 0 0 1 0 0 0 0 1 0 0 0 1 0 0 0
 0 0 1 1 0 0 1 0 0 0 0 0 0 0 1 1 0 1 0 0 1 0 0 0 0 0 0 0 0 0 1 0 0 0 0 0 0
 0 0 0 0 1 0]

========== Cluster 2 ==========

Base classifier: SVC(probability=True)

Selected Features: [166  54 215   0   6  56   3 128 163 136   1  85  30  46 133 214 159 149
  86  63 182  95 129 199 216 145 189  33 147  11 178  19  92  55  49  40
 152 200  59 217 148 131 109 155  22 102  70 135  21 130 142 208 175  80
 191 206 139  79 116 169 186 173  74 146   7 198  48  62 123  93 205 100
  45  44 144 168 211 221 188 127 201 197  82  39 223 181 192 118 132 157
 114 141 140 172  28 119 177  98   4  23 143  76  16  89  14 160  27  51
 154  65 117 110  87 150  10  72  15  90 107 174  64  61  68  67   8   2
  60  66  17  36   9  20  18  13  35  57  58  50  43  42  32  12  47  31
  29  52  24  38  53  26  25   5  41  34  37 224  69 176 187 185 184 183
 180 179 171 156 170]

Labels: [1 0 0 0 0 0 0 0 0 1 0 1 1 1 1 0 0 0 0 0 0 0 1 1 1 0 1 0 0 1 0 0 1 0 0 0 0
 0 1 0 0 0 1 1 0 1 0 0 0 0 1 1 1 0 0 0 0 0 0 1 1 0 0 1 1 0 0 0 1 1 0 1 1 0
 0 0 1 0 0 1 0 1 0 0 1 1 0 0 0 0 0 1 1 0 1 0 0 0 0 0 0 0 0 0 0 1 0 0 1 1 0
 1 1 0 1 0 0 1 0 0 1 0 1 1 0 0 0 1 0 0 0 0 0 0 0 0 0 0 0 0 0 1 0 0 0 0 0 0
 0 0 0 0 1 0 0 1 0 1 0 0 0 1 1 0 1 1 0 0 0 0 0 1 1 0 0 0 1 0 0 1 0 1 1 0 0
 0 1 0 1 0 0 1 0 0 0 1 0 0 1 0 1 0 1 0 0 0 0 0 0 0 0 1 0 0 0 1 0 0 1 1 1 0
 0 1 1 0 0 0 0 0 1 0 0 0 0 0 1 0 1 0 0 0 0 1 0 1 0 0 0 0 1 1 1 0 0 0 1 0 0
 0 1 1 0 1 0 0 0 0 0 1 0 1 0 0 1 1 1 1 1 0 1 0 1 0 1 1 1 0 0 0 1 1 1 0 0 0
 1 0 0 1 0 1 1 1 0 1 0 0 0 1 0 1 1 0 0 0 0 0 0 0 0 0 1 1 0 1 1 1 0 0 0 0 0
 0 1 0 0 0 0 0 1 0 0 1 0 0 1 0 1 0 1 0 0 0 0 1 1 1 0 0 0 1 0 0 0 0 0 1 0 0
 1 1 0 1 0 0 0 0 0 0 1 0 0 0 1 1 1 0 0 0 1 0 0 1 0 0 1 0 0 0 0 0 0 1 0 1 0
 1 0 0 0 1 1 0 0 0 0 0 0 1 1 0 1 1 0 0 0 0 0 1 0 1 0 0 0 1 0 0 1 0 1 0 1 0
 0 0 0 1 1 0 0 1 1 1 0 0 0 1 0 1 0 1 0 1 1 0 1 0 1 1 0 0 1 1 0 1 0 1 1 1 0
 1 0]

