Clustering algorithm selected: kmeans++
=====================================

Clustering evaluation metric: dbc
Clustering evaluation value: 0.09965103118303674

========== Cluster 0 ==========

Base classifier: GaussianNB()

Selected Features: [1 7]

Labels: [0 1 1 1 1 1 1 1 1 1 0 0 0 1 0 0 0 1 1 0 0 1 0 0 0 0 1 1 0 1 0 0 1 0 0 1 1
 0 0 0 0 0 0 1 1 0 0 1 1 0 0 0 1 0 0 1 1 0 1 0 0 0 0 1 0 0 0 0 0 1 0 1 1 0
 0 0 1 1 1 0 1 0 1 1 1 0 1 0 0 0 1 0 1 0 1 0 1 0 1 0 1 1 0 1 1 1 1 0 1 0 0
 1 0 0 1 1 0 0 0 0 0 1 0 0 0 0 1 0 0 1 0 1 1 1 1 0 0 0 0 0 0 0 0 1 0 0 1 0
 1 1 0 1 1 0 0 0 1 1 0 1 0 1 1 0 1 1 0 1 1 1 0 0 1 1 1 1 0 0 0]

========== Cluster 1 ==========

Base classifier: GaussianNB()

Selected Features: [4 1 7 5 6]

Labels: [0 0 0 0 0 1 0 0 0 0 0 1 1 0 1 0 0 0 1 1 0 1 1 0 1 1 0 1 1 0 0 0 1 1 0 0 1
 1 1 1 0 1 1 1 1 1 1 1 0 1 0 0 1 0 1 1 0 0 1 0 0 1 1 0 1 0 1 1 1 0 0 0 0 0
 1 0 1 1 1 1 1 1 1 0 0 1 1 0 0 0 0 0 1 1 0 1 0 0 0 0 1 0 1 1 1 1 1 1 1 1 1
 0 0 0 1 0 0 1 1 1 1 1 0 1 0 1 1 1 0 0 0 1 1 1 1 0 0 1 0 0 0 0 0 1 1 0 1 0
 1 1 1 1 0 0 0 0 0 0 1 0 0 1 0 1 1 1 0 0 0 1 1 1 1 1 0 1 1 1 1 1 1 0 0 0 0
 0 1 0 1 1 0 1 1 0 0 0 1 1 0 1 1 1]

========== Cluster 2 ==========

Base classifier: GaussianNB()

Selected Features: [1 4 5 7 3]

Labels: [0 0 0 0 0 0 0 1 0 0 0 0 0 1 1 0 0 0 0 1 0 0 0 0 0 0 0 0 1 0 0 0 1 0 0 0 0
 0 0 0 1 0 0 1 0 0 0 0 0 0 0 0 0 0 1 0 0 1 0 0 0 0 0 1 0 0 0 0 0 1 0 0 1 0
 1 1 0 0 1 0 0 0 1 0 0 0 0 0 0 0 0 0 0 0 0 0 0 0 1 0 0 0 0 0 0 0 0 0 0 0 1
 0 0 0 0 0 0 0 0 0 0 0 0 0 0 0 1 0 0 0 0 1 0 1 0 0 0 0 1 1 0 1 1 1 0 0 0 0
 0 0 1 0 0 0 0 1 0 0 0 0 0 0 0 0 0 0 1 1 1 1 0 0 0 0 0 0 0 0 0 0 0 0 0 0 0
 0 0 0 0 0 0 0 0 0 0 0 0 1 0 0 0 0 0 1 0 0 0 0 0 0 0 0 0 1 0 1 0 0 0 0 1 0
 0 0 1 0 0 0 0 0 0 0 0 1 0 0 0 0 0 0 0 0 1 1 0 0 0 0 0 0 0 0 1 0 0 0 0 0 1
 1 1 0 0 1 0 0 0 0 0 0 0 0 0 1 0 0 0 0 0 0 0 0 1 0 0 0 0 0 0 1 1 0 0 0 0 0
 0 0 1 0 0 0 0 0 0 0 0 0 1 0]

