============== PSO parameters ==============
{'svm': [{'cost': np.float64(716.5472102676543), 'gamma': np.float64(379.42478077073673)}, {'cost': np.float64(29.056058381085403), 'gamma': np.float64(148.31629794709437)}, {'cost': np.float64(340.1367326758298), 'gamma': np.float64(864.865013545456)}, {'cost': np.float64(457.2650167512536), 'gamma': np.float64(664.8924349356776)}], 'extra_tree': [{'n_estimators': 180, 'max_depth': 6, 'min_samples_split': 3, 'min_samples_leaf': 3}, {'n_estimators': 63, 'max_depth': 7, 'min_samples_split': 2, 'min_samples_leaf': 8}, {'n_estimators': 246, 'max_depth': 3, 'min_samples_split': 3, 'min_samples_leaf': 4}, {'n_estimators': 371, 'max_depth': 2, 'min_samples_split': 2, 'min_samples_leaf': 5}], 'grad_boost': [{'n_estimators': 6, 'max_depth': 5, 'min_samples_split': 8, 'min_samples_leaf': 7, 'learning_rate': np.float64(0.2997789384664356)}, {'n_estimators': 136, 'max_depth': 4, 'min_samples_split': 7, 'min_samples_leaf': 9, 'learning_rate': np.float64(0.1739520255696343)}, {'n_estimators': 308, 'max_depth': 10, 'min_samples_split': 3, 'min_samples_leaf': 8, 'learning_rate': np.float64(0.3693931190905487)}, {'n_estimators': 245, 'max_depth': 7, 'min_samples_split': 7, 'min_samples_leaf': 10, 'learning_rate': np.float64(0.8903701824891351)}]}

Optimal clusterer: gb

External clustering metrics:
adjusted_rand_score: 0.023511781090206366
normalized_mutual_info_score: 0.030379577508661503
v_measure_score: 0.030379577508661503
fowlkes_mallows_score: 0.3289390208660323

Internal clustering metrics:
silhouette: 0.2655716698297316
davies_bouldin: 1.365900328699228
calinski_harabasz_score: 393.11042919663754

Base classifier: gb
========== Cluster 0 ==========

Labels: [1 0 1 0 1 0 1 2 1 0 0 2 0 0 1 0 0 0 2 2 1 0 2 1 1 0 0 0 0 1 2 0 1 1 2 2 1
 2 0 0 2 2 1 1 1 1 1 1 2 1 1 0 1 0 2 0 2 1 0 0 2 0 1 2 0 1 0 0 1 2 2 0 1 0
 0 1 1 1 0 2 0 1 1 1 2 0 2 0 1 2 2 0 2 2 0 0 2 2 2 2 0 1 1 2 2 1 0 0 1 2 2
 1 2 1 2 0 1 0 1 2 1 2 1 2 2 1 2 2 1 2 0 1 0 2 0 0 2 2 1 1 1 1 1 0 2 0 1 2
 2 1 1 1 2 2 2 2 0 0 0 2 1 0 2 2 1 0 2 1 0 1 1 1 1 0 2 1 2 2 2 2 0 0 0 1 0
 1 0 1 0 0 0 0 1 2]

========== Cluster 1 ==========

Labels: [0 0 0 2 2 2 0 2 2 2 2 2 0 0 0 0 0 0 2 0 0 2 0 0 2 0 2 0 0 0 2 2 0 0 2 0 1
 0 0 2 2 0 0 0 0 0 0 0 2 2 0 0 2 0 2 0 2 2 2 0 2 2 0 0 0 2 2 0 2 2 1 0 0 0
 2 0 2 0 1 2 2 1 2 2 2 2 0 0 1 0 1 0 2 2 1 2 0 2 0 0 2 2 2 2 0 0 2 2 2 0 0
 0 2 0 0 0 1 2 0 0 0 2 1 0 0 0 0 0 0 2 1 0 0 0 2 0 0 0 0 2 0 1 2 2 2 2 0 0
 2 1 0 0 2 2 2 2 0 2 0 2 0 2 1 2 2 0 2 0 0 2 2 2 2 0 0 0 0 0 0 0 0 0 2 2 2
 2 2 2 0 1 0 2 0 0 2 1 0 2 2 1 0 0 2 2 1 0 0 0 0 1 0 0 2 1 0 2 0 2 0 2 0 0
 2 0 0 1 0 2 2 2 0 0 0 0 0 0 0 0 0 0 0 2 2 2 0 0 0 0 0 0 0 2 2 1 2 2 0 0 1
 2 0 1 0 0 0 2 0 2 0 0 1 0 0 2 2 2 0 2 0 0 0 0 0 0 2 2 0 0 0 2 2 0 0 2 0 0
 2 2 0 0 2 0 0 0 0 1 0 0 0 0 2 0 2 1 2 0 0 2 0 1 1 2 1 2 1 0 0 2 0 2 2 0 2
 0 0 2 0 2 1 2 2 2 0 0 1 0 0 0 2 0 1 0 0 0 0 0 0 0 0 0 0 0 2 1 2 0 0 0 0 2
 1 2 0 2 2 0 2 0 2 0 0 0 0 2]

========== Cluster 2 ==========

Labels: [0 0 2 1 0 2 2 0 0 1 2 2 0 1 0 0 0 1 0 2 0 1 0 1 2 0 0 2 0 0 0 0 0 0 0 1 0
 0 1 0 2 2 1 0 0 1 2 0 0 1 2 2 0 0 0 0 2 0 0 0 1 0 2 1 1 2 2 0 0 2 2 2 0 2
 2 0 0 0 0 0 2 0 2 2 1 2 1 0 0 2 0 1 2 0 2 1 0 2 2 2 0 2 0 0 1 0 1 2 0 0 0
 0 0 2 0 1 2 0 2 0 0 1 0 0 0 1 0 0 2 1 0 0 0 1 2 1 1 1 2 0 2 0 0 0 2 0 0 0
 2 0 1 0 2 0 0 1 2 2 0 0 0 2 0 1 1 2 0 0 0 2 0 0 2 0 0 0 1 2 1 0 1 0 0 2 0
 0 0 0 2 2 1 1 1 2 2 0 1 0 0 0 0 1 2 2 0 0 0 2 0 0 1 1 0 1 2 0 0 0 1 2 0 1
 2 0 0 0 1 2 1 1 0 1 1 1 1 1 0 2 0 1 2 1 0 2 2 0 0 0 1 0 2 0 2 2 0 0 2 0 2
 0 0 2 2 0 2 0 0 1]

========== Cluster 3 ==========

Labels: [2 1 1 0 2 2 1 0 0 0 1 0 0 1 0 1 2 0 0 1 0 2 1 1 0 1 2 0 2 1 2 1 1 2 2 1 1
 0 0 0 0 0 0 2 1 0 1 0 1 2 1 1 0 2 2 1 2 0 2 2 2 1 0 2 0 2 1 0 0 0 1 2 0 2
 1 1 0 0 0 2 1 1 1 0 1 2 1 1 2 2 2 1 2 1 0 2 0 2 1 2 2 0 1 1 2 2 2 2 2 2 2
 2 2 0 0 0 1 1 1 2 1 2 0 1 1 1 1 0 1 1 1 1 2 2 1 0 1 0 1 1 2 2 0 2 1 1 2 2
 0 0 0 2 2 1 0 1 2 0 2 0 0 2 2 2 1 1 0 2 1 0 2 0 2 0 1 2 0 0 2 1 1 2 2 1 0
 2 0 2 0 0 0 0 2 1 2 2 0 0 0 0 1 2 0 1 0 0 0 1 0 0 1 0 0 0 0 2 0 0 0 1 2 0
 2 1 2 0 0 0 0 2 1 2 0 0 1 2 2 0 0 1 2 0 2 2 0 0 2 2 0 1 0 2 0 1 1 0 0 2 0
 0 2 2 1 1 2 0 1 2 0 2 2 0 0 0 1 1 2 2 2 1 2 2 0 2 0 1 1 2 1 0 1 0 2 1 1 0
 0 2 2 1 2 1 2 0 2 2 2 0 0 0 1 2 2 2 2 2 2 1 2 2 0 2 1 0 1 1 2 0 2 0 1 1 1
 1 1 2 2 2 1 2 2 0 2 2 2 2 0 0 2 0 2 2 2 0 2 1 2 0 2 1 1 2 1 1 1 1 1 1 0 1
 2 2 0 2 1 1 2 1 1 2 2 2 2 0 1 0 1 0 0 1 0 1 2 0 2 1 0 1 2 0 0 0 0 0 2 2 1
 0 2 2 2 2 2 2 2 1 2 1 2 0 2 0 1 1 0 0 2 1 2 2 0 2 2 2 2 0 0 0 1 0 1 0 0 1
 2 2 2 0 0 2 2 0 0 1 0 2 0 2 2 2 1 0 2 2 1 1 2 2 1 1 2 0 1 2 2 2 2 1 0]

