============== Classifiers Parameters ==============
[{'n_estimators': 221, 'max_depth': 8, 'min_samples_split': 7, 'min_samples_leaf': 9, 'learning_rate': 0.1950678921688846}, {'n_estimators': 382, 'max_depth': 7, 'min_samples_split': 3, 'min_samples_leaf': 6, 'learning_rate': 0.24987256482844325}, {'n_estimators': 264, 'max_depth': 9, 'min_samples_split': 3, 'min_samples_leaf': 3, 'learning_rate': 0.20529921424769768}, {'n_estimators': 193, 'max_depth': 5, 'min_samples_split': 5, 'min_samples_leaf': 8, 'learning_rate': 0.7052570880068151}, {'n_estimators': 156, 'max_depth': 1, 'min_samples_split': 3, 'min_samples_leaf': 5, 'learning_rate': 0.6088854049180773}, {'n_estimators': 473, 'max_depth': 5, 'min_samples_split': 7, 'min_samples_leaf': 7, 'learning_rate': 0.2797062100442651}, {'n_estimators': 142, 'max_depth': 2, 'min_samples_split': 6, 'min_samples_leaf': 8, 'learning_rate': 0.2796398641324318}, {'n_estimators': 113, 'max_depth': 1, 'min_samples_split': 9, 'min_samples_leaf': 7, 'learning_rate': 0.3630724705158459}, {'n_estimators': 307, 'max_depth': 4, 'min_samples_split': 6, 'min_samples_leaf': 10, 'learning_rate': 0.5922679188316015}]

Optimal clusterer: kmeans

External clustering metrics:
adjusted_rand_score: -0.006871443622878213
normalized_mutual_info_score: 0.018610780123094067
v_measure_score: 0.01861078012309407
fowlkes_mallows_score: 0.5171379467716826

Internal clustering metrics:
silhouette: 0.23349192898856247
davies_bouldin: 1.3059137971930566
calinski_harabasz_score: 161.4307293458146

Base classifier: gb
========== Cluster 0 ==========

Labels: [0 0 2 2 0 0 1 0 0 0 0 0 2 2 0 0 1 0 0 1 0 1 2 0 2 2 0 0 1 0 2 0 0 2 2 0 0
 2 0 2 0 2 0 0 0 0 2 2 2 0 0 0 0 2 2 2 1 0 0 0 2 0 0 0 0 0 1 0 0 2 1 0 2 0
 0 0 0 2 2 0 0 1 2 0 0 2 0 2 0 0 0 0 0 0 0 0 0 2 2 0 0 2 1 0 2 2 1 0]

========== Cluster 1 ==========

Labels: [0 2 0 2 2 1 0 2 0 0 2 0 2 2 0 0 0 1 0 2 0 0 2 0 2 2 2 0 1 0 0 0 0 2 0 2 0
 1 1 2 2 2 2 2 0 2 2 2 0 0 2 1 0 2 1 0 0 0 0 1 0 0 0 0 1 2 1 1 1 1 0 0 0 0
 0 0 0 1 2 0 2 0 0 0 0 0 0 2 0 0 2 2 2 0 2 0 1 0 2 2 2 0 0 2 0 0 0 0 0 0 2
 0 2 0 1 1 0 2 0 1 0 0 2 1 2 2 2 0 0 0 1 2 2 0 0 0 2 2 2 0 2 1 2 0 2 0 0 0
 1 2 2 2 0 1 2 2 2 2 0 0 0 2 2 0 0 1 0 0 1 0 1 2 2 0 0 0 2 2 2 0]

========== Cluster 2 ==========

Labels: [2 1 0 2 1 0 0 0 0 2 1 1 2 0 2 0 2 1 2 2 0 0 2 2 0 2 0 0 0 2 2 0 2 1 2 1 2
 1 1 2 2 2 1 2 1 0 2 1 0 2 2 2 0 2 2 0 2 2 2 1 2 2 2 2 2 1 2 2 0 2 2 1 2 2
 2 1 1 1 2 2 2 0 2 2 2 2 0 2 2 2 0 0 2 2 0 2 0 0 2 0 0 2 2 0 2 0 2 0 1 1 0
 0 2 0 2 1 0 0 2 0 2 2 0 2 0 1 0 0 1 0 2 2 0 0 1 0 1 2 0 2 0 0 1 2 2 2 2 0
 0 2 0 2 2 0 2 2 0 0 2 2 2 2 2 0 1 0 0 1 1 2 0 2 2 0 2 0 2 0 2 2 2 1 0 1 2
 2 2 1 1 1 0 2 2 2 0 0 2 1 2 2 2 0 2 0 1 2 2 2 2 2 0]

========== Cluster 3 ==========

Labels: [0 0 2 1 0 2 2 1 1 0 0 1 0 2 0 0 1 2 0 2 0 0 0 1 0 0 1 0 1 2 0 0 1 0 1 2 1
 2 1 0 2 2 2 1 2 2 0 0 2 0 0 2 0 1 0 1 1 2 2 0 2 2 2 0 0 2 1 1 0 2 1 2 2 1
 2 0 0 0 0 1 2 0 0 1 2 2 0 1 0 0 0 1 2 1 1 1 2 0 0 2 0 0 0 2 1 0 2 0 1 0 0
 0 2 1 0 0 1 2 1 1 2 0 2 1 1 1 2 0 1 0 0 1 2 2 0 0 0 0 0 1 1 2 0 0 0 1 2 0
 1 0 0 0 1 1 1 0 1 0]

========== Cluster 4 ==========

Labels: [1 0 0 1 0 1 2 1 0 1 1 1 1 0 0 0 0 0 2 1 0 1 1 2 1 1 2 1 2 2 1 1 0 0 2 0 1
 0 0 2 1 1 0 1 2 2 1 0 1 2 2 2 0 0 1 1 2 1 1 2 0 2 0 0 2 2 1 0 1 0 1 0 0 0
 0 0 2 1 1 0 1 0 0 0 0 1 2 1 1 2 1 0 1 1 1 0 1 1 0 1 0 1 1 1 0 2 1 0 1 0 2
 0 2 2 1 2 2 0 2 1 0 1 1 2 1 2 2 0 0 2 1 2 0 0 1 0 0 0 1 1 0 0 0 2 0 0 1 2
 0 2 1 0 0 0 0 2 1 2 1 2 2 0 2 0 2 0 1 0 2 2 1 2 2 0 0 1 2 2 0 2 1 1 2 1 1
 0 2 1 1 0 2 1 2 1 2 0 1 2 1 2 2 1 0 1 2 1 1 1 2 2 2 0 2 2 2 2 2 1 1 1 1 0
 2 2 1 1 2 1 2 2 0 1 1 0 1 0 0 1 0 1 2 0 0 0 2 0 2 2 2 1 2 2 0 0 0 2]

========== Cluster 5 ==========

Labels: [1 1 2 0 0 0 2 1 1 0 0 2 0 1 0 0 0 0 0 1 2 1 1 1 2 1 0 1 2 0 2 0 1 1 2 2 2
 0 1 2 2 1 2 2 1 2 0 0 1 1 1 1 2 1 2 1 2 2 2 0 0 2 1 0]

========== Cluster 6 ==========

Labels: [0 2 0 2 2 2 2 1 0 0 0 2 0 0 0 0 2 2 0 0 0 0 0 0 2 0 2 0 2 0 0 2 2 2 1 0 1
 2 2 0 2 0 0 2 1 0 2 0 2 0 2 2 2 1 0 2 0 2 2 2 1 2 1 0 1 0 0 0 0 0 0 1 2 0
 2 0 2 2 0 2 0 0 2 0 0 2 2 0 2 2 2 0 2 0 2 2 1 0 2 1 0 0 0 2 1 0 2 0 2 2 0
 0 0 0 0 0 0 0 0 0 0 0 1 0 0 2 0 0 0 0 0 0 0 0 0 1 0 2 2 2 0 1 1 0 0 2 2 2
 0]

========== Cluster 7 ==========

Labels: [1 0 1 0 1 0 2 0 0 0 0 1 2 2 1 0 0 0 1 2 0 1 1 2 1 2 2 0 2 2 1 1 1 1 1 0 0
 2 1 0 2 1 0 1 2 1 1 0 1 2 0 2 0 0 2 0 1 0 1 0 1 2 0 1 0 1 1 0 2 0 1 1 2 0
 1 2 2 0 2 2 0 0 2 2 1 1 2 2 1 0 0 2 2 1 1 0 0 1 2 1 1 2 1 2 2 2 1 2 0 0 2
 2 1 0 0 2 1 1 2 0 2 1 0 2 1 0 2 1 0 1 1]

========== Cluster 8 ==========

Labels: [0 0 0 2 0 2 0 2 0 0 0 2 2 0 0 0 0 0 0 2 0 0 0 2 0 2 0 2 0 0 1 0 0 2 2 2 0
 2 2 0 0 0 0 0 0 0 0 1 0 0 0 2 0 0 0 0 0 0 1 0 0 2 1 2 0 2 0 0 0]

