============== Classifiers Parameters ==============
[{'n_estimators': 178, 'max_depth': 2, 'min_samples_split': 7, 'min_samples_leaf': 7, 'learning_rate': 0.9878648665372407}, {'n_estimators': 48, 'max_depth': 1, 'min_samples_split': 5, 'min_samples_leaf': 3, 'learning_rate': 0.7284979431545276}]

Optimal clusterer: kmeans

External clustering metrics:
adjusted_rand_score: 0.021965207914087764
normalized_mutual_info_score: 0.02880579923557124
v_measure_score: 0.028805799235571243
fowlkes_mallows_score: 0.5510970608247531

Internal clustering metrics:
silhouette: -0.2517185913423069
davies_bouldin: 1.341764454267648
calinski_harabasz_score: 4.694098402336339

Base classifier: gb
========== Cluster 0 ==========

Labels: [1 1 1 0 0 2 1 2 0 0 1 1 0 1 0 0 1 1 1 2 2 0 0 0 2 1 1 1 0 2 1 0 1 2 0 1 2
 0 2 1 0 1 2 1 1 2 2 1 1 0 0 0 0 0 0 1 0 2 1 0 1 2 0 0 1 0 0 0 1 2 2 1 1 0
 1 2 2 0 1 2 1 2 0 0 2 0 0 2 2 2 1 1 2 0 1 0 0 2 1 1 0 0 0 0 1 2 1 0 1 0 2
 1 1 0 0 0 0 2 1 1 0 1 0 1 1 2 1 1 2 2 1 2 2 2 1 1 2 1 2 0 2 2 0 0 2 1 0 2
 2 1 1 0 1 1 2 2 1 1 2 2 1 0 1 1 2 0 0 1 1 1 1 0 2 2 0 0 1 0 1 2 0 2 2 2 2
 0 2 0 2 0 0 2 2 1 2 0 0 1 1 1 1 0 2 2 1 2 0 1 0 2 0 1 0 2 0 2 2 0 2 1 0 0
 2 1 1 1 0 1 0 0 0 1 0 1 0 2 0 2 0 1 2 1 2 1 1 1 2 2 2 1 2 1 2 1 2 1 2 0 1
 1 0 1 1 1 0 0 1 1 1 1 1 1 0 2 2 2 2 2 0 2 1 0 0 1 0 1 2 0 2 2 2 1 1 0 1 2
 2 0 0 0 2 0 2 2 0 1 2 0 1 2 0 2 0 0 2 2 2 2 0 2 0 0 2 0 2 0 0 2 1 1 0 0 0
 0 0 1 0 0 0 0 1 0 2 0 0 1 2 2 2 1 0 0 0 0 2 1 2 0 1 1 2 2 1 2 0 1 0 2 1 0
 2 2 2 2 2 0 0 2 2 0 0 0 0 2 0 1 0 2 0 1 0 0 0 2 2 0 2 1 0 2 0 2 2 1 2 2 0
 1 0 2 2 2 0 0 0 2 1 2 1 0 0 0 1 2 2 0 0 1 0 0 1 2 2 2 2 2 2 1 2 1 0 2 0 2
 1 1 2 1 0 2 1 0 1 0 1 0 2 1 1 0 0 0 2 2 2 2 1 1 2 2 2 1 2 2 2 2 0 2 0 1 0
 1 2 2 1 2 2 1 0 2 2 2 2 0 0 2 1 2 1 0 0 1 1 1 2 0 2 0 2 0 1 1 1 1 1 1 1 2
 0 0 2 2 2 2 2 0 2 2 2 2 0 1 2 1 0 1 0 1 0 0 1 0 2 0 1 2 2 0 2 2 2 1 2 0 2
 1 2 2 1 1 2 2 1 1 0 1 1 1 1 1 1 0 1 0 1 2 2 2 0 0 2 2 1 1 2 2 1 1 2 0 2 2
 2 0 1 1 1 1 0 0 0 0 0 0 0 2 1 2 1 0 1 0 1 1 2 1 2 0 1 0 1 1 0 2 2 0 0 0 0
 0 0 0 2 1 1 0 2 2 1 2 0 1 2 2 1 1 2 1 1 1 2 1 2 0 1 0 1 0 1 0 0 2 1 2 0 2
 2 2 1 2 2 2 0 2 2 0 0 1 0 1 0 2 0 2 0 0 0 0 1 2 0 2 0 2 0 0 2 0 2 0 0 1 0
 0 0 2 1 2 0 2 2 1 0 1 0 2 1 2 2 1 0 1 2 2 1 0 1 0 2 2 0 2 2 0 0 1 0 0 1 2
 0]

========== Cluster 1 ==========

Labels: [2 0 0 0 0 2 0 2 2 2 0 0 0 2 0 2 2 2 0 0 2 1 2 0 2 2 0 0 0 0 0 0 0 2 0 0 0
 2 0 0 0 2 0 0 2 0 0 0 2 2 0 0 0 2 2 1 0 1 0 0 2 2 0 0 0 0 0 0 0 0 2 0 0 0
 0 2 2 0 0 0 0 0 0 0 2 0 2 0 2 2 2 0 2 1 2 2 2 0 2 0 0 2 0 2 0 0 2 1 2 1 0
 0 0 2 0 2 0 0 0 2 0 2 1 0 0 0 2 2 1 2 2 0 0 2 2 2 1 2 2 2 0 2 1 0 2 2 2 0
 0 2 1 0 0 0 0 0 0 0 2 1 0 1 0 2 2 0 2 1 2 0 0 0 0 0 2 0 0 2 2 2 0 2 0 1 2
 0 2 0 0 0 1 2 0 0 2 0 2 1 2 2 0 0 2 0 0 0 2 1 0 2 1 0 0 2 0 1 2 0 2 1 1 2
 0 2 0 0 0 2 2 2 1 2 2 2 0 0 0 2 0 0 0 2 0 0 2 2 0 0 2 2 0 0 2 0 2 0 0 0 0
 2 0 2 0 0 0 0 0 0 1 0 1 0 0 0 1 0 0 0 0 0 2 0 0 0 0 0 2 2 2 2 0 2 2 0 0 0
 1 0 2 1 0 0 0 2 1 0 2 2 1 0 0 2 0 2 1 0 0 0 0 1 1 0 2 1 0 2 0 0 2 0 2 0 0
 2 0 2 0 2 1 0 2 2 0 2 0 1 1 0 2 0 0 0 0 0 0 0 0 0 0 1 1 2 2 0 2 0 2 0 2 1
 0 0 0 0 0 0 0 0 2 2 0 0 2 1 1 2 0 0 2 1 0 0 1 2 0 1 0 2 0 2 0 0 2 1 0 2 0
 0 0 1 2 0 0 0 0 0 2 2 2 2 1 2 0 2 0 1 0 0 2 0 0 2 0 2 0 2 0 1 0 0 2 2 0 0
 0 0 2 0 0 2 2 2 0 0 2 0 0 0 0 2 0 0 1 0 0 0 2 1 0 2 0 2 1 2 0 0 0 0 2 2 0
 1 1 2 0 2 1 2 0 0 2 2 2 0 2 2 0 2 2 0 0 2 0 0 2 1 0 2 2 1 1 2 2 1 2 1 2 1
 0 0 1 2 2 0 0 2 0 1 0 2 0 2 0 1 0 0 0 0 0 0 0 0 1 0 0 0 2 1 1 2 0 2 0 2 0
 0 2 1 2 2 0 0 0 2 0 0 2 1 2 2 0 2 2 0 0 0 2 2 0 0 2 1 0 0 2]

