============== Classifiers Parameters ==============
{'svm': [{'cost': 865.5608214408609, 'gamma': 646.8715891738268}, {'cost': 567.8109280405777, 'gamma': 21.53223491340246}, {'cost': 47.175556656644794, 'gamma': 469.46552842466264}, {'cost': 575.3226536698456, 'gamma': 894.0630993099802}, {'cost': 432.0118771338003, 'gamma': 922.9552217003377}], 'extra_tree': [{'n_estimators': 18, 'max_depth': 5, 'min_samples_split': 10, 'min_samples_leaf': 9}, {'n_estimators': 93, 'max_depth': 10, 'min_samples_split': 3, 'min_samples_leaf': 8}, {'n_estimators': 30, 'max_depth': 8, 'min_samples_split': 5, 'min_samples_leaf': 7}, {'n_estimators': 171, 'max_depth': 1, 'min_samples_split': 7, 'min_samples_leaf': 5}, {'n_estimators': 95, 'max_depth': 9, 'min_samples_split': 2, 'min_samples_leaf': 7}], 'grad_boost': [{'n_estimators': 475, 'max_depth': 1, 'min_samples_split': 9, 'min_samples_leaf': 3, 'learning_rate': 0.8514881659041041}, {'n_estimators': 84, 'max_depth': 7, 'min_samples_split': 5, 'min_samples_leaf': 4, 'learning_rate': 0.24209909234813431}, {'n_estimators': 352, 'max_depth': 2, 'min_samples_split': 8, 'min_samples_leaf': 9, 'learning_rate': 0.6283713710262117}, {'n_estimators': 138, 'max_depth': 2, 'min_samples_split': 6, 'min_samples_leaf': 9, 'learning_rate': 0.4254818096530223}, {'n_estimators': 303, 'max_depth': 4, 'min_samples_split': 8, 'min_samples_leaf': 2, 'learning_rate': 0.5001018552761269}]}

Optimal clusterer: kmeans

External clustering metrics:
adjusted_rand_score: 0.0072791652794232655
normalized_mutual_info_score: 0.019777120245719506
v_measure_score: 0.019777120245719506
fowlkes_mallows_score: 0.38892851476985696

Internal clustering metrics:
silhouette: 0.32852156491253515
davies_bouldin: 1.2922199480415357
calinski_harabasz_score: 280.05026398735504

Base classifier: extra_tree
========== Cluster 0 ==========

Labels: [1 0 1 0 1 0 1 2 1 0 0 2 0 0 1 0 0 0 2 2 1 0 2 1 1 0 0 0 1 2 0 1 1 2 2 1 2
 2 0 0 2 2 1 1 1 1 1 1 0 0 0 2 0 0 0 0 1 1 0 2 2 1 1 0 1 2 1 1 1 2 2 0 1 0
 0 1 1 1 0 2 0 1 1 1 2 0 2 1 2 2 0 2 2 0 0 2 2 2 2 0 1 1 2 2 1 0 0 1 2 2 1
 2 1 2 0 1 0 1 2 1 2 1 2 2 1 2 2 2 1 2 0 1 0 2 0 0 2 2 1 1 1 1 1 0 2 0 1 2
 2 1 1 1 2 2 2 2 0 0 0 2 1 0 2 2 1 0 2 1 0 1 1 1 1 0 2 1 2 2 2 2 0 0 0 1 0
 1 0 1 0 0 0 0 1 2]

========== Cluster 1 ==========

Labels: [2 0 0 2 2 2 2 1 0 0 2 2 2 2 2 1 2 0 0 0 0 2 0 0 2 2 0 0 2 0 0 2 0 0 0 2 2
 0 0 0 0 1 0 0 2 0 0 0 0 0 0 0 0 2 0 2 0 2 0 2 2 2 1 0 2 2 0 1 2 0 0 0 2 2
 1 2 1 0 0 0 2 0 2 0 1 1 2 2 1 0 0 2 2 1 2 2 2 2 2 2 0 0 2 0 2 2 2 0 2 0 0
 0 2 1 0 0 2 1 2 2 1 0 0 0 2 0 2 2 2 0 0 1 2 0 0 2 0 0 0 2 1 2 2 2 2 2 1 1
 1 0 2 0 0 2 1 0 0 0 0 0 0 2 0 0 0 2 0 0 0 2 0 1 2 2 2 0 2 0 2 0 1 0 0 2 2
 0 2 0 2 0 0 0 2 1 2 0 2 0 0 0 2 2 2 0 0 0 0 0 0 0 0 2 0 2 2 2 0 2 2 0 0 1
 0 1 2 1 0 0 0 2 1 0 2 2 2 0 1 0 2 2 0 1 0 0 0 1 1 0 2 1 0 2 0 2 0 2 0 2 0
 2 0 1 0 2 2 0 2 0 1 2 0 0 0 0 0 0 0 0 2 2 2 0 0 0 0 0 0 2 2 2 2 0 2 0 0 0
 1 2 1 2 2 0 2 2 0 0 2 0 0 1 0 2 0 2 2 0 2 0 1 0 0 2 2 0 0 2 2 2 2 2 2 0 0
 2 2 0 2 2 0 0 2 0 0 0 1 0 1 0 0 0 0 2 2 2 1 2 0 0 0 1 1 2 1 0 2 0 2 2 0 2
 2 0 0 2 0 2 2 2 1 2 2 2 2 2 0 2 0 2 0 2 0 1 0 0 0 0 1 0 2 0 2 0 0 0 0 2 1
 2 0 2 2 2 0 2 0 2 2 0 2 1 0 0 2]

========== Cluster 2 ==========

Labels: [0 0 2 1 0 2 2 0 0 1 2 2 0 1 0 0 0 1 0 2 0 1 0 1 2 0 0 2 0 0 0 0 0 0 1 0 0
 1 0 2 2 1 0 0 1 2 0 0 0 1 0 0 1 2 1 1 2 1 0 2 2 2 1 0 2 2 2 0 0 2 2 2 0 1
 2 2 2 1 1 0 1 2 0 2 1 0 2 2 0 2 0 0 1 0 1 2 0 0 0 0 2 0 1 2 0 2 0 0 1 0 0
 1 0 2 1 0 0 0 1 2 1 1 1 2 0 2 0 0 0 2 0 0 0 2 0 1 0 2 0 1 2 2 0 0 0 2 0 1
 2 0 0 2 0 0 0 0 0 1 2 1 0 1 0 0 2 0 0 0 2 2 1 1 1 2 2 0 1 0 0 0 0 1 2 2 0
 0 0 2 0 0 1 1 0 1 2 0 0 0 1 2 0 1 2 0 0 0 1 2 1 1 0 1 1 1 1 1 0 2 1 2 1 0
 2 2 0 0 0 1 0 0 2 2 0 0 2 0 2 0 0 2 2 0 2 0 0 1]

========== Cluster 3 ==========

Labels: [1 1 0 2 1 0 0 0 0 1 0 1 2 0 0 0 1 1 0 1 2 0 2 1 1 1 2 2 1 1 0 0 0 0 0 2 1
 0 1 1 2 1 1 2 2 1 2 2 2 2 1 2 0 2 1 0 0 0 2 0 1 1 0 0 2 1 1 0 1 2 1 2 2 2
 1 2 1 0 2 0 2 1 2 2 1 2 0 0 2 1 1 2 1 1 2 2 2 0 2 0 0 2 2 1 0 1 0 1 0 0 1
 2 0 2 0 0 2 1 1 0 2 1 0 0 1 1 2 2 2 1 1 0 2 1 1 2 2 1 2 2 0 0 0 0 2 1 2 0
 0 1 2 1 0 0 0 1 1 0 0 0 0 2 0 0 0 1 2 0 2 1 2 0 0 0 0 2 1 2 0 0 1 2 2 0 1
 2 2 2 0 2 2 0 0 2 0 1 0 2 2 1 2 0 1 2 0 2 0 0 1 2 2 1 2 2 0 2 0 1 1 2 1 0
 1 0 2 1 1 0 0 2 1 2 1 2 2 2 2 0 0 1 2 2 1 2 2 2 1 0 1 1 0 2 0 1 1 1 1 1 2
 2 2 2 2 0 2 0 0 2 0 2 2 2 0 1 2 0 2 1 1 1 1 1 1 1 1 0 2 2 2 1 1 2 1 2 2 2
 0 1 0 1 0 1 0 1 2 0 1 0 1 2 0 0 0 0 2 1 0 2 2 2 2 2 1 2 1 2 0 0 1 1 0 0 2
 1 2 0 2 2 0 0 0 1 0 0 0 1 2 2 2 0 2 2 0 0 1 2 0 2 2 2 1 0 2 1 1 2 2 1 1 2
 0 1 2 2 0]

========== Cluster 4 ==========

Labels: [0 0 0 2 0 2 0 0 2 0 0 0 0 2 2 0 0 0 0 0 1 0 0 2 0 0 0 2 1 0 0 2 0 2 2 0 0
 2 0 2 0 0 0 0 0 0 0 0 0 1 0 0 2 1 0 0 0 0 2 0 0 0 0 0 0 1 0 0 2 1 2 0 2 0
 0 0 1 0 0 0 0 0 0 0 1 2 0 0]

