Clustering algorithm selected: spectral
=====================================

Clustering evaluation metric: rand
Clustering evaluation value: 0.18527279639358957

========== Cluster 0 ==========

Base classifier: LogisticRegression()

Minority Class: 1

Selected Features: [0 1 2 3 4 5 6 7]

Labels: [0 0 0 0 0 1 0 1 0 0 1 1 0 0 0 0 1 0 1 1 1 1 1 0 0 1 0 0 1 0 0 0 0 0 0 0 0
 0 1 0 1 0 1 0 0 1 0 0 0 1 0 0 0 1 1 0 0 0 0 1 0 1 1 0 0 0 0 1 0 0 0 0 0 0
 1 1 0 0 0 0 0 0 0 0 0 0 0 0 1 0 0 0 1 1 0 0 0 0 0 1 0 0 0 1 1 0 0 0 0 0 0
 0 1 0 0 0 1 0 0 0 1 0 0 0 0 0 0 0 0 0 1 0 0 0 1 0 0 0 1 0 1 0 0 1 1 0 1 0
 0 0 0 0 0 0 0 0 0 0 0 1 1 0 0 0 0 0 0 0 0 0 0 0 1 0 0 0 0 0 0 0 0 0 0 0 1
 1 0 0 0 0 0 1 0 1 1 1 0 0 0 0 1 1 1 0 0 0 0 1 1 0 1 1 0 1 0 1 0 0 0 1 0 1
 0 0 1 0 0 0 0 0 0 1 0 0 0 0 0 0 1 0 0 1 0 0 1 0 0 0 0 1 1 1 0 1 0 0 0 1 0
 1 0 0 0 1 1 1 1 1 0 0 0 0 0 1 1 0 0 1 0 0 0 0 0 0 0 1 0 0 0 1 0 1 0 0 0 0
 0 0 0 0 0 0 0 0 0 0 1 0 0 0 0 0 0 0 1 0 0 0 0 1 0 0 0 0 0 1 0 0 0 0 0 1 0
 1 1 0 0 0 0 1 1 1 0 0 0 1 0 1 0 0 0 0 0 0 0 0 1 0 0 0 0 0 0 0 0 0 0 0 0 1
 0 1 0 0 0 1 0 0 0 0 0 1 0 0 1 0 0 0 1 0 0 0 0 0 1 1 1 0 0 1 0 0 0 1 1 0 0
 0 0 0 0 1 1 0 0 0 0 0 1 0 1 0 0 0 0 1 0 0 0 1 0 1 0 0 0 0 0 0 0 1 1 1 0 1
 0 0 0 1 0 1 0 0 0 0 0 1 0 0 0 0 1 1 1 1 0 0 0 0 0 0 0 0 1 0]

========== Cluster 1 ==========

Base classifier: SVC(C=932.8708898202715, gamma=264.27225279703737, probability=True)

Minority Class: 0

Selected Features: [0 1 2 3 4 5 6 7]

Labels: [0 0 0 0 0 1 0 0 0 0 0 1 1 0 1 1 0 0 0 1 1 0 0 1 1 0 1 1 0 1 1 0 0 0 0 1 0
 1 1 1 0 0 1 0 0 1 1 0 1 0 1 1 1 1 0 0 0 0 1 0 0 1 0 0 0 0 0 1 1 0 1 1 0 1
 1 0 0 0 1 0 1 1 1 1 1 1 0 1 1 1 1 1 1 1 0 0 1 1 0 0 0 0 0 1 1 0 1 0 0 0 1
 1 1 0 1 1 1 1 1 1 1 1 1 0 0 0 1 0 0 0 1 1 1 1 0 1 0 1 1 1 0 0 0 1 1 1 1 0
 0 1 1 0 0 0 0 0 1 1 0 1 0 1 1 1 1 0 0 0 0 0 0 1 0 0 1 0 1 1 1 0 0 0 1 1 1
 1 1 1 0 1 1 1 1 1 1 0 0 0 0 0 1 0 1 1 1 0 1 1 0 0 0 1 1 0 1 1 1]

