Clustering algorithm selected: kmeans++
=====================================

Clustering evaluation metric: silhouette
Clustering evaluation value: 0.1602936346911874

========== Cluster 0 ==========

Base classifier: SVC(probability=True)

Minority Class: 0

Selected Features: [32 34 37 33  4 14 15  7  3 18 25 17 36 24 19 31 12  5 13 23 22 20 29  9
 26  6 28 35 30 27 16 21 11]

Labels: [0 1 0 0 1 1 0 0 1 0 1 0 1 0 0 0 1 0 1 1 1 1 1 0 0 1 1 1 1 1 1 1 0 0 0 1 1
 0 1 1 0 0 0 0 0 1 1 0 1 1 1 1 1 1 1 0 1 1 0 0 1 0 0 0 1 0 1 1 0 1 0 1 0 1
 1 0 1 0 1 0 0 1 1 1 0 0 1 1 1 0 0 0 0 0 1 1 1 0 0 0 1 1 1 1 0 0 0 1 0 1 0
 0 1 0 1 0 0 0 0 1 0 1 0 1 0 0 1 0 0 1 1 1 0 1 1 0 0 1 0 0 0 0 1 0 0 1 0 1
 1 0 0 0 0 0 0 1 1 1 1 0 0 1 0 1 0 1 1 0 1 1 0 0 0 1 0 0 1 0 0 0 1 1 1 0 0
 0 1 0 1 0 1 0 0 0 0 0 1 1 1 0 0 1 0 0 0 1 1 0 1 1 0 0 1 1 0 1 0 0 1 1 0 0
 1 1 1 0 1 0 1 0 0 1 1 0 1 0 0 0 1 0 0 0 0 1 1 1 0 0 1 0 1 0 1 0 1 1 1 1 0
 1 1 0 1 1 1 0 1 0 0 1 1 1 1 0 1 0 0 1 1 0 0 1 0 1 1 1 0 1 1 1 1 0 0 0 0 1
 0 1 0 1 0 0 1 1 0 1 1 1 1 0]

Synthetic samples indexes: [ 29  60  81 101 119 156 163 212 231 234 250 252 264 272 278 305 308]

========== Cluster 1 ==========

Base classifier: SVC(probability=True)

Minority Class: 0

Selected Features: [32 34 37 33 29 31 35 11 36  1  6  5 22 20 30 27  8  7 14 24 28 26 16 17
 18 19 21 23 25 15  9 10 13]

Labels: [1 0 0 0 0 0 0 0 0 1 0 0 0 1 0 0 0 1 1 1 0 1 1 0 1 1 0 0 1 1 1 0 1 0 1 0 0
 0 0 0 0 1 1 0 1 1 0 1 1 0 0 0 1 0 1 1 0 1 1 0 1 0 1 0 0 1 0 1 0 0 0 0 0 1
 1 0 0 1 1 1 1 1 1 1 1 0 1 1 1 0 1 1 1 0 0 0 1 0 1 0 0 0 1 0 0 0 1 1 0 1 1
 0 0 0 0 1 1 0 1 0 0 0 1 0 0 1 0 1 1 1 1 1 0 1 1 0 0 1 1 1 0 0 1 1 1 1 1 0
 0 1 1 0 1 1 0 0 1 0 0 1 1 1 1 1 0 1 1 0 0 0 0 0 1 1 0 1]

Synthetic samples indexes: [  0  13  18  21  28  30  32  42  45  48  52  54  55  57  58  60  65  77
  78  79  80  83  84  86  87  92  96  98 102 106 107 109 118 122 125 127
 128 133 134 137 138 142 145 146 149 150 153 160 161 163 165 173]

========== Cluster 2 ==========

Base classifier: SVC(probability=True)

Minority Class: 0

Selected Features: [29 32 37 34 35  0 36 11 31 33  3  6 30 12  9  7 19 28 26 24 22 16  1 21
 17 18 27 25 23 20  8 10]

Labels: [0 1 0 0 1 0 1 1 0 1 0 0 0 1 0 0 0 1 0 0 1 1 0 0 0 0 0 1 1 1 0 0 1 1 0 0 0
 0 1 0 1 1 0 0 1 0 0 0 1 1 1 1 1 1 0 1 0 1 0 1 0 1 0 1 0 1 1 1 1 1 0 0 1 1
 1 1 1 1 1 0 0 1 0 0]

Synthetic samples indexes: [ 1  4  6  9 17 27 28 29 32 33 38 40 41 44 48 49 50 51 52 55 57 59 63 65
 66 67 68 69 73 75 77 78 81]

========== Cluster 3 ==========

Base classifier: LogisticRegression()

Minority Class: 0

Selected Features: [32 34 37  5 29  3 36 33 13 16  2  7 30 12 21 18 15 26  0 31  8 25  6 35
  1 17 27 28 24 20 19]

Labels: [1 1 1 0 0 1 1 1 1 1 1 0 0 1 0 1 0 0 1 1 0 1 1 0 0 1 0 1 0 0 0 0 0 0 0 1 1
 0 0 0 1 1 1 0 0 1 1 1 1 1 1 1 0 1 0 0 0 1 1 0 0 0 0 1 1 1 0 0 1 1 1 1 1 0
 1 1 0 1 0 0 0 1 1 1 1 1 1 1 1 0 1 1 0 1 1 0 0 0 1 0 0 0 0 1 0 0 1 0 1 1 0
 0 1 1 0 1 0 1 1 0 0 1 0 1 0 0 0 1 0 0 1 1 0 1 0 0 0 1 0 1 1 0 1 0 1 0 1 0
 1 0 0 0 0 0 0 0 0 1 0 0 0 1 1 1 1 1 0 1 1 1 0 0 1 0 0 0 0 0 1 1 1 1 1 0 0
 0]

Synthetic samples indexes: [ 23  24  26  30  31  33  38  52  56  61  62  66  78  80  97 105 107 110
 111 116 120 128 129 134 135 147 149 158 174 175 176 184 185]

