Clustering algorithm selected: kmeans
=====================================

Clustering evaluation metric: silhouette
Clustering evaluation value: 0.17317001074894922

========== Cluster 0 ==========

Base classifier: SVC(probability=True)

Minority Class: 0

Selected Features: [32 34 35 37  1  0 33  3 36  2 17 29 31 30  7  5 28  9 11  4 18 14 15 26
  8 23 13 16 19 22 10]

Labels: [1 1 0 1 0 1 0 1 0 1 0 1 0 0 1 0 0 0 1 1 0 0 1 1 0 1 0 0 0 0 0 1 0 1 1 0 1
 0 0 0 0 0 1 0 0 0 1 1 0 1 0 1 1 1 0 1 0 1 0 1 0 1 1 1 1 1 1 0 0 1 1 1 1 1
 0 0 0 0 0 0 1 1 1 0 1 0 1 1]

Synthetic samples indexes: [ 0  1  5  7  9 11 18 19 22 23 25 31 33 34 46 47 49 51 52 53 55 57 61 63
 64 66 69 70 71 72 73 80 81 84 86 87]

========== Cluster 1 ==========

Base classifier: KNeighborsClassifier(n_neighbors=7)

Minority Class: 0

Selected Features: [32 34 31 33 37 36  2 23 11  0 16  4 12 13  9  1  7 26 14  6 17 35 19 18
 21 20 22 27 25 24 30 29 28]

Labels: [1 1 0 0 0 1 1 0 1 1 0 0 0 0 1 1 1 0 0 0 0 1 0 0 0 0 0 0 0 1 1 0 0 1 0 0 0
 0 0 0 1 1 0 0 1 1 0 0 1 0 1 1 0 1 0 1 1 0 0 1 1 0 1 0 0 1 1 1 1 1 1 0 0 0
 0 1 1 0 1 0 1 0 1 0 1 1 1 1 0 1 0 1 0 1 1 0 1 0 0 0 1 0 0 1 1 0 1 1 0 0 0
 0 1 1 1 1 0 1 0 1 0 1 1 1 0 0 1 1 1 0 1 1 1 1 1 0 1 1 1 0 0 0 1 0 1 0 1 1
 1 1 0 1 0 0 0 0 1 1 1 1 0 1 0 0 1 1 1 1 1 0 0 1 1 0 1 1 1 1 1 1 0 1 1 1 1
 0 0 0 0 0 0 0 0 1 1 0 0 1 0 0 1 0 1 1 0 0 0 1 0 0 1 1 1 1 1 1 1 1 0 1 0 1
 0 0 1 0 0 1 1 0 0 1 0 0 0 1 1 0 1 0 0 0 0 0 0 1 1 0 1 0 0 0 0 0 1 1 0 0 0
 1 0 1 0 0 1 1 1 0 1 0 1 0 0 1 1 0 0 0 1 1 0 0 0 0 0 1 1 0 1 1 1 1 0 0 0 0
 1 1 0 1 0 1 1 1 0 1]

Synthetic samples indexes: [ 51  75  80  91 121 146 148 151 157 171 183 200 202 213 217 219 227 228
 261 285 299 303]

========== Cluster 2 ==========

Base classifier: SVC(probability=True)

Minority Class: 0

Selected Features: [34 32 33 37 16 13  5 36 31 25 29 27 20  6 30 21 14  9  2 17  1 18 23 15
 35 19 28 22 26 24  8 10 11]

Labels: [0 1 0 0 1 1 1 0 0 0 0 1 0 0 0 1 0 0 1 1 0 1 1 0 1 0 1 0 1 0 0 1 1 1 1 1 1
 1 1 1 1 0 0 1 0 1 0 0 1 1 0 0 1 0 0 0 1 1 0 0]

Synthetic samples indexes: [ 5 21 24 28 33 40 56 57]

========== Cluster 3 ==========

Base classifier: SVC(probability=True)

Minority Class: 0

Selected Features: [32 33 34 31 29 35 37 10 11 12 23 36  5 16 27 26 19  1 22 30  6 25 15 20
 28  3 17 18 21 24  8  9 14]

Labels: [1 0 0 0 1 1 1 0 0 1 0 1 0 1 0 0 0 0 0 1 0 1 0 0 0 1 1 1 1 0 1 0 1 1 0 0 1
 1 1 0 0 1 1 0 0 0 1 0 1 1 0 0 0 1 1 0 1 1 1 0 0 0 0 0 1 0 0 0 0 1 1 0 1 1
 0 0 1 1 0 1 1 1 0 0 1 0 0 1 1 1 1 1 1 1 0 1 0 1 1 0 0 1 0 0 1 1 0 0 1 0 0
 0 0 0 1 0 1 1 1 1 1 1 1 0 0 0 0 0 1 1 0 0 1 1 1 0 0 0 1 1 0 0 1 1 0 1 1 1
 0 0 1 1 1 0 0 1 0 1 0 1 0 0 1 1 0 1 0 1]

Synthetic samples indexes: [  5   6   9  11  19  30  32  36  42  46  48  49  53  54  57  64  69  73
  76  80  84  88  89  92  93  95  97  98 101 114 117 118 119 120 122 128
 129 132 134 138 139 143 146 150 151 155 157 159 163 165 167]

========== Cluster 4 ==========

Base classifier: SVC(probability=True)

Minority Class: 0

Selected Features: [32 37 13 34 31 23 33 15  0  3 29 24 36 22  7 17  5 11  9 16 28  2 35  1
 14 20 30 27 26 25 19 18]

Labels: [1 1 0 0 1 1 0 0 1 0 0 1 0 1 0 0 1 0 0 1 0 0 1 1 0 1 1 0 0 0 1 1 1 1 0 0 0
 1 0 1 1 1 1 1 1 0 0 1 1 0 0 0 0 1 0 1 0 1 0 0 0 0 0 1 0 1 1 1 1 1 0 1 0 1
 0 0 1 0 1 1 1 1 0 1 0 1 0 1 0 1 0 1 1 0 0 0 0 1 1 0 1 0 0 0 1 1 1 1 1 1 1
 0 1 0 0 1 1 1 0 0 0 0 0 1 0 0 1 1 1 0 0 1 0 0 1 0 1 0 1 0 0 0 1 0 1 0 0 1
 1 0 0 0 1 1 1 0 0 1 0 0 1 1 1 1]

Synthetic samples indexes: [  2   3   6   7  10  14  17  18  20  21  24  27  28  29  35  36  45  50
  51  58  59  61  74  82  86  88  90  93  95  96 101 111 113 118 119 120
 121 122 124 125 132 140 145 146 149 151 155 156]

