Clustering algorithm selected: kmeans++
=====================================

Clustering evaluation metric: dbc_ss
Clustering evaluation value: 0.17470438101782285

========== Cluster 0 ==========

Base classifier: SVC(probability=True)

Minority Class: 1

Selected Features: [1 5 6 2 0]

Labels: [0 0 1 0 0 0 1 1 0 0 0 0 0 0 0 0 1 0 0 0 0 0 1 1 0 0 0 0 0 1 0 0 0 0 0 0 0
 1 0 0 0 0 0 0 0 1 0 0 0 1 0 0 0 1 0 0 0 0 0 0 1 0 0 0 0 1 0 1 1 0 0 0 0 1
 0 0 0 0 0 0 1 1 0 0 0 0 0 0 0 0 0 0 0 1 0 0 0 1 1 0 0 0 0 1 0 0 0 1 1 0 0
 0 0 0 0 0 1 0 0 0 0 1 0 0 0 0 0 0 0 0 1 0 0 1 0 0 1 0 1 0 1 0 1 0 0 0 0 0
 0 0 0 0 0 0 0 1 1 0 0 0 0 0 0 0 0 1 0 0 0 1 0 0 0 0 0 0 0 0 0 0 0 1 0 0 0
 0 0 1 0 1 1 1 0 0 0 0 1 1 1 0 0 0 1 0 1 1 0 1 0 1 0 1 0 1 0 0 1 0 0 0 0 0
 0 1 0 0 0 0 0 1 0 0 1 0 0 1 0 0 0 1 1 1 0 1 0 0 1 0 1 0 0 1 1 1 1 1 0 0 0
 0 0 1 1 0 0 1 0 0 0 0 0 0 1 0 0 0 1 0 1 0 0 0 0 0 0 0 0 0 0 0 0 0 1 0 0 0
 0 0 0 0 0 0 0 1 0 0 0 0 0 1 0 0 0 0 0 1 0 1 1 0 0 0 0 1 1 1 0 0 0 1 0 1 0
 0 0 0 0 0 0 0 0 0 0 0 0 0 0 0 0 0 0 1 0 1 0 0 0 1 0 0 0 0 0 1 0 0 1 0 0 0
 1 0 0 0 0 0 1 1 0 0 0 0 1 1 0 0 0 0 0 0 1 1 0 0 0 0 0 1 0 1 0 0 0 0 1 0 0
 0 1 0 0 0 0 0 0 0 0 1 1 1 0 1 0 0 0 1 0 1 0 0 0 0 1 0 0 0 1 1 1 0 0 0 0 0
 0 0 0 1 0]

========== Cluster 1 ==========

Base classifier: SVC(probability=True)

Minority Class: 0

Selected Features: [1 4 7 5 6]

Labels: [0 1 1 1 0 0 1 1 1 1 0 1 0 1 1 1 0 1 1 1 1 1 1 0 1 0 0 1 0 1 1 1 1 0 1 0 1
 0 0 1 1 0 1 0 1 1 1 1 0 0 0 0 0 0 1 0 0 1 0 0 0 1 0 0 0 0 0 1 1 0 0 1 1 0
 0 1 1 0 0 0 1 0 1 0 1 1 1 1 1 1 0 1 1 1 1 1 1 0 0 1 1 0 0 1 0 0 0 1 1 0 1
 0 1 0 0 0 1 0 0 1 1 0 1 1 1 1 0 1 1 1 0 1 1 0 0 0 1 0 0 0 0 0 1 1 1 1 0 1
 0 0 1 1 1 0 0 0 1 0 1 1 1 0 0 0 1 1 0 1 0 0 0 0 1 1 0 1 0 1 1 1 1 0 0 0 0
 0 1 0 0 1 0 0 1 0 1 1 1 0 0 0 1 1 1 1 1 1 0 1 1 1 1 0 1 1 1 1 0 0 0 0 0 1
 1 0 1 1 1 0 1 0 1 0 0 0 0 1 1 1 0 1 1 1]

