Clustering algorithm selected: fcm
=====================================

Clustering evaluation metric: dbc
Clustering evaluation value: 0.475411917662792

========== Cluster 0 ==========

Base classifier: SVC(probability=True)

Minority Class: 1

Selected Features: [  0   3 138 202 137 216 123  99 145  75  45 135  50   4 108 221  79   6
 191  29 220 154  58 201   2 182 208 209  19 128 212  93  87  97 112  82
 217 149  14 166 160  55 204 126  81  35  62 168 116  44  26 139  38 104
  24 158 167  32 110 142 203 218  61 127 219 177 155  39 213 179 205 223
 214  96 111 169 210  68 181  71  53  95 185  41 170 184 186 151 180  47
 119 143 207   8  89  52  64  21 156 133 164  54  66 206  72  70  69  59
  67  65  63 211  60  56  57  51 189  49  20   1 222   5   7   9  10  11
  12  13  15  16  17  18 215  22  48  23  25  27  28  30  31  73  34  36
  37  40  42  43  46  33  94  74 153 150 148 147 146 193 144 141 140 194
 195 136 196 134 132 131 152]

Labels: [1 0 0 0 0 1 0 0 1 1 0 0 0 0 0 0 1 0 0 0 0 1 1 1 1 1]

========== Cluster 1 ==========

Base classifier: SVC(probability=True)

Minority Class: 1

Selected Features: [212 215 145  57  78  67   0  54  44 128   3 200 159  49 183  21 106 214
 198  22  69  19  94 133  98 208  75 144 146 195  55 116  15 209 125 220
 108 140  50  51  23 216  60   2  52 174 158  95 191  38 213 205  58 182
  92  42 167  96  61 134 109 162 199 160 217  93  63 120  73 223 123 152
  74  24  80 178 148  29 137  35 154 113  86 190 143 171 221 153 103  85
  46  48  10  68  14  13  70  71  72  12  11   8   9  45   7   6   5   4
  76  77  79   1  47  16  66  17  43  82  41  40  39  37  53  36  34  33
  56  32  31  30  59  28  27  26  62  25  20  64  65  18  81 224  83 186
 184 181 180 179 177 176 175 173 172 170 169 168 166 165 164 163 161 185
 187 156 188 222 219 218 211 210 207 206 204 203 202 201 197 196 194 193
 192 189 157 155]

Labels: [1 0 0 0 0 0 0 0 0 1 0 1 1 1 1 0 0 0 0 0 0 0 0 1 1 1 0 1 0 0 1 0 0 1 0 0 0
 0 0 1 0 0 0 1 1 0 1 0 0 0 0 1 1 1 0 0 0 0 0 0 1 1 0 0 1 1 0 0 0 1 1 1 1 0
 0 0 1 0 0 1 0 1 0 0 1 1 0 0 0 0 0 1 1 0 1 0 0 0 0 0 0 0 0 0 1 0 0 1 1 0 1
 1 0 1 0 0 1 0 0 1 1 1 0 0 0 1 0 0 0 0 0 0 0 0 0 0 0 0 0 1 0 0 0 0 0 0 0 0
 0 0 1 0 0 1 0 1 0 0 0 1 1 0 1 1 0 0 0 0 0 1 1 0 0 0 1 0 0 1 0 1 1 0 0 0 1
 0 1 0 0 1 0 0 0 1 0 0 1 0 1 0 1 0 0 0 0 0 0 0 0 1 0 0 0 1 0 0 1 1 1 0 0 1
 1 0 0 0 0 0 1 0 0 0 0 0 1 0 1 0 0 0 0 1 0 1 0 0 0 0 1 1 1 0 0 0 0 0 0 1 1
 0 1 0 0 0 0 0 1 1 1 1 1 1 1 1 1 0 1 0 1 0 0 0 0 1 0 0 0 0 1 0 1 0 0 0 1 1
 0 0 0 1 0 0 1 0 0 0 1 0 0 0 1 0 1 1 0 1 1 0 1 1 1 0 0 0 0 0 1 0 0 0 0 0 1
 0 0 1 0 0 1 0 1 0 1 0 0 0 0 1 1 1 0 0 0 1 0 0 0 0 0 1 0 0 1 1 0 1 0 0 0 0
 0 0 1 0 0 0 1 1 1 0 0 0 1 0 0 1 0 0 1 0 0 0 0 0 0 1 0 1 0 0 1 0 0 0 1 1 0
 0 0 0 0 0 1 1 0 1 1 0 0 0 0 0 1 0 1 0 0 0 1 0 0 1 0 1 0 1 0 0 0 0 1 1 0 0
 1 1 1 0 0 0 1 1 0 1 0 1 1 0 1 0 1 1 0 0 1 1 0 1 0 1 1 1 0 1 0]

========== Cluster 2 ==========

Base classifier: SVC(probability=True)

Minority Class: 1

Selected Features: [126 223 215 128   3 104  57 207 172 120 202  24 135  26   9 102 217 112
  46 183  83  89  32  95   6 141  67 167 150   4  17 136  42 208  60 214
  74  37 124  39 168 117  28  11  54  20 119  15 146  21 169 157  98 185
   8 178  94  87 115 198  91 174 219 122  88  97 105 200 166 164 206  93
 125  92 143 221   5  82 140  45 123 201 218 137   1   0 101  13 199  40
 147  44 194 132 177 116  49 197 129 103 224  31  12 121  70 163 191  71
  19  78 209 205 193  48  43  41   2 190 189  47  51 222  50 216  52  53
 188  55  56 187  58  59 186 220  36 192  38  10  14  16 210 204  18 203
 211  22  23   7  25 196  27 195 212  29  62  30 213  33  34  35  61 138
  63 118 160 159 106 107 108 109]

Labels: [0 0 0 0 0 0 1 0 0 0 0 0 0 0 1 0 0 0 1 0 0 0 0 1 0 0 0 1 0 0 0 1 0 0 1 0 0
 1 1 0 0 0 0 0 0 0 0 1 1 0 0 0 0 1 0 0 0 0 0 1 0 0 0 0 1 1 0 0 0 0 0 0 0 0
 0 0 0 1 1 0 1 1 0 0 1 1 1 0 0 0 0 0 0 1 1 0 0 1 0 0 0 1 0 0 0 1 1 0 1 0 0
 0 1 0 1 0 0 0 1 0 0 0 0 0 1 1 0 1 0 0 0 0 1 0 1 0 0 1 0 0 0 0 0 0 0 1 0 0
 1 0 1 0 0 0 1 0 0 0 0 0 1 0 0 0 0 0 0 0 0 0 0 0 1 0 0 0 0 1 0 0 0 0 0 0 1
 0 0 0 0 0 0 0 0 1 0 0 1 1 0 0 1 1 1 0 0 0 1 1 1 0 0 0 0 0 0 1 0 0 1 1 1 0
 0 1 1 0 0 1 0 0 0 0 0 0 0 0 0 0 1 1 0 1 0 0 1 0 0 0 0 0 1 0 0 0 1 0 0 0 0
 0 0 0 0 0 0 0 0 0 0 0 0 1 0 0 0 0 0 1 0 0 0 0 0 1 0 0 0 0 0 0 0 1 1 0 1 0
 1 0 0 0 0 0 0 0 0 0 1 1 0 0 1 1 1 0 0 0 1 0 0 1 1 0 0 0 0 0 0 0 0 0 0 1 0
 0 0 0 0 0 0 0 0 0 0 0 0 0 1 0 0 0 1 0 0 0 0 1 0 0 0 1 0 0 0 0 0 1 1 0 1 0
 0 0 0 0 0 1 1 0 1 0 0 1 0 0 0 0 0 0 0 0 0 1 0 0 0 0 0 0 0 0 0 0 1 0]

