Clustering algorithm selected: fcm
=====================================

Clustering evaluation metric: dbc
Clustering evaluation value: 0.48170796619729744

========== Cluster 0 ==========

Base classifier: LogisticRegression()

Minority Class: 1

Selected Features: [211  59 119   8  39   3 121  72 219 215  91   4 214  84 116 221  90 201
  25  24  21 152 143  15  16 155  11  47   1 110 139 220  75  73  22 209
 168 191  94 175 145  81 176 127  38 130  44 122  85 205 171  26 167  66
  74 124 206  12 181  36 156   0  93  88 195 104  79 102  51 210 223  78
 126 106 212 142 213 185 148  57  89 132   7 141  87 190   9 138 137  64
  49 178 154 207  62 179 134 115 163  43 165  86  54 217  96 135 149 157
  34  37  30 169 216 105  56 208  45  13 200 197 203 170  77  20  63  10
   6  61   5  14  17  18  65  19   2  46  60  23  68  48  42  41  40  50
  52  35  53  27  33  32  55  31  58  29  28  67 224  69 164 180 177 174
 173 172 166 162  70 161 160 159 158 153]

Labels: [0 0 0 0 1 0 0 1 0 0 0 0 0 0 0 1 0 0 0 0 1 0 0 0 0 1 0 0 0 1 0 0 0 1 0 0 1
 0 0 1 1 0 0 0 0 0 0 0 0 0 1 1 0 0 0 0 1 0 0 0 0 0 1 0 0 0 0 1 1 0 0 0 0 0
 0 0 0 0 0 0 1 1 0 1 1 0 0 1 1 1 0 0 0 0 0 0 1 1 0 0 1 0 0 0 1 0 0 0 1 1 0
 1 0 0 0 1 0 1 0 0 0 1 0 0 0 0 0 1 1 0 1 0 0 0 0 1 0 1 0 0 1 0 0 0 0 0 0 0
 1 0 0 1 0 1 0 0 0 1 0 0 0 0 0 1 0 0 0 0 0 0 0 0 0 0 0 0 1 0 0 0 1 0 0 0 0
 0 0 1 0 0 0 0 0 0 0 0 1 0 0 1 1 0 0 0 1 1 1 0 0 0 1 1 1 0 0 0 0 0 0 0 1 0
 0 0 1 0 0 0 0 0 0 0 0 0 0 0 0 0 1 0 1 0 0 0 0 0 0 0 0 0 0 0 0 0 0 1 1 0 0
 0 1 1 0 1 1 0 1 0 0 0 0 1 0 0 0 0 0 0 0 0 0 0 0 1 0 0 0 0 1 0 1 0 0 0 0 0
 0 0 1 1 0 1 0 1 0 0 0 0 0 0 0 0 1 1 0 0 1 1 1 0 0 0 1 0 0 1 1 0 0 0 0 0 0
 0 0 0 0 1 0 0 0 0 0 0 0 0 0 0 0 0 0 0 0 1 0 0 0 1 0 0 0 0 1 0 0 0 1 0 0 0
 0 0 1 1 0 0 1 0 0 0 0 0 0 0 1 1 0 1 0 0 1 0 0 0 0 0 0 0 0 0 1 0 0 0 0 0 0
 0 0 0 0 1 0]

========== Cluster 1 ==========

Base classifier: SVC(probability=True)

Minority Class: 0

Selected Features: [214  33 169 140 151  74 201 193 191  42 197  44 129 216 172   8 166 100
 213 130 102 162  36 207 212  80 177  82   1 186  11 109 138  84 167 124
 222 126 224  95  52  10  76 112 108 194 195 215 173 190 223 184  18 174
 132 159   0  23 217 168 170 196 209 154  54  31 127  45 149  37 110  35
 210 187 107 205 161   2 208  91 206 116  51 221  96 123 158 163 113 147
  78 202  77  94   7  81 164  17  63 135  32  65  49  67  62  61  66  48
  60  59  50  58  47  68  53  64  56  55  57  38  46  26   9 219 218  12
  13  14  15  16  19  20  21  22  24  25   6  43  27  28  29  30   5   4
  70  34   3 220  39  40  41 211  69 180  71 189 146 145 144 143 142 141
 139 150 137 136 134 133 131 192 148 188 125 183 178 181 176 175 182 171
 185 152 165 160 157 156 155 153 128 122  72  86  93  92]

Labels: [0 0 0 0 0 0 0 1 0 1 0 1 0 1 1 1 1 1 1 1]

========== Cluster 2 ==========

Base classifier: SVC(probability=True)

Minority Class: 1

Selected Features: [200  25 103 169 107 140  23 176  68 218  67 165  98 121  42 136  10  33
 101  70  96  60  61 151 120 199  41  58  80 195 144   0 215  71  35 134
 214 177 192  75   8  79 146 126   3 139 145 221  82 201 112  39  77 223
 173 178  88 210  17 167 168  11  30 131 118 219  56 119  57 147 128 203
  87  69   9 212 188  97  12  44  78 135 206 186 207 216   5 190 202 213
  36  37 158 171  55  34  51  13  40  27  38 160  65  62 124  93 154  26
 159 191   6  45  22  52 161 193 211 224   2  19 220 106 142  29 150  31
  32 149 148 179 180 181 143 141 152 182 183  43 138 137  46  47  48  49
  50  28 155 153 185   1 222   4 170 174   7 166 175 164 163 162  14  15
  16 157  18  20  21 156 217  24]

Labels: [1 0 0 0 0 0 0 0 1 0 1 1 1 1 0 0 0 0 0 0 0 1 1 1 0 1 0 0 1 0 0 1 0 0 0 0 0
 1 0 0 0 1 1 0 1 0 0 0 0 1 1 1 0 0 0 0 0 0 1 1 0 0 1 1 0 0 0 1 1 1 1 0 0 1
 0 0 1 0 1 0 0 1 1 0 0 0 0 1 1 0 1 0 0 0 0 0 0 0 0 0 0 1 0 1 1 0 1 1 0 1 0
 0 1 0 0 1 0 1 1 0 0 0 1 0 0 0 0 0 0 0 0 0 0 0 0 1 0 0 0 0 0 0 0 0 0 0 1 0
 0 1 0 1 0 0 0 1 1 0 1 1 0 0 0 0 0 1 1 1 0 0 0 1 0 0 1 0 1 1 0 0 0 1 0 1 0
 0 1 0 0 0 1 0 0 1 0 1 0 1 0 0 0 0 0 0 0 0 1 0 0 0 1 0 0 1 1 1 0 0 1 1 0 0
 0 0 0 1 0 0 0 0 0 1 0 1 0 0 0 0 1 0 1 0 0 0 0 1 1 1 1 0 0 0 1 0 0 0 1 1 0
 1 0 0 0 0 0 1 0 1 0 0 1 1 1 1 1 0 1 0 1 0 1 1 1 0 0 0 1 1 1 0 0 0 1 0 0 1
 0 1 1 1 0 1 0 0 0 1 0 1 1 0 0 0 0 0 0 0 0 0 1 0 1 1 1 0 0 0 0 0 1 0 0 0 0
 0 1 0 0 1 0 0 0 1 0 1 0 0 0 0 1 1 1 0 0 0 1 0 0 0 0 0 1 0 0 0 1 1 0 1 0 0
 0 0 0 0 1 0 0 0 1 1 1 0 0 0 1 0 0 1 0 0 1 0 0 0 0 0 1 0 1 0 0 0 0 1 1 0 0
 0 0 0 0 1 1 0 1 1 0 0 0 0 0 1 0 1 0 0 0 1 0 0 1 0 1 0 1 0 0 0 1 1 0 0 1 1
 1 0 0 0 1 0 1 0 1 0 1 1 0 1 0 1 1 0 0 1 1 0 1 0 1 1 1 0 1 0]

