Clustering algorithm selected: kmeans++
=====================================

Clustering evaluation metric: dbc
Clustering evaluation value: 0.47494521850793864

========== Cluster 0 ==========

Base classifier: LogisticRegression()

Minority Class: 1

Selected Features: [ 68 175   3  99 197  60  81 210 107 208  79  92 209 217   4  23 192  59
  25 101 146 142  96 177  87  97  61 205 100 215  98 161 179 214 143 113
  91 140   0  39 126 190 193 136  82 127 191 167 133  43  64 170 165  30
 104 118  16  52 124 151 194  31 122  22  24  90 189 144 111 224  51 137
  94  47  42 169 116 110 155 185 188  13  34  28  72 174 147  95 128 163
 166 203  88 180  75 176 112 138  21  14  62  77  35 187 119  12  37 211
 223  38 200 219 105 154  56   9  45 221  36 222   2 207  40  41 145 206
  44  46  10 157  48  49  50 158 204   1  53  54  55 156  33  32  20  11
   8 152   7 150  15 220  17  18  19 149   5   6 218 216 213  26  27  58
 148  29 212  57 123 159 129 134  93 132 131 184 183 182 181]

Labels: [0 0 0 0 1 1 0 1 0 0 0 0 0 0 0 1 0 1 0 1 0 0 1 0 1 0 1 0 0 1 0 0 1 0 0 0 1
 1 0 0 0 0 1 0 1 1 1 0 0 0 1 0 0 1 0 0 0 0 0 0 1 0 1 0 1 0 0 0 0 1 0 0 0 1
 0 1 0 1 1 1 0 0 1 1 1 1 0 0 1 0 0 1 1 1 0 1 0 0 0 0 1 0 0 0 0 0 0 1 1 1 0
 0 1 1 0 0 0 0 0 0 0 0 1 1 0 1 0 0 1 0 1 1 1 0 0 0 0 0 0 0 0 1 1 1 0 0 1 0
 1 0 0 0 0 0 0 0 0 1 1 0 0 1 0 1 1 1 1 1 0 1 1 0 0 1 0 0 0 1 1 0 1 0 1 0 1
 1 1 0 0 1 0 0 0 0 0 0 0 0 1 0 0 1 1 0 1 1 0 0 0 0 0 0 1 1 0 1 1 0 0 1 0 1
 1 0 1 0 0 1 1 0 0 0 0 1 0 1 0 1 1 0 1 0 0 0 0 1 0 1 0 0 1 0 1 0 1 0]

========== Cluster 1 ==========

Base classifier: LogisticRegression()

Minority Class: 1

Selected Features: [215 156  12  88  48  70  16 216  59 163  90 182 167  63 169  96  33 162
  67 153  76 128 100 135  14 176  47 107  57   0   3 151 197  86  78 211
  20  83 178 132  37 220   4  49 214 139  10  46  74 115  35 118 192  18
  84 108  11 117 159 199 188   9  80 209  58  31  72 174  41  34  92 129
 141 146 116  77  91  22 189 173  42 121  79  56  71 104  24  94 120 158
  60  40 200 183 184 222  54  30 130 185  93  69 172  95 205 191  64  51
 133 102 111 157  39  73  45  52  13   1  21   2  15  32  50  75  25  26
  17   8  53  38  55  19  23  61  62   7  27  36   6  65  66  43   5  68
  44  29  28 224  81 175 190 187 186 181 180 179 177 171 154 170 168 166
 165]

Labels: [1 0 0 0 0 0 0 1 0 1 0 0 1 0 0 0 1 0 0 0 1 0 0 0 0 0 0 0 0 0 1 1 1 0 0 1 0
 0 0 1 0 0 0 0 0 0 1 0 0 0 0 1 1 0 1 1 0 0 0 0 0 1 1 0 0 0 0 0 0 1 0 1 1 0
 0 0 0 1 0 0 0 1 1 0 0 0 0 0 1 0 1 1 0 0 0 1 0 0 0 0 0 0 1 1 0 0 0 0 0 0 1
 1 0 0 0 0 0 0 0 0 0 0 0 1 0 0 0 1 1 0 0 0 1 1 1 1 0 1 0 0 1 1 0 0 1 1 0 0
 0 1 1 1 0 0 0 0 0 0 0 0 0 0 0 0 0 0 0 0 1 1 0 0 0 0 0 0 0 0 0 1 0 0 0 0 0
 0 1 0 0 0 1 0 1 0 0 1 0 1 0 1 0 0 0 0 1 0 0 0 0 1 0 0 0 0 1 0 0 0 1 0 0 0
 0 1 0 1 0 0 1 0 0 0 1 0 0 1 0 0 0 1 0 0 0 0 1 0 0 1 0 0 1 1 0 0 1 0 1 0 0
 1 0 0 0 0 0 0 1 0 0 0 0 0 0 0 1 0 0 0 0 0 1 0 0 0 0 0 0 1 1 1 0 0 0 0 0 0
 0 0 1 0 0 0 0 0 0 0 0 0 0 0 0 0 0 0 0 1 0 1 1 0 0 0 1 1 0 0 0 0 0 0 1 1 0
 1 1 1 1 0 0 0 0 1 1 0 1 0 0 0 0 0 0 0 0 0 0 1 0 0 1 1 0 0 0 0 1 0 0 0 1 1
 0 0 0 0 1 0 0 1 1 0 0 0 1 1 0 0 0 0 1 1 1 0 0 0 1 0 0 0 0 0 1 0 1 0 1 1 1
 0 0 0 0 0 0 1 0 1 0 0 0 0 1 0 0 1 1 0 0 1 0 0 0 1 0 0 1 1 1 0 0 0 0 0 0 0
 0 0 0 0 0 0 0 0 0 0 0 0 0 0 1 1 1 0 0 0 0 0 1 0 0 0 0 0 0 0 1 0 0 1 0 1 0
 0 0 0 0 0 0 0 0 0 0 0 0 1 0 0 0 0 0 1 0 1 1 0 0 0 0 1 1 0 0 0 0 0 1 1 0 0
 0 0 0 0 0 0 0 1 1 1 0 1 0 0 0 0 0 1 0 0 0 0 0 1 0 0 0 0 1 0 0 0 0 0 0 0 0
 0 1 0 0 0 0 0 1 1 1 1 0 0 0 0 0 0 0 0 0 0 0 0 0 0 0 0 0 0 0 1 0 0 0 1 0 0
 0 0 0 0 0 0 1 1 0 0 1 1 1 0 0 0 1 0 1 0 0 0 0 0 1 0 1 0 1 1 1 0 0 0 0 1 0
 0 1 1 0 0 0 0 0 1 0 1 0 0 1 0]

