Clustering algorithm selected: fcm
=====================================

Clustering evaluation metric: dbc
Clustering evaluation value: 0.4802824817442719

========== Cluster 0 ==========

Base classifier: SVC(probability=True)

Minority Class: 1

Selected Features: [214 194  92 200 218  54 132 211   3   1 112 129 119 207 201 176 138 206
 143 215 113 135 148  79  77  96   4  26 116 133  85  41  50 199 204 173
 154  17  34  30  64 157  73 105  10  23   2 102 169  46  59  74 110 184
 168  36  69 158 175  86  35 213 131   8  82 136   5 109  13  84  11 178
 114 122 209  45 221 162  75  33  29 181  61  38  48 141 153   0  40 171
 137 183 166 197 188 186 100 172  98 108  25 224  94  70  44 210  93  32
  12 185  20  47 155  89 217 134 106 195  39 190 192  37 193 191 142 146
 189  42  43  31 187 130  49  51  52  53 145  55 144  27 196 140 222 220
 219 216   6   7 212   9 208 205  14  15  16 203  18  19  21  22 202  24
 198  57  28  56 180  58 156  91 161  95 160  97 125  99 124 101 159 103
 104 107]

Labels: [0 0 0 0 0 0 1 0 0 0 0 0 0 0 1 0 0 0 0 1 0 0 0 0 1 0 0 0 1 0 0 0 1 0 0 1 0
 0 1 1 0 0 0 0 0 0 0 0 0 1 1 0 0 0 0 1 0 0 0 0 0 1 0 0 0 0 1 1 0 0 0 0 0 0
 0 0 0 0 0 0 1 1 0 1 1 0 0 0 1 1 1 0 0 0 0 0 0 1 1 0 0 1 0 0 0 1 0 0 0 1 1
 0 1 0 0 0 1 0 1 1 0 0 0 1 0 0 0 0 0 0 1 0 0 0 0 0 0 1 0 0 0 0 0 0 0 0 1 0
 0 1 1 0 0 0 1 1 1 1 0 0 0 1 1 1 0 0 0 0 0 0 0 1 0 0 0 1 0 0 0 0 0 0 0 0 0
 0 0 0 0 1 0 1 0 0 0 0 0 0 0 0 0 0 0 0 0 0 1 1 0 0 0 1 1 0 1 1 0 1 0 0 0 0
 1 1 0 0 0 0 0 1 0 0 1 1 0 0 1 0 0 0 0 0 0 0 0 0 0 0 1 1 0 1 0 0 1 0 0 0 0
 0 0 1 0 0 0 1 0 0 0 0 0 0 0 0 0 0 0 0 0 0 0 0 0 1 0 0 0 0 0 1 0 0 0 0 1 0
 1 0 0 0 0 0 0 0 1 1 0 1 0 1 0 0 0 0 0 0 0 0 0 1 1 0 0 1 1 1 0 0 0 1 0 0 1
 1 0 0 0 0 0 0 0 0 0 0 1 0 0 0 0 0 0 0 0 0 0 0 0 0 0 1 0 0 0 1 0 0 0 0 1 0
 0 0 1 0 0 0 0 0 1 1 0 0 1 0 0 0 0 0 0 0 1 1 0 1 0 0 1 0 0 0 0 0 0 0 0 0 1
 0 0 0 0 0 0 0 0 0 0 1 0]

========== Cluster 1 ==========

Base classifier: SVC(probability=True)

Minority Class: 1

Selected Features: [214  54 169 108 136 212 111  23  84  33  39  79 161  70  21  59  46 123
 176 135 150  92   0   9  49  51 187  76 113  28  83  47 157  41  53 101
 142 109 196 194  22 209 144  15  99  97 115  10 152  75 180   3 177  36
  82  35  20  18 129 141 102  77 211  64 199  14 198 217  34 134 181  66
 182   4 208  27  95 112   6  16 166 193 117 155  69 120  58 128  32  87
 139  40  50  44  43 192  42 195  48 191 197  45 189 190  61  67 184  65
 185  63  62  60  52 186  57  56  55 188  37  38 146 200 220 216 218  13
  12  11 219   8 201   7   5 221 222   2   1  17 215  19 213 210 207 206
  24  25  26 205 204  29  30  31 203 202  68  73 183 116 124 156 122 121]

Labels: [0 1 0 0 0 0 0 0 0 1 0 0 1 0 1 1 1 1 1 1 1]

========== Cluster 2 ==========

Base classifier: SVC(probability=True)

Minority Class: 1

Selected Features: [214 215 136   3 101  44 184  23  88 220   6  22 100  42  49 103 127 176
  58  11 159  56 138 157 111  89  81  73  52 183  87  64  90 105  10 187
  33 143 167  15  69 209 219 132 200 148 126  50  62   4 160 119 150   2
  84 128 162   8  57  27  34  95  97 120 170 102  46  17 123 197  85 153
  32  75 172  38 125  30  51  94 201 180 221 124  83 203 109 142 156  70
 161 134 122  98 169 166 190 196 206 185 131 114 178  39  48  25 207  43
  29  41  96 218  72  71  68  65  67  63  66 224  61  24   1   5   7   9
  12  13  14  16  18  19  20  21  26  60  28  31  35  36  37  40  45  47
  53  54  55  59  74 112  76 191 188 186 182 181 179 177 175 174]

Labels: [1 0 0 0 0 0 0 0 1 0 1 1 1 1 0 0 0 0 0 0 0 1 1 1 0 1 0 0 1 0 0 1 0 0 0 0 0
 1 0 0 0 1 1 0 1 0 0 0 0 1 1 1 0 0 0 0 0 0 1 1 0 0 1 1 0 0 0 1 1 1 1 0 0 0
 1 0 0 1 0 1 0 0 1 1 0 0 0 0 1 1 0 1 0 0 0 0 0 0 0 0 0 1 0 1 1 0 1 1 0 1 0
 0 1 0 0 1 1 1 0 0 0 1 0 0 0 0 0 0 0 0 0 0 0 0 1 0 0 0 0 0 0 0 0 0 0 1 0 0
 1 0 1 0 0 0 1 1 0 1 1 0 0 0 0 0 1 1 0 0 0 0 0 0 0 0 0 1 0 0 0 0 0 1 0 1 0
 0 0 0 1 0 1 0 0 0 0 1 1 1 0 0 0 1 0 0 0 1 1 0 1 0 0 0 0 0 1 0 1 0 0 1 1 1
 1 1 0 1 0 1 0 1 1 1 0 0 0 1 1 1 0 0 0 1 0 0 1 0 1 1 1 0 1 0 0 0 1 0 1 1 0
 0 0 1 0 1 1 1 1 0 0 0 0 1 0 1 0 0 0 0 0 1 0 0 0 1 0 1 0 0 0 1 1 0 0 0 1 0
 0 1 0 0 0 0 1 0 0 0 1 0 1 1 0 1 1 0 1 1 1 0 0 0 0 0 1 0 0 0 0 0 1 0 0 1 0
 0 0 1 0 1 0 0 0 0 1 1 1 0 0 0 1 0 0 0 0 0 1 0 0 1 1 0 1 0 0 0 0 0 0 1 0 0
 0 1 1 1 0 0 0 1 0 0 1 0 0 1 0 0 0 0 0 1 0 1 0 0 0 0 1 1 0 0 0 0 0 0 1 1 0
 1 1 0 0 0 0 0 1 0 1 0 0 0 1 0 0 1 0 1 0 1 0 0 0 1 1 0 0 1 1 1 0 0 0 1 0 1
 0 1 0 1 1 0 1 0 1 1 0 0 1 1 0 1 0 1 1 1 0 1 0]

