Clustering algorithm selected: kmeans++
=====================================

Clustering evaluation metric: dbc
Clustering evaluation value: 0.16295692700970665

========== Cluster 0 ==========

Base classifier: GaussianNB()

Minority Class: 1

Selected Features: [ 0  1  2  3  4  5  6  7  8  9 10 11 12 13 14 15 16 17 18 19 20 21 22 23
 24 25 26 27 28 29 30]

Labels: [1 0 0 0 1 1 1 0 1 1 0 0 0 1 1 1 1 1 0 0 0 0 1 0 1 1 0 0 0 1 0 1 1 0 1 0 1
 1 0 1 1 1 0 1 0 1 1 1 1 1 0 1 1 1 0 1 1 1 0 1 1 0 0 1 0 1 0 0 1 1 1 0 1 1
 1 1 1 0 0 1 1 1 0 0 1 1 0 1 1 0 0 0 1 1 0 0 1 1 0 0 0 0 0 0 1 1 1 0 1 1 0
 0 1 1 0 1 1 1 1 1 0 1 0 0 0 1 0 0 0 1 1 1 1 1 0 1 0 0 1 1 1 1 0 0 1 0 1 0
 1 0 1 0 1 0 1 1 1 0 0 1 0 1 0 0 1 0 1 0 0 1 0 1 0 0 1 0 0 1 1 1 1 1 1 1 0
 0 0 0 0 1 1 0 0 1 1 0 0 1 0 0 1 1 0 1 1 0 0 0 1 1 1 0 1 0 0 1 0 0 1 1 0 1
 1 0 0 1 0 0 0 1 1 0 0 1 1 0 1 0 1 0 1 0 0 1 1 0 1 0 0 0 0 1 0 0 0 0 1 0 0
 0 0 0 0 1 0 0 0 0 0 0 1 1 1 0 1 0 1 0 1 0 1 0 1 0 0 0 1 0 1 0 1 0 1 0 0 0
 1 0 1 1 0 0 0 1 1 0 0 0 1 0 0 0 1 0 0 1 1 1 1 1 0 1]

Synthetic samples indexes: [  1   2   3   7  10  11  12  18  19  20  21  23  26  27  28  30  33  35
  38  42  44  50  54  58  61  62  64  66  71  77  78  82  83  89  90  91
  94  98  99 100 101 102 103 107 110 114 120 122 123 124 126 127 128 134
 136 137 142 143 145 149 151 153 157 158 160 162 163 165 167 168 170 172
 173 175 176 185 186 187 188 191 192 195 196 198 199 202 205 206 207 211
 214 216 217 220 223 224 226 227 228 231 232 235 237 239 241 242 245 247
 248 249 250 252 253 254 255 257 258 259 260 261 262 264 265 266 267 268
 269 273 275 277 281 283 284 285 287 289 291 293 294 295 297 300 301 302
 305 306 307 309 310 311 313 314 320]

========== Cluster 1 ==========

Base classifier: SVC(probability=True)

Minority Class: 1

Selected Features: [ 0  1  2  3  4  5  6  7  8  9 10 11 12 13 14 15 16 17 18 19 20 21 22 23
 24 25 26 27 28 29 30]

Labels: [0 1 0 0 1 0 0 1 0 1 0 1 1 1 1 0 1 0 1 0 1 1 0 1 0 0 1 1 0 0 0 1 0 0 0 0 0
 0 0 0 0 0 1 0 1 0 1 1 1 1 1 1 1 0 0 1 0 1 0 0 0 1 1 1 0 0 1 1 0 0 1 1 0 1
 1 0 1 1 0 0 1 0 0 0 1 1 1 0 0 0 0 1 1 1 1 1 0 0 1 0 1 1 0 1 1 0 1 0 0 0 1
 0 0 1 1 1 0 1 1 1 1 1 1 1 0 1 0 1 0 0 1 1 1 1 0 1 1 0 1 1 1 0 1 0 0 1 0 1
 0 0 0 1 1 0 1 0 1 0 1 1 1 1 1 1 1 0 0 1 0 1 0 0 1 1 1 0 0 1 1 1 0 0 1 0 0
 1 1 1 0 0 1 0 0 1 1 0 0 1 0 1 0 0 1 0 0 1 0 0 1 1 1 1 0 0 0 1 1 1 0 0 0 1
 1 1 0 0 0 1 1 0 0 1 0 1 0 0 0 1 0 0 0 0 1 1 1 1 0 1 0 0 0 0 1 1 1 1 0 0 1
 1 0 1 0 1 0 0 0 1 1 1 0 0 1 1 1 1 1 1 0 0 0 1 0 1 1 1 1 0 1 1 0 0 1 0 1 0
 0 0 1 1 0 1 0 0 0 1 0 0 1 1 1 0 0 1 1 0 1 1 0 0 0 1 0 1 1 0 0 0 0 1 1 1 0
 1 0 0 0 1 1 0 0 1 1 0 1 1 0 0 1 0 0 0 1 0 0 0 0 1 1 0 0 0 0 1 0 0 0 0 0 0
 0 1 0 1 1 0 0 1 1 1 1 0 0 1 1 1 1 0 1 1 1 1 0 1 1 0 1 1 0 1 1 0 1 1 0 1 1
 0 1 1 0 1 1 1 1 0 1 0 0 1 1 0 1 0 1 1 0 1 1 1 0 0 1 1 0 0 1 1 1 1 0 1 1 1
 1 0 1 1 0 1 1 1 1 1 1 1 0 1 1 1 0 0 1 1 1 0 1 1 1 1 1 0 1 0 0 1 0 1 1 0 1
 1 1 0 0 1 0 1 1 0 1 0 0 0 0 0 1 0 0 0 1 1 0 0 0 0 0 0 0 0 1 0 1 0 0 0 1 0
 0 0 0 0 1 0 1 1 0 0 1 0 1 0 1 1 0 0 1 1 1 1 1 1 1 1 1 1 1 1 0 1 1 1 0 0 0
 0 1 1 0 0 0 1 1 0 0 1 0 0 0 0 1 0 0 0 1 1 1 0 0 0 0 1 1 1 0 1 0 1 1 0 0 0
 0 1 1 0 1 0 0 1 0 0 0 0 0 0 0 0 0 0 0 0 0 1 1 0 0 0 0 0 0 0 0 0 0 0]

Synthetic samples indexes: [  1   4   7   9  11  12  14  16  18  20  21  23  26  27  31  42  44  46
  47  48  49  50  51  52  55  57  61  62  63  66  67  70  71  73  74  76
  77  80  84  85  86  91  92  93  98 100 101 103 104 110 113 115 117 118
 119 120 121 122 123 125 131 132 133 136 138 139 140 142 145 151 152 156
 160 161 162 164 167 169 172 173 174 177 178 182 185 186 187 190 193 194
 197 199 202 205 208 209 210 211 215 217 221 222 223 227 228 231 233 237
 242 243 244 245 247 252 253 254 255 258 259 261 263 268 269 272 273 274
 275 276 277 281 283 284 285 286 288 292 298 299 301 305 308 309 310 313
 314 316 317 321 323 324 329 330 331 337 338 341 342 344 345 348 352 357
 358 363 371 373 374 377 378 379 380 384 386 388 389 390 391 393 394 396
 397 399 400 403 405 406 408 409 411 412 413 414 416 419 420 422 424 425
 427 429 432 433 436 437 438 439 441 442 443 444 446 447 449 450 451 452
 453 454 455 457 459 462 463 464 466 467 468 469 475 477 478 480 481 482
 485 487 488 490 496 500 501 510 512 516 522 524 525 528 530 532 536 537
 538 539 540 541 543 544 545 546 547 549 550 551 556 557 561 562 565 570
 575 576 581 583 585 587 588 593 594 596 599 613 614]

