Clustering algorithm selected: kmeans++
=====================================

Clustering evaluation metric: dbc
Clustering evaluation value: 0.16633949669895826

========== Cluster 0 ==========

Base classifier: SVC(probability=True)

Minority Class: 0

Selected Features: [ 0  1  2  3  4  5  6  7  8  9 10 11 12 13 14 15 16 17 18 19 20 21 22 23
 24 25 26 27 28 29 30]

Labels: [0 0 1 1 1 0 1 0 1 1 0 1 0 1 0 0 0 0 1 1 0 0 0 0 1 0 1 1 1 0 1 1 0 1 1 1 0
 1 1 0 1 0 0 0 1 0 0 0 1 1 1 1 0 1 1 1 0 0 0 0 1 0 1 0 1 1 0 0 0 1 1 1 1 1
 0 1 0 1 1 0 1 0 0 1 0 1 0 0 1 0 1 0 1 0 1 1 1 0 1 1 0 1 1 0 1 1 0 1 0 0 1
 1 0 1 1 0 1 0 0 0 1 1 0 1 1 0 0 0 0 0 0 0 1 1 0 1 1 1 0 1 0 1 1 0 1 0 0 1
 0 0 1 1 1 1 0 1 1 0 0 1 0 1 1 1 0 0 1 1 0 0 1 0 0 0 0 0 0 1 1 1 0 1 1 1 1
 0 1 0 0 1 1 1 0 0 1 1 0 1 0 1 0 1 0 1 1 1 0 0 0 0 0 1 0 1 0 0 0 1 0 0 0 1
 1 0 1 0 0 1 1 1 0 0 1 0 0 1 0 1 1 1 0 0 1 0 0 1 0 1 0 1 1 1 0 0 0 1 1 1 0
 0 1 1 1 1 1 1 1 1 1 0 1 1 1 0 1 1 0 0 1 1 0 0 0 0 0 1 0 1 1 0 1 1 0 0 0 1
 0 0 0 0 0 1 1 1 0 0 1 0 0 0 1 0 0 0 0 1 0 1 0 1 1 1 0 1 0 0 1 1 0 0 1 0 0
 0 1 0 0 0 1 1 0 0 0 1 1 1 1 1 1 1 1 1 1 0 1 1 0 1 0 1 0 1 1 0 0 1 0 1 1 1
 0 0 0 1 0 1 1 1 0 0 1 1 0 0 0 1 0 0 0 1 0 0 1 0 0 0 1 0 1 0 1 1 0 0 1 0 1
 0 0 0 0 1 0 1 0 0 0 1 1 1 0 1 1 1 0 0 0 1 1 1 0 0 1 0 0 0 1 0 0 0 0 0 1 0
 0 0 1 1 0 1 1 1 0 0 0 0 0 1 0 1 0 1 0 1 1 1 0 1 1 1 1 1 1 0 0 1 0 1 0 1 1
 0 0 1 1 1 1 1 1 1 1 0 0 0 0 0 1 0 0 0 0 0 1 0 1 0 1 0 1 0 1 0 1 1 0 0 0 1
 1 0 0 0 0 0 1 1 0 1 1 0 1 0 0 1 1 0 0 0 0 1 0 0 0 1 0 0 0 1 1 1 1 0 1 1 1
 0 1 1 1 0 1 1 0 0 0 1 1 0 0 1 0 0 1 1 1 0 0 1 1 1 0 1 1 1 0 1 1 0 0 1 0 0
 1 0 0 0 1 0 1 0 1 0 0 1 1 1 1 1 0 0 1 0 1 0 1 0 1 1 1 0 0 1]

Synthetic samples indexes: [  2   3   4   6   8   9  11  13  18  19  24  26  27  28  30  33  34  35
  37  38  40  44  48  49  50  51  53  54  60  62  65  69  70  71  72  73
  75  77  78  80  83  85  88  90  92  94  95  96  98  99 101 102 104 105
 107 110 111 113 114 120 121 123 132 133 135 136 137 139 141 144 147 150
 151 152 153 155 156 159 161 162 163 166 167 170 177 178 181 182 183 184
 186 189 190 191 194 195 199 201 203 204 205 211 213 217 221 222 224 228
 232 235 237 238 239 242 245 247 249 250 251 255 256 260 261 262 263 264
 265 266 267 268 270 271 272 274 275 278 279 285 287 288 290 291 295 302
 303 306 310 315 317 319 320 321 323 326 327 330 334 338 339 343 344 345
 346 347 350 351 352 354 355 357 359 361 362 365 367 368 369 373 375 376
 377 381 389 392 396 398 400 401 406 411 413 418 419 421 422 423 427 428
 429 432 436 442 446 447 449 450 451 457 459 461 463 464 465 467 468 469
 470 471 472 475 477 479 480 483 484 485 486 487 488 489 490 496 504 506
 508 510 512 513 517 518 524 525 527 533 534 543 547 548 549 550 552 553
 554 556 557 558 560 561 565 566 573 574 577 578 579 581 582 583 585 586
 589 592 598 600 603 604 605 606 607 610 612 614 616 617 621]

========== Cluster 1 ==========

Base classifier: SVC(probability=True)

Minority Class: 0

Selected Features: [ 0  1  2  3  4  5  6  7  8  9 10 11 12 13 14 15 16 17 18 19 20 21 22 23
 24 25 26 27 28 29 30]

Labels: [0 1 0 0 1 1 0 1 0 1 0 0 0 1 1 1 1 0 0 0 1 0 0 1 0 1 0 0 1 1 0 1 1 0 0 1 1
 1 1 0 1 0 0 1 1 0 1 0 1 0 0 1 1 1 0 1 0 1 1 1 0 0 0 1 1 0 1 1 1 0 0 1 1 1
 1 1 0 0 0 0 0 0 0 1 0 0 0 1 1 1 1 1 1 1 1 1 0 1 1 1 0 1 0 0 1 0 1 1 0 0 0
 1 0 1 0 0 1 0 0 0 1 0 1 1 0 1 1 0 0 1 1 1 1 0 1 0 0 1 1 1 0 1 1 1 1 1 0 0
 1 0 1 1 0 1 0 0 0 0 0 0 0 0 0 0 0 1 1 0 1 0 0 1 0 1 0 1 1 0 1 1 1 1 0 1 0
 1 1 1 1 1 1 1 1 1 0 1 0 1 0 0 0 0 1 0 0 0 1 1 1 0 0 0 1 0 1 0 0 0 0 0 0 1
 1 0 0 0 0 0 1 0 1 1 1 0 0 1 1 1 1 1 1 1 0 0 0 0 0 0 1 0 0 1 0 1 1 1 0 0 1
 1 1 1 1 1 0 0 0 0 1 0 1 0 1 1 1 0 0 0 0 1 0 0 1 1 0 1 1 1 1 1 1 1 0 0 1 1
 1 0 0 0 0 1 1 0 0 0 1 0 0 0 0 1 0 0 0 1 1 0 0 0 1 0 1 0 0 1 0 0 0 1]

Synthetic samples indexes: [  0   2   3   6   8  10  11  12  17  18  19  21  22  24  26  27  30  33
  34  39  41  42  45  47  49  50  54  56  60  61  62  65  69  70  76  77
  78  79  80  81  82  84  86  96 100 102 103 105 109 110 112 114 115 117
 118 119 121 124 127 128 133 135 136 140 146 147 149 152 154 155 156 157
 158 159 160 161 162 163 164 167 169 170 174 177 182 184 194 196 198 199
 200 201 203 204 205 209 210 211 213 215 216 217 218 219 220 223 224 226
 229 233 234 242 243 244 246 247 250 252 256 257 264 265 266 269 271 275
 276 277 278 280 281 284 292 293 297 298 299 300 304 305 307 308 309 310
 312 313 314 317 319 321 323 324 326 327 328]

