Clustering algorithm selected: kmeans++
=====================================

Clustering evaluation metric: dbc
Clustering evaluation value: 0.16714093462368868

========== Cluster 0 ==========

Base classifier: SVC(probability=True)

Minority Class: 0

Selected Features: [ 0  1  2  3  4  5  6  7  8  9 10 11 12 13 14 15 16 17 18 19 20 21 22 23
 24 25 26 27 28 29 30]

Labels: [0 0 0 1 0 1 1 0 1 0 0 1 0 1 0 1 1 1 0 1 1 1 0 1 0 0 1 0 1 0 0 0 0 0 1 0 1
 0 0 0 1 0 0 1 0 1 0 1 0 1 0 1 1 1 1 0 1 1 0 0 1 1 0 1 0 1 1 0 0 0 1 1 1 0
 0 1 1 1 1 1 0 0 0 0 0 1 1 1 0 0 0 0 0 0 0 1 1 0 1 0 0 0 0 1 0 1 1 0 0 0 0
 0 0 1 0 1 0 0 0 1 1 1 0 0 1 0 0 1 0 0 0 0 1 1 1 0 0 1 0 0 1 0 1 0 0 1 0 1
 1 0 1 0 0 1 1 0 1 1 1 1 0 1 0 1 1 0 1 0 1 1 0 1 0 0 1 0 1 1 1 1 0 0 1 0 1
 1 0 0 1 0 0 0 0 0 0 1 1 0 0 0 0 0 0 1 0 0 0 0 1 1 1 1 1 1 0 1 1 0 0 0 0 0
 0 0 1 1 1 1 1 0 1 0 1 1 0 0 1 0 0 1 0 1 0 0 0 0 1 0 1 0 0 0 1 0 0 0 1 0 0
 1 1 1 1 1 1 1 0 1 0 1 1 1 1 0 1 1 0 0 0 1 0 0 1 1 1 1 0 0 1 1 1 0 1 1 0 1
 0 1 0 1 1 0 1 0 0 1 0 1 1 1 0 1 0 1 0 0 1 1 1 0 0 1 1 1 0 0 0 1 1 0 1 0 0
 1 1 1 1 1 0 0 0 0 0 0 0 1 0 0 0 0 1 0 0 1 1 0 1 0 0 1 1 0 1 0 1 1 0 0 0 1
 0 1 0 1 1 0 0 1 0 1 0 0 0 0 1 1 0 0 0 1 0 1 1 0 0 0 0 0 1 1 1 1 0 0 0 1 0
 1 1 1 1 1 0 1 0 0 1 1 1 1 0 1 1 0 0 0 0 0 1 0 0 1 0 1 0 1 1 1 0 1 0 1 0 1
 0 0 0 0 0 0 1 0 0 1 0 1 1 1 1 1 1 0 1 0 0 1 1 1 0 0 0 0 1 0 1 0 1 0 0 1 1
 1 0 1 1 0 1 1 0 1 0 1 1 1 0 1 0 1 0 0 1 1 1 1 0 1 1 1 1 0 1 1 0 1 1 1 0 1
 1 0 1 1 1 0 0 0 0 0 1 1 1 1 1 1 1 0 1 0 0 0 0 0 1 0 0 0 1 1 1 1 0 1 0 1 1
 1 0 1 0 1 1 0 1 1 1 0 0 0 0 1 1 0 0 1 1 1 1 1 0 1 1 1 0 1 1 1 1 1 1 0 1 1
 0 0 0 0 0 1 1 0 1 0 1 1 0 0 0 1 1 0 1 1 0 0 1 1 0 0 1 0 1 0]

Synthetic samples indexes: [  3   5   6   8  15  16  17  19  20  21  23  28  34  36  43  45  47  49
  51  52  53  54  56  57  60  61  63  65  66  70  71  72  76  77  78  79
  85  86  87  95  96  98 103 105 106 113 115 119 120 121 124 127 132 133
 134 137 140 142 145 148 150 153 154 156 157 158 161 163 164 166 168 169
 174 176 177 178 179 182 184 185 188 195 196 203 208 210 212 213 215 216
 224 225 226 227 228 230 232 233 236 239 241 246 248 252 256 259 260 261
 262 263 264 265 267 269 270 271 272 274 275 279 282 283 284 285 288 289
 292 293 295 299 300 302 305 307 308 309 311 313 316 317 318 321 322 323
 327 328 330 333 334 335 336 337 345 350 353 354 356 359 360 362 364 365
 369 371 374 377 379 384 385 389 391 392 398 399 400 401 405 408 409 410
 416 417 418 422 428 431 435 439 441 443 450 453 455 456 457 458 459 462
 465 466 467 472 474 479 480 481 483 484 486 487 489 491 492 493 495 497
 500 501 502 503 505 506 507 508 510 511 513 514 517 518 520 521 522 528
 529 530 531 532 533 534 542 546 547 548 549 551 553 554 555 559 560 562
 563 564 569 570 573 574 575 576 577 579 580 581 583 584 587 588 590 591
 597 598 600 603 607 608 610 611 614 615 618 620]

========== Cluster 1 ==========

Base classifier: GaussianNB()

Minority Class: 0

Selected Features: [ 0  1  2  3  4  5  6  7  8  9 10 11 12 13 14 15 16 17 18 19 20 21 22 23
 24 25 26 27 28 29 30]

Labels: [1 0 1 0 0 0 1 0 1 0 1 1 1 1 0 1 0 0 1 0 1 1 0 1 0 1 1 1 1 0 0 1 0 0 1 1 1
 1 1 0 1 0 1 1 0 1 0 0 0 0 0 1 1 0 1 0 1 0 0 1 1 1 1 0 0 1 0 0 1 0 0 1 0 1
 0 1 0 0 0 1 1 1 0 1 0 0 0 0 1 0 1 1 1 0 0 1 1 0 0 0 1 0 0 0 0 1 1 1 1 1 0
 0 0 1 0 1 0 0 1 0 1 0 1 0 1 0 1 1 0 1 1 0 1 0 1 0 1 1 0 1 0 1 0 0 1 1 1 1
 1 1 0 0 1 0 0 0 1 0 0 1 1 1 1 0 0 0 1 0 0 1 1 1 0 0 1 0 0 1 1 0 0 1 0 1 0
 1 0 0 1 0 0 0 0 1 0 1 0 1 1 1 0 1 0 0 0 1 0 0 1 0 1 1 1 0 1 0 0 0 1 0 0 0
 0 0 0 1 1 0 0 0 0 0 0 1 0 1 0 1 0 1 1 1 0 1 1 1 1 1 0 1 1 1 0 1 0 0 1 0 1
 1 1 0 1 1 0 0 1 0 0 0 0 1 0 1 1 1 1 1 0 1 1 1 1 0 1 0 0 0 1 1 0 0 1 1 0 0
 1 0 0 1 1 0 1 0 1 0 1 0 0 1 1 1 0 1 0 0 0 1 0 1 1 1 1 0]

Synthetic samples indexes: [  1   3   4   5   7   9  16  17  19  22  24  29  30  33  39  41  44  46
  47  48  49  50  53  55  57  58  63  64  67  69  70  76  77  78  82  84
  85  86  87  89  93  94  97  98 101 102 103 104 110 111 112 114 116 117
 119 121 123 125 128 131 133 135 138 140 142 143 150 151 153 154 155 157
 158 163 164 165 167 168 172 173 175 176 179 180 182 184 186 187 189 190
 191 192 194 196 200 202 203 204 206 207 209 213 215 216 217 219 220 221
 223 224 227 228 229 230 231 232 234 238 242 248 252 254 255 257 261 264
 265 267 268 269 270 272 278 283 285 286 287 290 291 294 295 297 298 301
 305 308 312 314 315 318 323]

