Clustering algorithm selected: kmeans++
=====================================

Clustering evaluation metric: dbc
Clustering evaluation value: 0.16531169168817333

========== Cluster 0 ==========

Base classifier: SVC(probability=True)

Minority Class: 0

Selected Features: [ 0  1  2  3  4  5  6  7  8  9 10 11 12 13 14 15 16 17 18 19 20 21 22 23
 24 25 26 27 28 29 30]

Labels: [0 1 1 0 0 1 1 0 0 1 1 0 1 0 1 1 1 0 1 0 1 0 0 1 1 0 1 1 1 1 0 1 0 0 0 1 1
 1 0 0 0 1 1 0 1 0 0 0 1 1 0 1 0 0 1 1 0 0 0 1 0 1 0 1 1 1 0 1 1 1 1 1 0 0
 0 1 0 1 0 1 0 0 0 0 0 1 0 0 1 1 0 1 0 1 1 1 1 1 0 1 0 1 0 1 0 0 1 0 0 0 0
 0 0 1 1 0 0 0 0 1 0 0 0 1 0 0 0 0 1 0 0 1 1 0 1 1 1 0 1 0 1 1 0 0 0 0 1 1
 0 0 0 0 0 0 1 1 0 1 1 0 1 1 0 1 1 1 0 1 1 1 0 1 0 1 0 1 0 0 1 1 1 1 1 1 1
 1 1 0 0 0 1 1 1 1 1 0 0 1 0 1 0 0 1 1 1 0 1 0 1 0 1 0 0 0 0 0 1 0 1 0 1 1
 1 0 0 1 0 1 1 1 0 1 0 0 1 0 1 1 1 0 0 1 1 0 1 1 1 0 0 1 0 0 1 1 1 0 0 0 0
 1 1 1 0 0 0 1 1 1 1 1 0 0 1 0 1 0 1 0 0 1 0 0 1 1 1 1 1 1 1 1 1 0 1 1 1 0
 0 0 0 0 0 0 0 1 1 1 0 1 0 0 0 0 1 1 0 1 1 1 1 1 1 0 1 0 1 0 1 0 1 0 1 1 1
 0 1 1 0 1 0 0 0 1 0 0 1 1 0 1 1 0 0 1 1 0 0 1 1 1 0 1 1 0 1 1 0 1 0 0 0 1
 0 0 0 0 0 1 1 0 0 1 0 0 0 0 0 1 1 0 0 1 0 0 0 1 0 0 0 0 1 0 1 1 0 0 0 0 1
 1 0 1 0 1 0 1 0 1 1 1 0 1 0 0 0 0 0 0 1 0 0 0 0 1 0 1 1 0 1 1 1 0 1 1 0 1
 1 0 1 1 0 0 0 0 0 1 1 0 1 1 1 0 0 1 0 0 0 1 0 0 1 0 0 1 0 0 0 0 1 0 1 1 0
 1 1 1 1 1 0 1 1 0 1 1 1 1 0 0 1 0 1 0 1 0 1 1 0 0 0 0 1 1 0 1 1 1 1 0 1 0
 0 0 0 0 1 0 1 1 1 1 0 0 0 0 1 0 0 1 1 1 1 0 1 0 0 0 0 0 0 1 0 1 0 1 1 1 1
 1 1 1 1 0 0 1 0 1 0 0 1 1 1 0 0 1 1 1 1 0 1 0 0 1 0 0 1 0 0 1 0 1 0 0 0 1
 1 1 1 0 0 0 1 0 0 1 0 0 0 1 0 1 1 0 1 1 0 1 0 0 1 0 1 0 1 1]

Synthetic samples indexes: [  1   2   5   6   9  10  12  14  16  18  20  23  24  26  27  28  29  31
  36  37  41  42  44  49  51  54  55  59  63  64  65  67  68  69  70  75
  77  79  85  88  89  91  93  94  95  96  97  99 101 103 106 113 114 123
 128 131 134 135 138 140 141 146 147 155 157 158 160 161 163 164 165 167
 168 169 171 173 175 178 179 180 181 182 183 184 185 190 191 192 193 194
 197 199 202 203 204 208 210 216 218 220 221 222 225 227 228 229 231 234
 236 237 238 241 242 245 246 249 252 254 259 260 261 265 266 267 268 269
 272 274 276 279 282 283 284 285 286 287 288 290 292 293 294 303 304 305
 307 312 313 315 316 317 318 319 320 322 324 328 330 331 332 334 335 337
 341 344 345 347 348 351 355 357 359 360 362 363 365 369 375 379 385 386
 389 393 400 401 406 409 411 413 415 416 419 431 433 434 436 438 440 441
 443 444 446 447 453 454 456 457 458 465 468 471 476 478 479 481 483 484
 485 487 488 490 491 492 493 496 498 500 502 503 508 509 511 512 513 514
 516 522 525 526 527 532 535 536 537 549 551 552 553 554 555 556 558 561
 563 566 567 568 571 572 573 574 576 579 582 585 587 591 592 593 594 598
 605 607 608 610 611 613 616 618 620 621]

========== Cluster 1 ==========

Base classifier: GaussianNB()

Minority Class: 0

Selected Features: [ 0  1  2  3  4  5  6  7  8  9 10 11 12 13 14 15 16 17 18 19 20 21 22 23
 24 25 26 27 28 29 30]

Labels: [1 1 1 0 1 0 0 1 0 0 1 1 1 1 0 0 0 0 0 0 1 1 1 1 1 0 1 0 0 1 1 0 0 1 1 1 0
 0 1 0 1 0 1 1 1 1 0 0 1 0 1 0 0 1 0 1 1 1 0 0 0 0 1 0 1 1 1 1 1 0 1 1 0 0
 0 1 1 1 0 0 1 0 1 0 0 0 0 1 1 0 0 0 0 1 1 1 1 1 1 1 1 1 0 0 1 1 1 0 0 1 0
 0 1 1 1 0 1 0 0 0 1 1 0 1 0 1 0 0 0 0 1 1 1 1 1 0 0 1 0 0 1 1 1 0 0 1 0 1
 1 1 1 0 0 1 1 0 0 1 0 0 0 1 1 0 0 0 0 0 1 1 1 1 1 0 0 0 1 0 1 0 1 0 1 0 1
 0 0 1 0 0 1 0 0 1 1 0 1 0 1 1 1 0 1 1 0 0 0 1 1 1 1 0 0 0 1 1 1 0 1 1 0 1
 0 1 1 0 0 0 0 0 0 1 0 0 1 1 0 0 0 0 0 1 0 1 1 1 0 0 1 1 1 0 1 0 1 1 1 1 1
 0 1 0 1 0 1 0 0 0 0 1 1 0 1 1 0 0 0 0 0 1 0 0 0 0 1 0 0 0 1 1 1 1 0 1 0 0
 1 1 0 1 1 1 1 0 0 0 0 1 0 0 1 1 0 1 0 0 0 0 1 0]

Synthetic samples indexes: [  3   5   6   8   9  14  15  16  17  18  19  25  27  28  31  32  36  37
  39  41  46  47  49  51  52  54  58  59  60  61  63  69  72  73  74  78
  79  81  83  84  85  86  89  90  91  92 102 103 107 108 110 111 115 117
 118 119 122 124 128 129 135 136 138 139 143 144 146 151 152 155 156 158
 159 160 163 164 165 166 167 173 174 175 177 179 181 183 186 188 189 191
 192 195 197 201 205 206 211 212 213 217 220 222 225 226 227 228 229 230
 232 233 236 237 238 239 240 242 247 251 253 259 261 263 265 266 268 271
 275 276 278 280 281 282 285 286 292 294 295 298 303 304 305 306 308 309
 312 314 315 316 317 319]

