Clustering algorithm selected: fcm
=====================================

Clustering evaluation metric: rand
Clustering evaluation value: 0.023620785761579093

========== Cluster 0 ==========

Base classifier: LogisticRegression()

Minority Class: 1

Selected Features: [173   3  93  70 204 139 215  88  76 221 134  85   5  52 164 205 142  13
 159  17  81 162  14 199   4 209  63  39  20  32   7  74  89   6 218 151
 149 156  94 208  47 146 214  82 207  16 123  68 167   8 193 121 172 201
 190  67   2 217  18  25 119 194  99 220 152  54 153  27 192  45 111  11
 140  72 138 189 171  48 102 137  95  40 118  97 160  44  50  23 170  77
 135  57  51 125  98  36  59 120 101  28 126 113 197  87  49  55 114 223
  80  58 165 108 224  79 186  61  56  24  31  30  29  26  71  73  22  10
  21   1  19  15  69  33  53  42  60  12  62  43  64  65  41   9  66  75
  38  37  35  34  46 112  78 185 183 182 181 180 179 178 177 176 175 174
 169 168 166 163 161 184 187 157 188]

Labels: [0 0 0 0 0 1 0 0 1 0 0 0 0 0 0 1 0 0 1 0 0 0 0 1 0 0 0 1 0 0 0 1 0 0 1 0 0
 1 0 0 0 0 0 0 0 0 0 1 1 0 0 0 0 1 0 0 0 0 0 1 0 0 0 0 1 0 1 0 0 0 0 0 0 0
 0 0 1 1 0 1 1 0 0 1 1 1 0 0 0 0 0 0 1 1 0 0 1 0 0 0 1 0 0 0 1 1 0 1 0 0 0
 1 0 0 0 0 1 0 0 0 0 1 1 0 1 0 0 0 0 1 0 1 0 0 1 0 0 0 0 0 0 0 1 0 0 1 0 0
 0 0 1 0 0 0 0 0 1 0 0 0 0 0 0 0 0 0 0 0 0 1 0 0 0 1 0 0 0 0 0 0 0 1 0 0 0
 0 0 0 0 1 0 0 1 1 0 0 0 1 1 1 0 0 0 1 1 1 0 0 0 0 0 1 0 0 0 0 0 0 0 0 0 0
 0 0 0 0 0 1 0 1 0 0 0 0 0 0 0 0 0 0 0 0 0 1 1 0 0 0 1 1 0 1 1 0 1 0 0 0 0
 1 0 0 1 0 0 1 1 0 1 0 0 0 0 0 0 0 0 0 0 1 1 0 1 0 0 1 0 0 0 0 0 0 1 0 0 0
 1 0 0 0 0 0 0 0 0 0 0 0 0 0 0 0 1 0 0 0 1 0 0 1 1 0 0 0 0 0 0 0 0 0 0 1 0
 0 0 0 0 0 0 0 0 0 0 0 1 0 1 0 0 0 1 0 0 0 0 1 0 0 0 1 0 0 0 0 0 1 1 0 0 1
 0 0 0 0 0 0 0 1 0 1 0 0 1 0 0 0 0 0 0 0 0 1 0 0 0 0 0 0 0 0 0 0 1 0]

========== Cluster 1 ==========

Base classifier: LogisticRegression()

Minority Class: 1

Selected Features: [ 31  60  13 158  84 154  74   3  29 143 141  34  87 127  91 212 149 186
 194 208 215 219  28 171  67  22 111 169 182 175   0  85 201  58 137 172
 218  33  51  92  69 204 136   2 193 199  77  46  81 117  64  83 101  88
 140  54  53 187  98 217 152 100  38 221  62 183 206 203 130  80 114 153
  11  75  59 148 166  47 190 119  79 213 129 197 162 115 170  37   7 179
 160  42 105  50  41 205 144 126 118 185   9 209   1  24  35  20  52  17
  68  70  71  19  18  72  73  16  49  15  14  12  10   8   6   5   4  21
  23  66  25  48  55  45  44  56  57  43  40  39  36  61  32  30  63  27
  65  26  76 224  78 165 178 177 176 174 173 168 167 164 147 163 161 159
 157 156 155 151 180 181 184 188 222]

Labels: [0 0 0 0 0 0 0 1 0 0 0 1 0 0 0 0 1 0 0 0 0 0 0 1 0 0 1 0 1 0 0 0 0 0 0 0 0
 0 0 0 1 1 0 1 1]

========== Cluster 2 ==========

Base classifier: SVC(probability=True)

Minority Class: 1

Selected Features: [  3  91 142 201 111  79  33   5  66   8 123 208 109  76  53  19  63  78
 169 191 143 188  58  89  94 161 219 100  49 122   1 120 127 156 202  72
  39 167 114  20 107 165  74 118 124 177  56  60 128 134  15  42  51 116
 220 212 182 146 183 175  11 153 216 174 163 148 173 195   4 147 151 209
  18 141  73  99  64  93 117 164  87  50 119  59  67 215  35 159 144 190
   0  55 217 126  86  92 132 150  36 206  70  98 108  26  90 138  54  83
   9 104  31  68  40  12  41  10  43  44  45  69  14  52  46  71   7   6
  47   2  13  16  30  24  57  29  28  27  32  34  25  37  65  61  62  23
  22  21  38  17  48 224  75 193 189 187]

Labels: [1 0 0 0 0 1 0 1 1 1 1 0 0 0 1 1 0 1 0 0 1 0 1 0 0 0 0 1 0 0 1 1 0 0 0 0 1
 0 0 0 0 1 1 0 1 0 0 1 1 1 0 1 0 0 1 0 0 0 1 1 0 0 0 0 1 0 1 0 0 0 0 1 0 1
 1 1 1 0 0 1 0 0 1 1 1 0 0 1 0 0 0 0 0 0 0 0 0 0 0 0 0 0 0 0 0 1 0 1 1 0 1
 0 1 0 0 0 1 1 0 0 1 1 0 0 0 1 0 1 0 1 0 0 0 0 0 0 0 0 0 0 1 0 1 0 0 1 1 0
 1 0 0 0 0 0 0 0 0 1 0 0 0 1 0 1 0 0 0 1 1 1 0 0 0 1 1 1 0 0 0 1 0 1 0 0 1
 1 1 1 1 0 1 0 0 1 1 0 0 0 1 1 0 1 0 0 1 1 0 0 1 1 1 1 0 0 0 1 0 0 0 1 0 0
 1 0 1 0 0 1 1 0 1 0 1 0 0 1 0 0 0 1 1 1 0 0 1 0 0 1 0 1 0 0 0 1 0 0 0 1 0
 0 0 0 0 1 1 0 0 0 1 1 1 0 0 0 1 0 1 0 1 0 1 0 1 0 0 0 0 1 1 0 0 1 1 1 0 1
 1 0 1 1 1 0 1 0 1 1 0 0 1 1 1 0]

========== Cluster 3 ==========

Base classifier: SVC(probability=True)

Minority Class: 1

Selected Features: [  6 118 174  62 162  20 214 120  95  79 219 199 137   4 177 157 124 213
 193  98 127  14  71 132  50   3 114  19 155 212   1 149 201 164 156 151
 215 179 189 165 168  36   8  33 216  96 210 129 190  49  68 158 223 166
 185  59 138 131 195  31 191 204 128 184  48 220  60  54 108  41 153  77
 106 182  55 176 160  73  65  29  38 101 208 207  90 154  17  75  63 117
  66 161  46 119  72  45  40  47  86  28  30  11 136 146  81  22 159 121
  64 145 202 183 104  58  70  69  57  56  61  67 224  53  52   2   5   7
   9  10  12  13  15  16  18  21  23  24  25  26  27  32  34  35  37  39
  42  43  44  51  74 112  76 186 180 178 175 173 172 171 170 169 167 163
 152 150 148 147 144 181 187 142 188 222 221 218 217]

Labels: [0 0 1 0 0 0 1 1 0 0 1 0 1 0 0 0 1 0 0 1 1 1 1]

========== Cluster 4 ==========

Base classifier: SVC(probability=True)

Minority Class: 1

Selected Features: [106  15  63 115   9 196 132 105  98   0  38 108  95  13 148 128 139 165
  10  26 133  37  68 184 117   4  65   1 194  75  89  77  90 104 116 119
 181 127  73 140 154 112 145 121 146 170 157 103 107 134 129  78 109  72
  91 221 206 144  99 209   8 113 211 173 126  93  86   6  47  67 153  61
 195  43  46   2  14  81 220 179 201 160 210 190 152  11  58 124 163  52
  64 213  57 175 143 178   3  66  27  32 203  18  40 172 150 114 198  39
 217 164  56  51 222  50  53 212  62  55  60  54  49  59 218  41  48   5
  16  17  19  20  21  12  22  23  24  25 216  28  29  30]

Labels: [0 0 0 0 0 1 0 1 1 1 0 0 0 1 0 0 1 1 0 0 0 0 0 0 0 0 0 0 0 1 0 0 0 0 1 1 0
 0 1 1 0 0 0 0 1 0 1 1 0 1 0 1 1 0 0 1 0 0 0 1 0 0 1 0 0 0 0 0 1 1 0 1 0 1
 0 0 1 1 1 0 0 1 0 0 1 0 0 0 0 0 0 0 0 0 0 1 1 0 0 0 1 0 0 0 1 0 0 1 0 0 0
 0 1 0 0 0 0 0 1 0 1 1]

