Clustering algorithm selected: kmeans
=====================================

Clustering evaluation metric: rand
Clustering evaluation value: 0.2655206027660675

========== Cluster 0 ==========

Base classifier: SVC(probability=True)

Minority Class: 1

Selected Features: [215   3  94  53 135  56 206  67 199   0 224 110 165  66 180 146 197 151
  77 139 108 175  43  79  89 178 176  54 104 210 161 219  74 192  48 169
  13 144 154  15 203  10 218 131  33 140  68 189  36 160  71  59 126  51
  22 221 214  78  97 158 223 157 155 145 142  24  11 115  57 220 187  84
 198 181 156 200  55  17  42 208  95  50  82  52 111 102  26   8 179 109
  92  39 153  60 114  58 128 112  65 177  76 162  96 123 222  93 148  61
 170  99 101 191  69  88  25 152  37 190 143  86  87  40  98 159  12 216
 121  62  63   1  64   5  49  27   6   7   4   9  14  16  18  19  20  21
  23  28  47  29   2  30  31  32  35  38  41  44  45  46  34 213  70 138
 147 149 150 163 164 166 167 168 171 172 173 174 182 183 184 185 186]

Labels: [1 0 0 0 0 0 0 0 1 0 1 1 1 1 0 0 0 0 0 0 0 0 0 0 1 1 1 0 1 0 0 1 0 0 1 0 0
 0 0 0 1 0 0 0 1 1 0 1 0 0 0 0 1 1 1 0 0 0 0 0 1 1 0 1 0 0 1 0 1 1 0 0 0 1
 0 0 0 0 0 0 0 0 0 0 0 0 0 0 1 0 0 0 0 0 0 0 0 0 0 0 1 0 0 1 0 1 0 0 0 1 1
 0 1 0 1 0 0 0 0 0 1 1 1 1 0 0 0 1 0 0 0 0 1 0 0 1 1 0 0 0 1 1 0 1 0 0 1 0
 0 0 0 1 0 0 1 0 1 1 0 1 0 0 0 0 0 0 0 0 1 0 0 0 1 0 0 1 1 1 0 0 1 1 0 0 0
 1 0 0 0 1 0 0 0 0 0 0 0 1 0 1 0 0 0 0 0 1 0 1 0 0 0 0 1 1 1 1 0 0 0 1 0 0
 0 0 1 1 0 1 0 0 0 0 0 0 0 1 1 0 0 1 0 0 1 1 1 1 1 0 1 0 1 0 0 1 0 1 1 1 0
 0 0 1 1 0 1 0 0 0 1 0 0 0 1 0 1 1 1 0 0 1 0 0 1 0 1 0 0 1 0 0 0 1 0 1 0 1
 0 0 1 1 0 1 0 0 0 0 1 0 1 0 0 0 1 0 0 0 0 0 0 1 0 0 0 0 1 0 1 0 0 0 1 1 0
 0 0 1 0 0 0 1 0 0 0 0 0 0 0 1 0 0 0 1 0 1 0 1 1 0 1 1 0 1 1 1 0 0 0 0 0 1
 0 0 0 0 0 1 0 0 1 0 0 0 0 1 0 1 0 0 0 0 1 1 1 0 0 0 1 0 0 0 0 0 1 0 0 0 1
 1 0 1 0 0 0 0 0 0 0 1 0 0 0 1 1 1 0 0 0 0 1 0 0 1 0 0 1 0 0 0 0 0 0 1 0 1
 0 1 0 0 0 1 1 1 0 0 0 0 0 0 0 0 1 1 0 1 1 0 0 0 0 0 1 0 1 0 0 0 1 0 0 1 0
 1 0 1 0 0 0 1 0 1 1 0 0 1 1 1 0 0 0 1 0 1 0 1 0 0 1 1 0 1 0 1 1 0 0 1 1 0
 1 0 1 1 1 0 1 0]

========== Cluster 1 ==========

Base classifier: SVC(probability=True)

Minority Class: 1

Selected Features: [  0 221   2  87   8 201 122 124   3  17 208 158  12  25 105   9 157  20
 174   4 220 195 191   5  32   6 147 211 172 164 141 194 153 126  29  46
 128 213 144 102 215  83 118  30  59 188  50 212  51 179  69  58 205  95
 209  18  80 217 123 183 101  82 140 120 185 142 162  86 100 206 115 152
   7 125 166  96  88 154 189  94  38  98 198 170 199 135 175 165 222  40
  67 155  91  61 116 203  78  93 218  27 132 113  71 159 127  60  45  68
  65  63  70  66  56  62  64  57  34  55  31   1  10  11  13  14  15  16
  19  21  22  23  24  26  28  33  54  73  35  36  37  39  41  42  43  44
  47  48  49  52  53  72 224  74 181 178 177 176 173 171 169 168 167 163
 161 160 156 151 150 149 180 182  75 184 219 216 214]

Labels: [0 0 0 0 0 1 0 0 1 0 0 0 0 0 0 1 0 0 1 0 0 0 0 1 0 0 0 1 0 0 0 1 0 0 1 0 0
 1 1 0 0 1 1 1 0 0 0 0 0 1 1 0 1 0 0 0 1 0 0 0 1 1 0 1 0 0 1 0 0 0 0 1 0 0
 0 1 1 0 0 0 1 0 1 0 1 0 0 0 0 0 0 0 0 1 0 0 1 0 0 0 0 1 0 0 0 0 0 1 0 0 0
 0 0 0 0 0 0 0 0 0 1 0 0 0 0 0 0 0 0 0 1 0 0 0 0 0 0 1 0 1 1 0 0 0 1 1 1 0
 0 0 1 1 1 0 0 0 0 1 0 0 0 0 0 0 0 0 0 0 0 0 0 0 0 1 0 0 0 0 0 0 0 0 0 0 0
 1 1 0 0 1 1 0 1 0 1 1 0 0 1 0 0 0 1 1 1 0 0 0 0 0 0 0 0 0 0 1 1 0 1 0 0 1
 0 0 0 0 0 0 1 0 0 1 0 0 0 0 0 0 0 0 0 0 0 0 0 0 0 0 0 0 1 1 0 0 0 0 0 1 0
 0 0 0 0 0 0 0 1 1 0 1 0 1 0 1 0 0 0 0 0 0 1 1 0 1 1 1 0 0 0 1 0 0 1 1 0 0
 0 0 0 0 0 0 0 1 0 0 0 0 0 0 0 0 0 0 0 0 0 0 0 0 0 0 1 0 0 0 0 1 0 1 0 0 0
 0 0 1 1 0 0 1 0 0 0 0 0 0 0 1 0 1 0 0 1 0 0 0 0 0 0 0 0 1 0 0 0 0 0 0 0 0
 0 0 1 0]

