Clustering algorithm selected: kmeans
=====================================

Clustering evaluation metric: dbc
Clustering evaluation value: 0.16861721392755052

========== Cluster 0 ==========

Base classifier: GaussianNB()

Selected Features: [0 1 2 3 4 5 6 7 8]

Labels: [2 0 2 2 0 0 1 0 0 1 2 0 2 0 2 0 2 0 0 0 2 0 2 1 0 2 0 2 0 2 0 1 1 2 1 0 1
 2 0 2 1 2 1 2 0 0 1 2 1 2 2 2 0 2 2 0 0 2 2 1 0 2 1 2 0 2 2 0 2 2 2 0 1 2
 2 2 0 2 1 2 1 2 2 2 2 1 1 2 1 2 2 2 0 2 0 0 1 0 1 0 0 0 1 2 0 0 0 2 0 2 2
 0 0 2 0 0 1 1 0 2 0 0 0 0 0 1 2 2 2 0 1 0 2 2 2 0 2 2 0 0 2 1 2 2 2 0 1 2
 0 1 1 2 2 2 2 2 2 1 2 2 2 1 1 0 0 1 2 2 0 0 2 1 2 0 0 2 1 2 1 2 0 2 2 2 2
 0 2 2 2 2 2 2 1 2 0 0 0 1 0 2 0 2 1 0 2]

========== Cluster 1 ==========

Base classifier: GaussianNB()

Selected Features: [0 1 2 3 4 5 6 7 8]

Labels: [0 0 2 1 0 2 2 1 0 0 1 1 2 2 0 2 1 0 0 0 1 0 2 0 0 0 0 1 0 1 2 0 0 2 0 0 0
 0 2 1 0 1 0 0 0 1 0 0 0 1 0 2 2 1 0 2 0 1 2 0 0 0 0 1 0 0 1 2 1 1 1 2 0 1
 0 0 2 0 2 2 1 0 1 0 0 1 2 2 2 0 0 0 2 2 0 2 2 0 1 1 0 1 0 2 0 0 0 1 2 2 2
 2 0 0 0 1 1 0 2 1 1 0 2 2 0 0 2 2 2 0 1 2 2 0 0 0 0 0 2 0 2 2 2 0 1 2 1 0
 0 2 0 1 2 0 2 1 0 2 2 2 2 0 2 0 0 0 1 1 0 1 2 0 0 0 0 0 2 0 1 2 0 1 2 0 0
 2 0 0 0 0 0 2 0 0 0 1 2 0 1 1 2 2 0 0 2 2 0 1 0 2 0 2 2 0 1 2 1 0 1 0 0 2
 0 0 1 0 2 0 2 2 1 1 1 0 0 2 2 0 1 1 0 1 0 1 0 0 1 1 2 2 2 1 2 1 0 0 0 2 2
 0 0 2 2 0 1 0 1 0 2 0 0 0 1 2 0 1 2 2 0 0 0 1 2 1 1 1 0 1 1 1 0 1 1 2 0 2
 1 1 2 1 0 0 2 2 0 0 0 1 0 2 2 0 0 0 2 0 2 0 0 2 2 0 2 1 0 0 1 2]

========== Cluster 2 ==========

Base classifier: GaussianNB()

Selected Features: [0 1 2 3 4 5 6 7 8]

Labels: [0 0 0 2 2 2 0 2 2 2 2 2 0 0 0 0 0 0 0 2 0 2 0 0 2 0 2 0 0 0 2 2 0 0 2 0 1
 0 0 2 2 0 0 0 0 0 0 0 2 2 0 0 2 0 2 0 2 2 2 0 2 2 0 0 0 2 0 2 2 1 0 0 0 2
 0 2 0 1 2 2 1 0 0 2 2 1 0 0 2 2 2 0 0 2 2 0 2 0 0 0 0 0 2 1 0 0 2 2 0 0 2
 0 0 2 2 0 1 0 0 2 0 0 2 1 2 2 0 0 1 0 1 0 2 0 1 2 0 2 0 0 2 2 2 2 0 0 2 2
 1 2 0 0 0 2 0 0 0 1 2 0 0 2 1 0 0 0 0 0 0 1 0 0 0 0 2 0 0 0 0 2 0 1 2 2 2
 2 0 0 2 1 0 0 2 2 2 2 0 2 0 2 0 2 2 2 2 2 2 2 2 0 0 0 0 0 0 0 0 0 0 0 0 0
 2 2 2 0 0 2 0 0 0 0 0 0 0 0 0 2 0 2 2 0 0 0 0 0 0 0 2 0 2 1 2 2 0 0 1 2 0
 1 0 2 0 0 0 2 0 0 1 0 0 2 2 2 0 2 0 0 0 0 0 0 2 0 0 0 2 2 0 0 0 0 2 2 0 0
 2 0 0 0 0 1 0 0 1 0 2 0 2 1 2 0 0 2 0 1 1 2 1 0 0 2 0 2 2 0 2 0 0 2 0 2 1
 2 2 2 0 0 1 0 0 0 0 2 0 1 0 0 0 0 0 0 0 0 0 0 0 2 1 2 0 2 0 0 0 2 1 2 0 2
 2 2 0 2 0 0 2 0 0 0]

========== Cluster 3 ==========

Base classifier: GaussianNB()

Selected Features: [0 1 2 3 4 5 6 7 8]

Labels: [1 1 1 1 0 0 1 0 1 0 1 1 2 0 0 0 1 0 1 0 1 2 1 1 1 2 2 1 1 0 0 0 0 0 0 2 1
 1 0 1 1 2 2 1 1 1 2 2 0 2 2 1 0 1 0 0 2 0 0 1 0 0 2 1 1 0 1 1 2 1 2 1 2 2
 1 1 2 0 2 0 2 1 2 2 1 2 1 1 2 2 1 2 0 0 2 1 1 1 2 0 1 2 1 2 0 2 0 0 2 2 1
 1 0 1 0 1 0 0 1 0 0 0 2 1 1 0 1 0 0 0 1 0 0 1 2 1 1 2 1 1 1 0 1 1 1 0 1 1
 1 1 2 2 1 0 0 1 0 1 2 0 2 1 0 1 2 0 0 2 1 2 0 1 2 0 2 0 0 2 2 2 1 2 0 2 0
 2 1 1 0 2 2 1 1 2 1 2 1 2 0 0 0 0 0 2 1 1 2 1 0 0 1 0 1 0 0 0 1 2 0 0 2 2
 2 0 0 2 2 0 0 1 2 2 2 1 1 0 2 1 1 2 1 1 0 0 1 0 2 1 1 0 0 1 2 1 1 2 2 1 2
 0 1 2 2 1 2 2 2 2 1 2 2 1 0 0 1 0 2 0 1 1 1 1 2 2 2 2 2 0 2 2 1 0 0 2 0 2
 2 0 2 0 1 2 0 0 2 1 1 1 1 1 1 1 1 0 2 2 2 1 1 2 2 1 2 2 0 1 0 1 0 2 1 0 1
 0 1 2 2 0 1 0 1 1 2 2 0 0 0 0 2 0 2 1 2 2 2 1 1 2 1 2 0 1 0 1 1 0 0 2 1 2
 2 0 0 0 1 0 0 0 1 0 2 2 0 2 2 0 0 1 0 2 0 2 2 2 1 0 1 0 2 1 1 2 2 1 1 2 1
 1 2 2 0 0 0]

