Clustering algorithm selected: fcm
=====================================

Clustering evaluation metric: dbc
Clustering evaluation value: 0.10861477262886214

========== Cluster 0 ==========

Base classifier: SVC(probability=True)

Minority Class: 0

Selected Features: [1 0 7 4 3]

Labels: [0 1 1 1 0 1 1 1 1 0 1 1 1 0 0 1 0 0 0 1 1 0 0 0 1 0 0 0 0 1 1 0 0 1 0 1 0
 1 0 1 0 1 1 0 0 1 1 1 1 1 1 0 0 0 0 0 0 0 1 1 0 1 1 0 0 1 1 1 0 1 1 1 0 1
 1 0 0 0 0 0 1 1 0 1 1 0 1 1 1 1 1 1 1 1 0 0 1 0 0 1 1 0 0 0 0 1 0 0 0 0 1
 1 1 1 1 0 0 1 0 0 0 0 0 1 0 0 0 1 1 1 1 1 1 0 0 0 0 1 1 0 0 1 1 1 1 0 1 1
 0 1 1 0 1 0 0 1 0 1 1 1 0 0 0 0]

========== Cluster 1 ==========

Base classifier: LogisticRegression()

Minority Class: 1

Selected Features: [5 0 7 3 1 4]

Labels: [0 0 0 0 0 0 0 1 0 0 0 0 1 1 1 0 0 0 0 1 0 0 0 0 0 0 0 0 0 1 0 0 0 1 0 0 0
 0 1 0 0 1 0 0 0 1 0 0 0 0 1 0 0 0 0 0 0 0 0 0 0 0 1 0 0 0 0 1 0 0 0 0 0 0
 0 0 0 0 0 0 0 0 0 0 0 0 0 0 0 0 0 1 0 0 0 0 0 0 0 0 0 0 0 0 0 0 0 0 0 0 0
 0 0 0 1 0 0 0 0 0 0 0 0 0 0 1 0 1 0 0 0 0 0 1 0 1 0 1 0 1 0 0 0 0 0 1 0 0
 0 0 0 0 0 0 0 0 1 1 1 0 0 0 0 0 1 0 0 0 0 0 0 0 0 0 0 0 0 0 0 0 0 0 0 0 0
 0 0 0 0 0 0 0 0 1 0 0 0 0 0 0 0 0 0 1 0 0 1 0 0 0 0 1 0 1 1 0 0 0 0 0 0 0
 0 0 0 0 0 0 0 0 0 0 0 0 0 0 0 0 1 0 1 0 0 0 0 1 0 0 0 0 1 0 0 0 0 0 1 0 0
 0 0 0 0 0 0 0 0 1 0 0 0 0 0 0 0 0 0 0 0 0 0 0 0 1 0 0 0 0 0 0 0 0 1 0 0 0
 0 1 0]

========== Cluster 2 ==========

Base classifier: SVC(probability=True)

Minority Class: 0

Selected Features: [1 4 6 3 7]

Labels: [0 0 0 0 0 1 0 0 0 0 0 1 1 0 1 1 0 0 0 1 1 0 0 1 1 0 1 1 0 1 1 0 0 0 0 1 0
 1 1 1 0 0 1 0 0 1 1 0 1 0 1 1 1 1 0 0 0 0 0 1 0 0 1 0 0 0 0 0 0 1 1 0 1 0
 1 1 0 1 1 0 0 0 0 1 0 1 1 1 1 1 1 0 1 1 1 1 1 1 1 0 0 1 1 0 0 0 0 0 1 1 0
 1 0 0 0 1 0 0 1 1 0 1 1 1 1 0 1 1 1 1 0 1 1 0 0 0 1 0 0 0 1 1 1 1 0 1 0 1
 1 1 0 0 0 1 1 1 1 0 0 1 1 0 0 0 0 0 1 1 0 1 0 1 1 1 1 0 0 0 0 0 0 1 0 0 1
 0 1 1 1 0 0 0 1 1 1 1 1 1 0 1 1 1 1 1 1 0 0 0 0 0 1 0 1 1 1 0 1 1 0 0 0 0
 1 1 0 1 1 1]

