Clustering algorithm selected: fcm
=====================================

Clustering evaluation metric: dbc
Clustering evaluation value: 0.10501357209235528

========== Cluster 0 ==========

Base classifier: SVC(probability=True)

Minority Class: 1

Selected Features: [1 3 6 2]

Labels: [0 0 0 0 0 0 0 0 1 1 0 1 1 0 0 0 0 1 1 0 1 0 1 0 0 1 0 0 0 1 0 0 0 0 1 0 1
 1 1 0 0 1 1 1 0 1 1 1 0 1 0 0 0 0 1 1 0 0 0 0 0 1 1 1 1 0 0 1 1 0 1 1 1 1
 0 0 0 0]

========== Cluster 1 ==========

Base classifier: GaussianNB()

Minority Class: 0

Selected Features: [4 7 1 0 6]

Labels: [0 0 0 1 0 0 0 1 1 1 1 0 0 1 1 0 1 1 0 1 0 1 0 0 0 1 1 1 1 0 0 1 1 1 1 1 1
 0 1 0 0 1 1 1 0 0 0 1 1 0 1 1 1 1 0 0 1 1 1 1 1 1 0 0 1 0 0 0 0 1 0 0 0 0
 1 1 1 1 1 1 1 1 0 0 1 1 1 1 1 0 0 1 1 1 0 1 1 1 1 0 1 1 0 0 1 0 0 1 0 1 0
 1 0 1 0 0 0 0 0 0 1 0 1 1 0 0 1 1 1 1 1 0 1 1 1 0 0 0 0 0 1 0 1 1 0 1 1 1
 0 0 0 1 1 0 1 1 1]

========== Cluster 2 ==========

Base classifier: SVC(probability=True)

Minority Class: 1

Selected Features: [3 4 1 5 0]

Labels: [0 0 0 0 0 0 0 0 0 0 0 1 1 0 0 0 1 0 0 0 0 0 0 0 0 1 0 0 0 1 0 0 0 0 0 0 0
 0 0 0 0 0 0 0 0 0 0 0 0 0 1 0 0 0 0 0 0 0 0 0 0 1 0 0 0 1 1 0 1 0 0 0 1 0
 0 0 0 1 0 0 0 0 0 0 0 0 0 0 1 0 0 0 0 0 0 0 0 0 0 0 0 0 0 0 0 0 0 0 0 0 0
 0 0 0 0 0 0 0 1 0 1 0 0 0 0 0 1 1 0 1 0 1 0 1 0 0 0 0 0 0 1 0 0 0 0 0 0 0
 0 0 0 0 1 1 1 0 0 0 0 0 0 0 0 0 0 0 0 0 0 0 0 0 0 0 0 0 0 0 0 0 0 0 0 0 0
 0 0 0 0 0 0 0 0 0 0 0 0 0 1 0 1 0 0 0 0 1 0 0 0 0 0 0 0 0 0 0 0 0 0 0 0 0
 0 0 0 1 1 0 0 0 0 0 1 0 0 0 0 1 0 0 0 0 0 1 0 0 0 0 0 0 0 0 0 0 1 0 0 0 0
 0 0 0 0 1 0 0 0 0 0 1 1 0 0 0 0 0 0 1 0 0 0 0 0 0 1 0]

========== Cluster 3 ==========

Base classifier: LogisticRegression()

Minority Class: 1

Selected Features: [1 0]

Labels: [1 1 1 1 1 0 1 1 1 1 0 0 0 1 0 0 1 1 0 0 1 0 1 0 0 1 1 1 0 1 0 1 0 1 1 0 0
 0 0 0 1 1 0 0 1 0 0 0 0 0 1 1 0 1 0 0 1 0 0 0 0 0 0 0 1 1 0 1 1 0 0 1 1 1
 0 1 0 1 0 1 1 0 0 0 0 1 1 0 1 1 1 0 1 1 1 1 1 1 1 0 0 1 0 0 1 1 0 0 0 0 1
 0 1 0 0 0 0 0 1 0 1 1 1 1 0 1 0 0 0 0 0 0 0 1 0 0 1 1 1 1 1 1 0 0 0 0 1 1
 0 0 1 1 1 0 1 0 1 1 0 1 0 0 1 1 1 1 0 0 0 0]

