============== Classifiers Parameters ==============
[{'cost': 440.44921970844746, 'gamma': 811.269136124725}, {'cost': 512.3880632926794, 'gamma': 739.8297578485427}, {'cost': 517.9345506340826, 'gamma': 663.0129265582708}, {'cost': 705.6563704176906, 'gamma': 35.56813727433299}, {'cost': 580.5877424632183, 'gamma': 45.21279707766993}, {'cost': 109.89032799237916, 'gamma': 489.7522288040074}]

Optimal clusterer: kmeans

External clustering metrics:
adjusted_rand_score: 0.1018307758963996
normalized_mutual_info_score: 0.05041330317681513
v_measure_score: 0.05041330317681513
fowlkes_mallows_score: 0.6004399350154954

Internal clustering metrics:
silhouette: 0.26832388778164856
davies_bouldin: 1.5828787219521323
calinski_harabasz_score: 219.9687178098252

Base classifier: svm
========== Cluster 0 ==========

Labels: [0 1 1 1 1 1 1 0 0 0 1 0 1 1 0 0 1 0 0 0 0 1 1 0 1 0 1 0 0 0 0 0 1 1 0 1 0
 0 0 1 0 0 1 1 0 0 1 1 0 0 1 1 1 1 1 1 0 0 1 1 1 0 1 1 0 1 1 1 1 1 1 1 1 1
 0 1 0 0 1 1 0 0 1 0 0 1 0 0 1 0 1 1 1 1 0 0 0 0 1 0 0 1 1 1 0 0 1 0 1 1 1
 1 1 1 1 0 0 1 1 1 1 0 0 0]

========== Cluster 1 ==========

Labels: [0 0 0 0 1 0 0 0 0 1 0 0 1 0 0 0 0 1 0 0 1 1 1 1 0 0 1 0 0 0 1 0 1 0 0 0 1
 0 1 0 0 0 1 1 0 1 0 0 1 1 1 1 0 0 0 1 0 1 1 1 1 0 0 1 0 0 1 1 1 1 0 0 0 1
 0 0 0 1 0 1 0 0 0 0 1 1 1 0 1 1 1 1 0 0 1 0 1 0 0]

========== Cluster 2 ==========

Labels: [0 0 0 1 1 0 0 0 0 1 0 0 0 0 0 0 1 0 0 0 0 1 1 1 0 0 0 1 0 0 0 0 0 0 1 0 0
 0 0 0 1 0 0 0 0 0 0 0 0 0 0 0 0 0 1 1 0 0 0 0 0 0 0 0 0 1 1 0 1 1 0 0 0 0
 1 0 1 1 1 0 1 0 1 1 1 0 1 0 0 0 0 0 1 0 0 1 0 0 0 0 0 0]

========== Cluster 3 ==========

Labels: [0 0 1 0 0 0 1 1 1 1 1 1 1 1 0 1 1 1 1 0 1 1 1 1 0 0 1 1 1 0 1 0 1 1 1 0 0
 0 0 1 0 1 0 1 1 0 1 0 0 1 1 1 1 1 1 0 0 1 1 0 1 1 1 0 1 1 1 1 0 0 0 0 0 1
 1 1 0 0 0 0 0 1 1 1 0 0 1 0 1 1 1 1 0 0 0 0 1 1 1 1 0 1 1 0 1 1 1]

========== Cluster 4 ==========

Labels: [0 0 0 0 0 0 0 0 0 1 0 1 0 0 0 0 0 0 0 0 0 1 0 0 1 0 0 0 0 0 0 0 1 0 0 0 0
 0 0 0 0 1 0 0 0 0 0 0 0 0 1 0 0 0 0 0 1 0 0 0 0 1 0 0 0 0 0 0 0 0 1 0 0 0
 0 0 0 0 0 0 1 0 0 0 0 0 0 0 0 0 0 0 0 0 0 0 0 0 0 1 0 1 0 1 0 0 0 1 0 0 0
 0 0 0 1 1 0 0 0 1 0 0 0 0 0 0 0 0 0 0 0 0 0 0 0 0 0 0 0 0 0 0 0 0 1 0 0 0
 0 0 0 0 0 0 0 0 0 0 0 1 0 0 0 0 0 1 1 0 0 0 0 0 0 0 0 0 0 0 0 0 0 0 0 0 0
 1 0 0 0 1 0 0 0 0 0 0 0 0 0 0 0 1 0 0 0 0 0 0 0 0 0 0 0 0 0 0 0 0 0 0 0 0
 1 0 0 0 0 0 0 0]

========== Cluster 5 ==========

Labels: [0 1 1 1 0 0 1 0 0 1 1 0 1 1 0 1 1 0 1 0 0 0 0 0 0 0 1 1 1]

