============== Classifiers Parameters ==============
[{'cost': 130.23621940132125, 'gamma': 475.90860165767936}, {'cost': 147.82012379769165, 'gamma': 517.2398624132712}, {'cost': 738.249453846702, 'gamma': 5.767382879094637}, {'cost': 239.19930879030534, 'gamma': 103.6575210324669}, {'cost': 439.03608048209503, 'gamma': 817.1568981155496}, {'cost': 870.8357064426278, 'gamma': 896.8735165670516}, {'cost': 971.5863006276816, 'gamma': 82.41555862082919}, {'cost': 668.6825284178433, 'gamma': 146.22490025444702}, {'cost': 611.5672799171739, 'gamma': 193.15010370698693}]

Optimal clusterer: kmeans

External clustering metrics:
adjusted_rand_score: 0.108650553222559
normalized_mutual_info_score: 0.05678278854035564
v_measure_score: 0.05678278854035563
fowlkes_mallows_score: 0.5976340221615746

Internal clustering metrics:
silhouette: 0.2709135371921568
davies_bouldin: 1.541661491299741
calinski_harabasz_score: 233.89180171379545

Base classifier: svm
========== Cluster 0 ==========

Labels: [1 1 1 1 1 1 1 1 0 1 0 0 0 1 0 0 0 0 0 0 0 1 0 0 0 1 1 0 1 1 1 1 1 0 1 1 1
 1 0 0 0 0]

========== Cluster 1 ==========

Labels: [0 0 1 0 0 0 0 0 0 1 0 1 1 0 1 0 0 1 0 0 1 0 0 0 1 0 1 0 0 0 1 0 1 0 0 0 0
 1 0 1 0 1 0 0 1 1 0 1 1 1 0 0 0 0 0 0 0 0 0 1 0 1 1 0 0 0 0 0 0 1 0 0]

========== Cluster 2 ==========

Labels: [0 1 1 1 0 0 1 0 0 1 1 0 1 1 0 1 1 0 1 0 0 1 0 0 1 0 0 0 0 0 0 1]

========== Cluster 3 ==========

Labels: [0 1 0 0 0 1 0 0 0 0 0 1 0 1 0 0 1 0 1 0 0 0 0 0 0 0 1 0 1 0 1 0 1 0 0 1 1
 0 1 0 1 1 1 0 1 0 0 1 0 0 0 0 0 1 1 0 0 0 1 0 0 0 0 0 1 0 1 1 1 0 0 0 1 1
 1 0 0 1 1 1 1 1 0 0 0]

========== Cluster 4 ==========

Labels: [0 0 0 1 1 1 1 0 1 1 1 1 0 0 1 0 1 1 1 1 1 1 1 0 0 1 1 1 0 0 1 1 1 1 1 1 1
 1 1 0 1 0 1 1 1 1 0 1 0 1 1 1 1 1 1 1 1 0 0 0 1 1 1 0 0 1 1 1 1 1 1]

========== Cluster 5 ==========

Labels: [0 0 0 0 0 0 0 0 0 0 0 0 0 0 0 1 0 0 0 0 0 0 0 0 0 0 0 0 0 0 0 0 0 0 0 1 0
 0 0 0 1 0 0 0 0 0 0 0 0 0 0 0 0 0 0 0 0 0 0 0 0 0 0 0 0 0 0 0 0 0 0 0 0 0
 0 0 0 0 0 0 0 0 0 0 0 0 0 0 0 0 0 0 1 0 0 0 0 0 0 0 0 0 0 0 0 0 0 0 0 0 0
 0 0 0 0 0 0 0 0 1 0 0 0 0 0 0 0 0 0 0 0 1 0 0 0 0 0 0 0 0 0 0 0 0 0 0 0 0
 0 0 0 0 0 0 0 0 0 0 0 0 0 0 0 0]

========== Cluster 6 ==========

Labels: [0 0 1 0 0 0 0 0 0 0 0 0 0 0 0 1 0 0 1 1 0 1 1 1 1 1 0 0 0 0 1 0 1 0 0 0 1
 0 0 1 1 0 0]

========== Cluster 7 ==========

Labels: [0 0 0 1 1 1 1 0 0 1 1 1 1 1 0 0 0 0 1 0 0 1 0 1 0 0 0 0 1 0 0 0 1 1 1 0 0
 1 1 1 1 1 0 0 0 1 1 1 1 0 1 0 1 0 0 1 0 0 1 0 1 1 1 1 1]

========== Cluster 8 ==========

Labels: [1 1 1 1 1 0 0 0 0 0 1 0 0 1 0 0 0 0 0 1 0 0 1 0 0 0 0 0 1 1 1 0 0 0 1 1 0
 1 0 0 1 0 1 0 0 1 0 1 0 0 0 0 0 1 0 0 0 1 1 0 0 1 1 0 1 0 0 1 0 0 1 1 0 1
 0 1 0 1 1 0 1 0 0 1 0 0 0 0 0 0 0 0 0 0 0 1 0 0 1 1 0 0 0 0 0 0 1 1 1 0 1
 1 0 0 1 1 0 1]

