Clustering algorithm selected: kmeans
=====================================

Clustering evaluation metric: rand
Clustering evaluation value: 0.00022292721859795011

========== Cluster 0 ==========

Base classifier: SVC(C=131.8542780824306, gamma=25.911986476996162, probability=True)

Minority Class: 0

Selected Features: [0 1 2 3 4 5 6 7 8 9]

Labels: [2 0 1 2 2 1 0 2 2 2 0 2 2 2 2 0 2 0 0 1 1 2 2 1 1 0 0 1 0 0 2 2 0 1 1 0 2
 0 1 0 1 1 0 2 0 1 2 0 0 0 1 0 1 2 2 2 1 0 0 2 1 2 0 2 0 1 1 2 2 1 2 2 0 0
 2 2 2 1 2 1 2 0 1 1 0 1 1 2 1 0 1 0 0 1 0 0 2 0 1 2 0 2 1 1 0 2 0 1 2 1 0
 2 2 2 2 1 1 1 2 1 1 0 0 0 2 2 1 1 1 1 1 1 1 1 1 1 2 2 2 2 2 2 2 0 0 2 0 0
 0 1 1 0 1 1 1 0 2 1 0 1 2 2 1 2 2 1 0 0 2 1 2 2 0 0 0 2 2 1 1 2 2 1 2 1 0
 0 2 1 2 2 0 0 1 1 1 1 0 2 1 0 0 1 1 2 1 1 0 0 1 2 0 1 1 2 1 0 1 1 1 2 0 1
 1 2 0 0 1 1 0 1 2 2 1 2 1 2 1 0 0 2 0 1 1 1 1 0 0 0 0 1 1 0 1 2 2 1 0 1 0
 0 1 1 2 0 1 1 0 0 2 0 2 0 1 0 0 0 1 0 2 2 2 2 2 0 0 2 0 1 0 0 1 0 1 2 1 2
 1 1 1 1 2 0 1 2 2 0 1 1 0 2 0 0 2 1 1 0 1 2 1 0 1 1 1 1 0 1 1 2 0 1 2 2 2
 0 1 2 2 1 0 0 2 2 0 1 1 1 2 2 2 0 0 0 1 0 0 2 0 1 1 0 1 1 0 0 0 0 2 0 0 0
 0 0 0 2 1 2 0 0 1 2 1 2 1 0 0 0 2 0 2 0 0 1 2 2 0 1 2 0 1 2 0 1 0 0 0 1 0
 2 2 2 1 1 1 1 2 1 0 2 2 0 0 1 2 1 2 2 2 1 2 1 0 0 1 2 2 2 0 1 1 1 1 1 2 2
 0 1 0 1 0 1 0 1 0 2 2 2 2 2 2 0 0 1 1 2 1 0 1 1 2 1 0 2 1 0 1 1 1 0 1 2 1
 2 1 0 2 1 2 0 2 0 2 2 2 1 2 2 1 1 2 1 1 2 0 0 0 2 2 2 1 2 1 2 1 0 0 0 2 2
 1 2 2 1 1 2 1 0 1 1 0 1 0 2 0 0 2 0 2 1 0 1 0 1 2 2 2 2 1 1 1 2 1 2 2 1 2
 2 0 2 1 1 2 0 1 0 1 2 2 1 2 0 0 2 0 0 0 0 1 2 1 0 2 0 2 1 2 2 1 0 1 0 0 0
 1 2 2 2 0 1 2 1 1 0 1 0 1 0 1 2 1 0 2 1 0 2 1 0 0 1 2 0 0 2 2]

========== Cluster 1 ==========

Base classifier: KNeighborsClassifier()

Minority Class: 1

Selected Features: [0 1 2 3 4 5 6 7 8 9]

Labels: [2 0 0 1 2 0 1 2 1 2 0 2 0 2 2 2 2 2 2 1 0 0 0 0 0 2 1 2 0 1 1 0 1 1 1 0 0
 0 1 1 0 1 2 1 0 1 1 1 2 0 0 2 2 0 0 1 2 0 2 0 1 0 2 1 0 0 0 2 2 0 0 2 2 2
 0 0 0 1 0 2 0 1 2 1 2 0 0 0 2 0 0 2 1 0 0 1 0 0 0 0 1 0 2 2 2 2 1 1 1 0 1
 1 0 2 0 0 2 0 2 1 0 0 0 2 2 2 2 2 2 2 2 1 2 1 1 1 2 0 2 1 0 2 0 1 2 2 0 2
 1 2 1 2 0 1 1 1 1 1 1 1 1 1 1 1 2 2 2 2 2 2 2 0 0 0 0 2 2 0 1 2 2 2 2 1 0
 0 2 1 0 2 0 0 2 2 2 2 2 1 1 1 1 1 0 1 2 0 2 1 0 2 2 0 2 0 1 1 0 0 1 0 2 0
 1 1 1 2 0 0 2 2 1 2 0 2 0 1 0 0 1 1 2 1 2 2 0 0 0 2 2 0 1 2 2 1 2 1 1 1 0
 1 2 2 0 1 0 0 1 2 2 0 2 2 1 1 1 0 0 0 0 1 0 2 1 0 2 1 2 1 1 0 2 2 2 1 1 0
 1 1 0 1 0 2 0 0 0 1 2 2 2 2 0 0 1 0 0 1 1 1 0 0 0 1 0 0 2 0 2 2 0 2 0 1 1
 0 0 0 0 1 1 2 2 0 1 2 1 1 0 1 2 0 0 0 2 0 2 2 0 0 0 1 2 2 2 0 2 1 2 2 1 1
 2 1 2 0 1 1 0 2 0 2 1 0 2 2 0 2 2 0 0 1 1 2 1 0 1 0 0 1 1 0 1 2 2 1 2 2 0
 0 2 1 0 2 2 0 1 2 0 2 0 2 1 2 1 0 2 0 1 2 1 0 0 1 1 1 0 1 1 0 1 0 1 0 1 0
 2 2 0 1 1 1 2 0 0 1 0 0 2 0 1 1 0 2 0 1 2 2 0 0 2 2 1 0 0 1 1 1 0 0 1 1 2
 0 1 2 1 0 0 2 1 1 0 0 0 2 1 2 1 0 0 2 0 0 2 0 2 1 1 2 2 1 2 0 1 1 1 2 1 0
 1 1 1 2 1 1 2 2 0 0 1 2 0 0 2 1 0 1 0 0 1 0 1 0 1 1 2 0 1 1 2 0 1 0 2 2 0
 0 2 2 0 2 0 2 1 1 2 2 1 2 1 0 0 0 2 0 0 1 0 1 2 2 2 2 1 0 2 0 2 1 2 0 1 2
 2 0 2 0 2 2 0 0 2 0 1 1 0 0 0 2 0 0 2 0 0 2 0 1 2 2 0 1 2 2 2 0 2 1 2 0 1
 1 2 1 2 2 2 2 2 1 1 1 2 1 2 1 0 1 2 1 0 1 2 1 1 1 1 0 1 0 1 2 1 1 0 2 0 2
 1 2 2 0 2 0 0 1 0 1 1 0 0 2 0 1 2 1 2 2 0 1 2 0 2 2 1 0 0 0 2 1 2 1 2 1 1
 1 1 0 1 0 0 2 0 1 2 0 2 1 2 2 2 2 0 0 2 2 1 2 2]

