Clustering algorithm selected: spectral
=====================================

Clustering evaluation metric: rand
Clustering evaluation value: 0.1321376704349898

========== Cluster 0 ==========

Base classifier: KNeighborsClassifier()

Minority Class: 1

Selected Features: [0 1 2 3 4 5 6 7 8 9]

Labels: [0 0 2 2 0 2 2 2 0 0 0 0 2 0 2 2 2 2 0 1 0 2 2 2 0 2 2 2 2 2 1 0 2 0 0 0 0
 2 0 0 2 2 2 1 0 2 0 0 2 2 1 0 2 0 2 2 2 2 2 2 2 2 2 2 2 2 0 2 0 2 0 2 2 0
 2 2 2 2 0 2 2 2 0 0 2 2 2 2 2 2 2 0 2 2 0 2 2 2 2 0 2 2 2 2 1 0 2 2 2 0 2
 2 2 0 0 0 2 0 0 2 2 1 2 2 0 2 2 2 2 0 2 0 2 2 2 0 2 2 0 2 2 2 0 0 2 2 2 2
 0 2 2 1 2 2 0 2 2 2 0 2 2 2 0 0 2 2 2 2 2 2 2 2 2 0 2 2 2 0 0 0 0 2 0 0 2
 0 0 2 1 0 2 0 2 1 1]

========== Cluster 1 ==========

Base classifier: SVC(C=510.8810469060409, gamma=88.41172854932921, probability=True)

Minority Class: 2

Selected Features: [0 1 2 3 4 5 6 7 8 9]

Labels: [2 0 2 2 0 0 0 0 1 0 1 0 1 2 0 1 0 2 0 1 0 0 0 2 1 2 0 1 1 2 0 1 1 0 1 1 2
 1 0 1 1 1 1 0 0 1 0 1 1 1 0 1 0 1 0 1 1 0 0 0 1 2 0 1 0 1 1 2 0 0 1 1 1 1
 0 1 0 1 2 2 1 0 0 0 1 1 2 1 1 2 0 1 1 2 1 2 1 1 2 0 1 0 0 1 0 1 0 2 0 0 0
 0 0 1 0 1 0 0 2 0 0 0 1 1 0 0 2 0 0 1 1 2 1 0 1 1 1 1 0 0 1 1 0 1 1 1 0 0
 0 0 1 1 1 2 0 1 1 0 0 1 0 2 0 1 0 2 1 1 0 1 1 0 0 0 2 2 0 1 2 0 1 1 1 1 2
 0 0 2 1 1 2 0 2 1 0 0 0 1 0 1 0 1 1 0 0 0 1 2 1 0 1 0 1 0 2 1 1 0 2 2 1 0
 1 0 1 2 2 1 1 0 1 0 1 0 0 2 1 0 1 1 1 1 2 0 1 1 1 0 1 1 1 0 0 1 2 2 2 0 0
 0 1 1 2 1 2 0 1 2 1 1 0 0 2 2]

========== Cluster 2 ==========

Base classifier: KNeighborsClassifier()

Minority Class: 0

Selected Features: [0 1 2 3 4 5 6 7 8 9]

Labels: [2 0 2 2 2 1 1 1 2 2 1 2 1 2 1 1 1 1 1 2 2 1 1 1 1 1 1 2 1 1 1 2 1 2 1 2 1
 1 1 2 2 1 2 2 1 1 1 2 1 1 1 1 2 1 1 2 2 2 1 2 1 1 1 1 1 2 1 1 1 1 1 2 1 1
 1 1 1 1 1 1 2 2 1 1 2 2 1 2 1 1 1 1 1 1 1 2 1 1 1 2 2 2 1 1 1 1 1 2 0 2 2
 1 1 1 1 1 1 1 2 1 1 1 1 1 1 1 1 1 1 2 0 1 2 1 2 1 1 1 1 1 1 2 1 1 1 1 2 2
 2 1 1 1 1 1 1 1 2 2 1 2 1 1 1 2 2 2 1 0 2 2 2 1 2 1 2 1 2 2 1 1 1 1 2 1 1
 1 1 1 1 1 1 1 1 1 1 2 1 2 1 1 1 2 2 1 2 2 0 0 0 0 0 0]

========== Cluster 3 ==========

Base classifier: KNeighborsClassifier(n_neighbors=7)

Minority Class: 0

Selected Features: [0 1 2 3 4 5 6 7 8 9]

Labels: [2 2 1 1 1 2 1 1 0 2 1 2 0 2 1 2 0 1 1 0 2 2 0 2 0 0 1 0 1 2 1 2 1 1 0 2 1
 2 2 0 2 0 2 2 1 2 1 1 0 1 2 2]

========== Cluster 4 ==========

Base classifier: SVC(C=844.3902293504567, gamma=621.2709724677223, probability=True)

Minority Class: 2

Selected Features: [0 1 2 3 4 5 6 7 8 9]

Labels: [0 0 0 0 0 0 0 0 0 0 0 0 1 0 0 0 0 0 1 0 1 0 0 2 0 1 0 0 0 0 0 1 0 0 0 0 0
 0 0 0 0 0 0 0 1 0 0 0 0 0 1 0 0 1 0 0 0 0 0 0 0 1 1 1 0 0 0 0 0 0 0 0 0 0
 0 0 1 0 0 0 0 0 0 0 0 0 0 0 0 0 1 0 0 0 0 0 0 0 0 0 0 0 0 1 1 0 0 0 1 0 0
 0 0 0 0 0 0 0 0 0 0 0 0 0 0 0 0 0 0 1 0 0 0 0 1 0 0 0 0 0 0 0 0 0 0 1 0 0
 1 0 0 0 0 0 0 0 1 0 0 0 0 0 0 0 0 0 1 0 0 0 0 0 1 0 0 0 0 0 0 0 0 1 0 2 0
 0 2 2 2 2 2 2 2 2]

========== Cluster 5 ==========

Base classifier: LogisticRegression()

Minority Class: 1

Selected Features: [0 1 2 3 4 5 6 7 8 9]

Labels: [1 2 2 2 2 1 2 0 2 1 2 0 0 0 2 2 0 2 0 0 1 1 0 0 2 1 0 1 1 0 2 0 0 0 0 0 1
 0 2 1 1 2 0 2 2 1 2 2 2 0 2 2 2 0 1 2 1 1 1 0 1 2 2 1]

========== Cluster 6 ==========

Base classifier: SVC(C=167.8769315966326, gamma=621.7733481426349, probability=True)

Minority Class: 0

Selected Features: [0 1 2 3 4 5 6 7 8 9]

Labels: [2 2 2 2 2 2 2 2 2 2 2 2 2 2 2 2 2 2 2 2 2 2 2 2 2 2 2 2 2 2 2 2 2 2 2 2 0
 2 2 2 0 0 2 0 1 2 2 2 1 2 2 2 1 2 0 2 2 2 2 2 2 2 2 2 0 2 2 2 2 2 2 2 1 0
 2 2 2 2 2 2 2 2 2 2 2 2 2 2 2 2 1 2 2 2 2 2 2 2 2 2 2 0 2 2 2 2 2 2 2 1 2
 2 2 2 2 2 2 2 2 2 2 2 2 2 2 2 2 2 2 2 2 2 2 2 2 2 2 2 2 2 2 2 0 2 2 2 2 0
 1 1 1 1]

========== Cluster 7 ==========

Base classifier: KNeighborsClassifier(n_neighbors=7)

Minority Class: 2

Selected Features: [0 1 2 3 4 5 6 7 8 9]

Labels: [0 0 2 2 1 1 1 0 0 1 1 0 1 0 2 1 1 1 1 1 0 0 1 0 1 1 0 1 2 1 1 1 2 2 2 2 1
 0 1 1 1 1 1 1 2 1 0 1 1 0 2 1 0 1 1 1 1 0 1 0 2 0 1 2 2 1 1 0 2 1 1 1 0 1
 1 1 1 1 1 0 1 1 1 2 2 1 0 1 1 1 1 0 1 1 0 1 1 1 1 0 1 0 0 0 0 1 0 0 0 1 1
 0 1 1 1 1 1 1 1 0 1 0 1 2 2 0 0 0 1 1 1 0 0 0 2 0 1 0 0 0 1 0 0 1 1 0 0 1
 2 1 1 0 2 1 0 1 1 0 1 2 1 1 1 1 0 1 1 2 1 1 1 2 1 1 0 0 0 0 1 1 1 1 2 0 1
 2 1 0 2 0 1 2 0 1 1 0 0 1 0 1 1 2 1 0 1 2 0 0 2 2 1 0 1 1 0 1 1 2 1 1 0 1
 0 0 0 0 2]

