============== Classifiers Parameters ==============
[{'cost': 144.19313387646798, 'gamma': 0.4287820947734069}, {'cost': 806.7863537776935, 'gamma': 630.3363712483537}, {'cost': 378.5390821417327, 'gamma': 549.1782128741825}, {'cost': 98.22662908716666, 'gamma': 756.106600203866}]

Optimal clusterer: kmeans

External clustering metrics:
adjusted_rand_score: 0.09627085836883244
normalized_mutual_info_score: 0.04807843065651717
v_measure_score: 0.048078430656517165
fowlkes_mallows_score: 0.5937712367501246

Internal clustering metrics:
silhouette: 0.2604154393756134
davies_bouldin: 1.6159418588435956
calinski_harabasz_score: 211.63060958991093

Base classifier: svm
========== Cluster 0 ==========

Labels: [0 1 1 1 1 1 1 1 1 0 0 0 1 0 0 1 1 0 0 1 0 0 0 0 1 1 0 0 1 0 1 1 0 0 0 0 0
 1 1 0 0 1 0 1 0 0 1 1 0 0 1 1 0 0 0 1 1 0 1 1 0 1 1 1 0 1 0 0 1 0 0 1 0 1
 1 0 0 1 1 1 1 1 1 0 0 1 1 0 1 1 0 1 1 0 1 1 1 1 1 0 1 0 0 1 1 1 0 0 0 0 0
 1 0 0 1 0 0 1 1 1 1 1 1 0 0 0 1 1 1 1 1 1 1 0 0 1 1 1 1 0 0 0]

========== Cluster 1 ==========

Labels: [0 0 0 0 0 0 0 0 0 0 1 0 1 0 0 0 0 1 0 0 0 0 0 0 0 1 0 0 0 0 1 0 0 0 0 0 0
 0 0 1 1 0 0 0 0 0 0 0 0 0 0 0 1 0 0 0 0 0 1 0 0 0 0 0 0 0 1 0 0 1 1 0 0 1
 0 0 0 1 0 0 0 0 0 1 0 0 0 0 0 0 0 0 0 0 0 0 0 0 0 0 0 0 0 0 0 1 0 0 0 1 0
 0 0 0 0 0 0 0 0 0 0 0 0 0 0 0 0 0 0 0 0 0 0 0 0 0 0 0 0 0 0 0 0 0 1 0 0 0
 0 0 0 0 1 0 0 0 0 1 0 0 0 0 0 0 0 1 1 0 1 1 0 1 0 1 0 0 0 1 0 1 0 0 0 0 0
 1 0 0 0 0 0 0 0 0 0 0 1 1 1 0 0 0 0 0 1 0 0 1 0 0 0 0 0 0 0 0 0 0 0 0 0 0
 0 0 0 0 0 0 0 0 0 0 1 0 0 0 0 0 0 1 0 0 0 0 0 0 0 0 0 0 1 0 1 0 0 0 0 1 0
 1 0 1 0 0 0 0 0 0 0 1 0 0 1 1 0 0 0 0 0 0 0 0 0 1 0 0 0 0 0 0 0 1 0 0 0 0
 0 0 0 0 1 0 0 0 0 0 0 0 0 0 0]

========== Cluster 2 ==========

Labels: [0 1 1 1 0 0 1 0 0 1 1 0 1 1 0 1 1 0 1 0 0 0 1 0 0 1 0 0 0 0 0 0 1 1]

========== Cluster 3 ==========

Labels: [0 0 0 0 0 1 0 0 0 0 0 1 1 0 1 0 0 0 1 0 1 1 0 1 1 0 1 1 0 0 0 1 1 0 0 1 1
 1 1 0 1 1 1 1 1 1 0 1 0 0 1 0 1 1 0 0 1 0 0 1 0 1 0 1 1 1 0 0 0 0 0 1 0 0
 1 0 0 0 0 0 0 1 1 0 0 1 1 0 1 1 0 0 0 1 1 1 1 1 1 1 0 1 1 1 1 1 1 1 0 0 1
 0 0 0 0 0 1 1 0 1 0 0 0 0 1 0 1 1 1 1 1 1 1 1 1 1 0 0 0 1 0 0 1 1 1 1 0 1
 0 1 1 0 0 0 1 1 1 1 0 0 1 0 0 0 0 0 1 1 0 1 0 1 1 0 0 0 0 0 0 1 1 1 1 1 0
 0 0 0 0 1 0 1 1 0 1 1 0 0 0 1 1 0 1 1 1]

