Clustering algorithm selected: kmeans++
=====================================

Clustering evaluation metric: dbc
Clustering evaluation value: 0.10658232755373989

========== Cluster 0 ==========

Base classifier: GaussianNB()

Minority Class: 0

Selected Features: [7 0 1 2 5 3]

Labels: [1 0 0 1 1 1 1 0 0 1 1 0 0 0 0 0 0 1 0 1 1 1 1 0 0 0 0 1 1 1 0 1 0 0 0 0 1
 1 1 0 1 0 1 1 0 0 1 0 1 0 0 1 1 0 1 0 1 0 0 0 1 1 0 1 1 0 1 1 0 0 0 0 0 1
 0 0 1 1 0 1 1 1 0 1 0 1 0 0 1 1 1 1 1 0 0 1 0 1 1 1 0 0 0 1 1 0 1 0 1 1 1
 1 1 1 0 0 0 1 0 0 1 1 1 1 0 1 1 1 1 1 1 0 1 1 0 1 0 1 0 0 0 0 1 0 0 0 1 0
 0 0 1 1 0 0 1 1 0 1 0 1 0 1 0 1 0 0 1 0 1 1 0 1 1 0 0 1 1 1 0 1 0 0 1 0 0
 0 0 0 1 1 0 1 0 0 0 1 1 1 1 0 0 1 1 1 0 0 1 1 1 1 0 1 1 1 0 1 1 0 1 1 0 1
 1 1 0 0 1 1 0 0 1 0 1 0 0 1 0 1 1 0 0 0 1 0 1 1 0 1 1 1 1 1 0 0 0 0 0 0 0
 0 0 1 0 1 0 1 0 0 0 1 1 1 0 1 0 0 1 1 1 0 0 1 1 0 0 0 0 0 0 0 1 1 1 0 0 0
 1 1 1 0 0 1 0 1 0 0 1 0 1 1 0 1 0 0 0 1 1 1 0 1 1 0 1 0 0 1 0 1 0 0 0 1 0
 0 0 0 0 0 1 1 1 0 1 0 1 1 0 1 0 1 0 0 1 1 0 0 1 1 0 0 1 0 1 0 1 0 0 1 0 0
 0 1 1 1 1 1 0 1 1 0 1 1 0 1 0 1 0 1 1 0 0 0 0 0 1 1 0 0 1 1 0 0 0 0 0 1 1
 1 0 0 1 0 1 0 0 1 0 0 0 1 1 1 1 1 1 0 1 0 0 0 1 1 0 0 0 0 1 0 1 1 0 1 1 0
 0 1 0 0 1 1 1 1 0 1 0 1 0 0 1 1 0 1 1 0 1 0 1 1 1 0 1 1 0 1 1 1 1 1 1 0 0
 0 1 1 1 0 1 0 0 0 0 1 0 0 0 0 0 0 0 1 0 0 0 0 0 0 1 0 0 0 0 0 1 1 1 0 1 1
 0 0 1 1 1 0 0 0 1 0 0 0 1 0 0 0 1 1 1 0 1 0 0 0 0 1 0 0 1 1 0 1 1 1 1 0 1
 1 0 1 0 1 0 1 0 1 0 1 0 1 1 1 0 0 1 1 0 0 1 0 0 1 1 0 0 0 0 0 1 0 0 1 0 1
 1 0 1 0 0 0 0 0 0 1 1 1 1 0 0 0 0 0 1 0 0 1 0 0 1 1 0 0 0 1 1 1 1 0 0 0 0
 0 1 1 0 0 1 0 1 1 0 1 0 1 1 1 1 1 1 1 1 0 1 0 1 0 0 0 1 1 1 1 1 0 1 1 1 1
 1 1 1 0 1 1 0 1 1 1 1 1 0 1 0 1 1 1]

Synthetic samples indexes: [  4   5   6   9  19  21  28  29  37  38  42  46  48  51  56  60  61  64
  66  73  76  80  81  85  88  89  90  95  97 103 104 106 109 112 113 117
 120 121 122 123 125 126 127 128 130 132 133 135 142 150 154 155 157 161
 163 166 169 171 172 175 189 191 195 196 197 201 203 207 208 211 212 213
 215 216 219 222 226 230 232 235 237 238 242 245 247 248 251 261 263 265
 269 281 291 296 298 301 303 306 308 309 315 316 317 319 320 322 325 327
 331 338 339 340 342 345 347 352 356 357 362 372 373 375 378 381 385 387
 388 394 395 398 405 406 407 410 415 419 422 423 424 426 430 436 438 441
 442 445 449 451 453 455 458 461 462 464 468 471 474 475 477 482 486 491
 499 506 512 513 514 516 517 520 526 530 534 535 536 543 546 547 549 551
 554 555 557 559 561 563 565 568 573 576 591 601 602 604 610 616 617 621
 622 623 631 634 636 637 642 643 644 646 647 656 657 658 659 662 663 666
 668 671 674 675 679 681 683]

========== Cluster 1 ==========

Base classifier: GaussianNB()

Minority Class: 0

Selected Features: [1 4 7 5 2]

Labels: [0 0 1 0 1 1 0 0 0 1 0 0 0 1 0 0 0 1 0 1 1 1 1 0 1 0 1 0 1 1 1 1 0 1 0 1 0
 1 1 0 0 1 0 1 1 0 0 0 1 1 1 0 0 0 0 0 1 0 0 0 1 1 1 1 0 1 0 0 1 1 0 0 0 0
 1 0 0 1 0 1 1 1 1 1 1 1 1 1 0 0 1 0 1 0 1 1 1 1 1 1 1 0 1 1 1 0 1 0 0 1 0
 0 0 1 0 0 1 0 1 0 0 0 1 1 0 0 0 1 1 1 1 1 0 0 0 0 1 1 0 1 1 0 0 0 0 0 0 0
 0 0 1 0 1 0 0 1 1 0 1 0 1 0 0 0 0 1 0 1 0 1 0 0 1 0 1 1 1 1 0 1 0 1 1 1 0
 1 0 0 1 1 1 1 1 1 0 0 0 1 0 1 1 1 0 0 0 0 1 0 1 1 1 1 0 0 0 1 0 0 0 0 0 1
 1 1 1 1 1 0 0 1 0 0 1 1 0 0 1 1 1 0 1 0 0 1]

Synthetic samples indexes: [  0  15  34  59  70 107 115 135 148 163 196 204 239 242]

