Clustering algorithm selected: kmeans++
=====================================

Clustering evaluation metric: dbc
Clustering evaluation value: 0.45686733694198467

========== Cluster 0 ==========

Base classifier: GaussianNB()

Minority Class: 1

Selected Features: [ 44 214   3 129 221 219  96  21 200  34  11 180  56 132 162 116 224  87
 202 181  39   5  27  90 194  74  80  67  69  68 213  78  76  31 216 138
  97 212 131  92 161 211 210 128  43 158 123 197  14 163   9  10   8 124
 167  72 143 144 199  26  85 135 223   4 174 192 125  51 170  33 146  47
 137 147  73 222   0 148  71 133 101  91  32  61 108  46  36 139 175  25
  62  79 141 179  37 110 105  20 122 149 136 220  93  41 134 191 193  45
  42   2 189 190  48  49  50 195  52]

Labels: [0 0 0 0 0 1 0 0 1 0 0 0 0 0 0 1 0 0 1 0 0 1 0 0 1 0 0 0 1 0 0 1 0 0 1 0 0
 0 0 0 0 0 0 0 1 1 0 0 0 0 1 1 0 0 0 1 0 0 1 0 0 0 0 1 1 0 0 0 0 0 0 0 1 1
 0 0 1 1 1 0 0 0 0 1 1 0 1 0 1 0 0 1 0 0 0 1 1 0 1 0 0 1 0 0 0 0 1 0 0 0 0
 1 1 0 0 0 1 0 1 0 1 0 0 0 0 0 0 0 0 1 0 0 1 0 0 1 0 0 0 0 1 0 0 0 0 0 0 0
 0 0 0 0 0 1 0 0 0 0 0 0 0 0 0 1 0 0 0 0 0 0 1 0 1 1 0 0 1 1 1 0 0 0 1 1 1
 0 0 0 1 0 0 0 0 0 0 0 0 0 0 0 0 0 0 0 1 0 0 0 0 0 0 0 0 0 0 1 1 0 1 1 0 1
 0 1 1 0 1 0 0 0 1 1 1 0 0 0 0 0 0 0 0 0 0 1 1 0 1 0 0 1 0 0 0 0 0 0 1 0 1
 0 0 0 0 0 0 0 0 0 0 0 1 0 0 0 1 0 0 1 1 0 0 0 0 0 0 0 0 1 0 0 0 0 0 0 0 0
 0 0 0 0 0 0 0 0 0 1 0 0 0 0 1 0 1 0 0 0 0 0 1 1 0 0 1 0 0 0 0 0 0 1 0 1 0
 0 0 0 0 0 0 0 0 0 1 0 0 0 0 0 0 0 0 0 0 1 0]

========== Cluster 1 ==========

Base classifier: GaussianNB()

Minority Class: 1

Selected Features: [  3 205 185   0 215 188 120 125  29  43  33 214 133 175 115 171  82  37
 104  98 206 219  31  77  95  67 132 220  11 223  96  87  70 212  17 114
 202   2  27  34 106  74 152  78  32  80 167  41  52  28  64 127 145 196
 195  19  63  65 137  13 183 221 121 197   9  90 144 164 116 140 101  10
  24 150  40  97 103 155 173 178 165  84 194 108 131 200  26 156  20  79
  49  66  91  92  81 198  15 179 100 130  53 134  59  54  75 147  36]

Labels: [1 0 0 0 0 0 0 0 1 0 1 1 1 1 0 0 0 0 0 0 0 0 0 0 0 0 1 1 1 0 1 0 0 0 1 0 0
 1 0 0 0 0 0 1 0 0 0 1 1 0 1 0 0 0 0 1 1 1 0 0 0 0 0 0 1 1 1 0 0 1 1 0 0 0
 1 0 1 1 0 0 0 0 0 1 0 1 0 0 1 1 0 0 0 0 0 1 1 0 1 0 0 0 0 0 0 0 0 0 0 1 0
 0 0 1 1 0 0 0 1 0 1 1 1 0 1 0 0 0 1 0 0 1 0 1 1 0 0 0 1 0 0 0 0 0 0 0 0 0
 0 0 0 0 0 0 1 0 0 0 0 0 0 0 0 0 0 0 0 0 1 0 1 0 0 0 1 1 0 1 0 1 0 0 0 0 0
 1 1 1 1 0 0 0 1 0 0 0 1 0 0 1 1 0 0 0 1 1 0 1 0 0 1 0 0 0 0 1 0 0 1 0 0 1
 1 0 1 0 0 0 0 0 0 0 0 0 0 1 0 0 0 1 0 0 1 1 1 0 0 1 1 0 0 0 1 0 0 0 1 0 0
 0 0 0 0 0 1 0 1 0 0 0 0 0 1 0 0 1 0 0 0 0 1 1 1 1 0 0 0 1 0 0 0 0 0 1 1 0
 1 0 0 0 0 0 0 0 1 1 0 0 1 0 0 1 1 1 1 1 0 1 0 1 0 0 1 0 1 1 1 0 0 0 0 1 1
 0 1 0 0 0 1 0 0 0 1 0 0 1 1 1 0 0 1 0 0 1 0 1 0 0 1 0 0 0 0 1 0 1 0 1 0 0
 1 1 0 1 0 0 0 0 1 0 1 0 0 0 1 0 0 0 0 0 0 1 0 0 0 0 1 0 1 0 0 0 1 1 0 0 0
 1 0 0 0 0 1 0 0 0 0 0 0 0 0 0 1 0 0 0 1 1 1 1 0 0 1 0 0 0 1 1 1 0 0 0 0 0
 1 0 0 1 0 0 0 1 0 0 0 0 0 0 1 0 1 0 1 0 0 0 1 1 1 0 0 0 0 0 0 0 0 1 1 0 1
 1 0 0 0 0 0 1 0 1 0 0 0 1 0 0 1 0 1 0 1 0 0 0 0 1 0 1 1 0 0 1 1 1 1 0 0 0
 1 0 1 0 1 0 0 1 1 0 1 0 1 1 0 0 1 1 0 1 0 1 1 1 0 1 0]

