Clustering algorithm selected: kmeans
=====================================

Clustering evaluation metric: dbc
Clustering evaluation value: 0.10701509004489625

========== Cluster 0 ==========

Base classifier: SVC(probability=True)

Minority Class: 0

Selected Features: [1 4 7 3 2]

Labels: [0 0 0 0 0 1 0 0 0 0 0 1 1 0 1 0 0 0 1 1 0 1 1 0 1 1 0 1 1 0 0 0 1 1 0 0 1
 1 1 1 0 1 1 1 1 1 1 1 0 1 0 0 0 1 0 0 1 0 0 0 0 0 1 1 0 0 1 1 0 1 1 0 0 0
 1 0 1 1 1 1 1 1 0 1 1 1 1 1 1 1 0 0 1 1 0 0 0 0 0 1 1 0 1 0 0 0 1 0 1 0 1
 1 1 1 1 1 1 1 0 0 0 1 0 0 0 1 1 1 1 0 1 0 1 1 1 0 0 0 1 1 1 1 0 0 1 0 0 0
 0 0 1 1 0 1 0 1 1 1 1 1 0 0 0 0 0 0 1 0 0 1 0 1 1 1 0 0 0 1 1 1 1 1 0 1 1
 1 1 1 1 0 0 0 0 0 1 0 1 1 0 1 1 0 0 0 1 1 0 1 1 1]

========== Cluster 1 ==========

Base classifier: SVC(probability=True)

Minority Class: 1

Selected Features: [1 4 5 0 2]

Labels: [0 0 0 0 0 0 0 1 0 0 0 0 0 1 1 0 0 0 0 1 0 0 0 0 0 0 0 1 0 0 0 0 0 0 0 0 0
 1 0 0 1 0 0 0 0 0 0 0 0 0 1 0 0 1 0 0 0 0 0 1 0 0 0 0 0 0 1 0 0 0 0 0 0 0
 0 1 0 0 0 0 0 0 0 0 0 0 0 0 0 0 1 0 0 0 0 0 0 0 0 0 0 0 1 0 0 0 0 0 0 0 0
 0 0 0 0 0 0 1 0 0 0 0 1 0 1 0 0 0 0 1 1 0 1 1 0 0 0 0 0 0 0 0 0 0 0 0 0 0
 0 0 0 0 0 0 1 1 1 1 0 0 0 0 1 0 0 0 0 0 0 0 0 0 0 0 0 0 0 0 0 0 0 0 0 0 1
 0 0 0 0 0 1 0 0 0 0 0 0 0 0 0 1 0 1 0 0 0 1 0 0 0 0 0 0 0 0 0 0 1 0 0 0 0
 0 0 0 1 1 0 0 0 0 0 0 0 0 1 0 0 0 0 0 1 1 1 0 0 1 0 0 0 0 0 0 0 0 0 1 0 0
 0 0 0 0 0 0 1 0 0 0 0 0 1 1 0 0 0 0 0 0 0 1 0 0 0 0 0 0 0 0 0 1 0]

========== Cluster 2 ==========

Base classifier: SVC(probability=True)

Minority Class: 1

Selected Features: [1 2 5 6 7 4]

Labels: [0 1 1 1 1 1 1 1 1 1 0 0 0 0 1 0 0 0 1 0 1 1 0 0 1 0 0 0 0 1 1 0 0 1 0 0 1
 0 0 0 0 0 1 0 0 1 0 1 0 0 1 0 0 1 1 0 1 1 1 0 0 1 0 0 0 1 0 0 0 0 0 1 0 1
 1 0 0 0 1 1 1 0 1 0 1 1 1 1 0 1 0 1 0 0 1 1 0 1 0 1 0 0 1 0 1 0 1 1 1 1 1
 1 0 1 0 0 1 0 0 1 1 0 0 0 0 0 0 1 0 0 0 0 1 0 0 1 0 1 0 1 1 1 0 0 0 0 0 0
 0 0 0 0 1 0 0 1 0 1 1 0 1 1 0 0 0 1 1 0 1 0 1 1 0 1 0 1 0 1 1 1 0 0 1 1 1
 1 0 0 0]

