Clustering algorithm selected: kmeans++
=====================================

Clustering evaluation metric: dbc
Clustering evaluation value: 0.16430766813329734

========== Cluster 0 ==========

Base classifier: GaussianNB()

Minority Class: 0

Selected Features: [ 0  1  2  3  4  5  6  7  8  9 10 11 12 13 14 15 16 17 18 19 20 21 22 23
 24 25 26 27 28 29 30]

Labels: [0 1 0 1 0 1 1 1 0 1 0 1 0 1 1 0 1 1 1 1 0 0 1 0 1 1 1 1 1 0 1 0 0 1 0 1 0
 1 0 0 0 1 1 1 0 1 0 0 1 0 1 0 0 0 1 0 1 0 0 1 0 0 0 0 0 0 1 0 0 1 0 1 1 0
 0 0 0 1 0 0 1 0 0 1 0 1 1 0 0 1 1 1 1 1 0 0 1 1 0 1 0 1 1 0 0 1 1 0 0 0 0
 1 0 0 1 1 1 1 0 0 1 1 0 0 1 1 0 0 0 0 1 0 1 1 1 1 0 1 1 0 0 1 0 0 1 1 0 0
 0 1 0 1 0 0 0 1 1 1 1 1 1 0 0 0 0 1 1 1 1 1 0 0 1 1 1 0 0 0 1 0 1 1 1 1 1
 1 1 0 1 1 0 0 0 1 0 1 1 0 1 0 0 1 0 0 0 1 0 0 0 1 1 0 1 0 1 1 0 0 0 0 0 0
 1 0 1 0 0 1 1 1 0 1 1 0 1 1 0 0 0 0 1 0 1 1 0 1 1 0 1 1 1 1 0 1 0 1 1 0 0
 1 0 0 1 0 1 0 1 0 0 0 0 0 1 0 0 0 0 1 1 0 0 0 1 1 0 1 1 1 0 1 1 1 0 0 0 1
 1 1 0 0 1 1 1 1 0 0 1 0 0 0 1 1 0 1 0 1 0 0 0 1 0 1 0 1 1 0 0 1 0 1 1 1 0
 1 1 0 0 0 1 1 0 0 0 0 1 1 1 0 1 1 0 0 0 0 1 0 0 1 1 1 0 0 1 0 0 1 0 0 1 1
 1 0 1 0 1 0 1 1 0 1 1 0 0 1 1 1 0 0 0 1 1 0 1 1 1 1 1 0 1 1 1 0 1 1 1 0 1
 1 1 1 0 1 0 0 0 1 0 0 1 1 1 0 0 1 0 1 1 0 0 1 0 0 0 1 1 0 1 0 0 0 1 1 1 1
 0 0 0 0 1 1 0 0 1 1 0 0 0 1 0 0 0 1 1 1 0 1 1 0 0 0 1 1 1 1 1 1 1 0 1 0 0
 0 0 1 0 1 0 1 0 1 1 1 1 0 0 0 1 0 0 0 1 1 0 1 0 1 0 0 1 0 1 0 0 0 1 1 0 1
 1 0 0 1 0 0 1 1 0 1 1 1 1 0 1 0 0 0 0 0 0 1 1 0 0 1 0 0 0 0 1 1 0 1 1 1 0
 1 0 1 0 0 1 0 1 0 0 0 1 0 1 1 1 0 0 0 1 1 1 1 0 1 1 1 0 1 1 0 0 0 1 0 0 1
 1 1 1 1 1 1 1 0 1 0 0 0 0 0 0 0 1 0 1 1 0 1 0 0 1 0 0 1 0 1 1 0 1 1 1 0 0
 0]

Synthetic samples indexes: [  1   3   5   6   7  11  13  14  16  17  18  19  22  24  25  26  27  28
  30  33  37  41  42  45  48  50  54  56  59  66  69  71  72  77  80  83
  85  86  89  90  91  92  93  97  99 101 102 105 106 114 115 117 120 121
 124 125 130 132 134 135 137 138 141 144 145 149 151 155 156 157 158 160
 165 166 167 169 172 173 174 178 180 181 182 183 184 185 186 188 189 193
 196 198 201 205 209 210 212 214 215 222 224 227 228 229 231 232 234 240
 243 245 246 248 249 250 251 253 255 256 259 262 264 266 272 277 278 282
 283 285 286 287 289 290 291 295 296 297 300 301 302 306 310 311 313 315
 319 321 323 324 327 329 330 331 333 334 338 339 344 345 346 348 349 354
 357 358 359 362 365 368 369 370 372 374 376 377 379 380 383 384 389 390
 392 393 394 395 398 399 400 402 403 404 406 407 408 409 411 415 418 419
 420 423 433 434 436 440 441 442 443 448 449 452 453 457 462 463 465 466
 470 471 472 473 474 475 476 478 483 487 489 491 492 496 501 503 505 508
 510 514 515 517 518 521 527 528 529 539 540 543 549 552 553 555 557 560
 562 566 568 569 570 574 575 576 577 579 580 581 583 584 588 591 592 593
 594 596 597 598 600 608 610 611 613 616 619 621 625 626]

========== Cluster 1 ==========

Base classifier: GaussianNB()

Minority Class: 0

Selected Features: [ 0  1  2  3  4  5  6  7  8  9 10 11 12 13 14 15 16 17 18 19 20 21 22 23
 24 25 26 27 28 29 30]

Labels: [0 1 1 0 1 0 0 0 1 1 1 0 0 1 1 0 1 0 1 0 1 0 1 0 1 1 0 0 0 1 0 0 1 1 1 0 1
 1 1 0 1 1 0 0 0 0 1 1 0 1 0 0 1 0 0 0 0 1 0 0 1 1 0 1 1 1 0 1 0 1 0 0 0 1
 1 0 0 0 0 0 0 0 1 1 0 0 1 0 0 1 1 1 1 0 0 1 1 1 0 1 0 0 1 1 1 1 1 1 1 1 1
 0 0 1 1 0 0 1 0 1 1 1 1 1 0 1 0 0 0 0 1 1 1 0 1 1 0 0 0 1 0 0 1 1 0 0 1 1
 1 1 1 1 1 0 1 1 1 0 0 1 1 1 1 0 1 1 1 0 0 0 0 0 0 1 0 0 0 0 1 0 0 1 0 0 0
 1 0 0 1 1 1 0 1 1 1 1 1 0 1 1 0 0 1 1 1 0 0 0 0 0 0 0 0 0 1 0 1 1 0 1 0 0
 0 0 1 0 1 0 1 0 0 0 0 0 1 1 0 1 0 0 1 0 1 0 1 1 0 0 1 1 1 0 0 1 0 1 0 1 1
 1 0 1 1 1 0 0 1 1 1 1 1 0 0 0 0 0 0 1 1 0 1 1 1 1 0 1 1 1 1 1 0 0 0 1 1 0
 0 1 1 0 1 0 1 0 0 0 0 0 1 0 0 1 0 1 1 1 0 0 0 0]

Synthetic samples indexes: [  0   3   5   7  11  12  15  17  19  21  23  26  27  28  30  31  35  39
  42  43  44  45  48  50  51  53  54  55  56  58  59  62  66  68  70  71
  72  75  76  77  78  79  80  81  84  85  87  88  93  94  98 100 101 111
 112 115 116 118 124 126 128 129 133 136 137 138 141 144 145 153 157 163
 167 168 169 170 171 172 174 175 176 177 179 180 182 183 184 186 187 191
 197 200 201 205 206 208 209 210 211 212 213 215 218 220 221 222 223 225
 227 229 230 232 233 236 238 239 241 243 246 247 251 252 254 256 260 264
 265 271 272 273 274 275 276 279 284 290 291 292 295 296 299 301 303 304
 305 306 307 309 310 312 316 317 318 319]

