Clustering algorithm selected: kmeans++
=====================================

Clustering evaluation metric: dbc
Clustering evaluation value: 0.17311297003598863

========== Cluster 0 ==========

Base classifier: GaussianNB()

Minority Class: 0

Selected Features: [ 0  1  2  3  4  5  6  7  8  9 10 11 12 13 14 15 16 17 18 19 20 21 22 23
 24 25 26 27 28 29 30]

Labels: [1 1 1 1 0 1 1 1 1 0 1 0 0 0 0 0 1 1 1 1 1 0 1 0 1 0 1 1 0 0 0 1 0 0 0 0 1
 1 0 1 0 0 0 1 0 0 1 1 0 0 1 1 1 0 0 0 1 1 0 0 0 0 0 1 1 0 0 0 1 0 0 0 1 1
 1 1 0 0 0 1 1 1 0 1 0 0 1 1 0 1 0 0 1 1 1 1 0 0 0 1 1 1 0 0 1 1 0 1 0 0 1
 1 0 1 1 1 1 0 0 1 0 0 0 1 0 1 1 0 1 0 0 1 0 0 0 0 1 1 1 1 0 1 0 1 0 0 1 0
 1 1 1 1 0 0 0 1 0 1 1 1 0 0 0 1 0 0 1 1 0 1 1 1 0 0 0 0 0 0 0 0 1 0 0 1 1
 0 0 1 1 0 0 0 0 0 0 0 0 1 1 1 0 0 1 1 0 1 0 1 1 0 1 0 1 1 1 0 0 0 1 0 1 1
 1 1 1 0 1 1 1 0 1 0 1 1 0 1 1 0 0 1 1 1 0 0 0 1 0 0 1 0 1 1 1 0 1 1 0 0 1
 0 0 1 0 0 1 1 0 0 1 1 0 1 1 1 0 0 1 0 0 1 0 1 1 0 0 1 1 0 1 1 1 0 0 1 0 0
 1 1 1 1 1 0 0 1 0 0 0 1 0 1 1 0 1 1 0 0 1 0 0 1 1 1 0 1 0 0 0 0 0 0 1 1 1
 1 0 0 0 1 1 0 1 0 0 1 0 0 1 0 0 0 0 0 0 0 0 1 1 1 0 1 1 0 0 1 1 0 0 0 1 0
 0 0 1 0 0 1 0 0 1 1 0 1 1 0 1 1 1 1 1 1 0 0 0 1 0 0 0 1 1 1 1 1 1 0 0 0 1
 1 0 0 0 1 1 0 1 1 0 0 1 1 1 0 0 0 1 0 1 0 0 0 1 1 0 0 1 1 0 1 0 0 0 1 1 1
 1 1 1 1 1 1 0 1 0 1 0 1 0 0 1 1 1 0 0 0 0 0 0 1 1 0 0 1 0 0 1 1 1 1 1 0 1
 0 1 1 0 0 0 1 1 1 0 1 0 0 1 0 0 1 0 0 1 1 1 1 1 0 0 0 0 0 1 1 0 1 0 1 1 1
 0 1 0 1 1 1 0 0 0 1 0 0 1 0 1 1 0 1 1 0 0 1 0 1 0 0 1 0 1 1 1 0 1 1 0 1 0
 1 0 1 0 0 1 0 0 1 0 0 0 0 1 0 0 1 1 1 0 0 0 0 1 1 1 1 1 0 0 1 1 1 0 1 0 0
 1 1 0 1 0 1 0 0 0 1 0 1 0 1 1 1 1 0 1 0 1 1 1 0 1 1 0 1 1 0 1 0 1 0 0 0 1
 0 0 1]

Synthetic samples indexes: [  0   1   2   3   5   6  10  17  18  19  20  22  24  26  27  31  36  37
  39  43  46  47  51  52  56  57  63  64  68  72  73  74  75  79  81  83
  86  87  89  92  93  94  95  99 100 101 105 110 111 113 116 119 123 125
 126 128 131 136 137 138 139 143 146 148 149 150 151 155 157 158 159 163
 166 167 169 170 171 180 183 197 198 199 202 203 205 207 208 210 212 213
 214 218 220 221 222 223 224 226 227 228 230 232 233 236 239 240 241 245
 248 250 251 252 254 255 258 261 264 265 268 269 271 272 276 279 281 282
 285 286 288 289 290 293 296 297 298 299 300 303 307 309 310 312 313 319
 320 321 323 330 331 333 338 340 343 346 355 357 359 360 363 364 368 372
 375 378 379 381 382 385 386 387 388 389 393 397 398 399 400 402 407 412
 414 415 418 419 420 424 426 430 431 434 435 437 441 442 443 444 445 446
 447 448 451 453 455 458 459 460 467 468 471 474 475 476 477 478 480 482
 483 488 489 491 494 497 500 501 502 503 504 510 511 513 515 517 519 521
 522 523 530 532 533 535 536 539 541 544 546 547 548 550 551 553 555 557
 560 563 568 571 572 573 578 579 580 581 582 585 586 587 589 592 593 595
 597 601 603 605 606 607 608 610 613 614 616 617 619 620 622 624 628 631]

========== Cluster 1 ==========

Base classifier: GaussianNB()

Minority Class: 0

Selected Features: [ 0  1  2  3  4  5  6  7  8  9 10 11 12 13 14 15 16 17 18 19 20 21 22 23
 24 25 26 27 28 29 30]

Labels: [1 0 0 1 1 0 0 1 1 1 1 1 0 0 0 1 0 1 0 1 1 1 0 0 0 1 1 0 0 0 1 0 0 1 0 1 0
 0 0 0 0 1 1 0 0 1 0 1 1 0 1 1 0 0 0 1 0 1 0 1 0 0 0 0 0 1 0 1 1 1 0 1 0 0
 1 1 0 1 0 0 0 0 1 1 1 1 1 0 0 0 0 1 0 1 0 0 0 0 1 0 0 0 1 0 0 1 1 1 1 0 0
 0 1 1 1 1 1 1 1 0 0 1 0 1 1 1 1 1 1 1 1 1 1 0 1 0 1 0 0 0 0 1 0 0 1 0 1 1
 1 0 0 0 1 0 0 1 1 0 1 1 0 1 1 1 1 1 1 1 0 1 0 0 0 1 1 1 1 1 0 0 0 1 1 1 0
 1 0 1 1 1 0 1 0 1 1 1 1 0 1 0 1 0 1 0 0 0 0 0 0 0 0 1 0 1 0 0 1 1 1 0 0 0
 0 1 0 0 1 0 0 0 1 0 0 0 0 1 0 1 1 0 0 0 0 0 1 1 1 1 1 1 0 0 1 0 0 0 1 0 0
 0 0 0 0 0 1 1 1 0 1 1 1 1 1 1 1 1 0 1 0 1 1 1 0 0 1 0 1 1 0 1 0 0 1 0 0 1
 1 1 1 1 1 0 0 0 0 0 1 0 1 0 0 1 0 0 0 1 0 1 1 1 1 0 1 1]

Synthetic samples indexes: [  1   2   5   6  12  13  14  16  18  22  23  24  27  28  29  31  32  34
  36  37  38  40  43  44  46  49  52  53  54  56  58  60  61  62  63  64
  70  72  73  76  78  79  80  81  87  88  89  90  92  94  95  96  97  99
 100 101 103 104 109 110 111 119 120 122 133 135 137 138 139 140 142 143
 145 149 150 151 153 154 157 160 168 170 171 172 178 179 180 184 186 190
 192 197 199 201 203 204 205 206 207 208 209 210 212 214 215 219 220 221
 222 224 225 227 228 229 232 233 234 236 239 240 241 242 243 250 251 253
 254 255 257 258 259 261 262 267 276 278 282 283 285 288 290 291 293 294
 301 302 303 304 305 307 309 310 312 313 314 321]

