Clustering algorithm selected: kmeans++
=====================================

Clustering evaluation metric: dbc
Clustering evaluation value: 0.47643704370476936

========== Cluster 0 ==========

Base classifier: GaussianNB()

Minority Class: 1

Selected Features: [ 0  1  2  3  4  5  6  7  8  9 10 11 12 13 14 15 16 17 18 19 20 21 22 23
 24 25 26 27 28 29 30 31 32 33 34 35 36 37]

Labels: [1 1 1 1 0 1 1 0 0 0 1 1 0 1 0 1 1 1 0 0 0 1 0 0 1 1 0 1 0 0 1 0 0 1 0 0 0
 0 1 1 1 0 0 1 1 1 0 1 1 1 0 0 0 1 1 1 1 1 1 1 1 1 0 1 0 0 0 0 1 0 1 0 1 0
 0 1 0 0 1 0 1 1 1 0 1 0 0 1 0 1 0 0 1 0 1 1 1 1 0 0 1 1 1 1 1 0 1 1 0 0 0
 0 0 0 1 0 0 0 0 0 0 0 1 1 0 0 1 0 1 1 1 0 1 1 1 0 1 1 0 0 1 0 0 1 1 1 1 0
 0 1 0 0 0 0 1 1 1 1 1 0 1 1 0 0 1 0 1 0 1 1 0 0 1 0 0 1 0 0 0 1 0 0 0 0 1
 0 0 1 0 1 1 0 1 1 0 1 1 1 0 1 1 1 1 0 1 1 0 0 0 1 1 0 0 0 0 0 1 0 1 0 1 1
 0 1 0 1 1 1 1 0 1 0 1 1 1 1 1 0 0 1 0 1 0 0 1 0 0 1 0 1 1 0 1 0 0 0 0 0 0
 1 0 0 0 0 1 0 1 1 0 0 1 1 0 0]

Synthetic samples indexes: [  1   5  11  13  17  21  24  25  27  30  47  49 106 123 136 149 190 205
 209 221 232 239]

========== Cluster 1 ==========

Base classifier: GaussianNB()

Minority Class: 1

Selected Features: [ 0  1  2  3  4  5  6  7  8  9 10 11 12 13 14 15 16 17 18 19 20 21 22 23
 24 25 26 27 28 29 30 31 32 33 34 35 36 37]

Labels: [1 0 0 0 0 1 0 0 1 0 1 1 1 0 1 1 0 1 1 1 1 0 0 1 1 1 0 0 0 0 0 0 0 0 1 0 0
 0 1 0 1 0 1 0 1 1 0 0 1 1 1 1 1 0 0 0 1 0 1 1 0 1 0 1 1 1 0 1 1 0 1 1 0 1
 1 0 0 0 0 1 0 0 0 1 0 1 0 0 0 0 0 1 1 1 1 0 1 0 1 0 1 0 0 1 1 1 0 1 0 0 0
 1 1 0 1 1 1 1 1 1 0 1 0 1 0 0 1 1 1 0 0 1 1 0 1 0 0 1 1 0 0 0 1 1 1 0 0 0
 0 0 0 0 1 1 1 0 0 1 0 1 0 1 1 0 0 0 1 1 1 0 1 0 0 0 0 0 1 1 0 0 1 0 0 1 0
 0 1 1 1 0 1 0 0 1 0 1 0 1 1 0 0 1 1 0 1 0 0 1 1 1 0 1 1 1 1 1 0 0 0 1 0 0
 1 0 0 1 1 0 1 1 1 0 0 0 0 1 0 1 0 0 1 1 0 0 0 1 1 1 1 1 1 0 1 0 0 1 1 0 1
 0 0 1 1 1 0 1 1 0 0 0 1 1 0 0 1 1 1 1 1 0 1 1 1 0 1 0 0 1 1 1 0 1 1 0 0 0
 1 1 1 1 0 1 0 1 0 0 0 1 0 1 0 1 1 1 1 0 0 1 1 0 1 1 0 1 1 1 0 1 1 0 0 1 1
 1 0 0 1 1 0 1 0 1 0 0 1 1 1 0 0 0 0 1 0 1 1 1 0 1 0 0 0 1 1 0 1 0 1 0 1 0
 0 0 1 0 1 1 0 0 0 1 0 0 0 1 1 1 0 0 1 1 0 0 1 0 0 0 0 1 1 0 0 0 1 0 0 0 0
 1 0 0 0 0 1 1 1 0]

Synthetic samples indexes: [ 12  15  23  24  34  64  68  70  91  96 104 107 114 116 117 118 119 127
 138 153 157 167 180 183 187 193 209 214 215 230 263 274 287 288 289 291
 292 312 318 323 368 374 379 385 388 392 397]

