Clustering algorithm selected: kmeans
=====================================

Clustering evaluation metric: dbc
Clustering evaluation value: 0.6513786804825331

========== Cluster 0 ==========

Base classifier: DummyClassifier(strategy='most_frequent')

Minority Class: 1

Selected Features: [ 0  1  2  3  4  5  6  7  8  9 10 11 12 13 14 15 16 17 18 19 20 21 22 23
 24 25 26 27 28 29 30]

Labels: [1 1 1 1 1 1 1 1 1 1 1 1 1 1 1 1 1 1 1 1 1 1 1 1 1 1 1 1 1 1 1 1 1 1 1 1 1
 1 1 1 1 1 1 1 1 1 1 1 1 1 1 1 1 1 1 1 1 1 1 1 1 1 1 1 1 1 1 1 1 1 1 1 1 1
 1 1 1 1 1 1 1 1 1 1 1 1 1 1]

Synthetic samples indexes: []

========== Cluster 1 ==========

Base classifier: DummyClassifier(strategy='most_frequent')

Minority Class: 1

Selected Features: [ 0  1  2  3  4  5  6  7  8  9 10 11 12 13 14 15 16 17 18 19 20 21 22 23
 24 25 26 27 28 29 30]

Labels: [1 1 1 1 1 1 1 1 1 1 1 1 1 1 1 1 1 1 1 1 1 1 1 1 1 1 1 1 1 1 1]

Synthetic samples indexes: []

========== Cluster 2 ==========

Base classifier: SVC(probability=True)

Minority Class: 1

Selected Features: [21 24 28  8 23  3  4 25  1 20 14 22  5 17 16  0 29 18 26 27 10  7  2 19
 15]

Labels: [0 0 0 1 1 0 0 0 0 1 0 1 1 0 0 0 1 0 1 0 1 0 1 1 1 1 0 1 1 0 1 0 1 0 0 0 0
 1 0 0 0 0 1 0 1 1 0 0 0 1 0 1 0 1 1 1 0 1 1 1 0 0 1 0 1 0 0 0 1 1 1 1 0 1
 0 0 0 0 1 0 0 1 1 0 1 0 1 0 1 1 1 1 1 0 1 0 1 1 1 0 0 1 1 1]

Synthetic samples indexes: [  2   5   6   7   8  13  14  17  21  26  29  31  33  35  38  41  46  50
  56  60  65  66  67  72  74  76  79  83  85  99 100]

========== Cluster 3 ==========

Base classifier: SVC(probability=True)

Minority Class: 1

Selected Features: [ 0 21 24  8 23 22  2 28  9  1  7 27 13  4 14 11  3  6 16 17 18  5 25]

Labels: [1 1 1 1 1 0 0 0 1 1 1 1 1 0 1 1 1 0 0 0 1 0 1 0 1 1 0 1 0 0 1 1 0 1 0 1 1
 0 1 1 1 0 0 0 1 1 1 1 1 1 1 1 1 0 1 0 0 1 1 0 1 0 1 1 1 1 0 0 1 0 0 0 0 1
 1 0 0 1 1 0 0 1 0 0 0 1 0 1 0 1 0 1 1 0 1 1 1 0 0 1 1 1 1 1 1 0 0 1 0 0 0
 0 0 0 0 0 0 0 0 0 0 1 0 1 1 0 0 1 0 0 1 0 0 0 1 1 0 1 0 1 0 1 0 1 1 0 1 1
 1 1 1 0 0 1 0 0 0 1 0 1 1 0 1 0 0 1 1 1 1 0 1 0 0 0 0 0 1 1 0 1 1 0 1 1 0
 1 0 0 1 1 0 0 0 1 1 1 0 1 1 0 1 1 1 1 0 1 0 1 0 0 1 1 0 1 0 1 1 1 1 1 0 0
 1 0 1 1 0 0 0 0 0 1 1 0 0 0 0 0 1 0 1 1 1 0 0 0 0 0 0 0 1 0 0 1 1 1 1 1 1
 1 0 0 0 1 1 1 0 1 0 0 1 0 0 1 0 0 0 0 0 0 1 0 0 0 1 0 0 1 0 0 0 1 1 1 1 0
 0 0 1 0 0 1 1 1 1 0 1 0 0 1 1 1 1 0 0 1 0 0 1 0 0 0 0 0 1 0 1 1 1 0 1 1 0
 1 0 1 0 0 0 1]

Synthetic samples indexes: [  0   1   3   4   8   9  10  11  12  14  15  16  20  24  25  27  31  35
  39  44  45  47  48  49  50  51  52  54  57  58  62  63  64  65  68  73
  74  77  78  81  85  87  89  91  92  94  95  96  99 100 102 103 104 107
 121 124 127 130 134 137 139 143 144 146 147 148 149 150 159 160 162 166
 167 168 170 176 177 179 180 182 183 185 188 189 193 194 195 197 198 200
 201 202 203 205 207 210 211 213 215 216 217 218 219 222 224 225 231 232
 238 240 241 242 250 254 255 256 257 259 263 264 265 267 270 280 284 287
 291 292 293 294 298 301 302 303 306 309 310 311 312 315 318 324 326 327
 328 330 331 333 335 339]

========== Cluster 4 ==========

Base classifier: DummyClassifier(strategy='most_frequent')

Minority Class: 1

Selected Features: [30 29 28 27 26 25 24 23 22 21 20 19 18 17 16 15 14 13 12 11 10  9  8  7]

Labels: [0 0 0 0 0 0 0 0 0 0 0 0 0 0 0 0 0 0 0 0 0 0 0 0 0 0 0 0 0 0 0 0 0 0 0 0 0
 0 0 0 0 0 0 0 0 0 0 0 0 0 0 0 0 0 0 0 0 0 0 0 0 0 0 0 0 0 0 0 0 0 0 0 0 0
 0 0 0 0 0 0 0 0 0 0 0 0 0 0 0 0 0 0 0 0 0 0 0 0 0 0 0 0 0 0 0 0 0 0 0 0 0
 0 0 0 0 0 0 0 0 0 0 0 0 0 0 0 0 0 0 0]

Synthetic samples indexes: []

