Clustering algorithm selected: fcm
=====================================

Clustering evaluation metric: dbc_ss
Clustering evaluation value: 0.3193065115257602

========== Cluster 0 ==========

Base classifier: LogisticRegression()

Selected Features: [ 1 15 37  6 19 11 25 28  8 24 21 35 13  5  7  4  3  9 10  2 12 14 18 16
 17]

Labels: [0 0 1 1]

========== Cluster 1 ==========

Base classifier: GradientBoostingClassifier()

Selected Features: [32 37 31 34 14 15 29  1 36 17  8 10 28 26 16 19  3  6  0 30 23 13 20  7
 35  2 33  4  5  9 27 21 25 11 12]

Labels: [1 1 1 1 1 1 1 1 0 0 1 0 1 0 0 1 1 1 1 1 1 1 1 0 1 1 1 1 1 0 1 1 0 1 0 0 1
 1 1 1 1 1 1 1 0 0 1 0 0 0 1 1 0 1 1 0 1 1 1 1 1 1 0 1 1 0 1 0 1 0 1 1 1 1
 1 1 1 1 1 0 0 1 0 0 1 1 1 1 0 1 1 1 1 1 1 1 0 1 0 1 1 1 1 1 1 0 0 1 1 1 1
 0 1 1 1 0 0 1 1 1 1 0 0 1 0 0 0 1 1 1 1 1 1 1 1 1 0 0 1 0 1 1 1 1 1 1 1 1
 1 0 1 1 1 0 1 0 1 0 1 1 1 1 1 1 1 1 1 1 1 1 1 1 1 1 1 1 1 1 1 0 0 0 0 0 0
 0 0 1 1 1 1 0 1 1 1 1 1 0 0 1 1 1 0 1 0 1 1 1 1 1 0 1 1 1 0 1 1 1 0 1 1 1
 1 1 1 0 1 1 0 1 1 1 0 0 0 1 1 0 1 0 1 0 1 1 1 1 0 1 1 1 1 1 1 1 1 0 0 1 0
 1 0 1 1 1 0 1 1 1 0 1 1 1 1 1 1 1 1 1 0 1 0 1 1 1 1 1 1 1 0 0 1 1 1 1 1 1
 1 0 1 1 1 1 0 0 1 1 1 0 1 1 1 1 1 0 1 1 1 1 1 1 1 0 1 1 1]

========== Cluster 2 ==========

Base classifier: DummyClassifier(strategy='most_frequent')

Selected Features: [ 1 28 20 26 34 37  9 14 13 12 11 10  7  8 16  6  5  4  3  2 15 18 17 36
 19 21 22 23 24]

Labels: [0 0 0 0 0 0]

========== Cluster 3 ==========

Base classifier: SVC(probability=True)

Selected Features: [26  2  4 32 20 23 14  5 17 31 22  6 19 33 36 37  3  1  7 11 13 25  9 10
  8 18 12]

Labels: [0 0 1 0 0 1 0 0 0 0 0 0 0 0 0 0 0 0 0 0 1 0 0 0 1 0 0 1 0 0 0 0 0 0 0 0 0
 0 0 0 0 0 0 0 0 0 0 0 0 1 0 0 1 0 0 0 0 0 0 0 0 0 1 0 0 0 0 1 0 0 0 0 0 0
 0 0 0 1 0 0 0 0 0 0 0 0 0 0 0 0 0 0 1 0 0 0 0 0 0 0 0 0 0 0 0 0 1 0 0 0 0
 0 0 0 0 1 1 0 0 0 0 0 0 0 0 1 0 0 0 1 0 0 0 0 0 1 0 0 0 0 0 0 0 0 0 0 1 0
 0 0 0 1 0 1 0 0 0 0 0 0 0 0 0 0 0 0 0 0 0 0 0 0 0 0 0 0 0 0 0 0 0 0 0 0 1
 0 0 0 0 1 0 0 0 1 0 0 0 0 0 0 0 1 1 0 0 0 0 0 1 0 0 0 0 0 0 0 0 0 0 0 0 1
 0 1 0 0 0 0 0 0 1 0 1 0 0 0 0 0 0 0 1 0 0 0 0 0 0 1 0 1 0 0 0 0 0 0 0 0 0
 0 1 0 0 0 0 0 0 0 0 0 0 0 0 0 1 0 0 0 0 0 0 0 0 0 0 0]

