Clustering algorithm selected: kmeans
=====================================

Clustering evaluation metric: silhouette
Clustering evaluation value: 0.0746460643798168

========== Cluster 0 ==========

Base classifier: RandomForestClassifier()

Selected Features: [214   3 216 219   6 218 215  48  31  82   0 140 179 172 170 187 192 138
 221 166  38 125  88  58 208 154   5 145 130 163 136  23 195 224 156  26
 205  74   2 161 126 152 196  99  66 201 102 124 209 119 157 204  46 146
  47 213 144 141 199   1 134  21  90  78  20 114  18  36 143 104  28 168
 210 176  65 113  14 118 137 109  41  91  80 133 200  43  51 217  50  45
 158 117 103 177 121 220 115 135 160  75 149  35  71  22  69 202 131 111
   7  89  68 150  55 127 175 120 178 198 194  84 203 116  61 112 139  19
  33  32   8 212 180  30  64  57 174  96  27  25  98  87  49 162 147  73
  24  56  11 206 186  79  40 105 142   9  17 211 222 197 207 223 193 128
 129 132 159 153 155 148 151 191 183 173 171 169 164 167 165 188 182 181
 190 185 189 184 123 122 106 110 108 107 101 100  97]

Labels: [1 0 0 0 0 0 0 0 1 0 1 1 1 1 0 0 0 0 0 0 0 0 0 0 0 0 1 1 1 0 1 0 0 0 1 0 0
 1 0 0 0 0 0 1 0 0 0 1 1 0 1 0 0 0 0 1 1 1 0 0 0 0 0 0 1 1 1 0 0 1 1 0 0 0
 1 0 1 1 0 0 0 0 0 1 0 1 0 0 1 1 0 0 0 0 0 1 1 0 1 0 0 0 0 0 0 0 0 0 0 1 0
 0 0 1 1 0 0 0 1 0 1 1 1 0 1 0 0 0 1 0 0 1 0 1 1 0 0 0 1 0 0 0 0 0 0 0 0 0
 0 0 0 0 0 0 1 0 0 0 0 0 0 0 0 0 0 0 0 0 1 0 1 0 0 0 1 1 0 1 0 1 0 0 0 0 0
 1 1 1 1 0 0 0 1 0 0 0 1 0 0 1 1 0 0 0 1 1 0 1 0 0 1 0 0 0 0 1 0 0 1 0 0 1
 1 0 1 0 0 0 0 0 0 0 0 0 0 1 0 0 0 1 0 0 1 1 1 0 0 1 1 0 0 0 1 0 0 0 1 0 0
 0 0 0 0 0 1 0 1 0 0 0 0 0 1 0 0 1 0 0 0 0 1 1 1 1 0 0 0 1 0 0 0 0 0 1 1 0
 1 0 0 0 0 0 0 0 1 1 0 0 1 0 0 1 1 1 1 1 0 1 0 1 0 0 1 0 1 1 1 0 0 0 0 1 1
 0 1 0 0 0 1 0 0 0 1 0 0 1 1 1 0 0 1 0 0 1 0 1 0 0 1 0 0 0 0 1 0 1 0 1 0 0
 1 1 0 1 0 0 0 0 1 0 1 0 0 0 1 0 0 0 0 0 0 1 0 0 0 0 1 0 1 0 0 0 1 1 0 0 0
 1 0 0 0 0 1 0 0 0 0 0 0 0 0 0 1 0 0 0 1 1 1 1 0 0 1 0 0 0 1 1 1 0 0 0 0 0
 1 0 0 1 0 0 0 1 0 0 0 0 0 0 1 0 1 0 1 0 0 0 1 1 1 0 0 0 0 0 0 0 0 1 1 0 1
 1 0 0 0 0 0 1 0 1 0 0 0 1 0 0 1 0 1 0 1 0 0 0 0 1 0 1 1 0 0 1 1 1 1 0 0 0
 1 0 1 0 1 0 0 1 1 0 1 0 1 1 0 0 1 1 0 1 0 1 1 1 0 1 0 1 1 1 1 1 1 1 1 1 1
 1 1 1 1 1 1 1 1 1 1 1 1 1 1 1 1 1 1 1 1 1 1 1 1 1 1 1 1 1 1 1 1 1 1 1 1 1
 1 1 1 1 1 1 1 1 1 1 1 1 1 1 1 1 1 1 1 1 1 1 1 1 1 1 1 1 1 1 1 1 1 1 1 1 1
 1 1 1 1 1 1 1 1 1 1 1 1 1 1 1 1 1 1 1 1 1 1 1 1 1 1 1 1 1 1 1 1 1 1 1 1 1
 1 1 1 1 1 1 1 1 1 1 1 1 1 1 1 1 1 1 1 1 1 1 1 1 1 1 1 1 1 1 1 1 1 1 1 1 1
 1 1 1 1 1 1 1 1 1 1 1 1 1 1 1 1 1 1 1]

========== Cluster 1 ==========

Base classifier: RandomForestClassifier()

Selected Features: [214 216   3 215 217 221   8 143 145   1 144 224 146  35   7   0  98 139
   6 223 168  26 165 219 207 188 204 138 154 136  46   4 218 152  55 129
 130 142 183  44   5  69 201 205 134 160  18  86 114  31 176 102  13 169
 174 140  16 181  75 151 180 209 119   2 112 211 167  78 127 200 213 111
  45  17 113  72  43 220  21 132 212 194  11 163  70 222 117 195   9  93
  39 171 123 141  23  88 120  99 210 197 202  40 161 190 121  73  41  97
 172 103  82  61 107 125  28 133  36  24 110  77  81 179 166  96 159 105
  68 177 162 193 173 206 156  48 148 135 137 153 155 158 157 187 149 150
 147 178 182 191 189 185 186 184 192 196 198 208 203 199 175 170 164 128
 131  66  65  71  79  76  67  89  90  91  87  84  85  83  74  95  94  92
 108 124 126 118 122 115 116 109 101 104 106 100  80  64  33  34  37  32
  42  47  60  56  57  53  54  52  51  50  49  63  62  58]

Labels: [0 0 0 0 0 1 0 0 1 0 0 0 0 0 0 1 0 0 1 0 0 1 0 0 1 0 0 0 1 0 0 1 0 0 1 0 0
 0 0 0 0 0 0 0 1 1 0 0 0 0 1 1 0 0 0 1 0 0 1 0 0 0 0 1 1 0 0 0 0 0 0 0 1 1
 0 0 1 1 1 0 0 0 0 1 1 0 1 0 1 0 0 1 0 0 0 1 1 0 1 0 0 1 0 0 0 0 1 0 0 0 0
 1 1 0 0 0 1 0 1 0 1 0 0 0 0 0 0 0 0 1 0 0 1 0 0 1 0 0 0 0 1 0 0 0 0 0 0 0
 0 0 0 0 0 1 0 0 0 0 0 0 0 0 0 1 0 0 0 0 0 0 1 0 1 1 0 0 1 1 1 0 0 0 1 1 1
 0 0 0 1 0 0 0 0 0 0 0 0 0 0 0 0 0 0 0 1 0 0 0 0 0 0 0 0 0 0 1 1 0 1 1 0 1
 0 1 1 0 1 0 0 0 1 1 1 0 0 0 0 0 0 0 0 0 0 1 1 0 1 0 0 1 0 0 0 0 0 0 1 0 1
 0 0 0 0 0 0 0 0 0 0 0 1 0 0 0 1 0 0 1 1 0 0 0 0 0 0 0 0 1 0 0 0 0 0 0 0 0
 0 0 0 0 0 0 0 0 0 1 0 0 0 0 1 0 1 0 0 0 0 0 1 1 0 0 1 0 0 0 0 0 0 1 0 1 0
 0 0 0 0 0 0 0 0 0 1 0 0 0 0 0 0 0 0 0 0 1 0 1 1 1 1 1 1 1 1 1 1 1 1 1 1 1
 1 1 1 1 1 1 1 1 1 1 1 1 1 1 1 1 1 1 1 1 1 1 1 1 1 1 1 1 1 1 1 1 1 1 1 1 1
 1 1 1 1 1 1 1 1 1 1 1 1 1 1 1 1 1 1 1 1 1 1 1 1 1 1 1 1 1 1 1 1 1 1 1 1 1
 1 1 1 1 1 1 1 1 1 1 1 1 1 1 1 1 1 1 1 1 1 1 1 1 1 1 1 1 1 1 1 1 1 1 1 1 1
 1 1 1 1 1 1 1 1 1 1 1 1 1 1 1 1 1 1 1 1 1 1 1 1 1 1 1 1 1 1 1 1 1 1 1 1 1
 1 1 1 1 1 1 1 1 1 1 1 1 1 1 1 1 1 1 1 1]

