Clustering algorithm selected: kmeans
=====================================

Clustering evaluation metric: silhouette
Clustering evaluation value: 0.3702488414509102

========== Cluster 0 ==========

Base classifier: SVC(probability=True)

Minority Class: 0

Selected Features: [21 24  0 23  1  3  4  2  8 28 14 22 27  7  9 17 19 11 13 16 20 10  6 26]

Labels: [0 0 1 0 1 1 0 1 1 0 0 0 1 1 0 1 0 1 0 0 0 0 1 1 0 1 1 1 1 1 0 0 1 1 1 0 0
 1 0 1 0 0 0 1 1 1 1 0 1 0 0 0 1 1 1 0 0 1 0 0 0 1 0 0 1 0 1 1 0 0 1 0 0 0
 1 1 0 1 0 0 0 0 0 1 1 0 0 0 0 0 0 0 1 1 1 0 0 0 1 1 0 0 0 1 1 0 1 1 1 1 0
 0 1 1 1 1 0 0 0 1 1 0 1 1 1 1 1 1 0 0 1 0 0 1 0 0 1 1 1 0 1 1 1 1 1 0 0 1
 1 0 1 1 1 1 1 0 1 0 0 1 1 1 1 1 1 1 0 0 0 0 1 0 1 0 1 1 1 1 0 1 0 0 0 0 0
 0 0 1 0 0 1 0 0 1 0 0 1 0 1 1 1 0 1 0 0 1 0 1 1 0 0 0 0 1 1 1 0 1 0 1 0 1
 1 1 0 1 1 1 1 0 1 1 0 0 0 0 1 0 0 0 0 0 1 0 0 0 0 0 1 1 0 0 1 1 0 0 1 0 1
 1 0 1 0 1 0 0 0 1 1 0 1 0 0 1 0 0 1 0 0 0 0 0 0 1 0 0 1 0 0 0 1 0 1 1 0 1
 1 0 1 1 1 0 1 0 1 0 0 1 0 0 0 0 1 1 0 1 0 0 0 1 1 1 0 0 1 1 1 0 0 1 1 0 1
 1 1 0 1 1 0 1 1 1 1 0 0 1 0 1 0 0 1 0 0 0 1 1 0 1 1 0 0 1 0 0 1 0 0 1 1 0
 0 1 1 1 1 0 1 0 1 0 0 1 0 1 0 0 0 0 0 1 1 0 1 1 0 1 0 1 0 0 0 0 1 1 0 0 1
 1 1 1 1 0 1 0 1 1 0 1 1 1 0 0 1 1 0 1 0 1 0 0 0 0 1 1 1 1 0 0 1 1 0 1 0 1
 1 0 1 1 0 1 0 1 1 0 0 0 1 1 0 1 0 0 0 1 0 0 0 0 0 1 0 1 1 1 0 1 0 1 0 0 0
 1 0 1 1 0 0 1 1 1 1 0 1 0 1 1 0 0 1 0 1 1 0 0 0 1 1 0 1 0 0 0 0 1 1 1 1 1
 1 0 1 0 1 0 1 0 1 0 1 1 0 0 0 1 1 0 1 0 0 1 0 0 1 0 0 1 0 1 0 1 0 0 0 1 1
 0 1 0 1 0 0 1 0 1 0 1 1 1 0 1 1 1 1 0 0 0 1 1 0 0 1 0 1 1 1 1 0 1 1 0 0 1
 1 1 0 0 1 0 0 0 1 0 1 1 1 0 1 1 1 0 1 1 0 1 1 0 0 1 0 0 1 1]

Synthetic samples indexes: [  4   7  12  13  15  17  23  25  26  27  28  29  32  33  34  37  39  43
  44  45  46  48  52  53  54  57  61  64  66  67  70  74  75  77  84  92
  93  94  98  99 103 104 106 107 108 109 112 113 114 119 120 122 123 124
 126 130 136 137 140 141 142 143 144 147 148 151 152 153 156 159 160 161
 162 163 164 165 170 174 175 176 187 190 193 198 199 200 202 207 208 213
 214 215 217 219 221 222 223 225 226 227 228 230 231 236 242 248 249 252
 253 256 258 259 261 263 267 268 270 273 276 283 290 292 293 295 296 298
 299 300 302 304 307 312 313 315 319 320 321 324 325 326 329 330 332 333
 334 336 337 339 341 342 345 347 354 357 358 361 364 367 368 371 372 373
 374 376 378 381 383 389 390 393 395 397 402 403 406 407 408 409 410 412
 414 415 417 418 419 422 423 425 427 432 433 434 435 438 439 441 444 446
 447 449 451 452 456 457 459 463 469 471 472 473 475 477 481 483 484 487
 488 489 490 492 494 495 498 500 501 506 508 513 515 516 517 518 520 522
 524 526 528 529 533 534 536 539 545 547 549 553 554 556 561 563 565 566
 567 569 570 571 572 576 577 582 583 584 585 587 588 591 592 593 596 600
 602 603 604 606 607 608 610 613 614 617 620 621]

========== Cluster 1 ==========

Base classifier: GaussianNB()

Minority Class: 0

Selected Features: [24 21 23  4  1 20  3 28  8 16 25  0 10 14 17 22  2 11 13 29  5  6 30  9]

Labels: [0 0 1 1 1 0 1 1 0 0 1 1 1 1 0 0 1 0 0 0 0 0 0 0 1 0 0 1 0 0 0 0 1 1 0 1 1
 1 0 1 1 0 0 0 0 0 1 0 0 0 1 1 0 0 1 0 1 0 0 1 0 1 1 1 1 1 0 0 0 1 0 0 1 1
 1 0 1 1 0 0 0 0 1 0 1 0 1 1 1 0 0 1 1 1 0 0 0 0 1 1 0 1 1 1 0 1 0 0 1 1 1
 0 0 1 0 1 1 1 1 0 1 1 1 1 1 1 0 1 1 1 1 0 1 0 0 0 1 0 1 1 0 1 1 1 1 1 0 0
 0 1 0 0 1 1 1 0 0 0 0 0 1 1 1 0 0 0 1 1 1 1 0 0 0 1 1 1 0 1 0 0 0 1 1 1 0
 1 0 1 1 0 1 0 0 0 0 0 0 1 0 1 0 1 1 0 0 0 1 1 1 1 1 1 0 1 0 0 0 1 0 0 0 1
 1 0 1 0 0 0 1 1 1 1 0 0 1 1 1 1 0 1 1 1 0 0 0 1 1 1 0 0 0 1 1 1 0 1 0 1 1
 1 0 1 1 0 1 0 0 0 0 0 0 1 1 1 1 1 0 1 0 0 0 1 0 0 1 1 1 0 0 0 1 0 0 0 1 1
 0 0 1 1 1 0 0 1 1 1 1 1 0 0 0 0 0 1 0 1 0 0 0 0 0 0]

Synthetic samples indexes: [  0   1   5   8   9  14  17  18  19  20  21  22  23  25  26  30  31  34
  38  41  42  43  44  45  47  48  49  52  53  55  58  60  66  67  68  70
  71  75  78  79  80  81  83  85  89  90  94  95  96  97 100 104 106 107
 111 112 114 119 131 133 134 135 137 140 146 147 148 150 151 155 156 157
 158 159 163 164 165 170 171 172 178 179 180 184 186 191 192 193 194 195
 196 198 200 203 204 205 212 214 216 218 219 220 223 225 226 227 232 233
 238 242 243 244 249 250 254 256 260 263 265 266 267 268 269 270 276 278
 279 282 283 287 288 289 291 292 293 296 297 301 302 308 309 310 311 312
 316 317 318 319 320 321]

