Clustering algorithm selected: kmeans++
=====================================

Clustering evaluation metric: dbc
Clustering evaluation value: 0.030646267613567296

========== Cluster 0 ==========

Base classifier: GaussianNB()

Minority Class: 2

Selected Features: [5 2 6 4 3]

Labels: [2 2 0 2 1 0 2 2 2 0 0 0 1 1 0 1 1 0 0 0 1 1 0 2 2 0 1 2 0 0 2 1 0 0 0 2 2
 2 1 1 1 0 2 0 2 2 2 0 2 1 1 1 2 2 2 1 1 2 1 2 1 2 2 2 1 0 0 2 0 1 2 1 2 2
 0 1 0 0 2 1 2 1 0 2 0 0 2 1 0 1 1 0 2 1 1 0 1 0 0 2 1 2 0 1 1 2 2 0 0 2 0
 1 2 1 0 1 0 0 0 2 0 1 1 1 0 0 2 1 1 2 1 1 0 2 1 0 1 0 2 0 0 1 2 2 0 0 0 1
 1 1 1 2 0 1 0 0 2 2 1 1 0 0 2 0 2 0 0 2 0 1 2 2 1 1 1 2 2 1 1 2 1 0 1 0 1
 1 0 2 1 2 0 1 0 2 0 0 2 1 1 0 0 1 1 1 0 1 0 1 0 1 0 1 1 0 0 1 0 2 1 1 0 1
 0 0 1 1 2 0 2 1 1 0 1 2 2 2 1 2 2 1 1 1 1 1 0 2 0 0 1 0 1 1 0 2 0 1 0 2 2
 0 2 0 2 1 0 0 2 2 2 1 2 0 2 2 0 2 2 0 0 1 0 0 2 2 2 2 1 2 0 1 2 2 1 2 1 1
 1 1 0 0 2 1 0 1 2 2 1 1 0 0 2 0 1 2 2 1 0 1 2 1 1 1 0 2 1 2 1 2 2 2 2 0 2
 2]

========== Cluster 1 ==========

Base classifier: GaussianNB()

Minority Class: 1

Selected Features: [6 7 2 5 1 9]

Labels: [2 0 0 1 1 1 2 2 1 0 2 2 2 2 1 2 0 0 0 2 2 0 1 1 0 1 2 0 1 0 1 2 0 1 0 1 1
 1 1 2 0 0 0 0 2 1 0 0 0 0 2 2 2 0 2 0 1 2 1 1 1 2 2 2 0 2 2 0 2 2 0 2 0 2
 0 2 2 2 0 0 2 0 1 0 1 2 2 0 0 2 1 1 1 0 1 1 0 1 2 2 2 2 2 2 1 1 1 2 1 2 0
 0 2 0 1 0 0 0 1 0 1 0 0 1 0 0 0 1 2 2 1 0 1 2 2 0 0 1 0 0 1 0 2 1 2 0 1 1
 2 2 1 1 2 1 0 0 2 0 2 2 2 2 2 2 2 1 1 1 1 2 0 2 2 2 0 2 2 0 2 1 0 0 0 2 0
 1 1 1 2 2 0 2 2 0 0 0 1 0 0 0 1 1 1 1 2 0 2 1 1 1 2 2 0 1 2 0 1 1 2 2 1 0
 1 2 2 2 0 0 0 0 1 0 1 1 0 0 2 1 2 2 2 1 1 0 1 2 0 0 2 2 1 0 0 1 0 1 0 0 0
 2 0 0 2 1 0 2 0 2 0 0 1 2 0 0 1 1 1 1 1 2 0 1 0 0 1 2 0 2 0 2 0 1 1 0 2 2
 2 2 1 1 2 2 0 1 1 0 2 0 2 1 0 1 2 2 0 2 0 2 0 2 0 0 1 1 1 0 2 0 1 2 0 2 0
 0 2 0 2 1 0 1 2 2 0 2 2 2 0 0 1 2 1 0 0 2 1 1 1 2 0 1 2 2 2 2 0 1 2 0 1 0
 0 0 0 2 0 1 0 2 2 0 0 1 2 2 0 1 0 1 1 2 0 1 0 2 0 1 2 0 2 1 0 0 0 0 0 2 0
 2 1 2 1 1 0 1 1 1 2 0 1 0 0 1 1 1 2 1 2 2 0 2 1 0 2 1 0 0 0 0 1 1 1 1 0 2
 0 0 1 1 1 2 2 1 2 0 0 2 0 0 2 2 1 1 2 2 1 2 0 0 2 0 0 1 2 1 1 2 0 2 1 2 1
 0 1 2 0 0 0 2 0 2 2 0 2 1 1 0 2 0 0 1 2 0 2 0 0 0 2 0 1 2 0 0 1 2 0 2 2 1
 2 1 2 2 2 2 1 1 1 1 2 2 1 2 0 2 1 0 1 1 2 2 1 1 1 1 1 0 2 0 2 0 0 0 2 2 2
 1 0 0 2 0 0 0 1 2 0 2 1 1 0 2 1 2 2 2 2 0 0 1 2 0 0 2 1 0 1 2 1 1 0 1 1 2
 0 1 2 0 0 2 0 1 0 2 0 0 0 2 1 2 2]

========== Cluster 2 ==========

Base classifier: GaussianNB()

Minority Class: 0

Selected Features: [1 9]

Labels: [0 2 2 0 2 2 0 2 2 2 2 0 0 1 1 2 2 1 1 0 0 0 2 1 1 0 2 0 1 0 2 1 2 0 1 1 2
 2 1 2 1 2 1 1 1 1 1 1 2 0 2 2 0 2 2 0 0 0 2 1 0 2 0 1 1 2 0 2 0 2 2 0 1 0
 2 0 0 1 0 2 1 1 2 1 1 0 1 1 1 2 2 2 1 1 1 0 2 0 0 0 1 1 0 1 1 1 0 2 0 2 2
 1 2 2 1 0 2 1 0 0 0 2 1 1 2 1 1 0 0 1 2 2 0 1 1 1 0 1 0 1 1 2 1 1 2 1 2 0
 1 2 1 0 1 1 0 1 2 2 1 2 1 2 1 0 2 0 1 1 1 1 0 0 2 1 0 1 0 0 1 1 1 0 0 2 2
 1 0 0 0 0 2 2 2 2 2 0 0 0 0 1 1 1 2 1 1 2 0 2 2 1 1 0 2 0 1 1 1 0 1 1 1 0
 1 1 2 0 2 2 0 2 1 2 0 2 2 0 0 1 0 2 1 1 1 0 0 0 0 2 0 0 0 0 0 2 1 2 1 0 0
 0 2 0 0 0 1 0 1 2 0 1 2 0 1 0 1 2 2 2 1 1 1 2 1 2 2 0 0 1 2 2 1 2 1 0 1 2
 2 0 1 1 2 2 0 1 0 1 0 2 2 2 2 2 0 1 1 2 1 1 2 1 1 1 0 1 1 2 1 2 0 2 2 2 2
 1 1 1 2 0 2 2 2 1 1 2 1 0 0 2 2 1 2 1 0 1 1 1 0 2 0 2 0 2 1 1 0 1 2 2 1 1
 2 1 2 1 2 0 1 1 2 0 0 2 1 2 0 0 1 0 2 1 2 0 1 0 0 1 1 2 1 0 1 0 2 0 0 1 2]

