Processing results for australian_credit
[2, 2, 2, 2, 2, 2, 2, 2, 2, 2]
2.0
[2, 2, 2, 2, 2, 2, 2, 2, 2, 2]
2.0
[2, 2, 2, 2, 2, 2, 2, 2, 2, 2]
2.0
[2, 2, 2, 2, 2, 2, 2, 2, 2, 2]
2.0
[2, 2, 2, 2, 2, 2, 2, 2, 2, 2]
2.0
[2, 2, 2, 2, 2, 2, 2, 2, 2, 2]
2.0
[2, 2, 2, 2, 2, 2, 2, 2, 2, 2]
2.0
[2, 2, 2, 2, 2, 2, 2, 2, 2, 2]
2.0
[2, 2, 2, 2, 2, 2, 2, 2, 2, 2]
2.0
[2, 2, 2, 2, 2, 2, 2, 2, 2, 2]
2.0
[2, 2, 2, 2, 2, 2, 2, 2, 2, 2]
2.0
[2, 2, 2, 2, 2, 2, 2, 2, 2, 2]
2.0
[2, 2, 2, 2, 2, 2, 2, 2, 2, 2]
2.0
[2, 2, 2, 2, 2, 2, 2, 2, 2, 2]
2.0
[2, 2, 2, 2, 2, 2, 2, 2, 2, 2]
2.0
[2, 2, 2, 2, 2, 2, 2, 2, 2, 2]
2.0
[2, 2, 2, 2, 2, 2, 2, 2, 2, 2]
2.0
[2, 2, 2, 2, 2, 2, 2, 2, 2, 2]
2.0
[2, 2, 2, 2, 2, 2, 2, 2, 2, 2]
2.0
[6, 6, 2, 6, 10, 6, 12, 9, 4, 6]
6.7
[2, 2, 2, 2, 2, 2, 2, 2, 2, 2]
2.0
[2, 2, 3, 4, 3, 3, 6, 2, 4, 2]
3.1
[2, 2, 2, 2, 2, 2, 2, 2, 2, 2]
2.0
[2, 2, 2, 2, 2, 2, 2, 2, 2, 2]
2.0
[3, 3, 5, 2, 6, 4, 3, 3, 3, 3]
3.5
[3, 3, 4, 2, 2, 2, 2, 2, 3, 3]
2.6
[2, 2, 2, 2, 2, 2, 2, 2, 2, 2]
2.0
[2, 2, 2, 2, 2, 2, 2, 2, 2, 2]
2.0
[2, 2, 2, 2, 2, 2, 2, 2, 2, 2]
2.0
[2, 2, 2, 2, 2, 2, 2, 2, 2, 2]
2.0
[2, 2, 2, 2, 2, 2, 2, 2, 2, 2]
2.0
[2, 2, 2, 2, 2, 2, 2, 2, 2, 2]
2.0
[2, 2, 2, 2, 2, 2, 2, 2, 2, 2]
2.0
[2, 2, 2, 2, 2, 2, 2, 2, 2, 2]
2.0
[2, 2, 2, 2, 2, 2, 2, 2, 2, 2]
2.0
[2, 2, 2, 2, 2, 2, 2, 2, 2, 2]
2.0
[2, 2, 2, 2, 2, 2, 2, 2, 2, 2]
2.0
[2, 2, 2, 2, 2, 2, 2, 2, 2, 2]
2.0
[2, 2, 2, 2, 2, 2, 2, 2, 2, 2]
2.0
[2, 2, 2, 2, 2, 2, 2, 2, 2, 2]
2.0
[2, 2, 2, 2, 2, 2, 2, 2, 2, 2]
2.0
[2, 2, 2, 2, 2, 2, 2, 2, 2, 2]
2.0
[2, 2, 2, 2, 2, 2, 2, 2, 2, 2]
2.0
australian_credit.tex saved.
Processing results for blood
[2, 2, 2, 2, 2, 2, 2, 2, 2, 2]
2.0
[2, 2, 2, 2, 6, 2, 2, 2, 2, 9]
3.1
[2, 2, 3, 2, 6, 2, 2, 2, 3, 9]
3.3
[5, 5, 5, 5, 8, 5, 5, 5, 5, 5]
5.3
[2, 2, 2, 2, 2, 2, 2, 2, 2, 2]
2.0
[2, 2, 2, 2, 2, 2, 2, 2, 2, 2]
2.0
[2, 2, 2, 2, 2, 2, 2, 2, 2, 2]
2.0
[2, 2, 2, 2, 2, 2, 2, 2, 2, 2]
2.0
[2, 2, 2, 2, 2, 2, 2, 2, 2, 2]
2.0
[2, 2, 2, 2, 2, 2, 2, 2, 2, 2]
2.0
[2, 2, 2, 2, 6, 2, 2, 2, 2, 9]
3.1
[2, 2, 2, 2, 6, 2, 2, 2, 2, 9]
3.1
[2, 2, 3, 2, 6, 2, 2, 2, 3, 9]
3.3
[2, 2, 3, 2, 6, 2, 2, 2, 3, 9]
3.3
[5, 5, 5, 5, 8, 5, 5, 5, 5, 5]
5.3
[5, 5, 5, 5, 8, 5, 5, 5, 5, 5]
5.3
[2, 2, 2, 2, 6, 2, 2, 2, 2, 9]
3.1
[2, 2, 3, 2, 6, 2, 2, 2, 3, 9]
3.3
[2, 2, 3, 2, 6, 2, 2, 2, 3, 9]
3.3
[2, 2, 2, 2, 6, 2, 2, 2, 2, 9]
3.1
[5, 5, 5, 5, 8, 5, 5, 5, 5, 5]
5.3
[5, 5, 5, 5, 8, 5, 5, 5, 5, 5]
5.3
[2, 2, 2, 2, 6, 2, 2, 2, 2, 9]
3.1
[2, 2, 3, 2, 6, 2, 2, 2, 3, 9]
3.3
[2, 2, 3, 2, 6, 2, 2, 2, 3, 9]
3.3
[2, 2, 2, 2, 6, 2, 2, 2, 2, 9]
3.1
[5, 5, 5, 5, 8, 5, 5, 5, 5, 5]
5.3
[5, 5, 5, 5, 8, 5, 5, 5, 5, 5]
5.3
[2, 2, 2, 2, 6, 2, 2, 2, 2, 9]
3.1
[2, 2, 2, 2, 6, 2, 2, 2, 2, 9]
3.1
[2, 2, 3, 2, 6, 2, 2, 2, 3, 9]
3.3
[2, 2, 3, 2, 6, 2, 2, 2, 3, 9]
3.3
[2, 2, 3, 2, 6, 2, 2, 2, 3, 9]
3.3
[2, 2, 3, 2, 6, 2, 2, 2, 3, 9]
3.3
[2, 2, 2, 2, 6, 2, 2, 2, 2, 9]
3.1
[2, 2, 2, 2, 6, 2, 2, 2, 2, 9]
3.1
[5, 5, 5, 5, 8, 5, 5, 5, 5, 5]
5.3
[5, 5, 5, 5, 8, 5, 5, 5, 5, 5]
5.3
[5, 5, 5, 5, 8, 5, 5, 5, 5, 5]
5.3
[5, 5, 5, 5, 8, 5, 5, 5, 5, 5]
5.3
blood.tex saved.
Processing results for normal_2_class
[2, 2, 2, 2, 2, 2, 2, 2, 2, 2]
2.0
[2, 2, 2, 2, 2, 2, 2, 2, 2, 2]
2.0
[2, 2, 2, 2, 2, 2, 2, 2, 2, 2]
2.0
[2, 2, 2, 2, 2, 2, 2, 2, 2, 2]
2.0
[2, 2, 2, 2, 2, 2, 2, 2, 2, 2]
2.0
[2, 2, 2, 2, 2, 2, 2, 2, 2, 2]
2.0
[2, 2, 2, 2, 2, 2, 2, 2, 2, 2]
2.0
[2, 2, 2, 2, 2, 2, 2, 2, 2, 2]
2.0
[2, 2, 2, 2, 2, 2, 2, 2, 2, 2]
2.0
[2, 2, 2, 2, 2, 2, 2, 2, 2, 2]
2.0
[2, 2, 2, 2, 2, 2, 2, 2, 2, 2]
2.0
[2, 2, 2, 2, 2, 2, 2, 2, 2, 2]
2.0
[2, 2, 2, 2, 2, 2, 2, 2, 2, 2]
2.0
[2, 2, 2, 2, 2, 2, 2, 2, 2, 2]
2.0
[2, 2, 2, 2, 2, 2, 2, 2, 2, 2]
2.0
[2, 2, 2, 2, 2, 2, 2, 2, 2, 2]
2.0
[2, 2, 2, 2, 2, 2, 2, 2, 2, 2]
2.0
[2, 2, 2, 2, 2, 2, 2, 2, 2, 2]
2.0
[2, 2, 2, 2, 2, 2, 2, 2, 2, 2]
2.0
[2, 2, 2, 2, 2, 2, 2, 2, 2, 2]
2.0
[2, 2, 2, 2, 2, 2, 2, 2, 2, 2]
2.0
[2, 2, 2, 2, 2, 2, 2, 2, 2, 2]
2.0
[2, 2, 2, 2, 2, 2, 2, 2, 2, 2]
2.0
[2, 2, 2, 2, 2, 2, 2, 2, 2, 2]
2.0
[2, 2, 2, 2, 2, 2, 2, 2, 2, 2]
2.0
[2, 2, 2, 2, 2, 2, 2, 2, 2, 2]
2.0
[2, 2, 2, 2, 2, 2, 2, 2, 2, 2]
2.0
[2, 2, 2, 2, 2, 2, 2, 2, 2, 2]
2.0
[2, 2, 2, 2, 2, 2, 2, 2, 2, 2]
2.0
[2, 2, 2, 2, 2, 2, 2, 2, 2, 2]
2.0
[2, 2, 2, 2, 2, 2, 2, 2, 2, 2]
2.0
[2, 2, 2, 2, 2, 2, 2, 2, 2, 2]
2.0
[2, 2, 2, 2, 2, 2, 2, 2, 2, 2]
2.0
[2, 2, 2, 2, 2, 2, 2, 2, 2, 2]
2.0
[2, 2, 2, 2, 2, 2, 2, 2, 2, 2]
2.0
[2, 2, 2, 2, 2, 2, 2, 2, 2, 2]
2.0
[2, 2, 2, 2, 2, 2, 2, 2, 2, 2]
2.0
[2, 2, 2, 2, 2, 2, 2, 2, 2, 2]
2.0
[2, 2, 2, 2, 2, 2, 2, 2, 2, 2]
2.0
[2, 2, 2, 2, 2, 2, 2, 2, 2, 2]
2.0
normal_2_class.tex saved.
Processing results for normal_3_class
[3, 3, 3, 3, 3, 3, 3, 3, 3, 3]
3.0
[2, 2, 2, 2, 2, 2, 2, 2, 2, 2]
2.0
[2, 2, 2, 2, 2, 2, 2, 2, 2, 2]
2.0
[2, 2, 2, 2, 2, 2, 2, 2, 2, 2]
2.0
[3, 3, 3, 3, 3, 3, 3, 3, 3, 3]
3.0
[3, 3, 3, 3, 3, 3, 3, 3, 3, 3]
3.0
[3, 3, 3, 3, 3, 3, 3, 3, 3, 3]
3.0
[3, 3, 3, 3, 3, 3, 3, 3, 3, 3]
3.0
[3, 3, 3, 3, 3, 3, 3, 3, 3, 3]
3.0
[3, 3, 3, 3, 3, 3, 3, 3, 3, 3]
3.0
[2, 2, 2, 2, 2, 2, 2, 2, 2, 2]
2.0
[2, 2, 2, 2, 2, 2, 2, 2, 2, 2]
2.0
[2, 2, 2, 2, 2, 2, 2, 2, 2, 2]
2.0
[2, 2, 2, 2, 2, 2, 2, 2, 2, 2]
2.0
[2, 2, 2, 2, 2, 2, 2, 2, 2, 2]
2.0
[2, 2, 2, 2, 2, 2, 2, 2, 2, 2]
2.0
[2, 2, 2, 2, 2, 2, 2, 2, 2, 2]
2.0
[2, 2, 2, 2, 2, 2, 2, 2, 2, 2]
2.0
[2, 2, 2, 2, 2, 2, 2, 2, 2, 2]
2.0
[2, 2, 2, 2, 2, 2, 2, 2, 2, 2]
2.0
[2, 2, 2, 2, 2, 2, 2, 2, 2, 2]
2.0
[2, 2, 2, 2, 2, 2, 2, 2, 2, 2]
2.0
[2, 2, 2, 2, 2, 2, 2, 2, 2, 2]
2.0
[2, 2, 2, 2, 2, 2, 2, 2, 2, 2]
2.0
[2, 2, 2, 2, 2, 2, 2, 2, 2, 2]
2.0
[2, 2, 2, 2, 2, 2, 2, 2, 2, 2]
2.0
[2, 2, 2, 2, 2, 2, 2, 2, 2, 2]
2.0
[2, 2, 2, 2, 2, 2, 2, 2, 2, 2]
2.0
[2, 2, 2, 2, 2, 2, 2, 2, 2, 2]
2.0
[2, 2, 2, 2, 2, 2, 2, 2, 2, 2]
2.0
[2, 2, 2, 2, 2, 2, 2, 2, 2, 2]
2.0
[2, 2, 2, 2, 2, 2, 2, 2, 2, 2]
2.0
[2, 2, 2, 2, 2, 2, 2, 2, 2, 2]
2.0
[2, 2, 2, 2, 2, 2, 2, 2, 2, 2]
2.0
[2, 2, 2, 2, 2, 2, 2, 2, 2, 2]
2.0
[2, 2, 2, 2, 2, 2, 2, 2, 2, 2]
2.0
[2, 2, 2, 2, 2, 2, 2, 2, 2, 2]
2.0
[2, 2, 2, 2, 2, 2, 2, 2, 2, 2]
2.0
[2, 2, 2, 2, 2, 2, 2, 2, 2, 2]
2.0
[2, 2, 2, 2, 2, 2, 2, 2, 2, 2]
2.0
normal_3_class.tex saved.
Processing results for electricity
[2, 2, 2, 2, 2, 2, 1, 2, 2, 1]
1.8
[2, 2, 2, 2, 2, 2, 2, 2, 2, 2]
2.0
[2, 2, 2, 2, 2, 2, 2, 2, 2, 2]
2.0
[1, 1, 1, 1, 1, 1, 1, 2, 1, 1]
1.1
[2, 2, 2, 2, 2, 2, 1, 2, 2, 1]
1.8
[2, 2, 2, 2, 2, 2, 1, 2, 2, 1]
1.8
[2, 2, 2, 2, 2, 2, 1, 2, 2, 1]
1.8
[2, 2, 2, 2, 2, 2, 1, 2, 2, 1]
1.8
[2, 2, 2, 2, 2, 2, 1, 2, 2, 1]
1.8
[2, 2, 2, 2, 2, 2, 1, 2, 2, 1]
1.8
[2, 2, 2, 2, 2, 2, 2, 2, 2, 2]
2.0
[2, 2, 2, 2, 2, 2, 2, 2, 2, 2]
2.0
[2, 2, 2, 2, 2, 2, 2, 2, 2, 2]
2.0
[2, 2, 2, 2, 2, 2, 2, 2, 2, 2]
2.0
[1, 1, 1, 1, 1, 1, 1, 2, 1, 1]
1.1
[1, 1, 1, 1, 1, 1, 1, 2, 1, 1]
1.1
[2, 2, 2, 2, 2, 2, 2, 2, 2, 2]
2.0
[2, 2, 2, 2, 2, 2, 2, 2, 2, 2]
2.0
[2, 2, 2, 2, 2, 2, 2, 2, 2, 2]
2.0
[2, 2, 2, 2, 2, 2, 2, 2, 2, 2]
2.0
[1, 1, 1, 1, 1, 1, 1, 2, 1, 1]
1.1
[1, 1, 1, 1, 1, 1, 1, 2, 1, 1]
1.1
[2, 2, 2, 2, 2, 2, 2, 2, 2, 2]
2.0
[2, 2, 2, 2, 2, 2, 2, 2, 2, 2]
2.0
[2, 2, 2, 2, 2, 2, 2, 2, 2, 2]
2.0
[2, 2, 2, 2, 2, 2, 2, 2, 2, 2]
2.0
[1, 1, 1, 1, 1, 1, 1, 2, 1, 1]
1.1
[1, 1, 1, 1, 1, 1, 1, 2, 1, 1]
1.1
[2, 2, 2, 2, 2, 2, 2, 2, 2, 2]
2.0
[2, 2, 2, 2, 2, 2, 2, 2, 2, 2]
2.0
[2, 2, 2, 2, 2, 2, 2, 2, 2, 2]
2.0
[2, 2, 2, 2, 2, 2, 2, 2, 2, 2]
2.0
[2, 2, 2, 2, 2, 2, 2, 2, 2, 2]
2.0
[2, 2, 2, 2, 2, 2, 2, 2, 2, 2]
2.0
[2, 2, 2, 2, 2, 2, 2, 2, 2, 2]
2.0
[2, 2, 2, 2, 2, 2, 2, 2, 2, 2]
2.0
[1, 1, 1, 1, 1, 1, 1, 2, 1, 1]
1.1
[1, 1, 1, 1, 1, 1, 1, 2, 1, 1]
1.1
[1, 1, 1, 1, 1, 1, 1, 2, 1, 1]
1.1
[1, 1, 1, 1, 1, 1, 1, 2, 1, 1]
1.1
electricity.tex saved.
Processing results for elipses
[3, 3, 3, 3, 3, 3, 3, 3, 3, 3]
3.0
[2, 2, 2, 2, 2, 2, 2, 2, 2, 2]
2.0
[2, 2, 2, 2, 2, 2, 2, 2, 2, 2]
2.0
[2, 2, 2, 2, 2, 2, 2, 2, 2, 2]
2.0
[3, 3, 3, 3, 3, 3, 3, 3, 3, 3]
3.0
[3, 3, 3, 3, 3, 3, 3, 3, 3, 3]
3.0
[3, 3, 3, 3, 3, 3, 3, 3, 3, 3]
3.0
[3, 3, 3, 3, 3, 3, 3, 3, 3, 3]
3.0
[3, 3, 3, 3, 3, 3, 3, 3, 3, 3]
3.0
[3, 3, 3, 3, 3, 3, 3, 3, 3, 3]
3.0
[2, 2, 2, 2, 2, 2, 2, 2, 2, 2]
2.0
[2, 2, 2, 2, 2, 2, 2, 2, 2, 2]
2.0
[2, 2, 2, 2, 2, 2, 2, 2, 2, 2]
2.0
[2, 2, 2, 2, 2, 2, 2, 2, 2, 2]
2.0
[2, 2, 2, 2, 2, 2, 2, 2, 2, 2]
2.0
[2, 2, 2, 2, 2, 2, 2, 2, 2, 2]
2.0
[2, 2, 2, 2, 2, 2, 2, 2, 2, 2]
2.0
[2, 2, 2, 2, 2, 2, 2, 2, 2, 2]
2.0
[2, 2, 2, 2, 2, 2, 2, 2, 2, 2]
2.0
[2, 2, 2, 2, 2, 2, 2, 2, 2, 2]
2.0
[2, 2, 2, 2, 2, 2, 2, 2, 2, 2]
2.0
[2, 2, 2, 2, 2, 2, 2, 2, 2, 2]
2.0
[2, 2, 2, 2, 2, 2, 2, 2, 2, 2]
2.0
[2, 8, 11, 8, 6, 9, 9, 6, 9, 6]
7.4
[8, 8, 11, 9, 6, 9, 9, 6, 9, 6]
8.1
[8, 8, 11, 8, 6, 9, 9, 6, 9, 6]
8.0
[8, 8, 11, 8, 6, 9, 9, 6, 9, 6]
8.0
[8, 8, 11, 9, 6, 9, 9, 6, 9, 6]
8.1
[2, 2, 2, 2, 2, 2, 2, 2, 2, 2]
2.0
[2, 2, 2, 2, 2, 2, 2, 2, 2, 2]
2.0
[2, 2, 2, 2, 2, 2, 2, 2, 2, 2]
2.0
[2, 2, 2, 2, 2, 2, 2, 2, 2, 2]
2.0
[2, 2, 2, 2, 2, 2, 2, 2, 2, 2]
2.0
[2, 2, 2, 2, 2, 2, 2, 2, 2, 2]
2.0
[2, 2, 2, 2, 2, 2, 2, 2, 2, 2]
2.0
[2, 2, 2, 2, 2, 2, 2, 2, 2, 2]
2.0
[2, 2, 2, 2, 2, 2, 2, 2, 2, 2]
2.0
[2, 2, 2, 2, 2, 2, 2, 2, 2, 2]
2.0
[2, 2, 2, 2, 2, 2, 2, 2, 2, 2]
2.0
[2, 2, 2, 2, 2, 2, 2, 2, 2, 2]
2.0
elipses.tex saved.
Processing results for rectangles
[2, 2, 2, 2, 2, 2, 2, 2, 2, 2]
2.0
[2, 2, 2, 2, 2, 2, 2, 2, 2, 2]
2.0
[2, 2, 2, 2, 2, 2, 2, 2, 2, 2]
2.0
[2, 2, 2, 2, 2, 2, 2, 2, 2, 2]
2.0
[2, 2, 2, 2, 2, 2, 2, 2, 2, 2]
2.0
[2, 2, 2, 2, 2, 2, 2, 2, 2, 2]
2.0
[2, 2, 2, 2, 2, 2, 2, 2, 2, 2]
2.0
[2, 2, 2, 2, 2, 2, 2, 2, 2, 2]
2.0
[2, 2, 2, 2, 2, 2, 2, 2, 2, 2]
2.0
[2, 2, 2, 2, 2, 2, 2, 2, 2, 2]
2.0
[2, 2, 2, 2, 2, 2, 2, 2, 2, 2]
2.0
[2, 2, 2, 2, 2, 2, 2, 2, 2, 2]
2.0
[2, 2, 2, 2, 2, 2, 2, 2, 2, 2]
2.0
[2, 2, 2, 2, 2, 2, 2, 2, 2, 2]
2.0
[2, 2, 2, 2, 2, 2, 2, 2, 2, 2]
2.0
[2, 2, 2, 2, 2, 2, 2, 2, 2, 2]
2.0
[2, 2, 2, 2, 2, 2, 2, 2, 2, 2]
2.0
[2, 2, 2, 2, 2, 2, 2, 2, 2, 2]
2.0
[2, 2, 2, 2, 2, 2, 2, 2, 2, 2]
2.0
[2, 2, 2, 2, 2, 2, 2, 2, 2, 2]
2.0
[2, 2, 2, 2, 2, 2, 2, 2, 2, 2]
2.0
[2, 2, 2, 2, 2, 2, 2, 2, 2, 2]
2.0
[2, 2, 2, 2, 2, 2, 2, 2, 2, 2]
2.0
[2, 2, 2, 2, 2, 2, 2, 2, 2, 2]
2.0
[2, 2, 2, 2, 2, 2, 2, 2, 2, 2]
2.0
[2, 2, 2, 2, 2, 2, 2, 2, 2, 2]
2.0
[2, 2, 2, 2, 2, 2, 2, 2, 2, 2]
2.0
[2, 2, 2, 2, 2, 2, 2, 2, 2, 2]
2.0
[2, 2, 2, 2, 2, 2, 2, 2, 2, 2]
2.0
[2, 2, 2, 2, 2, 2, 2, 2, 2, 2]
2.0
[2, 2, 2, 2, 2, 2, 2, 2, 2, 2]
2.0
[2, 2, 2, 2, 2, 2, 2, 2, 2, 2]
2.0
[2, 2, 2, 2, 2, 2, 2, 2, 2, 2]
2.0
[2, 2, 2, 2, 2, 2, 2, 2, 2, 2]
2.0
[2, 2, 2, 2, 2, 2, 2, 2, 2, 2]
2.0
[2, 2, 2, 2, 2, 2, 2, 2, 2, 2]
2.0
[2, 2, 2, 2, 2, 2, 2, 2, 2, 2]
2.0
[2, 2, 2, 2, 2, 2, 2, 2, 2, 2]
2.0
[2, 2, 2, 2, 2, 2, 2, 2, 2, 2]
2.0
[2, 2, 2, 2, 2, 2, 2, 2, 2, 2]
2.0
rectangles.tex saved.
Processing results for german_credit
[2, 2, 2, 2, 2, 2, 2, 2, 2, 2]
2.0
[2, 2, 2, 2, 2, 2, 2, 2, 2, 2]
2.0
[2, 2, 2, 2, 2, 2, 2, 2, 2, 2]
2.0
[2, 2, 2, 2, 1, 2, 1, 2, 2, 1]
1.7
[2, 2, 2, 2, 2, 2, 2, 2, 2, 2]
2.0
[2, 2, 2, 2, 2, 2, 2, 2, 2, 2]
2.0
[2, 2, 2, 2, 2, 2, 2, 2, 2, 2]
2.0
[2, 2, 2, 2, 2, 2, 2, 2, 2, 2]
2.0
[2, 2, 2, 2, 2, 2, 2, 2, 2, 2]
2.0
[2, 2, 2, 2, 2, 2, 2, 2, 2, 2]
2.0
[2, 2, 2, 2, 2, 2, 2, 2, 2, 2]
2.0
[2, 2, 2, 2, 2, 2, 2, 2, 2, 2]
2.0
[2, 2, 2, 2, 2, 2, 2, 2, 2, 2]
2.0
[2, 2, 2, 2, 2, 2, 2, 2, 2, 2]
2.0
[2, 2, 2, 2, 1, 2, 1, 2, 2, 1]
1.7
[2, 2, 2, 2, 1, 2, 1, 2, 2, 1]
1.7
[2, 2, 2, 2, 2, 2, 2, 2, 2, 2]
2.0
[2, 2, 2, 2, 2, 2, 2, 2, 2, 2]
2.0
[2, 2, 2, 2, 2, 2, 2, 2, 2, 2]
2.0
[2, 2, 2, 2, 2, 2, 2, 2, 2, 2]
2.0
[2, 2, 2, 2, 1, 2, 1, 2, 2, 1]
1.7
[2, 2, 2, 2, 1, 2, 1, 2, 2, 1]
1.7
[3, 3, 4, 3, 3, 3, 3, 3, 4, 3]
3.2
[2, 2, 2, 2, 2, 2, 2, 2, 2, 2]
2.0
[2, 2, 2, 2, 2, 2, 2, 2, 2, 2]
2.0
[2, 2, 2, 2, 2, 5, 2, 2, 2, 2]
2.3
[2, 2, 2, 2, 2, 2, 2, 2, 2, 2]
2.0
[2, 2, 2, 2, 2, 2, 2, 2, 2, 2]
2.0
[2, 2, 2, 2, 2, 2, 2, 2, 2, 2]
2.0
[2, 2, 2, 2, 2, 2, 2, 2, 2, 2]
2.0
[2, 2, 2, 2, 2, 2, 2, 2, 2, 2]
2.0
[2, 2, 2, 2, 2, 2, 2, 2, 2, 2]
2.0
[2, 2, 2, 2, 2, 2, 2, 2, 2, 2]
2.0
[2, 2, 2, 2, 2, 2, 2, 2, 2, 2]
2.0
[2, 2, 2, 2, 2, 2, 2, 2, 2, 2]
2.0
[2, 2, 2, 2, 2, 2, 2, 2, 2, 2]
2.0
[2, 2, 2, 2, 1, 2, 1, 2, 2, 1]
1.7
[2, 2, 2, 2, 1, 2, 1, 2, 2, 1]
1.7
[2, 2, 2, 2, 1, 2, 1, 2, 2, 1]
1.7
