Clustering algorithm selected: kmeans++
=====================================

Clustering evaluation metric: dbc
Clustering evaluation value: 0.4764370437047693

========== Cluster 0 ==========

Base classifier: LogisticRegression()

Minority Class: 1

Selected Features: [32 34 37  3 33 17 22 23 15 25 29  2 31 11 36  1 13  5  0 19 20 24 10 26
  4 27 35  7 16 30 28  9  6  8]

Labels: [1 0 1 0 1 0 0 1 0 0 0 0 0 1 0 1 1 0 0 1 0 0 0 0 0 1 0 0 0 1 0 0 1 0 0 0 1
 1 0 0 1 0 0 1 1 0 0 1 0 1 0 1 0 1 0 1 1 1 1 1 1 1 1 1 1 0 0 0 0 0 0 0 1 0
 0 1 0 0 1 1 0 0 0 0 0 1 0 1 0 0 1 1 1 1 0 0 1 1 1 1 1 1 1 1 0 0 0 1 1 0 1
 1 0 1 0 0 1 0 1 0 1 0 0 1 0 1 0 0 0 0 1 1 1 0 0 0 1 0 0 1 0 1 0 0 0 1 1 1
 0 0 0 1 1 0 1 0 1 1 1 1 1 0 1 1 0 0 1 1 1 0 0 0 1 1 0 0 1 0 1 0 1 0 0 0 0
 1 0 0 0 0 0 1 0 1 1 0 0 0 0 1 0 0 0 0 0 1 1 0 1 0 1 1 0 0 0 0 1 1 1 1 1 0
 1 0 0 0 0 1 1 0 1 1 0 0 1 1 0 0 1 1 0 1 1 0 1 0 0 1 1 0 1 0]

========== Cluster 1 ==========

Base classifier: SVC(probability=True)

Minority Class: 1

Selected Features: [32 34 33 37  9  2 19 36 27 22 10 18 16 17 14 13 11 23  3 28 24 21  1  4
  5 25  7 35  6 12  8 31 30 15]

Labels: [1 1 0 1 0 1 1 0 1 0 0 1 0 0 0 0 0 0 0 0 0 0 0 0 0 1 0 0 0 0 1 0 1 0 0 1 1
 0 0 1 1 1 1 0 0 0 0 0 0 1 0 1 1 0 1 1 1 1 0 0 1 0 0 0 0 1 1 1 1 1 1 1 1 0
 0 0 0 0 0 0 0 0 0 0 0 0 0 0 0 0 0 1 0 0 1 0 0 1 0 1 0 1 0 1 0 1 1 0 0 0 0
 1 1 0 0 0 1 0 1 0 0 1 0 1 0 0 0 1 1 1 0 0 0 1 0 0 0 1 0 1 0 1 0 0 1 0 0 0
 0 0 1 0 1 0 0 1 1 1 1 1 0 1 1 0 1 1 1 0 0 0 0 1 1 1 1 0 0 0 0 1 0 0 1 0 0
 1 0 1 0 1 0 0 0 0 0 0 1 0 1 0 0 0 0 1 1 1 0 0 0 0 0 0 0 0 0 0 1 1 1 0 0 1
 0 0 1 1 0 0 1 1 1 0 0 0 1 0 1 1 0 0 1 1 0 0 1 1 1 1 1 0 1 1 0 0 0 1 1 1 0
 1 1 1 0 0 1 1 0 1 1 0 1 0 0 1 0 1 0 1 1 0 0 1 1 0 1 1 1 1 0 1 1 1 0 0 1 0
 1 0 1 0 0 1 0 0 0 1 1 0 0 1 1 1 1 0 1 0 0 0 0 1 1 0 0 0 1 0 1 1 0 0 1 1 0
 0 0 0 0 0 1 1 0 1 1 0 1 1 0 1 0 0 1 0 0 0 1 0 1 1 1 0 0 1 1 1 1 0 0 1 1]

