Clustering algorithm selected: kmeans
=====================================

Clustering evaluation metric: dbc_ss
Clustering evaluation value: 0.30996785755268363

========== Cluster 0 ==========

Base classifier: LogisticRegression()

Minority Class: 1

Selected Features: [ 0  1  2  3  4  5  6  7  8  9 10 11 12 13 14 15 16 17 18 19 20 21 22 23
 24 25 26 27 28 29 30 31 32 33 34 35 36 37]

Labels: [1 1 1 0 0 1 1 1 1 1 1 1 1 1 1 1 1 1 1 1 0 0 0 0 0 1 0 0 1 1 1 1 1 0 0 1 0
 1 0 0 1 0 1 0 1 0 0 0 0 1 0 1 1 1 1 1 1 0 0 0 0 0 1 0 0 0 1 1 1 1 1 1 0 1
 1 0 0 0 0 1 1 1 0 0 1 1 1 0 1 0 1 1 0 0 0 1 1 1 0 1 0 1 1 0 1 0 1 0 1 1 1
 0 0 0 0 0 0 0 1 0 1 0 1 0 1 0 0 1 1 1 1 1 0 0 1 0 0 0 1 0 1 1 1 1 1 1 0 1
 0 1 0 0 0 0 0 0 1 0 0 0 0 1 0 1 1 1 1 0 0 1 0 0 1 1 1 0 0 0 1 1 0 1 0 1 1
 0 0 1 1 1 1 0 0 1 1 0 0 1 0 1 1 0 0 1 0 1 0 1 0 1 1 1 0 1 1 0 1 0 1 0 0 0
 1 0 1 1 1 0 0 0 0 0 1 0 0 0 0 0 0 1 0 0 1 0 1 1 1 0 0 1 1 1 1 0 0 0 1 1 0
 0 1 1 1 0 1 0 1 0 0 0 1 0 1 1 0 0 0 1 0 1 1 0 0 0 0 1 1 1 1 1 1 1 1 1 1 0
 1 0 1 1 1 0 0 1 1 1 0 1 0 0 0 1 0 0 0 1 1 0 0 0 0 1 0 0 1 1 0 1 1 1 0 0 0
 0 1 0 1 1 1 0 1 1 0 1 0 0 0 0 1 0 0 1 0 0 0 1 1 1 0 1 1 1 0 0 0 0 1 1 1 0
 0 0 1 0 0 1 0 1 0 0 1 1 0 1 1 0 0 1 1 1 1 1 0 1 0 0 1 0 0 0 1 0 1 1 1 1 0
 0 0 0 0 0 0 1 1 0 0 1 1 1 0 0 1 0 0 0 1 0 0 0 1 1 0 0 0 1 0 0 1 1 1 0 1 0
 1 1 0 0 1 1 1 0 1 0 0 0 0 0 1 0 1 0 0 1 0 1 0 1 1 0]

Synthetic samples indexes: [ 49 189 272 414 431]

========== Cluster 1 ==========

Base classifier: SVC(probability=True)

Minority Class: 1

Selected Features: [ 0  1  2  3  4  5  6  7  8  9 10 11 12 13 14 15 16 17 18 19 20 21 22 23
 24 25 26 27 28 29 30 31 32 33 34 35 36 37]

Labels: [0 0 1 0 0 0 0 1 0 1 1 1 0 1 1 0 0 1 0 0 1 1 1 1 0 1 1 1 0 1 0 0 1 1 0 1 1
 0 0 1 1 1 1 0 1 0 0 1 0 1 1 1 1 0 1 0 0 1 0 0 0 1 1 0 0 1 1 1 0 1 1 1 0 1
 0 0 0 0 1 0 1 0 1 1 1 1 0 1 0 0 1 1 0 0 1 0 0 1 1 0 1 1 1 1 1 1 0 0 0 0 1
 0 1 1 0 1 1 1 1 1 0 1 1 1 0 0 1 0 1 0 0 1 0 0 1 0 1 0 1 0 0 0 1 1 0 1 0 0
 0 1 0 0 0 0 1 1 1 0 1 1 1 0 0 0 1 0 0 1 0 1 1 1 0 1 0 0 0 1 0 1 0 0 0 0 0
 1 0 0 1 0 0 1 1 1 1 0 1 0 0 1 0 0 0 1 1 1 0 0 0 0 1 0 0 1 1 1 1 0 0 0]

Synthetic samples indexes: [  2  17  20  23  25  26  29  36  39  47  49  50  51  52  54  61  62  65
  66  67  69  70  71  73  83  84  85  90  91  97  98 100 101 102 103 105
 110 113 116 117 119 121 126 131 134 145 154 159 164 169 170 171 173 179
 185 191 192 193 196 199 204 205 215 216]

