Clustering algorithm selected: kmeans++
=====================================

Clustering evaluation metric: dbc_ss
Clustering evaluation value: 0.2672579768121278

========== Cluster 0 ==========

Base classifier: SVC(probability=True)

Minority Class: 1

Selected Features: [214 216   3   8 215   0 201 217   4 152 219 146 224 113 153  31 134 136
 120   6 145 167 142 138 162 168 140 223  90  36   7 210 209 143 137  18
 187   1 221 141 158 176 128 222 191 188 183  43  74 160  29 189  19  25
  11 213 202 208 163 104 159  82 119  12  65 147  79 112 157 151 161 131
 121  41 111  48  66 169 212  13 220  38  53 200 129 205  63 166 150  20
 101 118  88  93  22 171 155  17  28  46  56 204  33  87 156 144 197 185
  86 218  73 135  14  69 125 139  98 170  32  49 165   9  35 177  89  77
  26 149  10  34  58 184   5  85 116 127 198  95   2 181 178 179 186 190]

Labels: [0 1 1 0 1 0 0 0 0 1 1 1 1 1 1 0 1 1 0 1 1 0 0 1 0 1 1 0 1 1 1 1 0 1 1 0 1
 1 1 0 0 0 0 0 1 1 0 0 1 0 0 0 0 1 0 0 1 0 0 0 0 1 0 1 0 0 0 0 0 1 1 1 0 0
 1 0 0 0 0 0 1 0 1 1 1 0 1 1 0 1 1 0 0 0 1 1 0 1 1 0 0 1 1 0 1 0 1 1 1 0 0
 1 0 0 1 1 0 1 0 0 1 0 0 1 1 1 1 1 0 1 1 1 1 1 1 1 0 1 1 1 1 0 0 1 1 0 0 1
 1 1 1 0 1 0 1 0 1 1 0 1 0 0 1 1 0 0 0 1 0 0 1 1 1 0 1 1 1 1 1 0 1 1 0 1 1
 1 0 1 1 0 1 0 1 0 1 1 1 1 1 0 0 0 0 1 1 0 1 0 1 0 1 1 1 0 1 1 0 0 1 0 1 1
 1 0 1 1 1 0 1 0 0 1 1 1 1 1 0 1 1 0 1 0 1 0 1 0 0 0 1 1 1 0 1 0 1 0 1 1 0
 0 0 1 0 1 1 0 1 1 1 0 1 0 1 0 1 1 0 1 0 0 1 1 1 0 0 0 0 0 0 0 0 0 0 0 1 0
 1 0 0 0 1 1 1 0 0 1 1 0 0 0 1 0 1 0 0 0 0 1 1 0 1 0 0 0 0 0 1 1 0 1 1 0 0
 0 0 1 0 1 0 0 1 1 1 1 1 1 1 1 1 1 1 1 0 1 1 0 1 0 1 0 0 0 0 1 0 1 0 0 1 0
 0 0 0 0 0 1 0 0 1 0 0 0 1 0 1 0 1 1 0 0 0 1 0 1 1 1 1 1 0 0 1 0 1 0 0 1 1
 0 0 0 0 0 0 0 1 1 1 1 0 1 0 0 1 1 1 1 0 1 0 1 0 0 0 1 1 0 1 0 0 1 1 0 0 0
 0 1 0 0 0 0 0 0 0 1 1 0 0 0 0 0 1 0 1 1 1 0 1 0 0 1 0 1 0 1 0 1 0 1 1 1 1
 0 1 1 0 0 0 1 0 1 0 1 0 1 1 0 0 0 0 0 0 0 0 0 1 1 0 1 0 1 0 1 1 0 1 0 1 0
 0 1]

Synthetic samples indexes: [  2   4   9  10  11  12  13  14  16  23  31  33  34  36  38  45  53  69
  74  82  83  84  86  89  90  94  95  97  98 101 102 104 108 111 114 117
 123 124 126 130 131 132 133 134 135 137 139 143 144 147 148 149 150 152
 156 157 163 170 171 172 174 175 176 177 178 180 181 183 185 187 190 192
 194 195 197 198 203 206 208 210 212 214 220 221 224 225 228 231 232 235
 238 240 244 248 249 250 252 254 256 257 261 264 266 268 272 275 280 281
 294 305 306 312 318 320 327 335 337 340 342 343 344 345 346 348 350 354
 356 358 365 368 375 378 382 384 386 394 395 397 400 405 406 417 419 422
 423 425 427 429 433 434 436 439 440 445 453 454 464 466 473 475 479 480
 482 483 487 489 491 493 494 504 505 509 512 514 516]

========== Cluster 1 ==========

Base classifier: SVC(probability=True)

Minority Class: 1

Selected Features: [214 216   3 215   0 222 140 208  21 143 183 219 217  15 165 153 121 194
 137 138 136 201  77  61 150 125  63 224   6 156 205   2 145  22 197  19
  91  36 151  88   1 173 204 144  11  78 120 123  24  45  57  46 146 105
 218 202  40  30  84 220 168  58  20  43 181   8  96 111 148 191 127  67
 157  41 114 110 213  71  99  92  31  69  39 118 154 189  16 133 119 122
 200  47 109  17 126  85 108 135 116   9  48 163  37  97 100 192  49 131
 160 161   5 207  23 176 130  56  86  81  82  26  13 172 196  95 162 206
  90 211  32  59  35  72  89 210 142 139 212]

Labels: [0 1 0 0 0 1 1 1 1 1 0 1 0 0 1 1 1 0 1 0 0 1 1 1 1 1 0 0 1 1 1 1 1 0 0 1 0
 1 0 0 1 0 1 0 1 0 1 0 0 1 0 0 0 0 0 1 1 1 0 0 1 0 0 0 0 0 1 0 1 1 1 1 0 1
 1 1 1 0 1 1 0 1 0 0 1 0 0 0 1 1 0 1 0 0 0 0 1 1 1 0 1 0 1 1 1 1 0 0 0 0 1
 0 0 0 1 0 0 0 0 1 0 0 1 1 1 0 1 1 1 0 0 0 0 0 1 0 0 1 1 0 0 1 0 1 1 1 1 0
 1 1 0 0 0 0 0 0 0 0 1 1 1 1 1 1 0 1 1 1 1 0 0 0 0 1 1 1 1 0 0 0 0 1 0 0 0
 1 0 1 1 0 0 0 1 0 0 0 1 1 0 1 0 0 0 0 0 1 1 0 0 0 1 1 1 1 0 1 0 1 0 0 1 1
 0 1 1 1 1 0 0 1 0 1 0 0 0 1 0 0 0 1 0 0 1 0 1 1 0 0 1 1 0 0 1 1 1 0 0 1 0
 0 1 1 0 0 1 0 1 1 1 1 1 0 0 0 0 0 0 0 0 1 0 1 0 1 1 1 1 1 0 1 1 0 1 1 0 0
 1 0 1 1 1 1 0 1 1 0 0 0 0 0 0 1 1 0 0 1 1 0 1 1 0 0 1 1 1 0 1 0 0 1 0 0 0
 1 1 1 0 1 1 1 1 0 0 1 1 0 1 1 0 0 1 0 0 0 1 0 0 1 0 1 0 1 0 1 0 1 0 0 0 0
 0 0 0 1 1 0 0 0 0 1 0 1 1 0 1 1 0 0 1 0 0 1 0 1 1 0 1 0 1 0 1 0 1 0 0 0 1
 0 0 0 1 0 0 1 0 0 1 1 0 0 0 1 0 0 0 0 1 0 1 1 1 1 0 0 0 0 1 0 0 1 0 1 1 0
 1 0 1 1 0 1 1 0 1 0 0 1 1 1 0 0 1 0 1 1 0 0 0 1 1 0 1 0 1 1 1 1 1 1 0 0 0
 0 0 0 0 0 1 0 0 0 0 0 0 1 0 0 1 0 0 1 0 1 1 0 1 0 1 0 1 1 1 1 1 0 0 1 1 1
 1 0 1 0 1 0 1 1 0 1 0 1 0 0 0 0 1 1 1 1 0 0 1 1 1 0 1 0 0 1 0 1 0 1 0 1 1
 1 1 1 0 1 0 0 0 1 1 0 0 0 1 1 1 1 0 1 0 1 1 0 1 0 0 0 1 1 0 0 1 1 0 0 0 0
 1 0 1 1 1 0 1 1 0 0 1 0 0 1 0 1 0 1 1 1 1 0 0 1 0 1 1 0 1 1 1 1 0 1 0 1 1
 0 1 0 0 0 1 0 1 1 1 0 0 1 0 0 1 1 0 0 1 1 0 1 1 0 1 0 1 0 1 1 1 1 1 0 0 0
 1 1 1 0 1 1 1 1 0 0 0 1 1 1 1 1 1 0 1 0 0 1 1 1 0 1 0 1 0 0 1 1 0 0 0 0 0
 1 0 1 0 1 0 0 0 0 1 1 1 0 1 1 0 0 0 1 1 1 0 1 1 1 1 1 1 1 1 1 0 0 1 1 0 1]

Synthetic samples indexes: [  1   6   7   9  11  15  16  30  40  42  46  49  55  56  70  71  74  75
  76  78  79  84  89  97  98 102 104 114 119 122 128 143 144 146 158 160
 161 162 167 168 174 176 197 199 206 213 215 217 220 221 223 226 231 235
 239 242 248 252 254 261 264 268 281 283 287 292 293 296 299 303 304 311
 315 316 318 323 324 326 333 335 337 339 343 344 346 363 365 374 381 382
 384 393 394 398 400 402 406 410 413 417 421 426 429 431 436 439 442 444
 446 450 452 455 457 462 467 470 473 476 477 486 493 499 502 506 510 512
 515 516 517 518 534 535 537 544 547 549 551 555 559 563 564 569 573 595
 596 598 599 607 609 612 617 618 630 641 651 654 656 658 659 662 666 667
 668 677 680 681 682 684 687 688 693 696 697 703 707 714 716 721 723 726
 727 729 731 732 736]

