Clustering algorithm selected: fcm
=====================================

Clustering evaluation metric: dbc
Clustering evaluation value: 0.2009678037144364

========== Cluster 0 ==========

Base classifier: GaussianNB()

Selected Features: [3 1 0 8 2]

Labels: [1 0 1 0 2 1 2 0 1 0 1 0 0 1 0 1 2 2 0 0 2 1 0 1 0 2 0 0 0 0 1 0 1 2 1 0 2
 0 0 0 0 0 1 0 1 1 0 0 0 2 1 0 0 0 0 0 2 2 1 1 0 0 1 2 0 0 2 1 0 2 0 0 0 2
 2 1 1 0 1 2 0 0 1 0 1 0 0 0 0 2 2 2 1 0 1 0 0 2 1 2 2 1 0 0 1 2 2 2 2 0 2
 2 2 1 2 2 1 2 0 2 2 1 0 2 2 0 1 0 2 1 1 2 2 1 1 0 2 2 0 1 0 2 2 0 2 0 2 1
 1 1 2 1 2 2 0 2 2 1 1 0 2 1 2 0 0 2 0 0 2 0 2 2 0 2 0 0 2 1 1 1 1 2 1 0 2
 2 2 0 1 0 0 2 0 0 2 0 0 2 0 0 1 2 0 1 1 0 2 0 0 1 0 1 0 0 0 2 2 2 1 1 0 2
 1 2 2 0 1 2 0 2 0 1 1 0 1 1 1 1 2 0 2 1 1 1 1 2 1 1 2 2 2 0 0 2 1 0 0 2 1
 0 2 0 2 2 1 1 2 2 0 0 0 2 2 0 1 2 0 2 0 0 0 0 0 2 2 2 2 0 0 0 2 0 0 2 0 0
 2 1 1 0 0 0 0 0 0 0 1 0 0 0 1 1 0 0 2 0 0 0 0 2 0 0 2 0 0 2 2 0 1 2 1 2 0
 2 2 0 0 0 0 0 2 1 0 2 0 1 0 0 1 0 0 2 2 2 1 0 2 1 2 0 0 2 2 1 0 1 1 0 0 2
 1 2 2 2 2 0 0 0 0 2 0 1 2 1 0 0 2 2 0 2 0 0 2 1 1 2 2 2 2 0 0 2 0 0 0 2 1
 0 2 2 0 1 1 0 2 0 1 0 1 0 0 1 0 0 0 1 2 0 2 0 0 0 2 0 2 1 1 1 2 2 2 1 0 2
 0 1 2 0 2 2 2 0 0 0 2 2 2 0 0 1 2 2 2 0 1 1 0 0 0 0 2 2 1 1 1 0 2 2 0 2 1
 0 2 2 2 0 2 2 0 0 2 0 2 1 0 1 0 2 2 1 0 2 0 2 2 2 1 0 0 2 2 1 2 0 2 0 1 1
 1 1 2 2 2 0 1 2 0 1 2 1 0 1 2 0 2 1 0 0 0 2 0 0 2 2 1 0 1 2 2 2 1 0 2 1 0
 1 0 2 2 0 0 0 2 0 2 0 2 2 0 1 0 1 0 2 1 0 2 1 0 2 1 2 1 1 2 1 0 2 1 0 2 0
 0 1 2 2 2 0 0 2 2 2 0 1 0 2 0 0 0 0 0 0 0 1 0 2 0 1 0 0 0 1 0 0 2 0 2 0 0
 1 2 0 2 2 0 0 0 0 0 2 2 2 2 0 0 0 2 0 0 2 1 2 2 2 2 1 2 0 2 1 2 1 0 2 2 2
 2 0 2 1 0 0 2 0]

========== Cluster 1 ==========

Base classifier: GaussianNB()

Selected Features: [1 3 2 5 0 6]

Labels: [2 0 0 1 0 0 2 0 2 2 2 0 0 1 0 0 2 1 2 2 2 0 1 0 0 2 1 2 1 0 2 2 2 0 0 0 1
 2 1 0 2 0 0 2 0 0 2 1 0 2 1 1 0 2 0 0 0 2 0 2 0 2 0 2 0 1 1 2 2 1 2 1 0 2
 2 0 2 0 0 0 0 0 2 0 2 0 0 2 0 0 0 0 2 2 0 0 0 0 0 2 0 2 0 2 1 0 0 2 1 1 0
 0 2 2 1 0 0 2 0 1 1 0 1 1 2 1 2 1 0 1 0 0 0 0 2 0 1 0 2 2 0 0 1 0 2 1 0 0
 2 1 1 1 2 2 2 2 0 2 1 1 2 0 0 0 2 0 0 0 2 0 2 2 0 2 0 0 0 0 1 2 1 0 1 0 0
 2 2 1 0 0 0 0 0 2 0 2 1 2 2 0 0 2 2 0 1 2 2 2 1 0 0 2 0 0 1 2 1 0 0 1 2 2
 2 0 0 2 0 0 1 1 1 2 2 1 2 2 1 1 1 0 2 0 0 0 1 1 2 0 0 2 0 2 0 1 2 0 2 1 2
 2 2 2 0 1 0 0 2 0 2 0 0 0 2 1 2 2 0 2 2 2 2 0 0 0 2 2 0 0 0 0 2 0 0 2 0 0
 0 1 0 0 0 2 0 0 1 2 0 1 2 1 0 0 0 0 2 0 1 0 1 0 1 2 2 1 0 2 2 0 2 2 2 2 0
 2 2 0 0 2 0 1 0 0 2 1 0 0 2 0 2 0 2 0 0 2 1 0 0 0 2 2 0 1 0 2 0 0 2 0 2 0
 2 0 2 1 0 1 0 2 0 1 0 1 0 0 0 0 0 0 0 2 1 2 1 1 2 2 2 0 0 1 2 0 2 2 1 0 2
 1 0 0 0 2 2 1 2 2 2 0 2 1 2 0 2 2 0 0 0 1 1 1 1 2 2 2 1 0 0 2 1 0 2 0 0 2
 0 1 1 0 0 1 2 0 2 0 2 0 1 2 1 2 1 1 2 1 0 0 2 0 2 2 2 1 0 2 1 0 1 0 0 0 2
 0 1 2 0 0 0 2 2 0 1 0 2 2 1 2 0 0 2 2 0 2 1 1 0 1 1 1 0 1 0 0 0 2 0 0 0 0
 0 2 0 1 2 2 1 2 0 2 2 1 2 0 2 0 1 0 1 1 0 2 0 0 0 1 1 0 2 1 1 0 0 1 1 2 0
 0 2 2 0 1 2 0 0 0 0 2 0 2 2 1 2 1 2 1 2 1 1 2 2 2 1 1 0 1 0 1 0 2 1 1 0 2
 0 1 0 2 1 2 2 2 0 2 0 2 0 0 1 0 2 0 0 2 0 2 1 2 0 2 0 0 1 0 1 2 0 1 2 2 0
 1 0 1 2 1 2 0 0 1 2 0 0 0 0 2 0 0 0 1 0 0 1 2]

