Clustering algorithm selected: kmeans
=====================================

Clustering evaluation metric: silhouette
Clustering evaluation value: 0.15548938924412864

========== Cluster 0 ==========

Base classifier: SVC(probability=True)

Minority Class: 1

Selected Features: [32 34 37 33 35 31 36 28  5 30  3 22 20  6 27 10 17 15 19 29  9 21 23 11
  1 24 12 18 26 25 16  8 14]

Labels: [0 0 0 1 1 0 1 1 0 0 1 1 0 0 1 0 0 1 1 1 0 1 1 1 0 0 1 1 1 1 0 1 1 0 0 0 1
 1 0 1 1 0 0 1 1 0 1 0 0 1 1 1 0 0 1 0 0 1 1 0 1 1 1 1 1 0 0 0 1 0 1 0 0 1
 0 0 1 0 0 1 0 1 0 1 1 0 0 0 0 0 1 0 1 1 1 1 0 1 0 0 1 0 1 1 0 1 0 0 0 0 0
 1 1 1 1 1 0 0 0 1 1 0 0 1 1 1 0 0 1 1 0 1 1 0 0 1 0 1 0 0 1 1 0 1 1 0 1 0
 1 1 0 0 0 1 0 1 1 1 0 1 1 0 0 1 1 0 1 1 0 1 1 0 1 1 0 0 0 0 0 1 0 1 1 0 0
 0 1 0 1 1 1 0 0 1 0 0 0 1 0 0 0 0 1 0 1 0 1 0]

Synthetic samples indexes: [ 10  11  14  17  18  21  22  23  26  28  29  32  37  39  43  44  49  50
  54  57  58  61  62  64  70  73  76  84  90  92  93  95  97 102 105 111
 112 119 120 123 125 128 132 135 137 140 143 144 146 148 153 155 157 163
 164 166 169 170 186 188 190]

========== Cluster 1 ==========

Base classifier: LogisticRegression()

Minority Class: 1

Selected Features: [32 34 37 31 33 23 16 30 15 36 17 20  7 11 13  9 19 14 26  0  3 29 25 35
 18 21 27 28 22 24  8 10 12]

Labels: [1 0 0 1 0 0 1 0 0 0 0 0 0 1 1 1 0 1 0 0 0 0 1 1 0 1 1 1 0 0 0 0 1 1 1 1 1
 0 1 0 1 1 1 1 1 1 0 1 0 0 1 1 0 0 0 1 1 1 0 1 0 0 0 0 0 0 1 0 0 0 1 0 0 1
 1 0 1 1 1 0 0 0 1 1 0 0 0 0 0 1 1 0 0 0 1 0 1 1 0 1 1 0 1 1 1 1 0 1 1 0 1
 1 1 1 1 0 0 1 0 1 0 0 1 1 1 0 1 1 1 0 0 1 0 1 1 0 0 0 1 1 1 1 1 1 0 0 0 1
 1 0 1 0 1 1 1 0 0 1 1 0 0 0 0 1 1 1 0 1 1 0 0 0 0 0 0 0 1 1 1 1 0 1 1 0 0
 0 0 1 1 1 1 0 1 1 0 0 1 1 0 0 1 0 0 1 0 0 0 1 1 1 1 1 1 1 0 1 0 1 1 0 0 0
 0 0 0 1 0 0 1 1 0 0 0 1 0 1 0 1 1 1 1 1 1 1 0 0 0 0 0 1 1 0 0 0 0 1 1 0 0
 0 1 1 1 1 0 1 0 1 1 0 1 0 1 0 0 0 0 0 0 1 0 0 1 1 1 1 1 0 0 0 0 0 0 1 0 1
 1 0 1 1 0 1 1 1 1 0 0 1 0 1 0 1 1 0 0 0 1 1 1 1 0 1 1 1 1 0 0 0 1 1 0 0 0
 1 1 1 0 0 0 0 1 0 0 1 1 1 0 1 0 0 0 0 1 0 1 1 1 0 1 1 1 0 0 1 0 1 1 1 0 1
 0 0 1 0 0 0 0 0 0 0 1 1 1 0 1 0 1 0 1 0 0 0 1 1 0 1 1 0 1 1 0 0 1 0 1 0 0
 0 0 0 0 1 1 1 0 1 1 0 1 1 1 0 0 0 0 0 1 0 1 1 1 1 0 1 1 1 1 1 1 1 1 0 1 1
 1 0 0 0 1 1 1 1 1 1 1 1 1 1 1 0 0 0 0 1 0 0 0 0 0 0 0 0 0 0 0 0 0 1 1 0 0
 0]

Synthetic samples indexes: [ 45 100 102 147 235 309 382 463]

