Clustering algorithm selected: kmeans
=====================================

Clustering evaluation metric: silhouette
Clustering evaluation value: 0.1714366175837562

========== Cluster 0 ==========

Base classifier: LogisticRegression()

Minority Class: 1

Selected Features: [36 32 25 34  6 35 29  0 24  2 23 37 26  8 16 15 28 10  1 33  3  4  5 31
  7  9 12 11 27 13 14 17 30]

Labels: [0 0 1 0 0 0 0 0 1 0 0 0 1 1 1 0 1 0 0 0 0 0 1 0 0 0 0 0 0 0 0 0 0 0 0 0 0
 0 0 0 0 0 0 0 0 1 0 0 0 0 0 0 0 1]

========== Cluster 1 ==========

Base classifier: LogisticRegression()

Minority Class: 1

Selected Features: [32 34 37 33  8 36  6 11  4 21 25 12 24 20  5 16 30 23  3  7  2  1  9 10
 18 13 14 15 17 19 22 26 27]

Labels: [1 1 0 1 0 0 1 0 0 1 0 0 0 0 0 0 0 0 0 1 0 0 0 1 1 0 1 1 0 1 1 1 0 0 0 0 1
 0 1 1 0 1 1 1 0 0 1 0 0 1 0 0 0 0 1 0 1 0 0 0 1 0 1 0 0 1 0 0 0 0 1 0 1 0
 0 1 1 1 1 1 1 1 1 0 0 0 0 0 0 0 0 0 0 0 0 0 0 0 1 0 0 1 0 1 0 1 0 0 0 0 1
 0 1 0 0 1 1 1 1 1 1 0 1 1 1 0 0 0 1 1 1 0 0 1 0 0 0 1 0 1 0 1 0 0 0 0 0 0
 1 0 0 0 1 0 0 0 0 0 0 1 1 1 0 0 1 0 0 1 0 0 1 1 1 0 0 0 1 0 1 1 0 0 1 1 0
 0 1 1 1 1 1 0 1 1 0 0 1 0 1 1 0 0 1 1 1 1 0 0 1 0 1 0 1 0 0 1 1 0 1 1 1 0
 1 1 1 0 0 1 1 0 1 0 1 0 0 1 1 0 1 1 1 1 0 1 1 0 0 1 1 0 0 1 1 0 0 1 1 0 0
 0 1 0 1 1 0 1 0 1 1 0 1 1 1 0 0 1 1 1 1 0 1 1]

========== Cluster 2 ==========

Base classifier: SVC(probability=True)

Minority Class: 1

Selected Features: [34 33 32 12 15 24 16 36  3 21 31  7 29  2 27 37 30  4 26 17  6 14  1  5
 10  8  9 18 11 13 19 20 22]

Labels: [1 0 0 1 0 1 0 0 0 0 0 0 0 1 1 0 0 0 1 0 0 1 1 1 0 0 0 1 1 1 0 0 0 1 0 1 1
 1 0 1 0 0 1 0 0 1 0 0 0 0 1 1 1 0 1 0]

========== Cluster 3 ==========

Base classifier: LogisticRegression()

Minority Class: 1

Selected Features: [32 34 19 24 31 12 33 23 21 27  1 14 37 16 36 22 29 28  6  8  5 18 15 17
 13 20 11 10  9 25  7 26]

Labels: [1 1 1 0 0 0 0 0 0 0 0 0 0 0 0 0 1 1 0 0 0 1 1 0 0 0 0 0 0 1 0 0 0 0 0 1 0
 0 1 1 1 0 0 0 0 0 0 1 0 0 0 0 0 1 0 0 1 0 0 1 1 0 0 0 1 0 0 1 0 1 1 0 0 0
 0 0 1 0 0 1 1 1 1 0 0 0 0 1 0 1 0 1 0 0 0 0 0 0 0 0 0 0 1 0 0 0 0 0 1 1 0
 0 0 1 0 0 0 0]

========== Cluster 4 ==========

Base classifier: KNeighborsClassifier(n_neighbors=7)

Minority Class: 0

Selected Features: [32  3 34 37 29 23  7 36 20 31  9 35 16 21 25 27  6  5 28 15  4  1 13 22
 17  2  8 18 10 11]

Labels: [1 0 1 0 0 1 1 0 0 0 0 0 1 1 0 1 1 1 1 1 1 0 1 0 1 1 1 1 1 1 1 0 1 1 1 1 1
 1 1 1 1 1 0 1 1 0 1 1 0 1 1 0 1 0 1 1 1 0 1 0 1 1 0 1 0 0 1 1 1 0 1 1 1 1
 1 1 1 0 1 1 0 1 1 1 1 0 0 1 1 1 1 1 1 1 1 1 0 1 1 1 1 1 0 1 1 1 1 1 0 1 0]

