Clustering algorithm selected: kmeans
=====================================

Clustering evaluation metric: rand
Clustering evaluation value: 0.04018107891280021

========== Cluster 0 ==========

Base classifier: LogisticRegression()

Minority Class: 0

Selected Features: [17 18  1  3 16  0  6  8  2  4  5  7 20  9 19 11 12 13]

Labels: [1 1 1 0 1 2 0 1 0 1 0 1 1 1 2 2 0 0 0 2 1 1 1 1 0 1 2 0 1 2 2 1 0 1 1 1 2
 2 1 1 0 0 0 0 0 1 0 2 1 0 1 2 0 0 1 0 0 1 2 2 1 1 1 2 2 1 2 0 0 2 0 2 2 2
 1 1 2 0 1 0 0 1 1 0 0 0 0 2 1 0 1 0 2 1 1 0 0 0 2 1 1 1 1 1 2 1 1 2 2 1 2
 2 1 1 2 2 0 2 2 0 0 2 1 2 2 1 0 1 1 2 1 1 2 2 1 0 1 2 0 0 1 1 1 1 2 2 0 0
 1 0 1 2 2 2 2 2 0 2 0 2 0 0 2 2 2 0 0 1 1 1 1 0 2 2 1 0 1 2 0 0 1 0 0 2 2
 0 2 1 0 2 1 1 0 1 0 0 0 1 0 1 0 0 1 2 1 1 0 2 2 1 1 1 2 1 0 1 1 0 1 1 1 0
 0 1 1 1 1 1 1 0 2 2 2 2 2 0 2 0 0 1 0 1 2 0 2 2 1 1 0 1 2 0 0 2 0 2 0 1 2
 0 1 2 0 2 0 0 2 2 2 2 0 2 0 0 2 0 2 0 2 1 1 0 0 0 1 0 0 0 0 1 0 2 0 0 1 2
 2 1 0 0 0 0 2 1 2 0 1 1 2 2 1 2 1 2 1 0 2 2 2 2 2 0 2 0 0 0 0 1 0 2 0 1 0
 0 2 2 1 2 0 2 2 1 2 2 0 1 0 2 2 2 0 0 0 2 1 1 0 0 0 1 2 2 0 0 0 1 1 2 2 2
 2 2 2 1 1 0 2 2 1 1 2 1 2 1 0 1 0 1 0 2 1 1 0 0 2 2 1 1 2 2 2 1 2 2 2 2 2
 1 0 1 2 2 2 1 0 0 2 2 2 2 0 2 1 2 1 0 0 1 1 2 0 2 0 1 1 1 1 1 1 2 0 0 2 2
 2 2 0 2 2 0 1 2 1 0 1 0 1 0 0 1 0 2 0 1 2 2 0 2 2 2 1 0 2 2 2 1 1 1 0 1 1
 1 1 1 1 1 0 1 2 2 2 0 0 2 2 0 1 1 2 2 1 1 2 0 2 2 0 1 1 1 1 0 0 0 0 0 2 1
 2 1 0 1 0 1 1 2 1 2 0 1 0 1 1 0 2 2 0 0 0 0 0 0 2 1 0 2 1 1 2 2 1 1 2 1 1
 1 2 1 2 0 1 0 1 0 1 0 0 2 1 2 0 2 2 2 1 2 2 0 2 0 0 1 0 1 0 2 0 2 0 0 1 0
 2 0 2 0 2 0 2 0 0 1 0 0 2 1 2 0 2 2 1 0 1 0 2 2 1 2 2 1 0 1 2 1 1 0 2 2 0
 0 0 1 2 0]

========== Cluster 1 ==========

Base classifier: LogisticRegression()

Minority Class: 1

Selected Features: [16 17  4  0 10  2 13 19 12  6  9 14 15 11]

Labels: [2 0 0 0 0 0 2 2 0 2 2 2 0 0 1 0 0 2 0 0 2 2 2 0 0 2 1 2 0 0 2 2 2 0 0 0 0
 0 0 0 0 2 0 0 0 2 2 0 0 0 2 0 0 0 2 0 0 0 2 2 0 0 0 0 2 2 1 0 0 1 2 0 0 1
 0 2 2 0 0 0 0 0 0 0 0 0 2 0 0 0 0 2 2 0 2 0 0 0 0 0 0 2 0 2 0 2 2 2 1 0 2
 0 1 2 2 2 0 0 2 0 0 0 2 0 2 0 2 0 2 1 2 1 1 0 0 0 2 0 2 0 0 0 1 0 2 0 2 2
 1 0 0 0 2 1 2 1 2 2 0 0 2 2 2 1 2 2 2 0 0 2 1 0 2 2 2 0 0 0 2 1 0 0 0 0 0
 0 1 0 2 1 0 1 0 2 2 0 2 1 2 2 0 0 0 0 0 2 0 0 2 2 2 0 2 2 0 1 2 0 2 0 0 0
 1 2 0 1 0 0 2 0 2 1 2 2 2 0 0 2 0 2 0 0 2 1 1 2 1 2 2 0 2 2 1 0 2 0 2 0 1
 2 0 2 1 1 2 0 2 0 0 0 1 2 2 2 1 2 2 2 0 0 2 0 2 2 0 0 0 0 2 2 0 0 2 2 0 0
 2 2 0 0 2 0 0 2 0 0 0 0 2 0 2 0 0 0 0 0 0 0 0 1 0 1 0 0 0 1 0 2 0 0 0 0 2
 0 0 0 0 0 2 0 0 2 2 2 0 2 2 0 0 2 0 0 0 1 0 2 2 1 0 0 0 0 2 1 0 2 2 2 0 1
 0 0 2 0 2 0 1 0 0 0 0 1 1 0 2 1 0 2 0 0 2 0 2 0 0 2 0 2 2 0 2 1 0 2 2 0 1
 0 2 0 1 0 2 0 0 0 0 0 0 0 0 0 0 1 2 1 2 2 0 0 2 0 2 0 2 1 0 0 0 0 0 0 0 0
 0 2 2 0 2 0 2 0 2 1 1 2 0 0 2 1 0 0 0 0 1 2 0 1 1 0 2 0 2 2 0 2 1 0 2 0 0
 0 0 1 2 0 1 0 2 0 0 0 0 2 2 2 2 1 1 2 0 2 0 1 0 0 2 2 2 2 0 0 2 0 2 0 2 0
 1 0 0 2 2 0 2 0 0 1 0 2 2 0 0 2 2 2 0 0 2 2 1 0 0 0 0 0 2 0 0 1 0 0 2 1 0
 2 0 2 2 1 2 0 0 0 0 2 0 2 0 0 1 1 2 0 2 1 2 0 0 2 2 2 0 2 2 0 0 2 2 0 0 1
 2 0 0 2 2 1 2 0 0 2 2 1 1 2 2 1 2 1 2 1 0 0 1 2 2 0 0 2 0 1 0 2 2 0 2 0 1
 0 2 0 0 0 0 0 0 0 1 0 0 0 0 2 0 2 0 1 1 2 0 2 0 2 0 0 0 2 1 2 2 0 0 0 0 0
 2 1 2 2 0 2 2 0 0 2 0 0 2 2 0 2 0 2 0 2 1 1 0 0 0 2]

