Clustering algorithm selected: kmeans++
=====================================

Clustering evaluation metric: dbc
Clustering evaluation value: 0.39578024036810744

========== Cluster 0 ==========

Base classifier: GaussianNB()

Minority Class: 1

Selected Features: [ 9 10  8 11 12  1  3 13  5  7]

Labels: [0 1 0 1 0 1 0 0 0 0 0 0 0 1 0 1 0 0 1 1 1 1 1 1 0 0 1 0 0 0 0 1 0 0 0 1 0
 0 0 1 0 1 1 1 0 0 1 1 0 0 0 0 0 0 1 1 0 0 0 0 0 0 1 0 1 0 1 1 0 0 1 0 1 0
 0 0 1 1 0 0 1 0 1 1 0 1 0 0 1 1 0 0 1 1 0 1 1 1 1 0 0 0 0 0 1 0 1 1 0 1 1
 0 0 1 0 1 0 0 0 1 1 1 0 0 0 0 0 1 1 1 1 0 0 1 1 1 0 1 0 1 1 0 0 1 1 0 0 0
 0 0 0 0 0 0 1 0 1 1 1 0 1 0 0 1 0 1 1 1 1 0 1 1 0 0 1 0 1 1 0 1 0 0 0 0 0
 1 1 1 1 1 1 0 0 0 1 0 1 1 1 1 0 0 1 0 0 1 0 1 0 0 0 0 0 0 1 0 0 0 1 1 1 0
 1 1 0 0 1 0 0 1 0 0 1 1 0 1 0 0 1 0 1 1 1 0 0 0 1 0 0 0 1 0 1 1 0 0 1 0 1
 0 0 0 1 1 0 0 0 0 1 1 0 1 0 1 0 1 0 0 1 1 0 1 0 0 1 0 0 1 1 1 0 1 1 0 0 0
 0 0 0 1 0 0 1 0 1 0 0 1 0 1 1 0 1 0 1 0 0 0 1 1 0 1 0 1 0 0 1 0 1 0 1 0 1
 1 0 0 1 1 0 1 0 0 0 0 1 1 0 1 0 0 0 0 1 1 1 0 0 0 1 1 1 0 0 1 0 1 0 0 0 0
 0 1 0 0 1 0 0 1 1 1 1 0 1 1 0 1 1 0 1 0 1 1 0 0 0 0 1 1 1 1 0 0 0 0 0 0 0
 1 1 1 0 0 1 1 0 1 1 1 1 0 0 1 1 1 0 0 1 1 1 0 1 0 0 0 1 0 1 1 0 1 0 1 0 1
 0 0 0 0 0 0 1 0 1 1 1 0 0 1 1 1 1 1 1 1 0 0 0 0 0 1 1 1 0 1 0 1 1 0 1 1 0
 0 1 1 0 0 1 1 1 0 1 1 0 1 1 1 1 1 1 1 1 0 0 1 0 1 1 1 1 0 1 0 0 1 1 0 1 1
 0 0 1 1 1 1 1]

========== Cluster 1 ==========

Base classifier: GaussianNB()

Minority Class: 0

Selected Features: [ 9 11  8  7 10  0 12  4  5  2]

Labels: [0 0 0 0 1 1 1 1 0 0 0 0 0 0 0 1 1 1 0 1 0 1 0 1 0 1 1 0 0 0 1 0 1 1 0 1 1
 0 1 1 1 0 0 1 1 1 1 0 0 0 1 0 1 1 1 0 0 1 1 1 1 1 0 0 1 0 1 1 0 0 0 1 1 0
 0 1 1 1 1 1 1 1 1 1 1 1 1 0 1 1 0 1 0 0 0 0 0 1 1 1 1 1 0 1 1 1 0 0 1 1 1
 1 0 0 0 1 1 1 1 1 1 0 1 1 0 1 1 0 1 0 1 0 0 1 1 1 0 0 0 0 0 0 0 1 0 1 0 0
 1 1 1 1 1 1 0 0 1 0 1 1 1 1 1 1 1 1 1 1 1 1 1 0 0 1 0 1 0 1 0 0 1 0 0 1 0
 1 1 0 1 0 0 1 0 1 1 0 1 0 1 1 0 0 0 0 1 0 0 1 1 1 0 1 0 1 0 0 1 1 1 0 1 0
 0 0 1 1 1 0 1 1 1 0 0 0 0 1 0 1 1 1 0 0 0 1 1 1 1 0 0 1 1 1 0 1 1 1 1 0 1
 1 0 0 1 1 1 1 0 0 0 1 1 0 1 1 1 1 1 0 1 0 0 0 0 1 0 0 1 0 1 1 0 0 0 1 0 0
 1 1 1 0 0 0 0 0 0 1 1 1 1 1 1 0 1 0 0 1 1 1 0 0 0 1 1 0 1 0 1 1 1 0 0 0 0
 1 0 1 1 1 1 0 0 1 1 0 0 1 0 0 0 0 0 0 0 0 0 1 0 1 1 1 1 1 0 0 1 0 0 0 0 0
 0 0 1 0 1 0 1 1 1 0 0 0 0 0 0 0 1 0 0 1 1 0 1 1 1 0 1 0 1 0 0 0 1 0 1 1 1
 0 0 1 0 1 1 0 1 0 1 1 0 1 1 0 1 0 0 0 1 0 1 0 1 1 1 0 1 0 1 1 1 1 0 1 1 0
 0 1 1 0 1 1 0 0 1 1 1 1 0 1 0 1 1 0 0 1 1 1 0 0 1 0 0 1 0 0 1 1 0 0 1 0 0
 1 0 0 0 0 1 1 1 0 0 0 0 1 1 0 0 0 1 1 0 0 1 1 0 1 0 0 0 0 1 1 0 0 0 1 0 1
 1 1 0 1 1 0 1 0 1 1 0 1 0 0 1 0 1 0 1 1 0 0 0 1 1 0 0 0 1 1 0 0 0 1 0 1 1
 1 0 1 1 0 0 0 0 1 0 0 1 1 0 1 1 1 1 1 0 1 1 1 0 0 0 1 0 1 1 0 0 1 0 0 0 1
 1 1 0 0 0 0 1 1 1 0 1 1 0 1 0 1 0 0 1 1 1 0 0 0 0 1 1 1 0 1 1 1 0 1 1 1 1
 0 0 0 0 1 1 0 1 1 1 0 1 0 0 0 1 0 0 1 1 1 1 1 1 1 1 1 0 1 1 0 0 1 1 1 0 1
 0 0 0 1 1 1 0 0 0 1 0 0 0 0 0 1 0 0 0 1 1 0 1 0 0 1 1 0 1 0 0 0 0 1 0 0 0
 1 0 1 0 0 0 0 0 0 1 0 0 1 0 0 1 1 1 0 1 0 0 1 0 1 1 1 0 0 0 1 1]

