Clustering algorithm selected: fcm
=====================================

Clustering evaluation metric: dbc
Clustering evaluation value: 0.39541465202330456

========== Cluster 0 ==========

Base classifier: GaussianNB()

Minority Class: 1

Selected Features: [ 9  8 11  0 13 12  7 10  3  1]

Labels: [0 0 1 0 1 1 0 1 1 0 0 0 0 0 0 0 0 1 0 1 0 1 1 0 0 0 1 1 0 1 0 1 1 1 0 1 0
 0 1 0 0 0 0 1 1 0 0 1 0 1 0 1 0 1 0 1 0 1 1 0 0 0 0 1 0 1 1 1 0 1 0 0 1 0
 1 1 1 1 1 0 0 0 0 1 1 0 0 0 0 0 0 0 1 1 1 0 0 0 0 0 1 0 1 1 0 1 0 1 1 0 0
 1 0 0 1 1 0 0 0 0 0 1 1 0 0 1 0 1 1 1 0 1 0 1 1 1 0 0 0 1 1 1 1 1 0 0 0 1
 0 1 1 1 0 1 1 1 0 1 1 1 0 0 0 0 0 1 0 1 1 0 1 1 1 0 1 0 1 0 0 0 1 0 0 1 0
 0 1 0 0 0 1 1 1 0 0 1 1 1 0 0 0 0 1 0 1 1 1 1 0 1 1 0 0 0 1 1 0 1 1 0 1 0
 1 1 0 0 1 1 0 1 0 1 0 0 0 1 0 0 0 0 0 0 0 0 0 0 0 0 1 1 0 1 1 0 1 1 1 0 1
 0 0 1 1 0 0 1 1 1 0 1 1 0 0 0 1 0 1 1 1 0 1 1 0 1 1 0 0 0 0 1 0 1 0 0 1 1
 1 0 1 1 0 0 0 0 0 1 1 1 1 1 1 1 1 1 1 1 0 0 0 0 0 1 0 1 0 0 1 0 1 1 1 1 1
 0 0 0 0 1 0 0 1 0 1 0 1 0 1 1 1 0 0 0 0 0 0 0 1 0 0 0 0 0 1 1 1 1 0 0 1 1
 0 0 1 0 0 1 0 1 0 0 0 1 1 1 0 1 1 0 1 0 0 0 1 1 0 1 1 1 1 0 0 0 0 0 0 1 0
 0 0 1 1 0 1 0 1 1 0 1 1 1 0 0 0 0 0 1 0 0 0 1 0 1 0 1 0 0 1 1 0 0 0 0 0 0
 0 1 0 0 1 1 1 1 0 1 1 0 1 1 0 1 0 0 1 1 1 0 0 1 1 0 0 0 1 1 0 0 1 1 1 1 0
 1 1 0 0 0 0 0 0 0 1 0 0 0 1 1 0 0 1 0 0 1 1 0 0 1 1 1 0 1 1 1 0 1 1 0 0 1
 1 0 1 0 1 0 1 1 0 1 0 0 1 0 0 1 0 0 0 1 1 0 0 1 0 0 1 0 1 0 0 1 1 1 1 0 1
 0 1 0 0 0 0 1 1 1 0 0 1 1 0 0 1 0 0 1 0 0 0 1 1 1 0 0 0 0 1 1 1 1 0 1 0 0
 1 0 1 0 0 0 0 0 1 0 0 1 1 1 0 0 0 1 1 1 1 0 0 1 0 1 1 0 1 0 1 0 1 0 0 0 1
 1 0 0 0 0 0 0 1 0 1 0 1 1 1 1 1 1 0 0 0 1 1 1 1 1 1 1 1 1 1 1 1 1 0 0 0 0
 0 0 0 1 0 0 1 0 0 1 1 0 1 1 1 1 0 1 1 1 1 0 1 1 1 0 1 0 0 1 0 1 1 1 1 0 0
 1 1 1 1 0 0 0 1 1 0 1 1 0 0 1 0 1 1 0 1 0 1 0 1 0 1 1 0 1 0 0 0 0 1 1 0 0
 0 1 0 0 1 1 1 1 0 0 1 1 0 1 1 0 0 1 0 1 1 1 1 1 1 0 1 1 1 1 0 0 1 1 0 0 1
 0 1 1 0 0 0 0 0 0 1 1 1 0 0 1 0 0 0 0 1 1 1 0 1 1 1 1 0 1 0 1 0 1 1 0 1 1
 1 0 1 0 0 1 0 1 0 1 1 0 1 0 1 0 0 0 1 0 1 1 0 1 1 0 0 1 1 0 0 1 0 0 1 1 1
 1 1]

========== Cluster 1 ==========

Base classifier: GaussianNB()

Minority Class: 0

Selected Features: [ 9  8 10 12 11  7  6  4  0  1]

Labels: [0 0 0 1 1 0 0 0 0 0 1 1 0 1 1 1 0 0 1 1 0 1 1 1 0 1 0 0 1 1 1 1 1 0 0 0 1
 1 1 1 1 1 1 1 1 1 1 0 1 0 0 0 1 1 1 1 0 1 0 1 1 1 1 0 1 0 1 1 1 0 0 0 0 0
 1 1 1 1 0 0 1 0 1 1 1 1 1 1 1 1 1 1 1 0 0 0 1 1 1 0 0 1 1 1 0 1 1 1 0 0 0
 0 1 1 0 1 0 1 0 1 1 0 0 1 0 1 1 0 1 1 1 1 0 1 1 1 1 1 0 1 0 0 1 1 0 0 0 0
 1 1 1 1 0 1 0 0 1 0 0 1 0 1 1 0 0 0 0 1 1 1 1 1 1 0 0 1 1 0 1 0 1 1 0 0 1
 1 0 1 0 0 0 0 0 0 0 1 1 0 0 0 0 1 0 1 1 0 0 0 0 0 1 1 0 0 1 0 0 0 1 1 0 1
 0 1 0 0 1 1 0 1 1 0 1 0 1 1 0 1 1 1 1 0 1 0 0 1 0 1 1 0 0 1 1 1 0 1 0 0 1
 1 0 1 0 0 1 1 0 1 1 0 0 0 0 0 0 0 1 0 0 1 0 1 0 0 0 0 0 1 1 1 1 0 1 0 1 1
 0 0 1 1 0 1 1 0 0 1 1 0 1 1 1 0 1 0 1 1 1 1 0 0 0 0 0 0 0 0 1 0 1 1 1 0 0
 1 0 0 0 1 0 0 1 0 1 0 0 1 0 0 0 1 0 0 1 0 1 1 1 1 0 1 0 0 0 1 1 1 0 0 0 1
 1 1 0 0 1 0 0 0 1 1 0 1 0 0 1 0 0 0 1 0 1 0 0 0 0 1 0 1 1 1 0 0 1 0 1 1 1]

