Clustering algorithm selected: kmeans++
=====================================

Clustering evaluation metric: dbc
Clustering evaluation value: 0.13309599182407383

========== Cluster 0 ==========

Base classifier: LogisticRegression()

Selected Features: [3 8 4 6 7 5 2]

Labels: [0 1 1 0 0 0 0 1 2 0 1 1 2 2 1 2 2 0 0 2 2 1 1 1 1 1 1 0 0 0 2 0 0 0 0 1 1
 0 2 2 1 1 0 1 1 1 2 1 2 1 1 0 1 0 2 0 2 1 0 0 2 0 1 2 0 1 0 0 1 2 2 2 0 1
 0 0 1 1 1 0 2 0 1 1 1 2 0 2 0 1 2 2 0 2 2 0 0 2 2 2 2 0 1 1 2 2 1 0 0 1 2
 2 1 2 1 2 0 1 0 1 2 1 2 1 2 2 1 2 2 2 1 2 0 1 0 2 0 0 2 2 1 1 1 1 1 0 2 0
 1 2 2 1 1 1 2 2 2 2 0 0 0 2 1 0 2 2 1 0 2 1 0 1 1 1 1 0 2 1 2 2 2 2 0 0 0
 0 1 0 1 0 1 0 0 0 0 1 2]

========== Cluster 1 ==========

Base classifier: GradientBoostingClassifier()

Selected Features: [2 0 1 3]

Labels: [0 0 0 1 0 0 0 0 0 1 0 0 0 0 0 0 1 0 0 0 0 2 0 2 0 2 2 2 1 2 0 0 2 1 1 0 0
 2 0 2 1 2 1 0 1 0 0 0 2 1 2 2 1 0 1 2 2 2 2 1 2 1 0 2 1 0 0 0 0 2 2 0 1 2
 0 2 2 0 1 1 2 1 2 1 0 2 0 2 2 2 1 2 2 0 0 2 2 2 0 2 0 2 1 2 0 0 2 1 0 2 2
 2 2 1 0 0 2 1 2 2 0 2 0 0 0 2 0 0 0 0 2 2 1 0 2 0 2 1 1 0 2 1 2 1 0 0 1 0
 0 2 0 0 2 0 2 0 1 2 2 0 2 0 2 0 1 2 0 0 0 0 2 0 2 0 0 1 1 0 2 1 0 2 0 1 0
 1 2 2 0 2 0 2 0 1 2 1 2 1 0 1 2 2 1 0 2 1 1 2 0 0 2 1 1 1 1 2 0 1 1 1 1 2
 0 1 2 2 0 2 0 1 0 1 2 0 2 1 1 2 2 2 0 2 0 2 1 0 1 2 2 0 0 0 2 2 1 2 0 1 2
 0 2 0 0 2 2 2 2 1 2 0 1 0 2 0 1 0 0 2 2 0 2 0 0 0 0 1 1 0 0 2 0 0 2 1 0 0
 0 0 2 0 1 0 0 1 2 2 1 0 2 1 2 0 2 0 0 0 0 0 2 0 0 0 0 0 0 2 0 1 2 2 2 1 2
 2 2 0 2 0 2 0 1 0 0 2 0 0 2 0 1 2 2 2 0 2 0 0 2 1 0 0 0 1 0 0 2 1 2 0 1 0
 0 0 2 0 2 0 0 2 0 0 2 2 0 0 2 1 2 2 0 2 1 0 2 0 0 0 0 0 0 0 0 0 2 0 1 2 0
 0 0 0 1 2 2 2 0 0 2 2 1 2 2 0 2 2 2 2 0 0 2 2 0 1 0 0 1 0 2 0 2 1 1 0 0 0
 0 2 1 0 2 2 2 0 1 0 0 2 2 0 1 2 0 0 0 2 1 0 1 1 0 2 0 1 0 2 1 2 0 2 0 2 0
 0 2 0 2 0 2 0 2 0 1 0 0 2 0 2 0 2 0 1 1 2 2 0 0 0 0 0 0 0 2 0 0 1 2 2 2 0
 2 0 2 1 2 1 2 1 0 0 1 0 0 0 0 2 1 0 1 0 0 2 0 0 2 2 2 1 2 1 2 1 2 0 2 2 2
 2 0 0 0 0 1 2 0 1 0 1 2 2 2 2 0 2 2 0 0 2 1 2 2 0 0 0 1 0 2 1 0 1 1 2 0 0
 0 2 0 1 2 1 2 1 1 2 0 1 2 2 2 0 2 1 0 0 2 2 0 2 2 2 0 0 2 0 2 0 0 2 2 0 2
 2 0 0 0 2 2 2 0 2 1 2 0 0 2 1 0 1 2 2 0 0 2 2 0 0 2 1 1 1 1 1 0 0 0 1 0 0
 1 2 2 0 1 0 0 2 0 1 1 2 1 0 1 2 2 0 2 2 1 2 2 0 2 1 0 1 0 0 0 2 0 0 1 1 2
 1 0 1 1 2 2 1 0 0 0 2 2 1 0 0 1 2 0 2 0 0 2 0 0 0 2 2 2 0 0 1 2 0 0 2 2 2
 2 2 2 2 2 1 1 2 1 2 2 2 0 2 0 1 1 0 0 2 2 0 0 1 1 2 2 0 0 2 2 2 0 2 0 2 0
 1 0 0 0 0 0 0 0 0 0 0 1 0 1 0 0 1 0 0 2 0 2 2 2 0 0 1 2 2 0 2 0 0 1 0 0 0
 0 2 2 0 2 2 1 2 2 0 1 0 2 2 1 1 2 2 2 0 2 1 1 2 2 0 0 1 2 2 2 2 0 2 0 1 0
 0 2 0]

========== Cluster 2 ==========

Base classifier: GradientBoostingClassifier()

Selected Features: [3 1 6 8 0 2 4]

Labels: [0 0 0 0 0 0 0 0 0 0 1 0 0 1 0 2 2 1 0 0 1 2 0 0 0 1 0 0 1 2 1 1 2 1 0 2 2
 2 1 0 1 2 2 2 0 0 0 2 2 0 2 0 1 0 0 2 0 0 0 2 2 2 0 0 0 1 0 2 1 1 2 2 0 0
 2 2 2 0 2 2 0 0 0 0 0 2 0 2 2 1 2 1 0 0 2 0 1 2 0 2 1 0 2 2 2 0 2 0 0 1 0
 1 2 0 0 0 0 0 2 0 1 2 0 2 0 0 1 0 0 0 1 0 0 2 1 0 0 0 1 2 1 1 1 2 0 2 0 0
 0 2 0 0 0 2 0 1 0 2 0 0 1 2 2 0 0 0 2 0 0 1 1 2 0 0 0 2 0 0 2 0 0 0 1 2 1
 0 1 0 0 2 0 0 0 0 2 2 1 1 1 2 2 0 1 0 0 0 0 1 2 2 0 0 0 2 0 0 1 1 0 1 2 0
 0 0 1 2 0 1 2 0 0 0 1 2 1 1 0 1 1 1 1 1 0 2 0 1 2 1 0 2 2 0 0 0 1 0 2 0 2
 2 0 0 2 0 2 0 0 2 2 0 2 0 0 1]

