Clustering algorithm selected: fcm
=====================================

Clustering evaluation metric: dbc_rand
Clustering evaluation value: 0.20235778424673478

========== Cluster 0 ==========

Base classifier: GaussianNB()

Minority Class: 0

Selected Features: [ 9 11  8 10  3 12  2  0  7 13]

Labels: [0 0 0 0 0 1 1 1 0 0 0 0 0 1 0 1 0 1 0 1 1 0 1 1 1 1 0 1 0 1 0 0 1 1 1 1 0
 1 0 1 0 0 1 1 1 0 1 1 1 0 1 1 0 1 0 0 0 1 0 0 0 1 1 1 0 1 1 1 1 1 1 1 1 0
 1 0 0 0 1 0 0 0 1 1 0 1 1 0 1 1 0 1 1 0 1 1 1 0 0 1 0 0 0 0 1 0 1 1 0 0 0
 1 1 1 0 0 0 0 0 1 1 1 1 1 0 0 1 1 1 1 1 1 1 1 1 1 1 1 1 0 1 0 0 0 0 0 0 1
 1 1 0 0 0 0 1 1 1 1 0 1 0 0 0 0 1 1 1 1 0 0 0 1 0 1 1 0 0 0 1 1 1 1 0 0 0
 1 1 1 0 0 1 1 0 1 1 0 0 0 1 1 0 1 1 0 0 0 1 1 0 1 0 0 0 0 1 0 0 0 0 0 1 1
 1 0 1 0 0 0 1 1 0 1 1 0 0 0 0 0 1 1 1 1 0 1 0 0 0 1 1 0 0 0 0 1 1 1 0 0 0
 1 1 0 1 0 0 1 1 0 1 0 0 0 1 0 1 1 0 1 0 0 1 1 1 0 1 1 1 1 0 1 0 1 0 1 0 1
 1 0 0 1 1 1 0 1 0 1 0 0 0 1 1 0 0 1 1 0 1 0 0 0 1 1 0 0 1 1 1 1 1 0 0 1 0
 0 0 0 0 0 1 0 1 0 0 1 0 0 0 1 0 0 0 1 0 1 0 1 1 0 0 0 1 0 0 1 0 1 1 0 0 1
 1 0 1 1 0 1 1 0 1 1 1 0 1 0 1 0 1 0 1 1 0 1 1 0 0 0 0 1 0 1 1 1 0 0 0 1 1
 0 0 1 1 0 1 1 0 1 0 0 0 0 1 1 0 1 1 0 1 1 0 0 1 1 1 0 0 0 0 1 1 1 1 0 1 0
 1 1 1 0 0 0 1 1 0 1 0 0 0 1 1 1 0 0 0 0 1 0 1 0 0 0 1 0 1 0 1 1 0 1 1 1 1
 0 0 1 1 1 1 0 1 0 1 1 1 0 1 1 0 1 0 0 0 1 1 0 1 0 1 0 0 0 1 0 1 0 1 0 0 0
 0 1 1 1 1 0 1 1 0 0 1 0 1 1 0 1 0 1 1 1 0 1 1 1 0 1 1 0 0 1 0 0 1 0 1 1 1
 0 0 1 0 1 1 1 1 0 0 0 0 1 0 0 0 1 1 1 1 0 1 1 1 0 0 0 1 0 1 1 0 0 1 1 1]

========== Cluster 1 ==========

Base classifier: GaussianNB()

Minority Class: 1

Selected Features: [ 9  8 11  7 12 10  4  2 13  6]

Labels: [0 1 1 0 1 1 0 0 0 0 0 0 0 0 1 1 0 0 1 0 1 0 1 0 1 0 0 1 0 0 1 0 1 0 0 1 0
 1 0 1 0 1 0 1 0 0 0 0 1 0 1 0 1 1 1 1 1 1 0 0 0 1 1 0 0 0 0 0 1 1 1 0 0 0
 0 1 0 1 1 0 1 0 1 1 0 0 0 0 1 1 0 0 0 0 1 1 0 1 1 1 1 0 1 1 1 0 0 0 1 1 1
 1 0 0 0 1 0 1 1 1 1 0 1 1 1 0 1 1 1 1 0 1 0 1 0 1 0 0 0 1 0 1 0 0 0 1 1 0
 0 1 1 1 0 0 1 1 1 1 1 0 1 1 1 1 1 1 1 1 1 1 0 0 0 0 1 0 1 0 1 0 1 1 0 0 0
 1 0 0 1 0 0 1 0 0 1 1 1 0 0 0 0 1 0 0 0 0 0 1 1 1 1 0 0 1 0 1 0 0 0 1 1 1
 0 1 1 0 1 0 0 0 1 1 0 1 1 1 0 0 0 1 0 0 0 0 1 0 1 0 1 1 0 0 1 1 0 0 0 0 0
 1 0 0 0 1 0 1 0 1 0 1 0 0 0 0 0 0 0 1 0 0 1 1 1 0 1 0 1 1 0 1 1 0 1 0 1 0
 1 0 0 1 1 1 1 0 0 0 0 0 1 0 0 1 0 0 1 1 0 0 1 1 1 0 1 1 0 1 1 0 0 1 1 1 0
 1 1 0 0 1 0 0 0 1 1 0 0 1 0 0 0 0 0 1 1 0 1 0 1 0 0 1 1 1 0 0 0 1 1 0 0 1
 0 1 0 0 1 1 1 0 0 0 0 1 1 1 0 1 0 1 1 0 0 0 1 1 0 1 1 0 0 1 1 1 0 0 1 0 1
 0 1 0 0 0 0 0 1 0 0 0 1 0 1 0 1 1 1 1 1 0 0 0 0 0 0 1 1 0 1 0 0 1 1 1 0 1
 1 0 1 0 1 0 1 1 0 1 1 0 0 1 1 0 1 1 0 1 1 0 1 0 0 1 1 0 0 0 1 1 0 1 1 0 1
 1 0 0 1 0 0 0 0 1 0 1 0 1 1 0 0 1 1 0 0 1 1 1 1 0 1 1 0 1 0 0 0 1 1 1 0 0
 0 0 0 1 1 0 1 1 1 0 1 1 1 0 1 1 0 0 0 0 1 0 1 1 0 0 1 1 1 0 0 1 0 1 0 1 0
 1 0 1 0 1 0 0 1 0 1 0 1 1 1 0 0 1 0 0 0 1 0 1 1 1 1 0 0 0 1 0 1 1 0 0 1 0
 1 1 1 1 1 0 1 1 1 1 0 0 1 0 0 0 1 0 0 0 0 0 0 1 1 0 0 1 0 0 0 1 1 1 1 1 0
 1 0 0 0 1 0 1 1 1 0 1 0 0 0 1 0 1 0 0 0 0 0 1 1 0 1 1 0 1 0 1 1 0 1 0 0 1
 1 1 1]

