Clustering algorithm selected: kmeans++
=====================================

Clustering evaluation metric: dbc
Clustering evaluation value: 0.30309497983640477

========== Cluster 0 ==========

Base classifier: GaussianNB()

Minority Class: 0

Selected Features: [ 2 10 11  7  3  0  9  5  1  4 12]

Labels: [1 0 1 0 0 0 1 1 0 1 1 1 0 0 0 0 1 0 1 0 1 1 0 0 1 0 1 0 1 0 0 0 0 1 0 0 0
 1 0 1 1 1 1 0 1 1 0 0 1 0 0 0 1 0 1 1 0 1 0 1 1 1 1 0 0 0 1 0 1 1 0 1 0 0
 1 1 0 0 0 1 1 0 1 1 1 0 0 0 0 0 1 1 1 0 1 1 1 1 1 0 1 1 0 1 0 1 0 1 1 1 0
 0 0 0 0 1 0 1 0 1 0 1 1 1 1 1 0 0 0 0 1 0 0 0 1 0 0 0 1 1 1 0 0 1 1 0 0 0
 1 0 1 1 1 0 1 1 1 1 1 0 1 0 0 1 1 0 0 1 1 1 0 0 0 0 1 0 0 0 1 1 0 0 0 0 1
 1 1 0 0 0 1 1 1 1 0 0 1 1 1 1 0 1 0 0 0 0 0 0 1 0 1 1 1 1 1 0 1 0]

Synthetic samples indexes: [  0   2   6   7  11  21  24  26  28  37  40  41  42  44  45  48  52  54
  55  57  60  61  62  66  71  74  75  79  80  82  83  84  91  92  94  95
  96  97  98 100 101 103 105 107 108 115 117 119 121 122 123 125 130 134
 138 140 143 144 148 150 151 152 155 156 157 160 164 167 168 169 178 179
 184 185 190 191 192 193 196 197 198 199 201 208 211 212 213 214]

========== Cluster 1 ==========

Base classifier: GaussianNB()

Minority Class: 0

Selected Features: [11  2  8  9 10  4  3 12  7  1  6]

Labels: [1 1 0 1 1 1 0 0 1 0 0 1 1 1 0 0 1 0 1 1 1 0 1 0 1 0 0 0 1 0 1 0 1 0 0 0 1
 1 0 0 0 1 1 1 0 1 0 1 1 0 0 1 0 0 1 1 1 1 0 0 1 1 0 1 0 0 1 1 0 0 1 1 0 0
 0 1 0 0 1 0 0 1 0 0 0 0 1 0 0 1 1 1 1 0 0 0 1 1 0 0 1 1 1 0 0 0 1 0 0 0 0
 1 0 1 1 0 0 1 1 1 0 1 0 0 1 1 0 0 1 0 0 0 1 1 1 0 1 1 1 1 0 0 0 0 0 1 0 1
 0 1 0 1 1 0 1 1 1 1 0 1 0 1 1 0 0 1 1 1 0 1 1 0 1 0]

Synthetic samples indexes: [  2   6   7   9  10  14  15  17  21  23  25  26  27  31  34  35  39  49
  52  53  58  59  68  69  72  73  74  80  82  84  87  88  93  95  98  99
 103 104 105 107 110 115 116 122 123 129 130 140 142 143 144 146 148 150
 153 158 160 164 168 171 173]

