Clustering algorithm selected: kmeans++
=====================================

Clustering evaluation metric: dbc
Clustering evaluation value: 0.11992730013529287

========== Cluster 0 ==========

Base classifier: DecisionTreeClassifier(max_depth=1, min_samples_leaf=10, min_samples_split=8)

Minority Class: 0

Selected Features: [0 1]

Labels: [1 1 0 1 1 0 0 0 0 1 1 1 0 0 1 0 1 0 1 1 0 0 1 1 1 0 1 0 1 1 0 0 0 1 0 1 1
 0 0 1 1 1 1 1 1 0 0 0 0 0 0 0 1 1 1 0 0 0 1 1 0 0 0 1 1 1 1 0 1 0 1 1 1 1
 1 1 0 1 0 0 0 0 1 1 0 1 1 1 1 1 0 1 1 1 0 0 1 0 0 1 1 0 0 0 1 1 1 1 0 1 1
 1 1 0 0 0 0 0 1 0 1 1 1 1 0 0 0 1 1 1 0 1 0 1 0 1 0 0 1 0 0 0 0 1 0 0 1 0
 1 1 1 0 0 0 1 1 1 1 0 1 1 1 0 1 0 0 1 0 0 1 1 1 0 0 1 1 0 1 0 0 0 1 0 0 0
 1 0 0 1 1 0 0 0 1 0 1 0 0 1 1 0 0 1 1 1 1 0 1 1 0 1 0 1 0 0 1 1 0 1 1 0 1
 1 1 1 0 1 0 1 1 1 1 0 1 0 1 0 1 0 1 0 1 0 1 0 0 0 1 0 0 0 0 1 1 1 1 1 0 1
 1 1 0 1 0 1 0 1 0 0 0 1 1 1 1 1 1 1 1 1 0 0 1 0 1 1 0 1 0 0 0 1 1 0 1 0 0
 1 0 1 1 1 1 0 1 1 1 0 0 1 0 0 0 1 0 1 1 0 0 0 1 0 0 1 1 1 0 1 1 0 1 1 1 1
 0 1 0 0 1 1 0 1 0 1 0 0 0 1 0 1 0 0 0]

========== Cluster 1 ==========

Base classifier: KNeighborsClassifier()

Minority Class: 1

Selected Features: [0 1]

Labels: [1 0 0 1 1 1 0 0 0 1 1 1 0 1 1 0 0 0 0 1 0 0 1 1 1 0 0 1 0 0 1 0 0 0 1 1 0
 1 0 0 0 1 0 0 1 1 1 0 0 1 0 1 0 0 1 0 0 0 0 1 1 1 0 0 0 0 0 0 1 1 0 1 0 1
 0 0 1 0 1 0 1 1 1 1 0 0 0 0 0 0 0 1 1 0 1 1 1 1 1 1 1 0 1 0 0 1 0 0 0 1 0
 0 0 1 0 1 0 0 0 1 0 1 0 0 0 1 1 0 0 0 0 1 0 0 1 1 0 0 0 0 0 1 0 1 0 0 0 1
 1 0 0 1 0 0 1 0 0 0 1 1 0 1 0 1 1 0 0 1 1 1 1 1 0 0 1 1 0 0 0 0 0 0 0 1 0
 1 1 0 0 0 0 1 1 0 0 1 1 1 0 0 0 1 0 0 0 0 1 1 1 1 1 0 0 0 1 1 1 1 0 1 0 1
 0 0 1 1 1 0 0 0 1 1 1 1 0 1 1 1 0 1 0 0 0 0 1 0 1 0 1 1 0 1 0 1 1 1 0 1 1
 0 1 0 0 1 0 1 1 0 1 1 0 1 1 1 0 1 0 1 1 0 0 1 0 0 1 0 1 1 1 1 0 1 0 1 1 1
 0 1 1 1 0 0 1 1 1 1 1 0 0 0 1 0 0 0 0 0 1 1 0 0 0 0 0 0 0 0 1 0 1 1 0 0 1
 1 1 1 0 1 1 0 0 1 0 1 0 0 0 0 1 1 1 1 0 1 1 0 0 0 0 0 1 0 0 1 0 1 0 1]

