Clustering algorithm selected: kmeans++
=====================================

Clustering evaluation metric: dbc
Clustering evaluation value: 0.1233268337045591

========== Cluster 0 ==========

Base classifier: DecisionTreeClassifier(max_depth=10, min_samples_leaf=9, min_samples_split=5)

Minority Class: 0

Selected Features: [0 1]

Labels: [1 1 0 1 1 0 0 0 0 1 1 1 0 0 1 0 1 0 1 1 0 0 1 1 1 0 1 0 1 1 0 0 1 0 1 0 0
 0 0 1 1 0 1 1 1 1 1 0 1 1 1 0 0 1 0 0 1 1 0 0 0 1 1 1 1 0 0 0 0 1 1 1 1 0
 0 1 0 0 0 0 0 1 0 0 0 1 1 0 1 1 0 0 1 0 1 0 0 1 1 0 0 1 1 1 1 1 0 0 1 1 0
 1 1 1 0 0 0 1 0 1 1 1 1 0 0 0 1 1 1 0 1 0 1 0 1 0 0 1 0 0 0 0 1 0 0 1 0 1
 1 1 0 0 0 1 1 1 1 0 1 1 1 0 1 0 0 1 0 0 1 1 1 0 0 1 1 0 1 0 0 0 1 0 0 0 1
 0 0 1 1 0 0 0 1 0 1 0 0 1 1 0 0 1 1 1 1 0 1 1 0 1 0 1 0 0 1 1 0 1 1 0 1 1
 1 1 0 1 0 1 1 1 1 0 1 0 1 0 1 0 1 0 1 0 1 0 0 0 1 0 0 0 0 1 1 1 1 1 0 1 1
 1 0 1 0 1 0 1 0 0 0 1 1 1 1 1 1 1 1 1 0 0 1 0 1 1 0 1 0 0 0 1 1 0 1 0 0 1
 0 1 1 1 1 0 1 1 1 0 0 1 0 0 0 1 0 1 1 0 0 0 1 0 0 1 1 1 0 1 1 0 1 1 1 1 0
 1 0 0 1 1 0 1 0 1 0 0 0 1 0 1 0 0 0]

========== Cluster 1 ==========

Base classifier: SVC(C=218.9170394676576, gamma=169.87984847887427, probability=True)

Minority Class: 1

Selected Features: [0 1]

Labels: [1 0 0 1 1 1 0 0 0 1 1 1 0 1 1 0 0 0 0 1 0 0 1 1 1 0 0 1 0 0 1 0 0 0 1 1 0
 1 0 0 0 1 0 0 1 1 1 0 0 0 0 0 0 0 1 1 0 1 1 1 1 1 1 1 0 1 0 0 1 0 0 0 1 0
 0 0 1 0 1 0 0 0 1 0 1 0 0 0 0 1 0 1 0 0 0 1 1 1 0 0 0 1 1 0 0 1 1 0 0 1 1
 1 0 0 1 1 0 0 0 1 1 1 0 0 1 1 0 1 0 1 0 1 1 0 0 1 1 0 0 0 0 0 1 0 1 0 0 0
 1 1 0 0 1 0 0 1 0 0 0 1 1 0 1 0 1 1 0 0 1 1 1 1 1 0 0 1 1 0 0 0 0 0 0 0 1
 0 1 1 0 0 0 0 1 1 0 0 1 1 1 0 0 0 1 0 0 0 0 1 1 1 1 1 0 0 0 1 1 1 1 0 1 0
 1 0 0 1 1 1 0 0 0 1 1 1 1 0 1 1 1 0 1 0 0 0 0 1 0 1 0 1 1 0 1 0 1 1 1 0 1
 1 0 1 0 0 1 0 1 1 0 1 1 0 1 1 1 0 1 0 1 1 0 0 1 0 0 1 0 1 1 1 1 0 1 0 1 1
 1 0 1 1 1 0 0 1 1 1 1 1 0 0 0 1 0 0 0 0 0 1 1 0 0 0 0 0 0 0 0 1 0 1 1 0 0
 1 1 1 1 0 1 1 0 0 1 0 1 0 0 0 0 1 1 1 1 0 1 1 0 0 0 0 0 1 0 0 1 0 1 0 1]

