Clustering algorithm selected: kmeans++
=====================================

Clustering evaluation metric: dbc
Clustering evaluation value: 0.44158707832825833

========== Cluster 0 ==========

Base classifier: RandomForestClassifier()

Selected Features: [32 37 33 34 28  6 19  5 17 15 23 26  0 29 24 13  1 21  3 30 10 25 31  2
 36  9 35 22 20 27 16 18 14 12]

Labels: [1 0 1 1 0 1 0 0 0 1 1 0 0 0 0 0 1 1 1 0 0 1 1 1 0 1 1 0 1 0 1 1 0 0 1 1 1
 1 1 1 1 1 1 1 0 0 0 1 0 1 0 0 1 1 0 0 0 0 0 1 1 0 1 1 1 1 1 1 1 1 1 1 1 0
 1 1 0 1 1 0 1 0 0 1 0 1 1 1 1 0 1 1 1 0 1 1 0 1 0 0 1 1 1 0 1 1 1 1 1 1 1
 1 1 1 0 0 1 1 1 0 0 1 1 0 0 1 1 1 0 0 0 1 0 0 0 1 0 1 1 0 0 1 1 0 1 0 1 1
 0 1 1 1 1 0 0 1 1 1 1 1 1 0 1 1 0 1 1 1 1 1 0 1 0 0 0 0 0 0 0 0 0 0 0 0 0
 0 0 0 0 0 0 0 0 0 0 0 0 0 0 0 0 0 0 0 0 0 0 0 0 0 0 0 0 0 0 0]

========== Cluster 1 ==========

Base classifier: GradientBoostingClassifier()

Selected Features: [32 34 37 35 28 33 15 20 25 26 13 14 36  1  9  2 11 30  7 16  8 27  0  3
  5  4 19 31 29 17 21 10 22 24 18]

Labels: [1 1 1 1 1 0 1 0 0 0 1 0 1 1 1 1 1 1 1 0 0 1 1 1 1 1 1 1 0 1 0 0 1 1 1 1 1
 1 1 1 0 0 0 0 0 0 0 0 1 1 0 1 1 0 1 1 1 1 0 1 1 0 0 1 0 1 1 1 1 1 0 1 1 0
 0 1 0 0 1 0 1 1 1 1 1 1 1 1 1 1 1 0 1 1 1 1 0 1 0 1 1 1 0 0 1 1 1 1 0 0 0
 0 1 1 1 1 0 1 0 1 1 0 0 0 1 1 1 0 1 1 1 1 1 1 1 1 0 1 1 1 1 1 0 1 1 1 1 1
 0 1 1 0 1 1 0 1 1 0 1 1 1 1 1 0 1 0 1 1 0 1 0 1 1 1 1 1 1 1 1 1 1 1 0 0 1
 1 1 1 0 1 1 0 1 0 1 1 1 1 0 1 1 1 1 1 1 0 0 0 0 0 0 0 0 0 0 0 0 0 0 0 0 0
 0 0 0 0 0 0 0 0 0 0 0 0 0 0 0 0 0 0 0 0 0 0 0 0 0 0 0 0 0 0 0 0 0 0 0 0 0
 0 0 0 0 0 0 0 0 0 0 0 0 0 0 0 0 0 0 0 0 0 0 0 0 0 0 0 0 0]

========== Cluster 2 ==========

Base classifier: RandomForestClassifier()

Selected Features: [31  0  1 36 20 10 26 29 35 28 32 11 25 15 27 30 13 37 33  3  6  4  2 21
 23  8 24 12  5  7 17 22]

Labels: [0 0 0 1 0 0 0 0 0 0 0 0 0 0 1 0 0 0 0 1 0 0 0 0 0 0 0 0 0 0 0 0 0 0 0 0 0
 1 0 0 0 0 0 0 0 0 0 0 0 0 0 1 0 0 0 0 0 0 0 0 0 0 0 0 0 0 0 0 0 0 0 0 0 0
 0 1 0 0 0 0 0 1 0 0 0 0 0 0 0 0 0 0 0 0 0 1 0 1 0 0 0 0 0 0 0 0 0 0 0 0 0
 0 0 0 0 0 0 0 0 0 0 0 0 0 0 1 0 0 0 0 0 0 0 0 0 0 0 0 0 0 0 0 0 0 0 1 0 0
 0 0 0 0 0 0 0 0 0 1 0 1 0 0 0 0 0 0 1 0 0 0 0 0 1 0 0 0 0 0 0 0 0 0 1 0 1
 0 0 0 0 0 1 0 1 0 0 0 0 0 0 0 1 0 0 0 0 1 0 1 0 0 0 0 0 0 0 0 0 0 1 0 0 0
 0 0 0 0 0 0 0 0 0 0 1 0 0 0 0 0 0 0 0 0 0 1 1 1 1 1 1 1 1 1 1 1 1 1 1 1 1
 1 1 1 1 1 1 1 1 1 1 1 1 1 1 1 1 1 1 1 1 1 1 1 1 1 1 1 1 1 1 1 1 1 1 1 1 1
 1 1 1 1 1 1 1 1 1 1 1 1 1 1 1 1 1 1 1 1 1 1 1 1 1 1 1 1 1 1 1 1 1 1 1 1 1
 1 1 1 1 1 1 1 1 1 1 1 1 1 1 1 1 1 1 1 1 1 1 1 1 1 1 1 1 1 1 1 1 1 1 1 1 1
 1 1 1 1 1 1 1 1 1 1 1 1 1 1 1 1 1 1 1 1 1 1 1 1 1 1 1 1 1 1 1 1 1 1 1 1 1
 1 1 1 1 1 1 1 1 1 1 1 1 1 1 1 1 1 1 1 1 1 1 1 1 1 1 1 1 1 1 1]

