Clustering algorithm selected: kmeans++
=====================================

Clustering evaluation metric: dbc_ss
Clustering evaluation value: 0.3877178506980459

========== Cluster 0 ==========

Base classifier: SVC(probability=True)

Minority Class: 0

Selected Features: [28 24  8 21 23  1  4  3 25 14 20 17 16  0 22 26  6 18]

Labels: [0 0 0 1 1 0 1 0 1 1 0 0 1 1 0 0 1 1 0 0 0 1 0 0 1 1 0 1 0 1 0 1 0 1 1 1 1
 1 0 0 0 1 1 0 1 0 1 0 0 1 1 0 1 1 1 1 1 1 0 1 0 0 0 1 0 0 1 0 1 0 1 0 1 0
 1 0 1 1 0 1 0 0 1 1 0 0 1 0 1 0 1 1 0 1 0 0 1 0 1 1 0 0 0 1 0 1 1 0 1 0 0
 1 0 0 0 0 1 1 1 0]

Synthetic samples indexes: [  0   1   2   5   7  10  11  14  15  19  22  28  30  32  38  39  40  43
  45  48  58  60  61  65  67  69  71  75  78  80  89  95  97 100 101 102
 107 110 112 114 115 119]

========== Cluster 1 ==========

Base classifier: SVC(probability=True)

Minority Class: 0

Selected Features: [21 24 23  0  3 14  1  4  8 28 27  7 22  2 13]

Labels: [0 0 1 0 0 1 1 1 1 1 0 0 0 0 0 0 0 0 1 0 1 0 0 0 1 1 0 0 1 1 0 1 0 1 0 1 1
 1 1 1 0 1 0 0 1 1 1 1 1 0 1 0 0 0 0 0 0 1 0 0 0 1 1 1 1 1 1 0 1 0 0 0 1 1
 0 1 1 1 1 1 0 1 1 0 1 1 1 1 1 0 0 1 1 1 0 0 0 0 1 0 1 0 0 0 1 1 0 0 0 0 0
 0 1 0 0 1 0 0 1 1 1 0 0 1 0 0 0 0 0 0 0 1 1 0 0 1 0 0 1 0 1 0 1 0 1 0 0 0
 1 1 0 1 1 1 0 1 0 0 1 1 0 1 0 0 0 1 0 1 1 1 0 0 0 1 1 0 0 1 1 1 0 0 0 0 0
 0 1 1 0 0 1 0 0 1 0 0 0 0 1 1 0 1 0 1 0 1 1 0 0 0 0 1 1 0 0 1 1 0 1 1 0 1
 0 0 0 0 0 1 0 1 0 0 1 0 0 1 0 0 1 0 1 0 1 0 1 1 1 0 0 0 0 1 0 1 1 1 1 0 1
 1 1 0 1 0 1 1 1 0 1 0 1 1 0 1 0 1 0 0 1 1 1 0 1 0 0 1 1 0 1 1 0 1 0 1 1 1
 1 1 1 0 0 0 0 1 0 0 1 0 1 1 0 1 1 1 0 0 1 1 1 1 0 1 0 0 0 1 0 0 0 0 0 1 0
 1 1 1 1 0 0 0 1 0 1 0 0 1 0 0 1 1 1 0 1 0 1 0 0 0 1 0 1 1 1 0 1 0 1 1 0 1
 1 0 1 1 0 0 1 1 1 0 1 1 1 1 1 1 1 1 0 1 1 0 0 1 0 0 1 0 1 1 0 0 1 1 1 1 1
 1 0 1 0 1 1 1 1 1 0 1 0 0 1 1 0 0 0 1 1 1 1 0 1 0 1 1 1 1 0 0 1 1 0 0 1 0
 0 0 0 1 0 1 0 0 1 1 0 1 0 1 0 0 0 0 0 1 0 0 1 1 1 1 0 1 0 1 1 1 1 0 1 1 1
 0 0 0 1 0 1 1 1 0 1 1 0 0 1 1 0 0 0 1 0 0 0 0 0 1 1 1 0 0 1 0 0 1 0 0 1 1
 0 0 1 0 1 0 1 0 0 0 1 0 0 1 0 1 1 0 1 1 0 0 1 1 0 1 0 1 0 0 0 0 0 0 1 1 1
 1 1 1 1 1 0 0 0 0 1 1 0 0 0 1 1 1 0 1 0 0 0 1 0 0 1 0 0 0 1 0 1 1 1 0 1 1
 1 0 1 1 0 1 0 0 1 1 0 0 0 1 1 0]

Synthetic samples indexes: [  2   5   6   7   8   9  18  24  28  29  33  35  36  37  38  39  41  44
  46  47  48  50  61  62  63  64  65  66  72  73  75  76  77  78  79  81
  82  84  85  86  87  88  91  92  93 100 104 105 112 115 118 119 120 123
 131 132 135 140 142 144 148 149 151 152 153 155 158 159 161 165 167 168
 169 173 174 177 178 179 186 187 190 193 198 199 201 203 205 206 211 215
 216 218 219 227 229 232 238 240 242 244 245 246 251 253 254 255 256 258
 259 262 264 265 266 268 270 271 273 275 278 279 280 285 288 289 291 293
 295 296 297 298 303 306 308 309 311 312 313 316 317 318 319 321 325 331
 333 334 335 336 340 342 345 349 350 352 354 358 360 361 362 364 366 367
 369 370 372 373 376 377 378 380 381 382 383 384 385 386 387 389 393 396
 398 399 402 403 404 406 407 409 411 412 413 414 415 417 420 421 425 426
 427 428 430 432 433 434 435 438 439 442 447 449 452 453 455 457 463 466
 467 468 469 471 473 474 475 478 479 480 486 487 488 490 491 494 495 499
 505 506 507 516 517 520 522 524 528 531 533 534 536 541 543 545 552 553
 555 556 557 558 559 564 565 569 570 573 577 580 586 587 588 590 591 592
 594 595 597 600 601 605 606]

========== Cluster 2 ==========

Base classifier: DummyClassifier(strategy='most_frequent')

Minority Class: 0

Selected Features: [ 0  1  2  3  4  5  6  7  8  9 10 11 12 13 14 15 16 17 18 19 20 21 22 23
 24 25 26 27 28 29 30]

Labels: [1 1 1 1 1 1 1 1 1 1 1 1 1 1 1 1 1 1 1 1 1 1 1 1 1 1 1 1 1 1 1 1 1 1 1 1 1
 1 1 1 1 1 1 1 1 1 1 1 1 1 1 1 1 1 1 1 1 1 1 1 1 1 1 1 1 1 1 1 1 1 1 1 1 1
 1 1 1 1 1 1 1 1 1 1 1 1 1 1 1 1 1 1 1 1 1 1 1 1 1 1 1 1 1]

Synthetic samples indexes: []

