Clustering algorithm selected: kmeans++
=====================================

Clustering evaluation metric: dbc
Clustering evaluation value: 0.46263340577177964

========== Cluster 0 ==========

Base classifier: GaussianNB()

Minority Class: 1

Selected Features: [32 37 33 34 31 36 23 35  1 15 25 11 30 16  5 29 17 24 12 21  4 26 10 13
 20  0 14 18 28 27 19 22  8  9  7]

Labels: [0 1 1 0 0 1 1 0 0 1 0 0 1 1 1 1 1 0 0 1 1 1 0 1 0 0 1 0 1 1 1 0 0 0 0 1 1
 1 1 1 1 1 0 1 0 1 1 0 1 1 1 0 0 0 0 0 0 1 0 1 1 0 1 1 0 1 1 1 1 0 0 1 1 0
 1 1 1 0 0 0 1 0 0 0 0 0 1 1 1 1 1 0 1 0 1 1 1 0 1 1 0 0 1 1 0 1 1 0 0 1 0
 0 1 1 0 1 1 1 0 0 0 0 1 1 0 0 0 1 1 0 0 1 0 1 0 0 0 1 0 0 1 1 0 0 0 0 0 1
 0 1 1 0 1 0 0 1 1 1 0 1 1 1 1 0 0 0 1 0 0 0 0 0 0 0 1 1 1 0 1 0 0 1 0 0 1
 0 1 1 1 1 1 0 0 1 0 0 1 1 0 1 1 1 0 1 0 0 0 0 0 0 0 0 0 1]

Synthetic samples indexes: [  1   2   6  13  15  20  23  29  30  37  38  39  40  41  43  46  48  49
  59  62  63  67  72  74  76  80  88  89  90  94  96  98  99 105 109 112
 113 115 116 122 123 131 140 147 150 155 156 157 159 160 162 166 175 178
 181 187 188 189 190 196 199 213]

========== Cluster 1 ==========

Base classifier: GaussianNB()

Minority Class: 1

Selected Features: [32 34 37 31 33 23  5  2  6 16 20 12  7 22  4 30 28 17 13 26  3 24 36 10
 29 15 25 35 21 27 19 18 11]

Labels: [1 1 1 0 0 1 1 1 0 1 0 0 1 1 1 1 1 0 1 1 0 1 1 0 1 0 0 0 0 0 0 0 0 1 0 0 1
 1 0 1 1 0 0 1 1 1 0 1 1 0 0 0 0 1 0 1 0 0 0 0 1 1 0 0 0 0 1 0 0 0 1 1 0 0
 1 1 1 1 1 1 0 0 0 1 1 0 0 0 0 1 1 1 0 1 1 0 1 1 0 0 1 0 0 1 0 1 1 1 0 1 0
 1 0 1 0 0 1 1 1 1 1 1 0 1 0 1 1 1 1 0 0 1 1 1 1 0 0 1 1 0 1 1 1 1 0 1 0 0
 0 1 0 0 1 1 0 0 0 0 0 1 0 1 1 0 0 1 0 0 0 0 0 1 1 0 0 1 0 1 0 1 0 1 1 0 1
 1 0 0 0 0 1 0 0 1 0 1 1 0 1 1 0 1 0 1 0 0 0 0 1 1 1 1 1 1 0 1 0 1 1 0 1 1
 0 0 0 1 0 1 0 1 0 1 1 0 0 0 0 0 1 1 0 1 1 1 0 1 1 1 0 1 1 0 0 1 1 0 0 1 0
 1 0 1 0 1 0 1 1 1 1 0 0 0 1 0 1 0 0 0 1 0 1 0 1 0 1 0 0 0 0 1 1 0 0 1 0 1
 0 1 0 1 0 1 1 0 0 1 1 1 1 1 1 0 0 1 1 0 1 0 0 0 1 0 0 0 0 1 1 0 1 0 0 1 0
 0 1 0 1 0 1 1 0 1 1 1 0 1 0 1 1 0 0 0 1 1 1 1 0 0 1 1 1 1 0 0 1 1 1 0 1 1
 1 0 1 0 1 1 1 1 1 0 1 0 0 1 0 0 1 0 0 0 1 1 0 0 1 0 0 1 1 0 1 0 0 1 0 1 1
 0 0 1 0 1 1 1 0 1 1 0 1 1 0 0 0 0 1 0 1 0 0 0 0 1 1 0 0 0 0 1 0 0 0 1 0 1
 1 1 1 0 0 1 0 1 0 1 0 0 1 0 1 0 1 0 0 1 0 0 1 0 1 1 0 0 1 0 0 0]

Synthetic samples indexes: [120 153 209 217 325 334 437]

