============== Classifiers Parameters ==============
[{'n_estimators': 403, 'max_depth': 6, 'min_samples_split': 8, 'min_samples_leaf': 4}, {'n_estimators': 350, 'max_depth': 5, 'min_samples_split': 8, 'min_samples_leaf': 2}, {'n_estimators': 239, 'max_depth': 8, 'min_samples_split': 4, 'min_samples_leaf': 5}]

Optimal clusterer: kmeans

External clustering metrics:
adjusted_rand_score: 0.3055904909257819
normalized_mutual_info_score: 0.2636692638148843
v_measure_score: 0.26366926381488426
fowlkes_mallows_score: 0.5364696392259292

Internal clustering metrics:
silhouette: 0.3399692141700636
davies_bouldin: 0.9271286448884745
calinski_harabasz_score: 468.964175521029

Base classifier: extra_tree
========== Cluster 0 ==========

Labels: [0 0 2 0 0 0 1 1 1 0 1 0 0 0 1 0 0 0 0 1 0 0 1 0 2 0 0 0 0 0 1 0 2 0 0 1 0
 0 0 0 2 2 0 0 0 0 0 1 0 0 0 0 1 0 0 2 0 0 2 0 0 0 0 2 0 0 1 0 2 0 0 0 0 0
 0 2 0 0 1 0 1 0 1 0 2 0 2 0 1 1 1 1 0 2 0 0 0 0 0 0 0 0 0 0 0 0 0 2 0 1 0
 0 0 0 2 0 1 0 1 0 1 1 2 0 2 0 0 0 0 2 0 0 2 0 1 2 0 0 2 2 1 0 0 0 1 0 0 0
 0 0 1 0 0 1 0 2 0 0 0 0 2 0 1 0 0 0 2 2 0 0 0 2 0 0 0 0 0 0 1 0 0 1 0 2 0
 0 0 1 1 0 0 0 2 2 0 2 0 0 1 1 0 1 0 0 0]

========== Cluster 1 ==========

Labels: [2 2 2 1 2 0 1 2 2 0 1 0 1 1 2 2 2 2 1 0 1 2 1 2 2 1 2 2 2 1 0 2 2 2 2 0 2
 2 2 0 0 2 2 1 2 2 2 2 1 2 0 1 2 2 0 2 2 2 0 2 2 2 2 2 2 0 1 1 1 2 2 0 0 0
 2 0 2 0 2 2 2 1 1 2 2 2 2 1 2 0 1 0 2 0 2 0 2 1 2 2 2 2 2 2 2 0 2 2 2 0 2
 2 2 2 2 1 2 2 1 0 2 2 2 2 2 1 2 2 2 2 2 2 2 2 2 2 2 2 0 2 2 2 0 2 0 0 2 2
 0 2 2 2 2 2 2 2 2 0 2 2 2 2 0 2 2 2 1 2 2 2 0 2 1 2 2 2 2 0 0 2 2 2 2 2 2
 2 2 2 2 1 2 2 0 2 1 2 1 1 2 2 2 2 2 2 2 2 2 2 2 2 2 2 2 1 2 2 2 0 1 1 2 2
 2 0 0 1 2 0 0 2 0 2 2 2 1 2 2 2 2 2 2 2 2 2 0 0 2 0 2 1 2 2 0 0]

========== Cluster 2 ==========

Labels: [1 1 1 1 1 1 1 0 1 1 1 1 0 0 0 1 2 1 1 0 0 1 1 1 1 1 1 0 0 1 1 1 1 1 0 2 2
 0 1 2 1 1 0 0 1 0 1 0 1 1 1 1 0 1 1 1 1 2 1 1 0 2 1 1 1 1 1 1 1 1 1 1 0 1
 1 1 1 2 1 1 2 1 1 1 1 1 1 1 2 1 2 0 2 1 1 1 1 1 1 1 1 1 1 0 1 1 1 0 0 1 1
 1 1 0 0 0 2 2 1 0 2 1 1 1 1 1 0 1 1 0 1 1 0 2 1 1 1 1 1 0 0 1 0 1 0 1 1 2
 1 1 0 2 1 1 1 1 1 1 1 1 1 1 1 1 1 1 1 1 0 2 0 2 1 1 2 0 0 0 1 1 1 1 2 1 1
 1 1 1 1 1 1 1 1 1 0 1 2 1 1 1 1 1 1 1 1 1 1 1 0 1 1 0 1 0 1 1]

