============== Classifiers Parameters ==============
[{'n_estimators': 94, 'max_depth': 8, 'min_samples_split': 6, 'min_samples_leaf': 2}, {'n_estimators': 311, 'max_depth': 6, 'min_samples_split': 10, 'min_samples_leaf': 9}, {'n_estimators': 290, 'max_depth': 2, 'min_samples_split': 4, 'min_samples_leaf': 6}]

Optimal clusterer: kmeans

External clustering metrics:
adjusted_rand_score: 0.3135805949849831
normalized_mutual_info_score: 0.26948775548929393
v_measure_score: 0.26948775548929393
fowlkes_mallows_score: 0.54296316634897

Internal clustering metrics:
silhouette: 0.3354243888455298
davies_bouldin: 0.9272121421521132
calinski_harabasz_score: 461.313751233693

Base classifier: extra_tree
========== Cluster 0 ==========

Labels: [2 2 2 1 2 0 1 2 2 0 1 0 1 1 2 2 2 2 1 0 2 2 2 2 2 2 2 2 2 2 2 2 1 0 0 1 0
 1 2 0 2 2 2 1 2 1 2 2 2 1 2 2 2 2 2 0 2 2 2 1 1 1 2 2 2 2 2 2 1 2 2 0 0 0
 2 0 2 0 2 2 2 1 1 2 2 2 2 1 2 0 1 0 2 2 0 2 0 2 1 2 2 2 2 2 2 2 0 2 2 2 0
 2 2 2 2 2 1 2 2 1 0 2 2 2 2 2 1 2 2 2 2 2 2 2 2 2 2 2 2 0 2 2 2 0 2 0 0 2
 2 0 2 2 2 2 2 2 2 2 0 2 2 2 2 0 2 2 2 1 2 2 2 0 2 1 2 2 2 2 0 0 2 2 2 2 2
 2 2 2 2 2 1 2 2 0 2 1 2 1 1 2 2 2 2 2 2 2 2 2 2 2 2 2 2 2 2 1 2 2 2 0 1 1
 2 2 2 0 0 1 2 0 0 2 0 2 2 2 1 2 2 2 2 2 2 2 2 2 0 0 2 0 2 1 2 2 0 0]

========== Cluster 1 ==========

Labels: [1 1 1 1 1 1 1 1 0 1 1 1 1 0 0 0 1 2 1 1 0 0 0 1 1 1 0 0 1 1 1 0 1 2 1 1 2
 0 1 1 1 1 1 0 1 0 1 0 1 1 1 1 0 1 1 1 1 2 1 1 0 2 1 1 1 1 1 1 1 1 1 1 0 1
 1 1 1 1 1 2 1 1 1 1 1 1 1 1 2 1 1 2 0 2 1 1 1 1 1 1 1 1 1 1 0 1 1 1 0 0 1
 1 1 1 0 0 0 2 2 1 0 2 1 1 1 1 1 1 0 1 1 0 1 1 1 0 2 1 1 1 1 1 0 0 1 0 1 0
 1 1 2 1 1 0 2 1 1 1 1 1 1 1 1 1 1 1 1 1 1 1 1 0 2 0 1 1 2 0 0 0 1 1 1 1 2
 1 1 1 1 1 1 1 1 1 1 1 1 0 1 2 1 1 1 1 1 1 1 1 1 1 1 1 0 1 1 0 1 0 1 1]

========== Cluster 2 ==========

Labels: [0 0 2 0 0 0 1 1 0 1 0 0 0 1 0 0 0 0 0 2 1 0 0 0 0 0 0 0 0 0 1 0 0 0 1 0 1
 0 0 0 0 0 0 0 0 0 1 0 0 2 0 0 1 0 0 2 0 0 2 0 0 0 0 2 0 0 1 0 2 0 0 0 0 0
 0 2 0 0 1 0 0 1 0 2 0 2 0 1 1 1 0 2 0 0 0 0 0 0 0 0 0 0 0 0 0 2 0 1 0 0 0
 0 2 0 0 1 0 1 2 0 2 0 0 0 0 2 0 0 2 0 1 2 0 0 2 2 1 0 0 0 1 0 0 0 0 0 1 0
 0 1 0 2 0 0 0 0 2 0 1 0 0 0 2 2 0 0 0 2 0 0 0 0 0 0 1 0 0 1 0 2 0 0 0 1 0
 0 0 2 2 0 2 0 0 1 1 0 0 0 0]

