============== Classifiers Parameters ==============
[{'n_estimators': 51, 'max_depth': 6, 'min_samples_split': 3, 'min_samples_leaf': 3, 'learning_rate': 0.24822838721656995}, {'n_estimators': 311, 'max_depth': 1, 'min_samples_split': 3, 'min_samples_leaf': 1, 'learning_rate': 0.2420962231637791}]

Optimal clusterer: kmeans

External clustering metrics:
adjusted_rand_score: 0.3078683099403565
normalized_mutual_info_score: 0.2663807606480831
v_measure_score: 0.266380760648083
fowlkes_mallows_score: 0.538160557808257

Internal clustering metrics:
silhouette: 0.3434195245447128
davies_bouldin: 0.9302022832170693
calinski_harabasz_score: 475.0524142978688

Base classifier: gb
========== Cluster 0 ==========

Labels: [2 2 1 2 2 1 2 0 0 1 2 0 2 0 1 0 1 1 2 0 2 2 2 1 1 0 1 2 1 2 2 1 2 1 2 2 1
 0 2 2 2 2 0 2 2 2 0 2 2 0 0 2 2 1 2 2 2 2 1 2 0 1 2 0 2 1 0 0 2 2 2 0 1 2
 2 0 0 2 1 2 0 0 1 2 0 2 2 2 2 0 2 2 2 1 2 0 1 2 2 2 1 2 0 2 2 2 0 2 2 2 1
 1 1 2 2 0 2 2 2 2 1 2 2 0 0 2 0 2 2 0 2 0 2 2 1 1 2 1 1 0 0 2 2 2 2 2 1 2
 2 0 1 0 2 0 2 0 2 0 2 1 2 2 2 1 2 2 2 2 2 0 2 2 2 2 2 2 2 2 2 2 2 2 2 2 2
 0 1 0 0 0 0 2 2 2 2 2 2 2 2 2 2 0 2 0 2 2 2 0 2 2 2 1 0 2 2 2 0 2 2 2 1 2
 2 2 2 2 0 0 1 2 2 2 2 2 2 2 2 2 2 1 2 1 2 2 1 2 1 1 2 2 2 2 2 2 2 2 2 2 2
 2 2 2 2 2 2 1 2 2 2 0 0 0 1 1 2 2 2 0 0 0 1 2 1 0 0 2 0 2 0 2 0 0 2 1 2 0
 2 2 2 2 2 2 2 2 2 2 2 0 0 0 2 0 2 1 2 2 0 0]

========== Cluster 1 ==========

Labels: [1 0 1 1 0 0 1 1 0 1 1 1 1 0 1 1 1 1 0 0 0 1 0 0 1 2 1 1 0 0 0 1 0 1 0 1 0
 1 1 1 0 0 1 0 0 1 1 0 1 1 1 0 0 0 0 0 2 0 1 1 0 2 0 2 0 1 1 0 1 0 1 0 1 0
 1 0 0 0 1 1 1 0 0 0 0 0 1 0 1 0 0 2 0 1 1 0 1 1 0 0 2 0 1 0 1 0 0 1 0 2 1
 1 0 1 0 1 0 1 0 0 1 1 1 2 0 1 0 1 0 1 1 0 0 1 1 2 1 1 0 0 0 2 1 1 1 0 1 1
 1 1 1 0 0 0 1 0 1 1 1 0 0 1 0 1 0 0 1 0 2 1 0 0 1 1 0 1 1 1 1 0 1 1 0 2 2
 0 0 1 2 2 0 1 0 0 0 1 1 1 0 1 1 0 1 1 0 1 0 0 1 1 1 1 0 2 0 0 1 1 1 0 1 1
 0 0 2 0 1 0 0 0 1 2 0 1 1 1 1 1 0 2 1 0 0 2 1 1 1 0 0 0 1 1 1 0 0 0 1 0 1
 0 1 1 0 0 1 0 1 1 1 1 0 1 1 0 0 0 0 0 2 0 2 0 1 0 1 0 0 2 2 0 1 2 0 0 0 2
 1 1 1 1 2 1 0 0 0 0 0 0 1 1 0 1 1 1 1 1 1 1 2 0 1 1 0 1 1 0 1 1 1 0 2 1 0
 0 1 0 1 1 1 1 1 1 1 1 1 1 0 0 1 1 0 1 0 0 0 1 1]

