============== Classifiers Parameters ==============
[{'n_estimators': 296, 'max_depth': 5, 'min_samples_split': 9, 'min_samples_leaf': 9}, {'n_estimators': 95, 'max_depth': 2, 'min_samples_split': 8, 'min_samples_leaf': 2}, {'n_estimators': 389, 'max_depth': 3, 'min_samples_split': 7, 'min_samples_leaf': 3}]

Optimal clusterer: kmeans

External clustering metrics:
adjusted_rand_score: 0.3216538652364919
normalized_mutual_info_score: 0.309566574159535
v_measure_score: 0.30956657415953504
fowlkes_mallows_score: 0.558471809938801

Internal clustering metrics:
silhouette: 0.3422744586248778
davies_bouldin: 0.9398889282993323
calinski_harabasz_score: 445.67359613195384

Base classifier: extra_tree
========== Cluster 0 ==========

Labels: [1 1 1 1 1 1 1 1 0 1 1 1 1 0 0 0 1 2 1 1 0 0 0 1 0 1 1 1 1 1 0 0 1 1 1 1 1
 0 2 0 1 1 2 1 1 1 0 1 1 0 0 1 1 1 0 0 1 2 1 1 2 0 1 1 1 1 1 0 1 0 1 0 1 1
 1 1 0 1 1 1 1 1 2 1 1 0 2 1 1 1 1 1 1 1 1 2 1 1 1 0 1 1 1 1 1 1 0 1 1 1 1
 0 1 1 1 0 0 1 1 1 1 0 0 0 2 2 1 0 2 1 1 1 1 1 1 0 1 1 1 0 1 1 1 0 1 1 1 1
 1 0 0 1 0 1 0 1 1 1 1 0 2 1 1 1 1 1 1 1 1 1 1 1 1 1 1 1 1 1 0 2 0 1 1 1 2
 0 0 0 1 1 1 1 2 1 1 1 1 1 1 1 1 1 1 1 1 1 0 1 2 1 1 1 1 1 1 1 1 1 1 1 1 0
 1 1 0 1 0 0 1 1]

========== Cluster 1 ==========

Labels: [2 2 2 1 2 0 1 2 2 0 1 0 1 1 2 2 2 2 0 1 2 1 2 2 1 2 2 2 1 0 2 2 2 2 2 2 2
 0 0 2 2 1 2 2 2 1 2 0 1 2 2 0 2 2 2 0 2 2 0 0 1 2 1 2 2 2 2 0 2 2 2 1 2 1
 2 2 2 1 2 2 2 2 0 2 2 2 1 1 2 2 2 2 2 2 2 0 2 0 2 2 2 2 2 2 2 2 2 2 2 2 2
 1 2 1 2 2 2 2 2 2 2 2 2 2 2 0 2 2 2 2 0 2 0 2 2 2 2 2 2 0 2 2 2 2 2 2 2 1
 2 2 2 0 2 2 1 2 2 0 2 2 2 2 2 2 2 2 2 2 1 2 2 2 1 2 1 1 2 2 2 2 2 2 2 2 2
 2 2 2 2 2 2 1 2 2 2 1 1 2 2 1 2 0 0 2 2 2 1 2 2 2 2 2 2 2 2 2 0 2 0 1 2 2
 0]

========== Cluster 2 ==========

Labels: [0 0 2 0 0 0 1 1 0 1 0 0 0 1 1 0 0 1 0 0 1 0 0 2 2 0 0 0 0 0 2 0 2 0 0 1 0
 0 0 1 0 1 0 0 2 0 0 0 0 0 0 2 0 1 0 0 0 1 0 1 0 0 0 0 0 0 0 0 2 0 1 1 0 0
 2 2 0 2 0 1 0 0 0 0 2 0 0 0 2 0 2 2 2 0 1 0 0 0 0 1 0 0 0 0 0 0 2 0 0 0 0
 2 0 1 2 0 0 0 0 2 0 0 0 0 0 1 2 2 2 0 2 2 2 0 0 0 0 0 2 0 0 2 0 1 2 0 0 2
 2 1 0 0 2 0 2 0 0 0 0 0 0 1 0 0 1 0 0 2 2 0 0 0 0 2 0 0 0 0 2 2 0 0 0 0 2
 0 0 0 2 0 0 0 0 1 0 0 0 2 0 0 2 0 0 0 1 0 0 0 2 2 0 2 0 0 1 1 0 0 2 0 0 0]

