Clustering algorithm selected: kmeans
=====================================

Clustering evaluation metric: dbc_rand
Clustering evaluation value: 0.3079566499835147

========== Cluster 0 ==========

Base classifier: LogisticRegression()

Minority Class: 1

Selected Features: [32 34 31 33 37 36 15 19 16 23 17 25  0 21 29 12  2 30 14  4 11 22  8  1
  3  5  6  7 24  9 10 26 13]

Labels: [1 0 1 1 0 1 0 0 1 0 0 1 1 0 0 0 0 1 0 0 0 0 0 0 0 1 0 1 0 0 0 0 0 0 0 0 1
 0 0 0 1 0 1 1 1 1 1 1 1 1 1 1 1 1 0 0 0 0 0 0 0 0 0 0 0 0 0 0 0 0 0 1 0 1
 0 1 1 0 1 1 0 0 0 0 0 0 0 1 0 0 1 1 1 1 0 1 1 0 1 1 1 1 0 1 0 0 1 0 0 0 0
 0 1 1 0 1 1 1 0 1 0 1 1 0 1 1 0 0 0 1 0 0 1 0 1 1 0 0 0 1 1 1 1 0 0 0 1 0
 0 0 0 0 1 0 1 1 1 0 0 0 0 1 1 1 1 1 0 1 0 0 1 0 1 0 1 1 1 1 0 1 0 1 0 1 1
 0 1 0 1 1 1 0 1 0 1 0 1 0 1 0 1 1 0 0 1 0 1 0 0 1 1 0 1 1 0 1 0 1 1 0 1 1
 1 0 1 1 1 0 0 1 0 1 1 1 0 0 1 1 0 0 0 1 0 0 0 0 0 1 1 0 0 0 1 1 0 0 0 0 1
 1 0 1 0 0 0 1 0 0 0 1 0 0 1 0 0 1 1 1 0 1 0 1 0 0 1 0 1 0 1 1 1 0 0 1 1 0
 1 0 0 1 0 0 0 1 1 1 1 0 0 0 1 1 0 1 0 1 0 0 1 1 0 0 1 1 0 1 0 0 1 1 1 0 1
 1 0 1 1 1 0 0 1 1 0 0 1 1 1 0 0 1 0 1 1 1 0 0 0 1 0 1 1 0 0 1 0 1 0 0 1 1
 0 0 1 1 1 0 1 1 1 0 1 0 0 1 0 1 0 0 0 1 0 0 0 1 0 0 0 1 1 1 1 0 1 1 0 0 0
 0 1 1 1 1 1 1 1 0 1 1 1 0 0 0 1 0 1 0 0 1 1 1 0 0 1 1 1 0 0 0 1 1 1 0 0 1
 1 0 0 1 1 0 1 0 1 1 1 0 0 1 1 1 1 0 0 1 1 1 0 1 0 1 1 1 0 0 1 0 1 1]

========== Cluster 1 ==========

Base classifier: LogisticRegression()

Minority Class: 1

Selected Features: [32 28 37 33 34 10 17  5  2 27  6 20 26 13 31  9 11 35 15 36 21  3 22 25
  1  7  8  4 18]

Labels: [1 0 1 1 0 0 0 0 0 1 1 0 0 1 1 0 0 0 0 0 0 0 0 0 0 0 0 1 0 0 0 0 0 0 1 1 0
 1 0 0 0 1 0 0 0 0 0 0 0 0 1 0 0 0 0 1 0 0 0 0 0 1 0 0 0 1 0 0 1 1 0 0 0 1
 1 0 0 0 1 0 0 1 1 0 1 0 0 0 0 0 1 0 0 1 1 1 1 0 0 0 0 0 0 1 0 1 1 0 0 1 0
 0 0 0 1 0 0 1 0 0 0 0 0 0 1 0 0 0 0 0 1 1 1 0 0 0 1 0 0 0 1 0 0]

