Clustering algorithm selected: fcm
=====================================

Clustering evaluation metric: dbc_rand
Clustering evaluation value: 0.37684724191984825

========== Cluster 0 ==========

Base classifier: DummyClassifier(strategy='most_frequent')

Minority Class: 1

Selected Features: [ 0  1  2  3  4  5  6  7  8  9 10 11 12 13 14 15 16 17 18 19 20 21 22 23
 24 25 26 27 28 29 30 31 32 33 34 35 36 37]

Labels: [1]

========== Cluster 1 ==========

Base classifier: DummyClassifier(strategy='most_frequent')

Minority Class: 0

Selected Features: [ 0  1  2  3  4  5  6  7  8  9 10 11 12 13 14 15 16 17 18 19 20 21 22 23
 24 25 26 27 28 29 30 31 32 33 34 35 36 37]

Labels: [0]

========== Cluster 2 ==========

Base classifier: AdaBoostClassifier()

Minority Class: 0

Selected Features: [32 37 34 31 35 23 22 25 16  4 17 36 19 30 11 29 18 21  3 26 10 27  1 24
  5  7  2 33  6 20  8  9 28]

Labels: [1 1 1 1 1 1 1 0 0 1 0 1 0 0 1 1 1 1 1 1 1 1 0 1 1 1 1 1 0 1 1 0 1 0 0 1 1
 1 1 1 1 1 0 0 1 0 0 0 1 1 0 0 1 1 0 1 1 1 1 1 0 1 1 0 1 0 1 0 1 1 0 1 1 1
 1 1 1 0 0 1 0 0 1 1 1 1 0 1 1 1 1 1 1 1 0 1 0 1 1 1 1 1 1 0 0 1 1 1 1 0 1
 1 1 0 0 1 1 1 1 0 0 1 0 0 0 1 1 1 0 1 1 1 1 1 1 0 0 1 0 1 1 1 1 1 1 1 1 1
 0 1 1 1 0 1 0 1 0 1 0 1 1 1 0 1 1 1 0 1 1 0 1 1 1 1 1 1 1 1 1 0 1 1 1 1 0
 1 1 1 1 0 1 0 1 1 1 0 1 0 1 1 1 0 0 1 1 0 1 1 1 1 1 0 1 1 1 0 0 1 0 1 1 1
 1 1 0 1 1 1 1 1 1 1 1 1 1 1 1 1 1 1 1 1 1 1 1 0 0 0 1 0 1 0 1 1 1 0 1 1 1
 0 1 1 1 1 1 1 1 1 1 0 1 0 1 1 1 1 1 1 1 0 0 1 1 1 1 1 1 1 0 1 1 1 0 1 0 0
 1 1 1 0 1 1 1 1 1 0 1 1 1 1 1 1 1 0 1 1 1]

========== Cluster 3 ==========

Base classifier: LogisticRegression()

Minority Class: 1

Selected Features: [32 22  3  4  5 26 34 11 35 12 37 19 27  1 14 31 17 24 25 18 36 16 33]

Labels: [0 0 1 0 0 1 1 0 0 0 0 0 0 0 0 0 0 0 0 0 1 0 0 0 1 0 0 1 0 0 0 0 0 0 0 0 0
 0 0 0 0 0 0 0 0 0 0 0 0 1 0 0 1 0 0 0 0 0 0 0 0 0 1 0 0 0 1 0 1 0 0 0 0 0
 0 0 0 1 0 0 1 0 0 0 0 0 0 0 0 0 0 1 0 0 1 0 0 0 0 0 0 0 0 0 0 0 0 0 0 0 1
 0 0 0 0 0 0 0 0 0 1 1 0 0 0 0 0 0 0 0 1 0 0 0 1 0 0 0 0 0 1 0 0 0 0 0 0 0
 0 0 0 1 0 0 0 0 1 0 1 0 0 0 1 0 0 0 0 0 0 0 0 0 0 0 0 0 1 0 0 0 0 0 0 0 0
 0 1 0 0 0 0 0 0 0 1 0 0 0 0 0 1 0 0 0 0 0 0 0 0 0 0 0 0 0 0 0 1 0 0 0 0 0
 0 0 0 1 0 0 0 0 1 1 1 1 1 1 0 0 0 0 0 0 0 0 0 0 0 0 1 0 0 0 0 0 0 0 1 0 0
 0 0 0 0 1 0 1 0 0 0 0 0 0 0 0 0 0 1 0 0 0 0 0 0 0 0 0 0 0 0 0 1 0 0 0 0 0
 0 0 0 0 0 0]

