Clustering algorithm selected: kmeans
=====================================

Clustering evaluation metric: dbc_ss
Clustering evaluation value: 0.22683830712179204

========== Cluster 0 ==========

Base classifier: LogisticRegression()

Selected Features: [3 1 8 6]

Labels: [0 0 2 1 0 2 2 1 0 0 1 1 2 2 0 2 1 0 0 0 1 0 2 0 0 0 0 1 0 1 2 0 0 2 0 0 0
 0 2 1 0 1 0 0 0 1 0 0 0 1 0 2 2 1 0 2 0 1 2 0 0 0 1 2 2 0 0 0 0 1 2 2 0 0
 0 1 1 0 2 1 1 0 2 2 0 0 2 2 2 0 1 2 2 0 0 0 0 0 2 0 2 2 2 0 1 2 1 0 0 2 0
 1 2 0 2 1 0 2 2 2 2 0 2 0 0 0 1 1 0 1 2 0 0 0 0 0 2 0 1 2 0 1 2 0 0 1 0 0
 0 1 0 0 2 1 2 0 0 0 1 2 1 1 1 2 0 2 0 0 0 2 0 0 0 2 2 0 1 0 2 2 0 0 0 1 2
 2 0 0 0 1 2 0 1 1 2 0 2 0 0 2 2 0 1 0 2 0 2 2 0 1 2 1 0 1 0 0 2 0 0 1 0 2
 0 2 2 1 1 1 0 0 2 2 0 1 1 0 1 0 1 0 0 1 1 2 2 2 1 2 1 0 0 0 2 2 0 0 2 2 0
 1 0 1 0 2 0 0 0 1 2 0 1 2 2 0 0 0 1 2 1 1 1 0 1 1 1 0 1 1 2 0 2 0 1 1 2 1
 0 0 2 2 0 0 0 1 0 2 2 0 0 0 2 0 2 0 0 2 2 0 2 1 0 0 1 2]

========== Cluster 1 ==========

Base classifier: DecisionTreeClassifier()

Selected Features: [3 5 1 6]

Labels: [2 0 2 2 0 0 1 0 0 1 2 0 2 0 2 2 0 0 0 2 0 2 1 0 2 0 2 0 2 0 1 1 2 1 0 1 2
 0 1 2 1 2 0 0 0 1 2 2 2 2 2 2 0 1 1 2 2 2 1 1 2 1 2 2 2 0 2 0 0 1 0 1 0 0
 0 1 2 0 0 0 2 0 0 2 0 0 2 0 0 1 0 0 2 2 0 2 0 0 2 0 2 2 0 0 1 1 0 2 0 0 1
 0 0 2 0 1 0 1 2 2 2 0 1 0 2 2 2 0 2 2 0 0 2 1 2 2 2 0 1 2 0 1 1 2 2 2 2 2
 1 2 1 1 0 1 2 2 0 0 1 2 0 0 2 1 2 1 2 0 2 2 2 2 0 2 2 2 2 2 2 1 2 0 0 1 2
 0 2 0 2 1]

========== Cluster 2 ==========

Base classifier: LogisticRegression()

Selected Features: [8 3 6 2 4]

Labels: [1 1 1 1 0 0 1 0 1 0 1 1 2 0 0 0 1 0 1 0 1 2 1 1 1 2 2 1 1 0 0 0 0 0 0 2 1
 1 0 1 1 2 2 1 1 1 2 2 0 2 2 1 0 1 0 0 2 0 0 1 0 0 2 1 1 0 1 1 2 1 2 1 2 2
 1 1 2 0 2 0 2 1 2 2 1 2 1 1 2 2 1 2 2 0 0 1 1 1 1 1 0 1 1 1 0 1 1 1 1 2 2
 1 0 0 1 0 1 2 0 2 1 0 1 2 0 0 2 1 2 0 1 2 0 2 0 0 2 2 2 1 2 0 2 0 2 1 1 0
 2 2 1 1 2 1 2 1 2 0 0 0 0 0 2 1 1 2 1 0 0 1 0 1 0 0 0 1 2 0 1 0 0 0 2 0 1
 2 0 0 0 1 2 0 2 1 2 1 2 0 0 0 0 0 1 2 0 1 2 2 1 2 2 0 2 2 0 0 0 2 0 1 0 2
 2 1 2 2 1 2 2 0 2 1 0 1 2 2 0 0 1 2 2 2 1 1 0 2 1 1 2 1 1 0 0 1 0 2 1 1 0
 0 1 2 1 1 2 2 1 2 0 1 2 2 1 2 2 2 2 1 2 2 1 0 0 1 0 2 0 1 1 1 1 2 2 2 2 2
 0 2 2 1 0 0 2 0 2 2 0 2 0 1 2 0 0 2 1 1 1 1 1 1 1 1 0 2 2 2 1 1 2 2 1 2 2
 0 1 0 1 0 2 1 0 1 0 1 2 2 0 1 0 1 1 2 2 0 0 0 0 2 0 2 1 2 2 2 1 1 2 1 2 0
 1 0 1 1 0 0 2 1 2 2 0 0 0 1 0 0 0 1 0 2 2 0 2 2 0 0 1 0 2 0 2 2 2 1 0 1 0
 2 1 1 2 2 1 1 2 1 1 2 2 0 0 0]

========== Cluster 3 ==========

Base classifier: SVC(probability=True)

Selected Features: [0 3 6 2]

Labels: [0 0 0 2 2 2 0 2 2 2 2 2 0 0 0 0 0 0 0 2 0 0 2 0 0 2 0 2 0 0 0 2 2 0 0 2 0
 1 0 0 2 2 0 0 0 0 0 0 0 2 2 0 0 2 0 2 0 2 2 2 0 2 2 0 0 0 2 2 0 2 2 1 0 0
 2 0 2 0 1 2 2 1 2 2 2 2 0 0 1 0 1 0 2 0 1 2 0 2 0 0 2 2 2 2 0 0 2 2 1 2 0
 0 0 2 0 0 0 1 2 0 0 2 1 0 0 0 0 0 0 2 1 0 0 0 2 0 0 0 0 2 0 1 2 2 2 2 0 0
 2 1 0 0 2 2 2 2 0 2 0 2 0 2 1 2 2 0 2 0 0 2 2 2 2 0 0 0 0 0 0 0 0 0 0 2 2
 2 2 2 0 1 0 2 0 0 2 1 0 2 2 1 0 0 2 2 1 0 0 0 0 1 0 2 1 0 2 0 2 0 2 0 0 2
 0 0 1 0 2 2 2 0 0 2 0 0 0 0 0 0 0 0 0 2 2 2 0 0 0 0 0 0 0 2 0 2 1 2 2 0 0
 1 2 0 1 0 0 0 2 0 2 0 0 1 0 0 2 2 2 0 2 0 0 0 0 0 0 2 2 0 0 0 2 2 0 0 2 0
 0 2 2 2 0 0 2 0 0 0 0 1 0 0 0 1 0 2 0 2 1 2 0 0 2 0 1 1 2 2 1 0 0 2 0 2 2
 0 2 0 0 2 0 2 1 2 2 2 0 0 1 0 0 0 2 0 1 0 0 0 0 0 0 0 0 0 0 0 2 1 2 0 2 0
 0 0 0 2 1 2 0 2 2 0 2 0 0 2 0 0 0 0 2]

