Clustering algorithm selected: kmeans++
=====================================

Clustering evaluation metric: dbc
Clustering evaluation value: 0.11562219926459487

========== Cluster 0 ==========

Base classifier: SVC(probability=True)

Selected Features: [0 1 2 3 4 5 6 7]

Labels: [0 0 0 0 0 1 0 0 0 0 0 1 1 0 1 1 0 0 0 1 1 0 0 1 1 0 1 1 0 1 1 0 0 0 0 1 1
 0 0 0 1 1 1 1 0 1 0 1 1 1 1 1 0 1 0 0 1 0 1 1 1 0 0 1 0 0 1 0 1 0 1 1 1 1
 0 0 0 0 0 1 0 0 1 0 0 0 0 0 0 1 1 0 0 1 1 0 1 1 0 0 0 0 1 1 1 1 1 1 1 0 1
 1 1 1 1 1 1 0 0 1 1 0 0 0 0 1 1 0 0 0 1 1 1 1 0 1 0 1 1 1 0 0 0 1 1 1 1 0
 0 1 1 0 0 0 0 0 1 1 0 1 0 1 1 1 1 0 0 0 0 0 0 1 0 0 1 0 1 1 1 0 0 0 1 1 1
 1 1 1 0 1 1 1 1 1 1 0 0 0 0 0 1 0 1 1 1 0 1 1 0 0 0 0 1 1 0 1 1 1]

========== Cluster 1 ==========

Base classifier: LogisticRegression()

Selected Features: [0 1 2 3 4 5 6 7]

Labels: [0 0 0 0 1 0 1 0 0 1 0 0 0 0 1 0 1 1 1 0 0 1 0 0 1 0 0 0 0 0 0 0 0 1 0 1 0
 0 0 0 1 0 0 0 1 1 0 0 0 0 0 0 0 1 0 0 1 0 0 1 1 0 0 0 0 1 0 0 0 0 0 0 0 1
 0 1 0 0 0 0 0 0 1 0 0 0 1 0 0 0 0 0 1 0 0 0 1 1 0 0 0 0 1 0 1 1 0 0 0 0 1
 0 0 0 0 0 0 1 1 0 0 0 0 0 0 0 0 0 0 0 0 1 0 0 1 0 0 0 0 1 0 0 0 1 0 0 0 0
 0 0 0 1 0 0 0 1 0 0 0 1 0 0 0 0 0 0 0 1 0 0 1 0 0 0 1 0 1 0 1 0 1 0 0 0 0
 0 0 0 0 0 0 1 0 0 0 0 0 0 0 0 0 0 1 0 0 0 0 0 0 0 0 0 0 1 1 0 0 0 0 0 1 0
 1 1 0 1 1 1 1 1 1 1 1 1 0 0 0 1 1 1 1 1 0 0 0 0 0 1 1 0 0 1 0 0 0 0 0 0 0
 1 0 0 0 1 0 1 0 0 0 0 0 0 0 0 0 0 0 0 0 0 1 0 0 0 0 0 0 1 0 0 0 0 1 0 0 0
 0 0 1 0 0 0 0 0 1 0 1 1 0 0 0 0 1 1 1 0 1 0 1 0 0 0 0 0 0 0 0 1 0 0 0 0 0
 0 0 0 0 0 0 1 0 1 0 0 0 1 0 0 0 0 0 1 0 0 1 0 0 0 1 0 0 0 0 0 1 1 1 0 0 1
 0 0 0 1 1 0 0 0 0 0 0 1 1 0 0 0 0 0 0 1 0 0 0 0 1 0 0 0 1 0 1 0 0 0 0 0 0
 0 1 1 0 1 0 0 0 1 0 1 0 0 0 0 0 1 0 0 0 1 1 1 1 0 0 0 0 0 0 0 0 0]

========== Cluster 2 ==========

Base classifier: SVC(probability=True)

Selected Features: [0 1 2 3 4 5 6 7]

Labels: [0 1 1 1 0 0 1 0 0 1 1 0 1 1 0 1 1 0 1 0 0 0 1 0 0 1 0 0 0 0 1 1 1]

