Clustering algorithm selected: fcm
=====================================

Clustering evaluation metric: dbc
Clustering evaluation value: 0.6697653817483177

========== Cluster 0 ==========

Base classifier: LogisticRegression()

Minority Class: 1

Selected Features: [32 27 21 14 31  9 11 35  6 17  3 10 12 36 13 20  2 25 19  8  7  5  4  1
 37 18 15 16 22 23 24 26]

Labels: [0 0 1 0 0 1 0 0 0 0 0 0 0 0 0 0 0 0 0 1 0 0 0 1 0 0 1 0 0 0 0 0 0 0 0 0 0
 0 0 0 0 0 0 0 0 0 0 0 1 0 0 1 0 0 0 0 0 0 0 0 0 1 0 0 0 0 1 0 0 0 0 0 0 0
 0 1 0 0 0 0 0 0 0 0 0 0 0 0 0 0 1 0 0 0 0 0 0 0 0 0 0 0 0 0 0 0 1 0 0 0 0
 0 0 0 0 1 1 0 0 0 0 0 0 0 0 1 0 0 0 1 0 0 0 0 0 1 0 0 0 0 0 0 0 0 0 0 1 0
 0 0 0 1 0 1 0 0 0 1 0 0 0 0 0 0 0 0 0 0 0 0 0 0 0 0 0 0 0 0 0 0 0 0 0 0 0
 1 0 0 0 0 1 0 0 0 1 0 0 0 0 0 0 0 1 1 0 0 0 0 0 1 1 0 0 0 0 0 0 0 0 0 0 0
 1 0 1 0 0 0 0 0 0 1 0 1 0 0 0 0 0 0 0 1 0 0 0 0 0 0 1 0 1 0 0 0 0 0 0 0 0
 0 0 1 0 0 0 0 0 0 0 0 0 0 0 0 0 1 0 0 0 0 0 0 0 0 0 0 0]

========== Cluster 1 ==========

Base classifier: AdaBoostClassifier()

Minority Class: 0

Selected Features: [32 37 34 31  2 29 26  7 24 25 17 23 15  0  3 16 20  6 35  8 36 14 21 22
 27 30 33  1  4  5 11  9 10 12 13]

Labels: [1 1 1 1 1 1 1 0 0 1 0 1 0 0 1 1 1 1 1 1 1 1 0 1 1 1 1 1 0 1 1 0 1 0 0 1 1
 1 1 1 1 1 1 0 0 1 0 0 0 1 1 0 1 1 0 1 1 1 1 1 1 0 1 1 0 1 0 1 0 1 1 1 1 1
 1 1 1 1 0 0 1 0 0 1 1 1 1 0 1 1 1 1 1 1 1 0 1 0 1 1 1 1 1 1 0 0 1 1 1 1 0
 1 1 1 0 0 1 1 1 1 0 0 1 0 0 0 1 1 1 1 1 1 1 1 1 0 0 1 0 1 1 1 1 1 1 1 1 1
 0 1 1 1 0 1 0 1 0 1 1 1 1 1 1 1 1 1 1 1 1 1 1 1 1 1 1 1 1 1 0 0 0 0 0 0 0
 0 1 1 1 1 0 1 1 1 1 1 0 1 1 1 0 1 0 1 1 1 1 1 0 1 1 1 0 1 1 1 0 1 1 1 1 1
 1 0 1 1 0 1 1 1 0 0 0 1 1 0 1 0 1 0 1 1 1 1 0 1 1 1 1 1 1 1 0 0 1 0 1 0 1
 1 1 0 1 1 1 0 1 1 1 1 1 1 1 1 1 0 1 0 1 1 1 1 1 1 1 0 0 1 1 1 1 1 1 1 0 1
 1 1 1 0 0 1 1 1 0 1 1 1 1 1 0 1 1 1 1 1 1 1 0 1 1 1]

========== Cluster 2 ==========

Base classifier: DummyClassifier(strategy='most_frequent')

Minority Class: 0

Selected Features: [26 23 37 20  2  5  6  7 10 11 12 13 14 15 16 19 18 21 27 35 34 30 28 31
 25  0 29]

Labels: [0 0 0]

========== Cluster 3 ==========

Base classifier: GaussianNB()

Minority Class: 1

Selected Features: [20 26  1 28 33 34 37  8 13 12 11 10  9  6  7 15  5  4  3  2 14 18 16 17
 36 19 21 22 23]

Labels: [1 0 0 0 0 0 0 0]

========== Cluster 4 ==========

Base classifier: DummyClassifier(strategy='most_frequent')

Minority Class: 1

Selected Features: [ 0  1  2  3  4  5  6  7  8  9 10 11 12 13 14 15 16 17 18 19 20 21 22 23
 24 25 26 27 28 29 30 31 32 33 34 35 36 37]

Labels: [1]

