Clustering algorithm selected: fcm
=====================================

Clustering evaluation metric: dbc
Clustering evaluation value: 0.4840057143134876

========== Cluster 0 ==========

Base classifier: LogisticRegression()

Minority Class: 0

Selected Features: [32 37 34 31 16  0 13 17 23  1 15 26  4 10  7 29 19  8 33 36 30 28 27  2
 24  3  5  6 25  9 20 22 11 12 21]

Labels: [1 1 1 1 1 1 1 0 0 1 0 1 0 0 1 1 1 1 1 1 1 1 0 1 1 1 1 1 0 1 1 0 1 0 0 1 1
 1 1 1 1 1 0 0 1 0 0 0 1 1 0 0 1 1 0 1 1 1 1 1 0 1 1 0 1 0 1 0 1 1 0 1 0 1
 1 1 1 1 1 0 0 0 1 0 0 1 1 1 1 0 1 1 1 1 1 1 1 0 1 0 1 1 1 1 0 1 1 0 0 1 1
 1 1 0 1 0 1 1 0 0 1 1 1 1 0 0 1 0 0 0 1 1 1 0 1 1 1 1 1 1 0 0 1 0 1 1 1 1
 1 1 1 1 1 0 1 1 1 1 0 1 0 1 0 1 0 1 1 1 0 1 1 1 0 1 1 0 1 1 1 1 1 1 1 1 1
 0 1 1 1 1 0 1 1 1 1 0 1 0 1 1 1 0 1 0 1 1 1 0 0 1 1 0 1 1 1 1 1 0 1 1 1 0
 0 1 0 1 1 1 1 1 0 1 0 1 1 1 1 1 1 1 1 1 1 1 1 1 1 1 1 1 1 1 1 0 0 0 0 1 0
 1 0 1 1 1 0 1 1 1 0 1 1 1 1 1 1 1 1 1 0 1 0 1 1 1 1 1 1 1 0 0 1 1 1 1 1 1
 1 0 1 1 1 0 1 0 0 1 1 1 0 1 1 1 1 1 0 1 1 1 1 1 1 1 0 1 1 1]

========== Cluster 1 ==========

Base classifier: LogisticRegression()

Minority Class: 1

Selected Features: [32 22 37  5 31  3 16 23  0  4  7  1 28  8 11 14 36 34 18 12 24 25  9 26
  2 35  6 29 21 20 30 13 27]

Labels: [0 0 1 0 0 1 1 0 0 0 0 0 0 0 0 0 0 0 0 0 0 1 0 0 0 1 0 0 1 0 0 0 0 0 0 0 0
 0 0 0 0 0 0 0 0 0 0 0 0 0 1 0 0 1 0 0 0 0 0 0 0 0 0 1 0 0 0 1 0 1 0 0 0 0
 0 0 0 0 1 0 0 1 0 0 0 0 0 0 0 0 0 0 0 0 1 0 0 0 0 0 0 0 0 0 0 0 0 0 1 0 0
 0 0 0 0 0 0 1 1 0 0 0 0 0 0 0 1 0 0 0 1 0 0 0 0 0 1 0 0 0 0 0 0 0 0 0 0 1
 0 0 0 0 1 0 1 0 0 0 0 0 0 0 0 0 0 0 0 0 0 0 0 1 0 0 0 0 0 0 0 0 0 1 0 0 0
 0 0 0 0 1 0 0 0 0 0 1 0 0 0 0 0 0 0 0 0 0 0 0 0 0 0 1 1 0 0 0 0 0 0 0 0 1
 0 0 0 1 1 1 1 1 0 0 0 0 0 0 0 0 0 0 0 1 0 0 0 0 0 0 0 1 0 0 0 0 0 0 1 0 1
 0 0 0 0 0 0 0 0 0 0 1 0 0 0 0 0 0 0 0 0 0 0 0 0 1 0 0 0 0 0 0 0 0 0 0 0]

