Clustering algorithm selected: kmeans++
=====================================

Clustering evaluation metric: dbc
Clustering evaluation value: 0.3059798700689984

========== Cluster 0 ==========

Base classifier: GaussianNB()

Minority Class: 0

Selected Features: [ 2  0 11 10  3]

Labels: [0 1 0 0 0 0 1 1 1 0 0 1 1 1 1 0 0 1 1 1 0 0 0 0 0 0 0 1 1 0 1 0 1 1 1 0 0
 1 1 1 1 1 0 1 0 1 1 1 0 0 0 1 0 0 0 0 0 1 1 1 1 0 0 1 1 0 0 0 0 1 0 0 1 1
 0 0 0 1 1 1 1 1 0 0 0 0 1 0 0 1 1 0 1 0 1 1 1 0 1 1 0 1 0 1 0 0 1 1 1 0 0
 0 1 1 0 1 0 1 0 1 1 1 0 1 0 0 0 0 1 0 0 0 1 0 1 0 1 1 1 0 0 1 1 0 0 1 1 0
 1 0 1 1 1 0 0 0 1 0 1 0 0 1 1 1 0 0 0 0 0 1 1 1 1 1 0 0 0 0 1 1 0 0 0 0 1
 1 1 0 0 1 1 1 1 0 1 1 0 1 1 0 0 1 0 0 1 1 1 1 0 0 0 1]

Synthetic samples indexes: [  1   7  11  13  14  17  18  19  27  28  30  33  34  37  40  41  43  45
  46  51  58  59  60  63  64  69  72  73  77  78  80  81  86  89  90  92
  94  95  96  98  99 101 103 106 108 112 113 115 117 119 120 121 123 128
 132 136 138 141 142 146 148 151 152 158 161 162 163 169 172 173 178 179
 184 185 186 189 190 191 192 194 195 201 204 205 206 207]

========== Cluster 1 ==========

Base classifier: GaussianNB()

Minority Class: 0

Selected Features: [11  2 10  9  3  8 12  7  0]

Labels: [0 1 0 0 0 0 0 0 0 0 1 1 1 0 1 1 1 0 1 1 0 0 1 0 0 0 1 1 0 1 0 0 0 0 1 0 0
 1 0 0 0 1 1 0 1 0 1 0 1 0 1 1 0 1 1 0 1 1 1 0 0 1 0 0 0 0 1 0 1 1 0 0 1 0
 0 0 1 1 1 0 1 1 1 1 1 1 1 0 1 0 0 1 0 1 1 0 1 1 0 1 1 1 0 0 0 1 1 1 1 0 1
 0 0 0 1 1 1 0 1 1 1 0 0 0 1 0 0 0 0 0 0 0 0 0 1 0 1 1 0 0 1 1 1 0 0 1 0 1
 0 0 0 1 1 1 0 0 0 1 0 0 1 1 1 0 1 1 1 1 1 0 1 1 1 0 1 1]

Synthetic samples indexes: [  0   2   5   6   7   8   9  13  17  20  21  24  25  28  30  31  33  36
  38  39  40  55  59  60  62  63  67  71  73  74  75  79  87  89  90  92
 104 109 111 112 113 117 125 127 128 130 131 132 135 139 143 144 146 149
 154 155 156 158 163]

