Clustering algorithm selected: fcm
=====================================

Clustering evaluation metric: dbc
Clustering evaluation value: 0.492182859049504

========== Cluster 0 ==========

Base classifier: LogisticRegression()

Minority Class: 1

Selected Features: [137 143 214 201   1   0 159  72  67  32   3 140 200 223 136 224 213 216
 135 215 209 206  62  59 190 176 204  55 103  57 155 203  64  91 109 116
  22 162 212  16   5   6 220 118 145 208 167  88  45 127 186 111  92  37
 205  21  14 173 174 121 106   4 172  50 187  33  11  84   8 119  63 148
 115 157 152  31  23 179  24 189  19 108  51  26  15 193 169  39 144  28
 211 128 165 138  83 147 192  54 219 221 156 131  68 110  52  87  12  60
  77  76 175 202  94  40  58 146 134 150 141 170  36 123  75  25  80 163
  73  86 114  13  71  20 139  61  85  70 222 210 207 218 217 164 166 161
 160 177 178 181 180 182 183 185 184 191 188 199 198 196 197 194 195 129
 130 133 132 142 154 149 151 153 158 168 171  99  98  95  93 112 113 117
 126 124 125 105 107 104 102 101 100  97  96]

Labels: [0 1 0 1 1 1 0 1 0 0 1 0 1 0 1 0 0 1 0 0 1 0 0 1 0 1 1 0 1 1 1 0 0 0 0 0 0
 1 1 1 0 0 1 1 0 1 0 1 0 0 0 1 1 0 1 1 1 1 0 0 0 0 0 1 1 1 1 0 0 0 0 0 0 1
 0 1 0 0 0 0 1 1 1 0 1 1 1 1 0 0 1 1 1 0 0 1 0 1 1 1 1 1]

Synthetic samples indexes: [  1   4  10  12  14  17  25  26  30  37  38  39  42  45  47  51  55  56
  64  65  66  81  82  84  85  87  90  91 100 101]

========== Cluster 1 ==========

Base classifier: SVC(probability=True)

Minority Class: 1

Selected Features: [  0 140 214 216 120 219 137   8 144  25 135 124 215 204  83 201 200 208
 141  19 205 224 145 151 138  20 128 115   3  96 202 125  90  71 116   7
 209 213 221   5   2 217  36  77  39 148  73  21 161 212 156 143  61 142
 119  93   6 121  58 218 178  35 180  54 220 152 153  74  66  68  32 183
  80  85  57 163  46 223 190  65   4  38  26 171 106 197   1  94 172  37
 184 112  29 177 168 159 109 149 108 136 147  45  88  33  43  69 162   9
 191 175 139  97 150 207  22  86  11 103  28  95 199  30 107  81 102 192
  84  16 158 211 206 203 198 196 210 222 146 155 154 157 167 164 165 185
 189 176 179 182 181 188 187 186 173 169 170 174 160 166 195 194 193 129
 130 131 132 134 133  76  79  89  91  87  92  82  78  75  72 113 114 118
 117 127 126 122 123 104 105 110 111 100 101  98  99  64  67  70  42  34
  40  59  63]

Labels: [1 1 1 1 1 1 0 0 0 1 1 0 1 1 0 0 1 1 1 1 0 0 0 0 0 1 0 1 1 0 1 1 1 1 0 0 1
 0 1 0 1 0 0 0 0 1 0 0 1 1 1 0 0 1 1 0 0 1 1 1 1 1 0 0 0 1 1 0 1 0 1 1 0 0
 1 1 1 1 0 0 0 1 0 0 0 0 0 0 1 1 0 0 0 0 0 1 0 1 0 0 1 1 1 1 0 0 0 0 1 0 1
 1 1 0 1 0 1 1 0 0 0 1 1 1 0 1 1 1 0 0 1 1 1 0 0 0 0 1 1 0 0 0 1 1 1 0 1 0
 0 0 0 1]

Synthetic samples indexes: [  1   4   5   9  13  18  19  25  27  30  31  32  33  38  40  45  48  49
  50  53  54  58  59  61  65  68  70  71  75  76  77  81  88  89  95  97
 100 101 102 103 110 111 112 116 117 121 122 123 125 126 127 130 131 137
 138 144 151]

========== Cluster 2 ==========

Base classifier: SVC(probability=True)

Minority Class: 1

Selected Features: [145   3 215  38 111 151 118   1 183  29  30 204 214 146  65 163 211 177
  89  17  68  11   6 143  27 175  28 137  70 148  32  82 156  69 216 181
  80 160 166 141 161 197 172  10 180 201 136  97  39   0   8 205 196  36
  96 170  25  16  45 131  50  13   4 122  99 135 140 218  52  60  67  77
 162  49 121  41 126  84 167  61 173 134  43 138 187  40  47  22  66  20
 132  86 192 224 101 108  78 154 210 212  42 221  75 194 117 120 179  37
 106 186 144 174 155  23  74 206  18 182 147 184  83 159 129 130 133 142
 139 149 150 208 209 213 223 220 222 219 217 200 152 158 157 153 169 164
 165 176 178 190 171 188 189 185 191 168 202 203 207 199 198 195 193 128
  64  73  71  76  79]

Labels: [1 0 1 1 0 1 1 0 0 0 1 0 0 0 1 1 0 0 0 1 0 0 0 1 0 0 1 1 0 1 1 0 0 1 0 1 1
 1 1 0 0 0 0 0 1 1 1 0 1 1 0 0 1 1 0 1 1 0 1 1 1 0 1 0 1 1 1 1 0 0 0 1 0 0
 0 0 0 1 1 1 0 1 1 0 0 1 1 1 0 0 1 1 0 1 0 0 0 0 1 1 0 1 1 0 0 1 0 1]

Synthetic samples indexes: [  0   3  10  15  29  44  46  49  53  56  59  62  64  65  66  67  71  77
  78  79  81  82  86  90  91  99 101 102]

========== Cluster 3 ==========

Base classifier: SVC(probability=True)

Minority Class: 1

Selected Features: [  3 216   6   8   1 157  90  52 138 219 136  30   5  21 220  84 124  18
  19  53 143  81 187  26 122  93 189  32 182 200 215  74 144 101 221 224
 207 152  76 114  34  51   4  91  28 178   0  31  56  54 218 102 164   7
 153 142 106 205  29 196  98 199  78 154 145 184  70 208 201 209 214  39
  47   2 206 105 135 163  66  86  55 204 104 140 103  43  44  59 160 117
 173  64 156  99 174  83 159 115  73 223  71 203 110 186  96 120 133  22
  68  23 149 222  50  24 179  58 194  88 195  14  46 150 126 141 158 148
 151 155 137 191 190 185 202 197 198 217 212 211 210 213 192 193 147 146
 188 176 177 181 180 183 171 175 172 168 169 170 167 165 166 162 161 128
 129 130 131]

Labels: [0 0 1 1 0 0 1 1 0 0 1 1 1 1 1 0 1 1 0 0 1 1 0 1 1 1 0 1 0 0 0 0 1 1 1 1 0
 1 1 0 0 0 0 1 1 0 1 0 1 1 0 0 1 0 0 0 0 0 1 0 0 0 1 0 1 1 0 1 0 0 1 1 1 0
 0 1 0 0 0 0 0 1 1 1 0 0 1 0 1 1 0 0 0 1 1 1 1 1 0 1 1 0 1 0 1 0 1 0 1 1 1
 1 0 1 1 1 0 0 1 1 0 1 0 0 0 0 1 0 0 0]

Synthetic samples indexes: [  3   7  10  11  12  13  16  17  20  21  25  27  33  38  44  46  48  49
  58  64  65  70  71  72  88  89  93  94  96 100 104 106 108 109 111 115
 119 121 126]

========== Cluster 4 ==========

Base classifier: SVC(probability=True)

Minority Class: 1

Selected Features: [123 224 136   3  42 173 205   5  38 190  83 139 132  86 223 209 194 167
  24 131   0 143 211  10   1 221 161  59  11   8  23 141 144 116 204 133
 214 156 142  16  34 140  14 216  35 153 109 181  20 178 174 215  63 158
 150  93  89  77  54 196 134 175 201 155  95   4 219 138 129  68 208 212
 213 115  71 170 137  87 127 198 162  19  40  90  74  56 117 207  97 146
  65 125 102 118 128 195 171   9  55  50 203  60  45  36 182  80  84 199
  13 121  12 126  33 217 145  26 210  51 202  49 193 130 135 159 157 148
 165 197 192 200 220 218 222 206 149 151 147 152 154 172 166 187 191 189
 188 176 177 179 180 183 186 185 184 168 169 163 160 164 119 112 113  64
  66  67  69  70  75  73  72  79  78  76  92  88  85  82  81  91  94]

Labels: [0 1 0 0 1 1 0 0 1 1 1 1 1 0 0 0 1 1 0 0 1 0 0 1 1 1 0 0 0 0 0 1 1 1 0 0 1
 0 1 0 0 0 1 0 0 0 1 1 1 1 0 0 0 1 0 1 0 1 0 1 1 1 0 0 1 1 1 0 1 0 0 0 0 1
 1 0 1 1 0 1 0 0 0 0 1 1 0 0 0 1 1 1 0 1 0 1 1 1 1 0 0 0 0 1 0 0 0 1 0 1 1
 0 1 0 1 0 1 1 1 1 0 0 0 1 0 1 1 1 1 1]

Synthetic samples indexes: [  4   5   8  11  16  20  23  24  25  32  36  42  47  53  55  59  60  61
  64  65  68  79  85  89  96  98 107 109 112 116 117 118 119 123 125]

========== Cluster 5 ==========

Base classifier: LogisticRegression()

Minority Class: 1

Selected Features: [142  72  17 215  41  30 220   0 145  52  25 136 223 141 106   1 214 217
  56   3 193  58  55 196 216  79 219 109  80 127  92  85 201  34 133 138
 137  86 148  24 186  28 157  96 183   6 192  23 209 213 176 169 170 112
  76 218  75 113   8 175 135   7 153 184 156 163 205 195 158 224 208  37
 105 108 221  27  40 167   9  19 101 116 180 174  88  50 129 134 177  48
  81  43  53  73 122  46 130  45  54 132  49 120 131 207  44  13 222 188
 114 146 154 150 151 128 143 140 139 149 147 159 155 152 171 165 166 164
 162 161 160 187 202 203 204 211 210 212 206 200 198 199 194 197 144 185
 191 179 178 182 181 189 190 172 173 168 115 118 119 124 123 121 117  64
  65  66  67  68  69  70  71  74  77  78  93  84  87  82  83  95  94  90
  89  91 125 111]

Labels: [1 0 1 0 0 0 1 0 0 0 1 1 0 1 1 1 0 1 0 0 1 0 1 1 1 1 0 0 1 0 0 1 1 0 1 1 0
 0 1 0 1 0 0 0 0 0 0 0 1 1 0 1 0 1 1 1 0 1 1 0 1 0 1 1 0 0 1 1 0 1 1 0 0 0
 1 0 1 1 1 1 0 1 1 1 0 0 1 0 0 0 0 1 0 0 0 1 1 0 1 1 0 0 1 1 0 1 1 1 0 1 1
 0 0 0 1 0 1 0]

Synthetic samples indexes: [  2   6  11  13  20  22  23  24  25  28  31  34  49  51  54  55  58  60
  70  74  76  78  79  83  86  98 107 109 110]

========== Cluster 6 ==========

Base classifier: SVC(probability=True)

Minority Class: 1

Selected Features: [215 200 217   0   1   3 121   6 140   7 201 214   8  29  98 176 144  73
 143 138 220 219  37 135 204 205 107 118 218  31  43  24 188 171  88  61
 199 145 221 181  62  27 216  58  67 106  19  50 147 157  76 136  36 132
   4  78  81 168 212  42 190  53  55 183  72 142  83 189 113 213 207 223
  74 178 191 102 156  96 154 202 182 114  63 148 101 108 184  23 206   2
 174 158 137  14  80  39  44  71  86  89  94  49  52 151  77 186 131  65
 210 105  84 119 187  33 109  15  68  95  26 166  51  97  48 146  35  21
  20 152 153 203 198 197 224 208 209 211 222 195 196 155 159 149 162 161
 160 177 179 180 185 172 173 170 175 169 167 165 164 163 194 193 192 128
 129 130 133 134 139 141 150  91  90  93  92  87 103  85  82 112 115 117
 116 124 123 122 120 126 125 110 111 104  99 100 127  64  66  70  69  79
  75  45]

Labels: [0 1 0 1 0 1 1 0 1 1 0 0 1 0 0 1 0 0 1 1 0 1 1 1 1 0 1 0 0 0 1 0 1 0 0 0 0
 1 0 0 1 1 0 1 1 1 1 1 1 1 0 1 0 0 0 0 0 0 0 1 0 1 1 0 1 0 1 0 0 1 1 0 0 0
 1 1 1 0 1 1 1 0 0 1 1 1 0 1 1 0 0 0 0 0 1 0 0 0 1 0 0 0 0 0 0 0 1 0 1 0 0
 0 1 1 1 1 1 1 1 1 1 0 0 1 1 0 1 1 0 0 1 1 1 0 1 1]

Synthetic samples indexes: [  1   5   6   8  12  15  19  22  23  24  26  30  43  44  45  46  59  61
  69  74  75  78  83  88  94  98 108 112 115 116 117 118 119 123 126 130
 131 132 134 135]

========== Cluster 7 ==========

Base classifier: SVC(probability=True)

Minority Class: 1

Selected Features: [215 136 201 110 216 144  37 218  35 153   3 219 198  25 159  64  93  74
 220 204 193  98 189 104 113 121 164  46 195 221  36 139   6   1 127 181
  39 154 132  86   0   5 224   7 141 214 205 143 108  23 200  82  83  30
 116 138   8 120 150 103  53  76 140  59 169 133 182 183  57   9 162  75
 147 209  42 146  48 152 137 109 118  31   2 142 158 176  13  56 203  29
 148 191 172 165 134  18  60 112  97  95 186  58 123 208  96 149 129  26
  10  44  14 177 196 111  54  15 223 194 156 199 171 206  19 188  55  80
  63  89 145 130 151  77 157 155 187 173 175 168 170 174 166 167 163 161
 185 179 178 180 184 190 160 222 217 211 210 213 212 202 207 197 192 128
 131 135  67  65  66  71  72  78  73  79  92  84  85  87  81  94  91  90
  88 124 125 126 122 115 105 107 106 100]

Labels: [0 1 0 0 0 1 0 0 1 0 1 1 1 0 0 0 1 1 0 1 1 1 1 1 1 0 0 1 0 0 1 0 0 1 1 1 1
 1 1 0 1 1 0 0 0 0 1 0 1 0 0 0 0 1 0 0 1 1 0 0 1 1 1 1 1 1 0 1 0 1 1 0 1 0
 1 1 0 0 1 0 0 0 0 0 0 1 0 1 1 1 1 0 0 0 0 1 0 0 1 1 0 1 0 1 1 0 1 0 1 1 0
 0 1 0 0 0 0 0 1 1 1 0 0 0 1 1 1 0 1 1 0 1 1 0 1 0]

Synthetic samples indexes: [  1   8  12  16  17  19  20  23  30  33  34  35  40  41  53  57  60  61
  62  63  64  65  67  69  75  78  87  89  90  98  99 101 103 108 112 118
 119 125 131 134]

========== Cluster 8 ==========

Base classifier: SVC(probability=True)

Minority Class: 1

Selected Features: [126 216 209 185  99 105  77   6  12 153   7 168  68 211  41 122   8 194
 164 224 217 135 208 207   3  49 138 212  92 182  65 124 130  39  67 144
   2   0 160  78  93 154 140 214 202 151  34 149  87  61 115  75 169 213
  66 125 215  59  79  28 119 205 120 110 175  17 177 189 183 179  97 136
   5 109 196 222  60  94  40  89  46 100  18 112 200 176 199  73  32 188
 101 193  64  57 173 221  96 155 147  15  52 114  35 132 107   9 134 166
  31  30  10 129 145 210  81 146 203 174  22  55  26  38 163 223 219  42
 141 139 142 220 201 206 204 197 198 218 137 159 152 157 156 148 158 150
 161 178 180 181 190 191 187 186 184 165 171 172 170 162 167 195 192 128
 131 133 143  74  76  69  72  88  90  85  86  84  83  95  91 113 106 117
 118 123 127 121 116 104]

Labels: [0 1 1 0 0 0 0 1 1 0 0 1 0 1 0 1 1 1 0 0 1 1 0 0 0 1 0 0 1 1 1 0 0 1 1 0 1
 0 0 0 0 0 0 1 0 1 1 1 0 0 1 1 0 0 1 0 0 0 1 0 1 1 1 1 1 1 1 1 0 1 0 1 1 1
 1 1 0 1 1 0 1 1 0 0 0 0 0 0 0 1 1 0 1 1 1 1 0 0 0 0 0 1 0 0 1 0 0 1 1 1 0
 1 1 0 1 0 0 0 1 1 0 1]

Synthetic samples indexes: [  1   2   7  17  20  21  30  33  47  50  58  60  62  65  66  67  69  73
  75  78  80  90  92  93 101 104 109 112 114 118]

========== Cluster 9 ==========

Base classifier: SVC(probability=True)

Minority Class: 1

Selected Features: [  3 143   6 161   0 157 176  22 204 166 180  99 216 151 105 145 190 142
 135 193 201 134 148 153 199  17 205  61  41 140 154 165  82 217 164  43
 218 156 107 159   4  31  13 149  70 163  60  72 188  20 139  51  14 144
  85  86 136 113  79 210 200 123  93 212  30  76 213   8  59 207  49 214
  68 103  24  91 178 215  10  19  80  67 138 221 220  46 167  84  52 133
 131  64 137  34  36  87 120 130 181 219  98  73 158 141 125 189 150 170
  78 177 128 152 116 129 132 146 147 155 160 211 206 203 202 197 198 196
 195 194 192 223 224 208 222 209 186 185 175 168 169 171 172 174 173 162
 184 179 183 182 191 187 109 102 100  96  97 101 118 121 126 124 122  65
  66  71  69  74  77]

Labels: [0 0 1 0 1 0 0 0 0 1 1 0 1 0 0 0 0 0 1 0 0 1 1 1 0 0 1 0 1 0 0 0 1 0 0 1 0
 0 1 1 1 0 1 0 0 1 0 0 0 1 0 1 1 1 0 1 1 1 0 0 1 0 1 0 1 0 1 0 0 1 1 0 0 0
 0 1 0 1 1 1 1 1 0 0 1 1 0 1 1 1 0 1 1 0 1 1 1 0 0 0 0 0 1 1 0 0 1 1 1 0 1
 0 0 1 1 1 1 1 1 1 0 1 0 1 0 1]

Synthetic samples indexes: [  4  18  22  26  32  39  40  51  52  55  57  60  62  64  69  70  75  78
  80  88  89  91  92  95 103 106 110 114 115 117 121 125]

