Clustering algorithm selected: fcm
=====================================

Clustering evaluation metric: dbc
Clustering evaluation value: 0.2008234520613864

========== Cluster 0 ==========

Base classifier: KNeighborsClassifier()

Minority Class: 1

Selected Features: [3 0 6 2]

Labels: [2 1 1 0 2 2 1 0 0 1 1 0 2 0 1 1 2 0 1 1 0 1 1 0 0 0 1 2 2 2 1 1 2 2 0 1 0
 1 1 2 1 0 0 0 2 2 2 0 1 0 1 2 0 1 1 2 0 0 0 0 0 0 1 0 0 1 0 1 1 1 1 1 0 1
 2 1 1 0 2 1 1 2 0 2 1 0 2 2 2 0 1 1 1 2 2 0 0 2 2 2 1 1 2 2 2 2 1 2 1 0 0
 0 2 2 2 0 1 1 1 1 0 1 0 0 2 2 2 1 1 1 1 1 0 2 1 2 0 1 2 0 2 2 2 1 1 1 1 2
 1 2 2 2 2 0 2 0 0 2 0 2 0 1 0 1 0 1 0 1 0 2 1 1 0 2 1 2 1 2 1 2 1 2 2 2 2
 0 0 1 2 0 2 2 1 2 0 0 0 1 0 2 2 0 1 0 1 0 2 1 1 1 2 0 2 1 1 2 0 1 1 1 0 1
 1 0 0 0 0 1 1 2 1 2 1 1 2 0 2 0 2 1 2 2 0 2 1 1 2 0 0 0 0 2 2 2 2 2 0 2 0
 2 1 1 1 1 0 2 2 2 2 2 0 1 0 0 1 1 1 0 2 2 1 1 0 1 1 2 2 2 1 1 2 1 1 1 2 0
 1 2 1 0 0 2 1 1 0 0 2 2 2 0 2 1 0 0 2 0 0 2 2 2 2 2 0 1 1 2 0 1 0 0 2 0 0
 1 2 2 1 0 0 1 0 0 1 0 2 0 2 0 0 1 1 0 2 2 1 0 2 0 2 1 1 2 1 2 0 2 1 1 2 0
 0 0 0 2 1 0 0 2 2 1 0 2 0 2 1 2 1 1 2 1 2 0 0 0 2 2 1 0 1 2 2 0 0 0 0 2 1
 1 0 2 0 0 0 1 1 2 1 1 2 0 2 2 0 0 0 2 2 1 2 1 1 1 0 2 1 1 2 0 2 0 1 0 1 1
 1 1 1 1 2 0 1 0 2 2 0 0 2 0 0 0 2 2 1 2 2 0 1 0 1 2 2 0 1 1 2 0 0 2 2 0 0
 1 2 0 2 2 0 1 2 2 2 0 1 1 1 0 1 2 2 2 2 1 1 2 2 2 0 0 0 1 2 1 1 1 1 0 2 1
 1 1 0 2 1 1 0 1 2 2 0 0 0 2 1 0 1 2 0 0 2 2 2 2 0 2 2 0 2 2 0 1 2 0 2 2 1
 1 2 0 2 0 0 0 2 2 1 2 0 1 1 0 2 2 1 0 1 0 1 2 2 1 0 0 2 2 1 2 1 0 0 0 1 0
 2 0 1 0 1 1 2 1 2 2 2 1 2 2 2 2 0 2 1 0 2 2 0 0 2 1 2 2 0 2 1 2 0 0 0 1 2
 0 1 1 2 2 0 2 1 2 1 0 1 0 1 2 1 2 1 0 2 0 2 1 1 0 1 1 1 2 0 1 2 0 0 0 2 2
 2 2 0 0 1 1 0 1 1 1 2 0 2 0 1 1 1 0 1 2 0 1 1 2 1 1 1 1 1 1 1 1 1 2 0 2 0
 0 0 1 0 2 0 0 0 0 0 1 2 1 0 2 0 2 2 1 1 0 2 2 2 0 1 1 0 0 2 0 1 1 2 0 0 0
 0 0 2 1 0 1 0 1 0 1 1 2 0 0 2 0 1 0 1 0 2 2 0 0 1 1 0 0 0 2 0 2 0 1 2 2 0
 2 2 0 2 2 0 2 2 0 2 1 0 2 1 1 0 1 0 0 0 1 2 1 1 0 0 0 0 0 1 1 1 0 2 2 1 1
 1 2 0 1 1 2 1 2 2 1 0 2 2 0 2 0 1 1 1 2 1 0 1 0 0 1 2 0 0 1 0 0 1 0 1 0 0
 2]

Synthetic samples indexes: [  1   2   9  14  19  21  22  27  28  35  37  48  50  65  69  70  71  74
  75  91  93 106 112 117 119 121 129 130 131 133 134 138 143 151 154 161
 163 165 178 180 184 192 193 208 221 228 230 231 233 238 243 245 261 263
 268 274 275 278 280 281 284 287 288 291 292 293 310 318 323 324 327 333
 334 342 346 352 360 361 362 374 384 385 389 405 406 407 413 416 425 429
 430 436 450 452 456 460 462 464 466 469 473 481 488 494 496 500 503 512
 513 514 517 518 519 522 523 527 534 535 546 555 564 567 574 576 578 579
 582 584 586 590 596 600 601 603 610 617 628 633 636 644 645 646 650 652
 665 682 687 688 690 691 693 694 695 696 698 705 715 721 728 729 732 734
 735 743 747 749 750 751 769 774 787 791 793 812 814 817 818 819 820 821
 822 826 832 834 840 843 848 851]

========== Cluster 1 ==========

Base classifier: SVC(probability=True)

Minority Class: 1

Selected Features: [3 7 0 1]

Labels: [0 2 0 1 0 1 0 1 0 0 2 2 0 0 0 1 2 1 0 2 0 0 1 2 1 0 1 0 2 1 2 2 2 0 2 2 2
 2 2 0 0 1 0 1 0 1 0 1 1 0 2 0 1 1 0 2 1 2 0 2 0 2 0 1 2 2 1 0 2 2 1 1 2 2
 1 0 1 0 2 2 1 2 1 0 2 1 0 0 2 1 2 1 1 2 2 2 1 0 2 1 2 2 2 2 2 2 1 2 1 2 2
 2 2 1 1 0 2 1 2 1 1 0 1 0 2 2 2 0 1 0 0 0 1 0 2 1 2 1 2 2 1 0 1 2 0 0 2 0
 1 1 1 0 2 1 0 0 0 1 0 0 2 1 1 0 1 1 0 1 1 0 2 0 2 2 2 2 2 1 1 1 1 2 0 0 2
 2 1 0 1 0 0 1 1 1 2 0 0 1 0 1 1 1 2 0 2 1 0 2 0 0 1 0 2 2 0 2 0 0 1 1 1 1
 0 1 0 0 1 1 0 1 1 0 2 0 0 0 2 0 2 0 2 1 1 2 2 2 1 0 0 2 0 1 2 1 0 1 2 0 0
 2 1 0 0 1 1 2 0 2 0 1 1 1 1 0 0 1 1 2 1 0 0 1 2 2 1 1 2 0 1 2 1 2 2 0 1 2
 1 0 1 0 2 0 2 2 0 2 1 0 1 1 0 2 2 1 0 1 0 2 0 1 0 0 2 0 2 0 0 1 0 0 1 2 2
 2 0 0 1 1 1 2 1 1 1 2 2 1 2 2 2 1 0 2 0 2 0 0 0 2 2 0 1 1 1 2 1 1 2 2 1 0
 1 0 0 2 1 1 0 0 2 2 2 1 1 0 1 2 1 1 2 1 0 0 0 2 2 1 0 1 2 2 1 1 2 0 1 2 0
 0 0 2 0 0 0 2 2 2 0 0 0 1 2 1 2 2 2 2 0 0 2 1 2 0 1 0 0 1 1 0 1 0 1 2 2 1
 1 2 0 2 2 0 1 2 1 2 1 0 0 0 0 2 0 2 2 0 1 1 1 2 0 0 0 2 0 2 0 0 0 1 2 1 0
 0 2 0 0 1 1 2 1 2 2 0 2 2 2 1 2 1 2 1 2 2 0 1 0 2 2 2 0 0 0 0 0 1 1 2 2 0
 1 1 2 2 1 2 1 2 0 2 0 1 0 0 0 2 1 1 0 0 2 1 1 1 0 0 0 2 0 2 2 1 2 1 0 0 1
 1 1 1 1 0 0 1 0 0 0 2 0 2 1 1 2 1 2 1 0 2 2 0 0 1 2 0 1 0 2 2 1 0 1 2 0 2
 2 2 0 0 1 0 0 1 1 0 2 0 1 2 2 0 2 2 1 1 0 2 1 0 2 2 0 1 2 0 2 1 1 2 0 1 2
 1 2 0 0 2 1 1 2 2 2 1 1 0 2 0 2 2 0 0 1 1 1 1 0 0 0 2 1 2 0 1 1 0 2 2 1 1
 2 1 2 1 2 2 0 0 0 0 2 1 0 2 0 2 2 1 0 1 2 1 1 0 2 0 1 2 2 2 2 1 2 1 1 2 0
 0 0 0 1 1 0 2 0 1 1 0 1 1 2 0 0 1 0 2 2 2 2 0 1 1 1 2 1 2 0 0 1 2 1 0 2 2
 2 1 0 1 1 0 2 2 0 2 0 2 0 1 0 1 2 0 1 1 0 1 1 1 2 1 1 0 2 1 1 2 1 2 0 0 0
 0 1 0 0 1 0 2 0 0 1 0 0 2 1 2 2 1 1 2 1 1 1 0 0 0 2 1 2 0 2 1 1 2 1 1 2 2
 2 1 0 0 1 2 2 2 1 0 1 2 0 2 1 2 2 1 0 0 1 2 1 1 0 0 2 0 2 1 1 0]

Synthetic samples indexes: [  5  11  23  26  37  56  61  63  65  66  70  74  80  85  91  95  96  99
 106 108 114 119 132 137 140 143 148 153 161 162 164 165 167 168 174 176
 178 180 186 188 191 193 197 199 210 218 219 220 226 242 245 246 251 259
 263 264 269 270 275 278 281 282 285 288 295 296 298 300 305 306 327 330
 331 337 345 349 361 362 381 382 384 385 397 398 402 404 415 419 422 435
 436 438 440 441 443 448 452 459 464 466 477 478 479 485 488 492 497 501
 506 514 515 519 521 524 529 534 538 540 550 554 561 568 569 571 580 582
 585 599 600 602 604 614 623 625 634 635 642 649 651 663 683 685 687 688
 690 692 701 706 707 711 712 714 726 727 728 730 734 744 756 759 763 766
 772 773 786 790 796 797 802 803 804 806 807 809 810 811 818 824 825 830
 831 834 835 837]

