Clustering algorithm selected: kmeans++
=====================================

Clustering evaluation metric: dbc
Clustering evaluation value: 0.4414667450943457

========== Cluster 0 ==========

Base classifier: SVC(probability=True)

Selected Features: [ 40 220 134   3 141 112   8   4 154   7 122 139 155 224 143  36 123 166
 109  17 217 206  80  44   1 128 157 202  10  75  41  63 131 101  43  29
  97 129  30  87 103 144 118  12 127  95 173  33  58 195  68 165 179 146
  28  51  11  25  56  53 185  83 100  70 111 214  24 163 211 169 216 175
 113 186  45  50 209 170  46 194 213 197  38 138  74 193 184 125 135 164
 151 106  69 117 204 221  79 149 192  64  60 180 119   5  19 132  76  14
 104 199  59  92  77   9 116 207  82   6  65  66  61   2  62  67 222  57
  35 219  55  71  34  39  42  32  31  27  26  23  22  21  20  47  18  48
  49  16  15  13  52  37 218  54 210 105  72]

Labels: [0 0 0 0 0 1 0 0 1 0 0 0 0 0 0 1 0 0 1 0 0 1 0 0 1 0 0 0 1 0 0 1 0 0 0 0 0
 0 0 0 0 1 1 0 0 0 0 1 1 0 0 0 0 0 1 0 0 0 0 1 1 0 0 0 0 0 0 0 1 1 0 1 1 1
 0 0 0 1 1 0 0 1 0 0 1 0 0 0 1 0 1 0 0 1 0 0 0 0 1 0 0 0 1 1 0 0 0 1 1 0 1
 0 0 0 0 0 0 1 0 0 1 0 1 0 0 0 1 0 0 0 0 0 0 0 0 0 0 1 0 0 0 0 0 0 0 0 0 0
 0 0 1 0 0 0 0 0 0 0 0 1 1 0 1 0 1 0 1 1 0 1 0 0 0 1 1 1 0 0 0 0 0 0 0 0 0
 0 1 1 0 1 0 0 1 0 0 0 0 0 0 1 0 1 0 0 0 0 0 0 0 0 0 0 0 0 0 0 1 1 0 0 0 0
 1 0 0 0 0 0 0 1 1 0 1 0 1 1 0 0 0 0 0 1 0 1 1 1 0 0 0 1 0 0 1 1 0 0 0 0 0
 0 0 1 0 0 0 0 0 0 0 0 0 0 0 0 0 0 0 1 0 0 0 0 0 1 0 0 0 0 0 1 1 0 0 0 0 0
 0 1 0 1 0 0 0 0 0 0 0 0 0 0 1 0 0 0 0 0 0 0 0 0 0 1 0]

========== Cluster 1 ==========

Base classifier: GradientBoostingClassifier()

Selected Features: [ 41 159 213 113  69 116 212  47  81 145  80 170 153 216  95 144 124 198
   6 211   0 111  68 169  77   3 156 110   9   7  63 192 219  22 102  17
 120 105 152  75  84 163   4   1  88  30  12 143  82 209 122 127 210  36
 183  42  44 200 194 146 208  23 215  25  18 115 148  28 166 109 112 126
  10 175 217 196  96 106 160  37 141  19  93  20 103  31 134  49  87 201
 207 206  40  46   2 168 158  64  73 176 162 131 199  52  24 142 129  65
  86 173 205 149  60  45 221 191  48 222  50  51  53  61  54  55 190  43
  56  57  58  62  59 193  16 195 214  14  21 204 203 202  26  27  13  29
  11  32 220  33   8  34  35 197 218  38  39  15   5 154  76  66]

Labels: [1 0 0 0 0 1 0 1 1 1 0 0 0 0 0 1 1 0 0 1 0 0 0 0 0 1 0 0 0 1 1 0 0 0 0 0 1
 0 0 1 1 0 0 0 1 0 1 1 0 0 0 0 0 1 1 0 0 0 1 1 0 0 0 1 0 0 1 1 0 1 1 1 0 0
 0 1 1 0 0 0 0 0 0 0 0 0 0 0 0 0 0 0 0 0 0 0 0 0 0 0 1 0 1 0 1 0 0 0 0 0 0
 1 0 0 1 0 1 0 0 1 0 0 0 0 0 0 0 0 0 0 0 0 0 1 0 0 1 0 0 0 0 1 1 1 0 0 1 1
 0 0 1 0 0 0 0 1 1 1 0 0 0 0 1 0 1 0 1 1 0 0 0 0 0 0 0 0 0 0 1 0 1 0 1 0 0
 1 0 0 0 1 0 0 1 0 1 1 1 0 0 1 1 0 0 0 0 0 0 0 1 0 0 0 0 1 1 0 1 0 0 1 0 0
 1 1 1 0 0 0 0 1 0 0 1 0 0 0 0 0 1 0 0 1 0 0 1 1 0 0 0 0 0 0 0 0 1 0 0 1 1
 0 0 0 0 0 0 1 0 1 1 0 1 1 0 1 0 1 1 1 0 1 1 0 1 1 0 0 1 0 0]

========== Cluster 2 ==========

Base classifier: RandomForestClassifier()

Selected Features: [166  49 134 110  88 201  16 200  27 151 218  60  45 215   3 219  64 115
   1 164  70 119 206 224 223 194  42  39 148 120 210  89 100  43 207 154
 172  99  92 187  15 126 149 135 179 178 112   0 169 212  91 150 195  96
  95 203  19 104 193   2  25 138 128 173 216 186  46  21  36 147 137 214
  31 139 188  28 136  80 185   6  57 155 157 222  82  87 122 153  32  67
 118  40 116   5  29  17 197 198 108  58 162 124 170  77  71  63  81 159
  68  78 158 191  11 181  69   8  50  51   9  52  53  54  55 221  61   7
  56  48  62   4  59 208 209  47 205  37  26  24  30  23  22  33  34  35
  20  18  38  10 217 220  14  41  13  12 213 175  44 211 168  84  65 113
 117 192 121 123 125 190 127 129 130 131 132 133 189 140 141 142 143 144]

Labels: [0 0 0 1 0 0 0 0 0 0 0 1 0 1 0 1 0 0 1 1 1 0 0 0 0 1 1 0 0 0 1 1 0 0 1 0 1
 1 0 0 0 1 0 0 0 0 0 0 0 0 0 0 0 0 1 1 0 0 1 0 1 0 0 0 1 0 0 0 0 0 1 0 0 0
 1 1 0 0 0 1 1 1 0 0 0 0 1 1 1 1 0 1 0 0 1 0 0 0 1 0 0 1 0 1 0 0 1 0 1 1 0
 1 0 0 0 0 0 0 0 1 1 1 1 1 0 0 1 0 0 1 0 1 1 0 0 0 1 0 1 0 0 0 1 0 0 1 1 0
 0 1 1 1 0 0 0 0 1 0 1 0 0 1 0 0 0 1 1 0 0 1 0 0 0 1 0 0 0 1 0 0 1 0 0 0 0
 0 0 0 0 0 0 0 0 0 1 0 1 1 0 0 0 1 0 0 0 0 1 0 1 0 0 0 0 1 0 0 1 0 0 0 0 0
 0 1 0 0 0 0 0 1 0 0 0 1 1 0 0 0 0 1 0 0 1 0 0 0 0 1 0 0 1 0 0 1 0 0 1 1 1
 1 0 0 0 1 0 0 0 0 1 0 1 1 0 1 1 0 0 1 0 0 0 0 1 0 1 1 1 1]

