Clustering algorithm selected: kmeans++
=====================================

Clustering evaluation metric: dbc_ss
Clustering evaluation value: 0.18609221598788267

========== Cluster 0 ==========

Base classifier: GaussianNB()

Selected Features: [2 3 1]

Labels: [0 0 2 1 0 2 2 1 0 0 1 1 2 2 0 2 1 0 0 0 1 0 2 0 0 0 0 1 0 1 2 0 0 2 0 0 0
 0 2 1 0 1 0 0 0 1 0 0 0 1 0 2 2 1 0 2 0 1 2 0 0 0 0 1 0 0 1 2 1 1 1 2 0 1
 0 0 2 0 2 2 1 0 1 0 0 1 2 2 2 0 0 0 2 2 0 2 2 0 1 1 0 1 0 2 0 0 0 1 2 2 2
 2 0 0 0 1 1 0 2 1 1 0 2 2 0 0 2 2 2 0 1 2 2 0 0 0 0 0 2 0 2 2 2 0 1 2 1 0
 0 2 0 1 2 0 2 1 0 2 2 2 2 0 2 0 0 0 1 1 0 1 2 0 0 0 0 0 2 0 1 2 0 1 2 0 0
 1 0 0 0 1 0 0 2 1 2 0 0 0 1 2 1 1 1 2 0 2 0 0 0 2 0 0 0 2 2 0 1 0 2 2 0 0
 0 1 2 2 0 0 0 1 2 0 1 1 2 0 2 0 0 2 2 0 1 0 2 0 0 2 2 0 1 2 1 0 1 0 0 2 0
 0 1 0 2 0 2 2 1 1 1 0 0 2 2 0 1 1 0 1 0 1 0 0 1 1 2 2 2 1 2 1 0 0 2 1 1 1
 2 2 1 1 2 1 0 0 2 2 0 0 0 1 0 2 2 0 0 0 2 0 2 0 0 2 2 0 2 1 0 0 1 2]

========== Cluster 1 ==========

Base classifier: GaussianNB()

Selected Features: [3 6 5 8]

Labels: [2 1 1 1 0 2 2 1 0 0 0 0 1 0 1 0 0 1 1 2 0 0 0 1 2 0 2 1 0 1 0 1 2 0 2 1 2
 1 1 2 2 1 1 0 0 0 0 0 0 0 2 1 1 0 1 1 2 2 1 1 2 1 2 2 1 2 0 2 2 2 1 0 2 0
 0 2 1 0 0 0 1 2 0 1 0 2 1 1 0 0 2 1 1 1 0 0 1 1 2 1 1 2 1 2 2 2 1 1 2 1 0
 2 2 0 0 2 1 2 2 1 2 2 1 1 2 2 1 1 2 2 0 0 2 1 1 0 1 2 0 2 1 0 0 2 1 2 2 2
 0 2 0 0 2 2 1 1 1 0 1 0 2 1 2 0 1 0 2 0 1 2 0 2 0 0 0 2 1 1 1 0 2 1 0 0 0
 1 0 2 0 2 0 1 2 1 1 1 2 2 1 2 1 2 1 1 2 0 1 1 1 0 1 1 1 1 1 2 2 2 1 0 0 1
 0 1 1 2 2 0 2 2 1 0 1 2 2 0 0 0 2 2 0 1 2 0 1 2 0 2 0 0 0 2 1 2 2 1 0 2 0
 0 2 0 2 1 0 1 0 0 2 0 2 1 1 2 2 1 0 2 1 2 0 0 0 0 0 2 1 1 2 1 0 0 0 1 2 0
 1 0 0 0 1 2 0 0 1 0 1 0 0 0 0 2 0 1 2 0 0 0 1 2 0 2 1 2 1 2 2 0 0 0 0 0 2
 1 2 0 0 1 2 2 2 0 1 2 2 0 2 2 0 2 2 0 0 0 1 0 2 0 1 1 0 0 0 2 2 1 2 2 0 1
 2 2 0 2 2 1 0 1 2 2 0 0 1 0 0 1 1 2 2 2 2 1 2 2 1 0 2 0 1 1 2 1 1 0 1 0 0
 1 0 2 1 1 0 0 2 1 2 1 1 2 2 1 2 0 2 2 2 0 0 0 1 2 2 1 2 2 1 2 2 2 0 2 1 2
 2 1 0 0 1 1 0 0 2 0 1 1 1 1 1 2 2 2 1 2 2 2 0 2 2 2 1 0 0 2 0 2 2 0 2 0 2
 1 2 0 0 2 1 1 2 1 1 1 1 1 1 1 1 1 2 1 1 1 1 1 2 2 2 2 2 2 2 2 2 0 0 0 1 0
 0 0 1 2 0 2 2 0 0 2 2 0 0 1 0 1 2 0 2 2 2 1 0 1 0 2 1 1 2 2 1 1 2 1 0 1 2
 0 2 0 0 1 0]

========== Cluster 2 ==========

Base classifier: GaussianNB()

Selected Features: [0 3 2]

Labels: [0 0 0 2 2 2 1 0 0 2 2 2 2 2 0 0 0 0 0 0 0 2 0 0 2 0 0 2 0 0 2 0 0 0 2 2 0
 0 0 2 0 0 1 0 0 2 2 0 0 0 0 0 0 0 0 2 2 0 0 2 0 2 0 2 2 2 0 2 0 2 2 0 0 0
 2 2 0 2 2 1 0 0 0 2 0 2 0 0 1 1 2 2 1 0 0 2 2 1 2 0 0 2 2 2 2 0 2 0 2 2 0
 2 0 0 0 0 0 2 1 0 0 2 2 0 0 0 2 0 0 2 2 2 0 0 1 2 0 0 2 0 0 2 1 2 2 0 2 0
 1 0 1 0 2 1 2 0 1 2 0 2 0 0 2 2 2 2 0 0 2 2 1 2 0 0 1 0 2 0 0 0 0 1 1 2 0
 0 2 0 2 1 0 0 0 0 0 0 2 1 0 0 0 0 2 0 0 0 0 2 0 1 2 2 2 2 0 2 0 2 0 1 0 0
 2 2 2 2 0 2 0 0 2 0 2 1 2 2 0 2 0 0 2 2 2 2 0 0 0 0 0 0 0 0 0 0 2 0 2 2 2
 2 2 0 0 1 0 2 0 0 0 2 1 0 2 2 2 1 0 0 2 2 1 0 0 0 0 1 1 0 0 2 1 0 2 0 2 0
 2 0 0 2 0 0 1 0 2 2 2 0 0 2 0 0 0 0 0 0 0 0 0 2 2 2 0 0 0 0 0 0 0 2 2 2 1
 2 2 0 0 1 2 0 1 2 0 2 0 0 2 0 2 0 0 1 2 0 0 2 2 2 0 2 0 0 0 2 0 0 2 0 2 2
 0 0 0 2 2 0 0 2 0 0 2 2 2 0 0 2 1 1 1 0 0 2 0 1 0 0 0 0 0 0 0 0 1 0 0 0 2
 1 2 0 2 0 0 0 0 0 2 1 2 0 2 2 2 0 2 0 0 2 2 0 2 0 0 0 2]

