Clustering algorithm selected: fcm
=====================================

Clustering evaluation metric: rand
Clustering evaluation value: -0.0005129630937516877

========== Cluster 0 ==========

Base classifier: SVC(probability=True)

Minority Class: 1

Selected Features: [2 0 1]

Labels: [1 1 1 1 1 1 0 1 1 1 0 1 1 1 0 1 0 0 0 1 0 0 0 1 0 1 0 1 1 0 1 0 0 1 1 0 1
 0 0 1 0 0 1 0 0 0 1 0 1 0 1 0 1 0 0 1 1 0 1 1 1 0 0 0 1 1 1 0 1 0 0 0 0 1
 0 0 1 0 1 1 0 1 0 0 1 0 1 1 1 1 0 0 0 0 1 0 0 1 0 1 1 0 0 1 1 0 0 1 0 1 1
 1 1 0 1 0 1 1 1 0 1 1 0 1 0 1 0 0 1 0 0 0 1 0 0 0 0 1 1 0 0 0 1 0 0 0 1 0
 1 0 1 1 0 1 0 1 1 0 0 0 0 1 0 0 1 0 0 0 0 1 1 1 0 0 1 1 0 1 0 0 1 0 0 0 0
 0 0 0 1 1 0 0 0 0 0 0 1 1 0 0 1 0 0 1 1 0 0 1 1 1 0 1 1 1 1 1 0 1 0 1 0 0
 0 0 0 0 0 1 0 1 1 1 1 1 1 0 0 1 0 0 1 1 0 0 1 0 0 0 1 1 0 0 0 1 1 1 0 0 0
 0 1 1 0 1 1 1 0 1 0 1 0 0 1 0 1 1 1 1 0 0 0 1 0 1 0 0 0 0 0 1 1 0 0 1 1 0
 0 0 0 1 0 1 0 1 0 0 0 0 0 0 1 1 1 1 1 0 1 0 0 1 0 1 1 0 1 0 1 1 0 0 1 0 0
 1 0 0 0 0 1 0 1 1 1 0 1 0 0 0 1 1 1 0 0 0 1 0 1 1 1 1 0 1 1 1 1 0 0 0 1 1
 0 1 0 1 1 0 1 0 0 0 0 1 1 1 1 1 0 1 1 1 1 1 1 0 1 0 1 1 0 1 1 1 1 0 1 0 0
 1 1 1 0 0 0 1 1 0 0 1 1 1 1 1 1 0 1 1 1 0 0 1 0 0 0 0 1 0 0 0 1 0 0 1 1 1
 1 1 1 0 1 1 0 1 0 1 1 0 0 0 1 0 0 0 1 1 0 1 0 0 0 1 0]

========== Cluster 1 ==========

Base classifier: SVC(probability=True)

Minority Class: 0

Selected Features: [1 6 7 3 8 4 2]

Labels: [0 1 1 0 1 1 0 0 1 1 0 1 0 0 0 1 1 1 0 0 0 1 1 1 0 0 0 0 1 1 1 1 0 1 0 1 0
 1 0 1 1 1 0 0 0 1 1 1 1 0 1 1 1 0 0 1 1 0 1 0 1 1 1 0 1 1 0 0 0 1 1 1 0 1
 1 1 0 1 0 0 0 1 0 1 0 1 1 1 0 0 0 0 1 1 0 1 0 0 1 1 0 1 0 1 0 1 0 1 0 0 1
 0 0 0 1 1 0 0 1 1 1 0 0 1 1 0 0 0 1 1 0 0 0 0 1 1 0 1 0 0 0 1 1 1 1 1 1 1
 1 0 0 0 1 0 1 1 1 0 0 1 0 0 1 1 0 0 1 1 0 0 0 0 0 0 0 0 1 0 1 0 0 0 0 0 1
 1 1 1 0 1 1 0 1 0 0 1 1 0 1 1 0 1 1 0 0 1 0 0 0 0 0 1 1 1 0 1 1 0 1 1 0 0
 0 0 0 0 1 1 1 1 1 1 0 0 0 0 0 0 1 0 1 1 0 0 0 1 0 0 0 1 1 0 0 1 0 0 1 1 0
 0 1 0 1 1 0 0 0 1 1 0 1 0 0 1 0 0 0 1 1 1 0 1 1 0 0 1 1 0 0 1 0 1 1 1 1 1
 0 1 0 1 0 1 1 1 0 1 0 1 1 1 1 1 1 1 1 1 0 1 1 0 1 0 1 0 1 0 0 0 0 1 1 0 1
 1 1 0 0 1 1 1 0 0 0 0 1 0 0 0 0 0 0 1 0 1 0 1 1 1 1 1 1 0 0 0 1 0 1 1 1 0
 0 1 0 1 1 1 1 1 1 1 1 1 1 1 1 1 1 0 1 1 1 0 0 1 0 1 0 1 0 1 0 1 1 1 0 1 1
 0 1 0 0 0 1 0 0 0 1 0 0 0 0 0 0 1 0 1 0 0 0]

