Clustering algorithm selected: kmeans
=====================================

Clustering evaluation metric: rand
Clustering evaluation value: 0.22781360878507434

========== Cluster 0 ==========

Base classifier: DecisionTreeClassifier(max_depth=5, min_samples_leaf=9, min_samples_split=7)

Minority Class: 1

Selected Features: [0 1 2 3 4 5 6 7 8]

Labels: [2 1 0 0 1 1 0 0 2 2 1 0 2 2 2 0 0 0 1 1 0 0 0 2 1 0 0 1 1 2 2 2 0 2 0 0 2
 1 2 0 0 2 0 1 0 1 0 1 2 0 0 0 0 0 2 0 2 0 1 0 2 2 1 0 1 2 2 1 1 0 0 0 2 0
 0 0 0 0 0 0 2 1 2 1 0 0 0 0 2 2 1 0 0 0 1 2 2 1 1 2 2 0 0 1 1 2 2 0 0 2 1
 2 0 2 0 0 0 2 0 2 2 0 1 0 0 2 0 0 0 2 2 0 2 0 1 0 0 0 0 2 0 2 0 2 2 2 1 2
 0 0 1 0 2 1 1 0 0 2 0 2 1 2 2 1 0 1 0 0 0 0 1 2 1 2 2 1 1 2 0 1 2 2 2 1 2
 2 1 2 1 0 2 2 1 0 0 0 0 0 2 2 0 1 2 0 2 2 0 1 1 2 1 2 2 2 1 1 1 0 2 0 2 2
 1 1 2 1 2 2 0 0 2 2 2 0 2 0 2 1 1 2 0 0 2 1 0 2 2 2 0 2 1 0 0 0 2 2 1 2 2
 0 2 0 0 0 2 0 0 0 0 2 2 1 0 2 0 2 1 1 1 0 2 1 0 2 1 2 0 0 1 0 0 2 0 0 2 0
 2 0 1 2 2 0 2 0 2 0 1 2 0 0 0 0 2 0 2 1 0 0 1 1 0 2 1 0 2 0 0 1 0 1 2 2 0
 2 0 2 0 1 2 1 2 1 1 0 1 2 2 1 2 0 1 2 1 1 1 2 0 0 2 1 1 1 1 2 0 0 1 1 1 1
 2 0 1 2 1 2 2 0 2 0 1 0 0 1 2 0 2 1 1 2 2 2 0 2 0 2 2 1 0 0 1 2 2 0 0 0 2
 2 0 1 2 2 0 1 2 0 2 0 0 0 2 1 2 2 2 1 2 0 1 0 2 0 1 0 0 0 2 2 0 2 1 0 0 0
 0 0 1 1 1 2 0 0 2 0 0 2 1 0 2 0 0 0 0 2 0 1 0 0 1 2 2 1 0 2 1 2 0 1 2 0 0
 0 0 0 0 2 0 0 0 0 0 0 2 0 1 2 2 2 1 1 2 1 2 2 0 2 0 2 0 1 0 0 2 0 0 2 0 1
 2 2 2 0 2 0 0 0 2 1 0 0 0 1 2 0 0 0 2 1 1 2 0 0 2 2 2 2 2 2 2 2 2 2 0 0 0
 0 0 0 0 0 0 0 0 0 0 0 0 0 0 0 2 2 2 0 2 0 0 0 2 0 1 1 2 2 2 0 0 0 0 0 0 2
 0 2 0 0 1 2 2 1 2 0 2 0 2 1 2 1 2 1 1 0 0 1 0 0 0 1 0 0 0 2 1 0 1 0 0 2 0
 0 2 2 2 1 2 1 2 1 1 2 2 1 2 0 2 2 2 2 0 0 0 0 1 2 0 1 0 1 2 2 1 2 2 0 2 2
 0 0 2 1 2 2 2 0 2 0 0 1 0 2 1 2 2 1 0 0 1 1 2 0 0 0 0 2 0 1 2 1 2 1 1 2 0
 1 2 2 2 0 2 1 0 0 2 2 2 0 2 2 2 0 0 2 2 0 2 1 0 0 2 2 0 2 2 0 0 0 0 2 2 2
 0 2 1 2 0 0 0 2 1 0 1 2 2 0 0 2 2 2 0 0 2 1 1 1 1 1 1 0 1 0 0 1 0 0 1 2 2
 0 1 0 0 2 0 1 1 2 2 1 0 1 2 2 0 2 2 1 2 2 0 2 1 0 1 0 0 0 2 0 0 0 1 1 2 2
 1 0 1 0 1 1 2 2 2 1 0 0 0 2 2 1 0 0 1 1 0 2 2 0 2 0 0 2 0 0 0 2 2 2 0 0 1
 2 0 0 2 2 1 2 0 1 2 2 2 2 2 1 1 1 2 1 2 2 2 0 2 1 0 1 1 0 0 2 2 0 0 1 1 2
 2 0 0 2 2 2 0 2 2 2 2 0 2 0 1 0 0 2 0 0 0 0 0 0 0 0 0 1 0 1 0 0 1 0 0 2 0
 2 0 2 2 0 0 1 2 2 0 2 0 0 1 0 0 0 0 0 1 2 2 0 2 2 1 2 2 0 1 0 1 0 2 2 1 1
 2 2 2 0 2 1 1 2 2 0 1 0 0 1 2 2 0 2 2 0 2 0 0 0 1 0 0 2 0]

========== Cluster 1 ==========

Base classifier: AdaBoostClassifier(learning_rate=0.8806480772143485, n_estimators=292)

Minority Class: 1

Selected Features: [0 1 2 3 4 5 6 7 8]

Labels: [0 0 2 1 0 2 2 1 0 0 1 1 2 2 0 2 1 0 0 0 1 0 2 0 0 0 0 1 0 1 2 0 0 2 0 0 0
 0 2 1 0 1 0 0 0 1 0 0 0 1 0 2 2 1 0 2 0 1 2 0 0 0 0 1 0 0 1 2 1 1 1 2 0 1
 0 0 2 0 2 2 1 0 1 0 0 1 2 2 2 0 0 0 2 2 0 2 2 0 1 1 0 1 0 2 0 0 0 1 2 2 2
 2 0 0 0 1 1 0 2 1 1 0 2 2 0 0 2 2 2 0 1 2 2 0 0 0 0 0 2 0 2 2 2 0 1 2 1 0
 0 2 0 1 2 0 2 1 0 2 2 2 2 0 2 0 0 0 1 1 0 1 2 0 0 0 0 0 2 0 1 2 0 1 2 0 0
 2 0 0 0 0 0 2 0 0 0 1 2 0 0 1 1 2 0 2 0 0 2 2 0 1 0 2 0 0 2 2 0 1 2 1 0 1
 0 0 2 0 0 1 0 2 0 2 2 1 1 1 0 0 2 2 0 1 1 0 1 0 1 0 0 1 1 2 2 2 1 2 1 0 0
 0 2 2 0 0 2 2 1 0 1 0 1 0 2 0 0 0 1 2 0 1 2 2 0 0 0 1 2 1 1 1 0 1 1 1 0 1
 1 2 0 2 0 1 1 2 1 0 0 2 2 0 0 0 1 0 2 0 2 2 0 0 0 2 0 2 0 0 2 2 0 2 1 0 0
 1 2]

