Clustering algorithm selected: fcm
=====================================

Clustering evaluation metric: dbc_ext
Clustering evaluation value: 0.15468472446493547

========== Cluster 0 ==========

Base classifier: SVC(C=np.float64(309.12588484866365), gamma=np.float64(733.7624771873213),
    probability=True)

Minority Class: 1

Selected Features: [0 1 2 3 4 5 6 7 8]

Labels: [1 0 1 0 2 1 2 0 1 0 1 0 0 1 0 1 2 2 0 0 2 1 0 1 0 2 0 0 0 0 1 0 1 2 1 0 2
 0 0 0 0 0 1 0 1 1 0 0 0 2 1 0 0 0 0 0 2 2 1 1 0 0 1 2 0 0 2 1 0 2 0 0 0 2
 2 1 1 0 1 2 0 0 1 0 1 0 0 0 0 2 2 2 1 0 1 0 0 2 1 2 2 1 0 0 1 2 2 2 2 0 2
 2 2 1 2 2 1 2 0 2 2 1 0 2 2 0 1 0 2 1 1 2 2 1 1 0 2 2 0 1 0 2 2 0 2 0 2 1
 1 1 2 1 2 2 0 2 2 1 1 0 2 1 2 0 0 2 0 0 2 0 2 2 0 2 0 0 2 1 1 1 1 2 1 0 2
 2 2 0 1 0 0 2 0 0 2 0 0 2 0 0 1 2 0 1 1 0 2 0 0 1 0 1 0 0 0 2 2 2 1 1 0 2
 1 2 2 0 1 2 0 2 0 1 1 0 1 1 1 1 2 0 2 1 1 1 1 2 1 1 2 2 2 0 0 2 1 0 0 2 1
 0 2 0 2 2 1 1 2 2 0 0 0 2 2 0 1 2 0 2 0 0 0 0 0 2 2 2 2 0 0 0 2 0 0 2 0 0
 2 1 1 0 0 0 0 0 0 0 1 0 0 0 1 1 0 0 2 0 0 0 0 2 0 0 2 0 0 2 2 0 1 2 1 2 0
 2 2 0 0 0 0 0 2 1 0 2 0 1 0 0 1 0 0 2 2 2 1 0 2 1 2 0 0 2 2 1 0 1 1 0 0 2
 1 2 2 2 2 0 0 0 0 2 0 1 2 1 0 0 2 2 0 2 0 0 2 1 1 2 2 2 2 0 0 2 0 0 0 2 1
 0 2 2 0 1 1 0 2 0 1 0 1 0 0 1 0 0 0 1 2 0 2 0 0 0 2 0 2 1 1 1 2 2 2 1 0 2
 0 1 2 0 2 2 2 0 0 0 2 2 2 0 0 1 2 2 2 0 1 1 0 0 0 0 2 2 1 1 1 0 2 2 0 2 1
 0 2 2 2 0 2 2 0 0 2 0 2 1 0 1 0 2 2 1 0 2 0 2 2 2 1 0 0 2 2 1 2 0 2 0 1 1
 1 1 2 2 2 0 1 2 0 1 2 1 0 1 2 0 2 1 0 0 0 2 0 0 2 2 1 0 1 2 2 2 1 0 2 1 0
 1 0 2 2 0 0 0 2 0 2 0 2 2 0 1 0 1 0 2 1 0 2 1 0 2 1 2 1 1 2 1 0 2 1 0 2 0
 0 1 2 2 2 0 0 2 2 2 0 1 0 2 0 0 0 0 0 0 0 1 0 2 0 1 0 0 0 1 0 0 2 0 2 0 0
 1 2 0 2 2 0 0 0 0 0 2 2 2 2 0 0 0 2 0 0 2 1 2 2 2 2 1 2 0 2 1 2 1 0 2 2 2
 2 0 2 1 0 0 2 0]

========== Cluster 1 ==========

Base classifier: DecisionTreeClassifier(max_depth=4, min_samples_leaf=6, min_samples_split=8)

Minority Class: 1

Selected Features: [0 1 2 3 4 5 6 7 8]

Labels: [2 0 0 1 0 0 2 0 2 2 2 0 0 1 0 0 2 1 2 2 2 0 1 0 0 2 1 2 1 0 2 2 2 0 0 0 1
 2 1 0 2 0 0 2 0 0 2 1 0 2 1 1 0 2 0 0 0 2 0 2 0 2 0 2 0 1 1 2 2 1 2 1 0 2
 2 0 2 0 0 0 0 0 2 0 2 0 0 2 0 0 0 0 2 2 0 0 0 0 0 2 0 2 0 2 1 0 0 2 1 1 0
 0 2 2 1 0 0 2 0 1 1 0 1 1 2 1 2 1 0 1 0 0 0 0 2 0 1 0 2 2 0 0 1 0 2 1 0 0
 2 1 1 1 2 2 2 2 0 2 1 1 2 0 0 0 2 0 0 0 2 0 2 2 0 2 0 0 0 0 1 2 1 0 1 0 0
 2 2 1 0 0 0 0 0 2 0 2 1 2 2 0 0 2 2 0 1 2 2 2 1 0 0 2 0 0 1 2 1 0 0 1 2 2
 2 0 0 2 0 0 1 1 1 2 2 1 2 2 1 1 1 0 2 0 0 0 1 1 2 0 0 2 0 2 0 1 2 0 2 1 2
 2 2 2 0 1 0 0 2 0 2 0 0 0 2 1 2 2 0 2 2 2 2 0 0 0 2 2 0 0 0 0 2 0 0 2 0 0
 0 1 0 0 0 2 0 0 1 2 0 1 2 1 0 0 0 0 2 0 1 0 1 0 1 2 2 1 0 2 2 0 2 2 2 2 0
 2 2 0 0 2 0 1 0 0 2 1 0 0 2 0 2 0 2 0 0 2 1 0 0 0 2 2 0 1 0 2 0 0 2 0 2 0
 2 0 2 1 0 1 0 2 0 1 0 1 0 0 0 0 0 0 0 2 1 2 1 1 2 2 2 0 0 1 2 0 2 2 1 0 2
 1 0 0 0 2 2 1 2 2 2 0 2 1 2 0 2 2 0 0 0 1 1 1 1 2 2 2 1 0 0 2 1 0 2 0 0 2
 0 1 1 0 0 1 2 0 2 0 2 0 1 2 1 2 1 1 2 1 0 0 2 0 2 2 2 1 0 2 1 0 1 0 0 0 2
 0 1 2 0 0 0 2 2 0 1 0 2 2 1 2 0 0 2 2 0 2 1 1 0 1 1 1 0 1 0 0 0 2 0 0 0 0
 0 2 0 1 2 2 1 2 0 2 2 1 2 0 2 0 1 0 1 1 0 2 0 0 0 1 1 0 2 1 1 0 0 1 1 2 0
 0 2 2 0 1 2 0 0 0 0 2 0 2 2 1 2 1 2 1 2 1 1 2 2 2 1 1 0 1 0 1 0 2 1 1 0 2
 0 1 0 2 1 2 2 2 0 2 0 2 0 0 1 0 2 0 0 2 0 2 1 2 0 2 0 0 1 0 1 2 0 1 2 2 0
 1 0 1 2 1 2 0 0 1 2 0 0 0 0 2 0 0 0 1 0 0 1 2]

