Clustering algorithm selected: kmeans
=====================================

Clustering evaluation metric: dbc_rand
Clustering evaluation value: 0.22788973146002425

========== Cluster 0 ==========

Base classifier: AdaBoostClassifier(learning_rate=0.4651464020525833, n_estimators=417)

Minority Class: 1

Selected Features: [0 1 2 3 4 5 6 7 8]

Labels: [0 0 2 1 0 2 2 1 0 0 1 1 2 2 0 2 1 0 0 0 1 0 2 0 0 0 0 1 0 1 2 0 0 2 0 0 0
 0 2 1 0 1 0 0 0 1 0 0 0 1 0 2 2 1 0 2 0 1 2 0 0 0 0 1 0 0 1 2 1 1 1 2 0 1
 0 0 2 0 2 2 1 0 1 0 0 1 2 2 2 0 0 0 2 2 0 2 2 0 1 1 0 1 0 2 0 0 0 1 2 2 2
 2 0 0 0 1 1 0 2 1 1 0 2 2 0 0 2 2 2 0 1 2 2 0 0 0 0 0 2 0 2 2 2 0 1 2 1 0
 0 2 0 1 2 0 2 1 0 2 2 2 2 0 2 0 0 0 1 1 0 1 2 0 0 0 0 0 2 0 1 2 0 1 2 0 0
 1 0 0 0 1 0 0 2 1 2 0 0 0 1 2 1 1 1 2 0 2 0 0 0 2 0 0 0 2 2 0 1 0 2 2 0 0
 0 1 2 2 0 0 0 1 2 0 0 1 1 2 0 2 0 0 2 2 0 1 0 2 0 0 2 2 0 1 2 1 0 1 0 0 2
 0 0 1 0 2 0 2 2 1 1 1 0 0 2 2 0 1 1 0 1 0 1 0 0 1 1 2 2 2 1 2 1 0 0 0 2 2
 0 0 2 2 1 0 1 0 1 0 2 0 0 0 1 2 0 1 2 2 0 0 0 1 2 1 1 1 0 1 1 0 0 0]

========== Cluster 1 ==========

Base classifier: RandomForestClassifier(max_depth=5, min_samples_leaf=8, min_samples_split=5,
                       n_estimators=275)

Minority Class: 1

Selected Features: [0 1 2 3 4 5 6 7 8]

Labels: [2 1 0 0 1 1 0 0 2 2 1 0 2 2 2 0 0 0 1 1 0 0 0 2 1 0 0 1 1 2 2 2 0 2 0 0 2
 1 2 0 0 2 0 1 0 1 0 1 2 0 0 0 0 0 2 0 2 0 1 0 2 2 1 0 1 2 2 1 1 0 0 0 2 0
 0 0 0 0 0 0 2 1 2 1 0 0 0 0 2 2 1 0 0 0 1 2 2 1 1 2 2 0 0 1 1 2 2 0 0 2 1
 2 0 2 0 0 0 2 0 2 2 0 1 0 0 2 0 0 0 2 2 0 2 0 1 0 0 0 0 2 0 2 0 2 2 2 1 2
 0 0 1 0 2 1 1 0 0 2 0 2 1 2 2 1 0 1 0 0 0 0 1 2 1 2 2 1 1 2 0 1 2 2 2 1 2
 2 1 2 1 0 2 2 1 0 0 0 0 0 2 2 0 1 2 0 2 2 0 1 1 2 1 2 2 2 1 1 1 0 2 0 2 2
 1 1 2 1 2 2 0 0 2 2 2 0 2 0 2 1 1 2 0 0 2 1 0 2 2 2 0 2 1 0 0 0 2 2 1 2 2
 0 2 0 0 0 2 0 0 0 0 2 2 1 0 2 0 2 1 1 1 0 2 1 0 2 1 2 0 0 1 0 0 2 0 0 2 0
 2 0 1 2 2 0 2 0 2 0 1 2 0 0 0 0 2 0 2 1 0 0 1 1 0 2 1 0 2 0 0 1 0 1 2 2 0
 2 0 2 0 1 2 1 2 1 1 0 1 2 2 1 2 0 1 2 1 1 1 2 0 0 2 1 1 1 1 2 0 0 1 1 1 1
 2 0 1 2 1 2 2 0 2 0 1 0 0 1 2 0 2 1 1 2 2 2 0 2 0 2 2 1 0 0 1 2 2 0 0 0 2
 2 0 1 2 2 0 1 2 0 2 0 0 0 2 1 2 2 2 1 2 0 1 0 2 0 1 0 0 0 2 2 0 2 1 0 0 0
 0 0 1 1 1 2 0 0 2 0 0 2 1 0 2 0 0 0 0 2 0 1 0 0 1 2 2 1 0 2 1 2 0 1 2 0 0
 0 0 0 0 2 0 0 0 0 0 0 2 0 1 2 2 2 1 1 2 1 2 2 0 2 0 2 0 1 0 0 2 0 0 2 0 1
 2 2 2 0 2 0 0 0 2 1 0 0 0 1 2 0 0 0 2 1 1 2 0 1 0 0 0 2 0 2 0 0 2 0 0 1 2
 2 0 2 0 0 2 1 2 2 0 2 0 1 0 2 0 1 2 0 2 0 0 0 0 0 0 0 0 2 0 1 2 0 0 0 0 1
 2 2 2 2 0 0 2 2 1 2 2 2 0 2 2 2 2 0 0 2 2 0 0 0 1 0 0 1 0 2 0 2 1 1 0 0 0
 0 2 1 0 2 2 2 0 1 0 0 2 2 0 1 2 0 0 0 2 1 2 0 1 1 0 2 0 1 0 2 1 2 2 0 2 0
 2 0 0 2 0 2 0 2 0 2 0 1 1 0 1 0 2 2 2 0 2 0 1 0 0 2 0 1 1 2 2 2 0 0 0 0 0
 0 2 0 2 0 0 1 2 2 1 2 0 2 0 2 1 2 1 2 1 1 0 0 1 0 0 0 1 0 0 0 2 1 0 1 0 0
 2 0 0 2 2 2 1 2 1 2 1 1 2 2 1 2 0 2 2 2 2 0 0 0 0 1 2 0 1 0 1 2 2 1 2 2 0
 2 2 0 0 2 1 2 2 2 0 2 0 0 1 0 2 1 2 2 1 0 0 1 1 2 0 0 0 0 2 0 1 2 1 2 1 1
 2 0 1 2 2 2 0 2 1 0 0 2 2 2 0 2 2 2 0 0 2 2 0 2 1 0 0 2 2 0 2 2 0 0 0 0 2
 2 2 0 2 1 2 0 0 0 2 1 0 1 2 2 0 0 2 2 2 0 0 2 1 1 1 1 1 1 0 1 0 0 1 0 0 1
 2 2 0 1 0 0 2 0 1 1 2 2 1 0 1 2 2 0 2 2 1 2 2 0 2 1 0 1 0 0 0 2 0 0 0 1 1
 2 2 1 0 1 0 1 1 2 2 2 1 0 0 0 2 2 1 0 0 1 1 0 2 2 0 2 0 0 2 0 0 0 2 2 2 0
 0 1 2 0 0 2 2 1 2 0 1 2 2 2 2 2 1 1 2 2 2 2 0 2 0 0 0 2 2 0 0 2 0 0]

