Clustering algorithm selected: fcm
=====================================

Clustering evaluation metric: dbc
Clustering evaluation value: 0.489299300881963

========== Cluster 0 ==========

Base classifier: SVC(probability=True)

Selected Features: [ 77 185 100 177 220  90  60 148 215 167  62 106  86  32 156 115  39 191
 127 210 222 212  34  38 219  97 166 188  87  33  50 132 141 214 105  36
  10 178  57  83 128 138 126 150 149 183  43  67 198 165   3  81 109  75
 121 192 161 196  94 189   0 118  55  35 208  40 193  19 224  66 159  47
 176  48 190 211 108 223 221  44  41 153 179 135 137 195  51   5 181  23
  63 136  21  93 147   9 197  80 143 129 133 134 142 140 139 152 154 155
 157 151 146 145 144 158 130 131 184 175 174 173 172 168 169 170 171 164
 163 162 160 187 182 217 216 218 213 207 206 200 201 202 203 204 205 199
 194 209 180 186 101  96  98  99 116 112 113 114 122 120 123 124 125  64
  65  69  68  70  71  73  72  79  78  74  76  95  85  84  82  92  91  89
  88 119 117 111]

Labels: [0 0 0 1 1 0 0 1 0 0 0 0 1 0 0 1 0 0 0 1 0 0 1 0 1 1 0 1 0 0 0 1 0 0 1 0 0
 0 0 0 1 0 0 0 1 1 1 0 0 1 1 0 0 0 0 0 0 0 1 0 0 0 0 0 0 0 0 0 0 1 0 0]

========== Cluster 1 ==========

Base classifier: SVC(probability=True)

Selected Features: [154 173 222  24  91 127 141  53  31 120   3  58 130  98  38 135  42 114
  39 221 156  21  68  80 108   0 178  23 131  36 136  73 101 139 182  32
 194 107  20 196  89  62 198  79 129 155 199 161   7 159  83 133 181  13
 191 177  97 105 124  99  10  50 109 132 213 110  64 190  63 207  19 103
 126  70  85  15 195 204 188 193 176  37  43 134   2 203   9 140  12 208
  26 210 197 169  48  30  88  82 174  41   6  28 143 153 158 128 142 138
 137 147 146 145 144 157 180 183 189 172 171 170 152 151 150 149 148 164
 163 162 160 187 186 185 184 179 218 217 216 220 223 200 205 206 201 224
 219 209 211 214 212 215 192 202 175 168 167 165]

Labels: [0 0 0 0 1 0 0 0 0 0 0 0 0 0 0 0 0 0 0 0 0 1 1 1 0 0 0 0 0 1 0 0 1 1 0 0 1
 0 0 0 0 0 0 0 0 0 1 0 1 1 0 0 0 0 0 0 1 0 0 1 0 0 1 0 0 0 0 1 0 0 0 0 0 0
 0 0 0 1 1 0 0 0 0 0 1 0 0 0 0 0 0 0 1 0 1]

========== Cluster 2 ==========

Base classifier: GradientBoostingClassifier()

Selected Features: [197  22 186 171  48   3 152  43 196  61 195  76 222  99   2 214 108  83
 206  55 147  60 175  81 178 217 209  56 223   6  98  94 145 128 189 162
 167 134   5  52  90 115 122 211 190 202 198 138 156  97 146  35  12 102
 158  40 120  24  93 105  25 119   9  70 170 212  44 154 205  18 166 210
  37  84  47 187 137 215 101 168  50  74 199  17  57 149  36  92  62 150
 181  14  29 139 218  65  58 100  30 111  15  28  54 131 132 129 130 141
 157 153 151 148 144 155 159 179 180 135 133 142 136 143 140 173 165 164
 163 161 160 191 188 184 176 177 221 219 216 200 201 203 204 207 194 193
 192 220 224 208 213 183 182 185 172 169 174 112 113 118 124 114 116  64
  66  67  68  71  69  73  72  79  78  75  77  85  86  82  80  95  91  89
  88  87 117 123 121 126 104 107 109 110]

Labels: [0 1 1 1 0 1 0 0 1 0 0 0 0 1 1 0 0 0 1 1 0 0 1 0 0 0 1 0 1 0 0 0 1 0 0 0 0
 0 0 0 0 0 1 0 0 1 1 0 0 0 0 0 1 1 0 0 0 0 0 1 0 1 0 0 1 0 0 0 1 0 0 0 1 0
 1 0 1 0 0 1]

========== Cluster 3 ==========

Base classifier: GradientBoostingClassifier()

Selected Features: [ 93   3 152  72 170  95  17  12  92   2   1 207  89  73  82  47  56  37
   0 216 185 150 161 139 131 171  32 126  62  36 162  22 120 118 198 145
 213  88 169  31 212 134  86 224 153 220 193  77  97  33  48 135 112  94
 119 200  30 132 110 166  28  71 102 195 125 108 151  40 130 128  83 184
  43 142 188  87 174  29  39  68 222 148  98  44  76  65 218  21 205  57
 176  51 115  13  18  23 158 175 199 157 111  19 107 211 114 204 146 178
  52 155   4  80  14 177 179 141 143 140 138 137 136 154 149 159 156 147
 144 189 191 190 209 210 215 214 223 219 217 201 202 203 206 196 197 194
 221 208 192 181 180 182 183 186 187 168]

Labels: [1 0 0 1 0 0 0 0 1 1 0 0 0 0 0 0 0 1 1 1 0 0 0 0 0 0 0 0 1 0 0 0 0 0 1 0 0
 0 0 0 1 0 0 0 0 1 0 0 0 1 0 1 1 1 0 0 1 0 0 1 1 0 0 0 0 0 0 0 0 1 0 0 1 0
 0 1 0 0 0 1 1 0 1 0 0 0 1 0 0 0 1]

========== Cluster 4 ==========

Base classifier: RandomForestClassifier()

Selected Features: [206  68   3  94 209 157  97 100 181  59 159  90 202 109   0 133 128 190
 139 120  92  29 108  20  31  21   8  47  55 143 189 110 105  50  63  17
  12 220  76   1  19 172 173  27  38 187 164 167  87 200  88 114 210 221
 129   5  51 144  69  35   9 104 130 218  65 199 121 145 127  37  98 116
  13  44  26  16 168  14 198 163  40 156 205  62 148 142 186 170  58 125
 123 134 194  85 102  46 151  57 215 155  67 115 146 177 211 149 178 126
  82 161  28  79 119 192 191  43 166  73 140 137 138 152 153 154 158 150
 147 162 136 208 214 213 212 223 219 217 216 201 203 207 204 196 222 224
 160 176 179 182 180 183 188 185 184 169 171 174 175 165 197 195]

Labels: [0 0 0 0 1 0 0 1 0 0 1 0 0 0 1 0 0 0 0 0 1 0 1 0 0 0 1 1 1 0 0 0 0 1 0 0 1
 0 0 1 1 0 0 0 0 0 1 1 0 0 0 0 1 0 1 0 1 0 0 0 0 0 0 0 1 0 1 1 0 1 0 0 0 0
 0 0 0 0 1 1 1 1 0 0 0 0 1 0 1 0 1 0 1 0 0]

========== Cluster 5 ==========

Base classifier: GradientBoostingClassifier()

Selected Features: [147 180 106 166  16  81  49 174 198  70 126 200  96  69  14  30 172 209
 121 210 137 177   1   8 123  86  19  97 159  42 125  43 142 190 176  11
  12 146  45  36 115  57  20 124 223  63 120 108 122 173  83 162 187 204
 110 212 103 203 135  73 118 195 214 160 219 201 131  41 119   2  85 154
 114  77 168 222 169 184  94 145 144   7   0  35 205 215 155  88  91 136
  75  54   9  79 138  56 224 216 102  28 181  25 193 189 211 129   5 163
  37  51 148 150 149 128 130 133 132 134 141 143 139 140 153 157 156 164
 165 167 161 178 207 208 213 220 221 218 217 202 197 206 199 196 192 194
 151 158 152 182 183 188 191 186 185 179 171 175 170  99  98 101 112  64
  65  66  67  68  71  74  72  78  76  93  92  84]

Labels: [0 0 0 0 1 0 1 1 1 0 1 0 0 1 0 1 0 0 1 0 0 0 0 0 0 1 0 0 1 0 1 0 0 1 0 1 0
 1 0 0 1 1 0 0 0 1 0 1 0 1 0 1 1 1 0 0 1 0 1 0 0 1 1 1 1 0 0 0 1 0 0 0 0 0
 1 0 0 0 0 1 0 0 0 0 0 0 1 0 0]

========== Cluster 6 ==========

Base classifier: SVC(probability=True)

Selected Features: [ 62  41 200  59 164  52 168 180   0  51 133  16  76 156 138   5  79 201
  17 142  38 206  93  29 132 177  67 179  73 205 222 102 134 111 107 209
  84 108 223 151 217  71 147 100 211 214  44  13 176 136  64 124  54 163
  85  31 189 171 213  74  26 153  10  12 187   2 109 216  28  23 210 220
 155   3  27 215  25  68 106 128 158 218  97  82  30 129  11  94 174  35
 126 139  92 122 123 144  75  36  88  57 118  20  19 192  65 194  86 135
 137 131 130 146 145 178 183 182 181 140 141 143 157 152 154 159 150 148
 149 161 160 191 190 185 184 186 212 204 207 203 202 199 198 196 197 195
 193 208 224 221 219 188 173 172 175 169 170 166 167 165 162  96 125  66
  69  70  72  77  78  81  80  89  90  91]

Labels: [0 1 0 0 0 1 1 1 0 0 1 1 1 0 0 0 0 0 0 0 0 1 0 0 0 1 0 0 1 0 0 0 0 0 0 0 1
 0 0 0 1 0 1 0 0 1 0 0 0 0 0 0 0 1 1 0 0 0 0 0 1 0 0 1 0 0 1 0 0 1 0 0 0 0
 0 0 0 1 0 0 1 0 0 0 0 1 0 0 0 0 1 0 1 1 0 0]

========== Cluster 7 ==========

Base classifier: LogisticRegression()

Selected Features: [ 61 168  50 203   3 201 160 204 194  59 167 134 108 113 177 189  33 141
 151 211  25  10  17  35 101 149  14  49 112  98  78 192  13 121  58 163
 206 190 143  99  24 180 169 110  18  65 222 215  20  90 183 217 187 114
 202  56 218  68  31 100   4  75 128  73  95 216  72 193 184 175 102  36
  41  88  27   6 188 195 139  12 221  19 105  34  97  16  26 153 181 142
 173 152 118  71 161 154 103 129 130 131 132 135 133 137 136 138 140 150
 148 147 146 145 144 159 156 157 155 158 191 185 182 171 170 174 172 164
 165 166 162 178 179 176 186 214 213 220 219 223 200 207 205 196 197 198
 224 208 209 210 212 199 107 106 111  96 119 115 116 124 123 117 127  64
  66  67  69  70  77  79  74  76  86  85  84  83  82  81  80  89  91  93
  92]

Labels: [1 0 0 1 0 0 0 1 0 0 0 0 0 1 0 1 0 1 1 0 1 1 0 0 0 0 0 0 0 0 0 0 0 1 0 0 0
 0 0 0 0 0 1 0 1 0 0 0 0 0 0 1 1 0 0 0 0 1 0 1 0 0 1 0 1 0 0 0 0 1 0 1 1 1
 0 0 0 0 0 1 1 0 1 0 0 1 1 0 0 0 0 1 0 1 0 1]

========== Cluster 8 ==========

Base classifier: RandomForestClassifier()

Selected Features: [153   3  84  43 194  70 188 158  74  62  44 155 163   5  58  68  41 215
 147  32 173 207 154 117 185  46  55 135 190 124 140 214 122  30 137 217
  27 210 199  79  87 160 152 164  99  91 186 110  12   1 196  11  96  24
 178 167 201 209 222 219 180 148  21 109 114 113  53 184 168 123 119 179
  39 200  66 197 216 126  61 223  37  97  31  67  42   8 156 143  23  14
 112 141 202  93 169  50 104  80  28 100 189 195  72 208  33 107   2  56
 193 132 127 145 146 128 129 130 131 133 134 138 136 139 142 150 151 149
 166 162 161 177 176 205 224 220 221 213 218 211 212 198 204 203 206 192
 144 157 159 182 181 183 187 191 175 171 170 174 172 165  98 115 116  64
  65  71  69  76  77  75  73  78]

Labels: [0 0 0 0 0 0 0 1 0 1 0 0 0 0 0 1 1 0 0 0 0 1 1 0 1 0 1 0 0 0 1 0 1 0 1 0 1
 1 1 0 0 0 0 0 1 1 0 1 0 0 0 0 0 1 0 1 0 0 1 1 1 0 0 0 1 0 0 1 1 0 0 0 0 0
 1 0 0 1 0 0 1 0 0 1 0 0 0 0 0 1 0 1]

========== Cluster 9 ==========

Base classifier: LogisticRegression()

Selected Features: [  3 212 128 118  49 143  37   0 211  16 148 165 152 115   9  69  58 150
 166 106  60 129  47 214 163 116 160  52   1  87 187 209 146  80 196  92
 207 188  90  26  23 167  25 144  27  84 175 145  83 131   8 105  94 122
 120  66 204  79 126 176  44 103  29  96  70 139 161 108  28  97   4 216
 134  11 185 142  34 219 199  98  55  91  41 222  32  14  72 181 191  13
  40  67 177  74 208 162   5 119  31 101  56  43 168 183 180  24 117 107
  38 218 124 179 112  17 141 192  75 149 159 137 136 153 154 155 156 158
 157 151 147 210 213 215 217 220 203 206 205 200 201 202 198 197 224 221
 223 195 170 169 182 189 190 186 184 178 173 171 172 174 164 194 193]

Labels: [0 1 1 0 0 0 1 0 0 0 0 0 0 1 1 0 1 1 0 0 0 0 1 0 0 0 0 0 1 0 1 0 1 0 1 0 0
 1 0 0 0 0 1 0 0 0 0 1 0 1 0 1 1 0 0 0 0 1 0 1 0 0 1 0 1 0 0 0 0 0 0 0 0 0
 0 0 0 0 0 0 1 0 0 0 0 1 1 1 1 1 1 0 0 0]

