Clustering algorithm selected: kmeans++
=====================================

Clustering evaluation metric: dbc
Clustering evaluation value: 0.4573746022990737

========== Cluster 0 ==========

Base classifier: GaussianNB()

Minority Class: 1

Selected Features: [214   3 217 201 216   8   0 215   4 220 136 145 209 224 141   1 152 137
   7 200 221 219 135  99 159  15 146  26 204 106 142 205 125 164 208  37
 223 184 138 100  28 102 130 186  21 194  73 213  48 158  38 210  20 212
  72 156  65 122 140  77  43  24 165  40 110  98 196  56 112  68  13   6
 218  11 193  60   5  81  85  18 139 111  50   9  55  14  29 120 167  75
 144 133 172 153  71 155 163  69  17  52  35 108  59  23  79 173 179  39
 191  87 181 177  27  19 118 183 116 151  32 104  67   2  42  83  64 203
 188  80 113 170 107  70 114 206 207  49 157 211 222 202]

Labels: [1 1 0 0 0 1 1 0 0 1 0 0 1 1 0 0 0 1 0 1 1 0 1 1 1 0 1 0 0 0 1 1 1 1 0 1 0
 0 1 0 0 1 1 0 1 1 1 0 1 0 0 1 1 1 0 1 1 1 0 1 0 0 1 1 1 0 1 1 1 0 1 0 0 0
 1 0 1 0 1 1 0 0 0 1 0 1 0 1 1 1 1 0 0 0 0 1 0 0 0 1 0 0 0 0 0 1 0 1 1 0 1
 1 0 1 1 0 0 0 0 0 0 0 0 0 1 1 0 1 0 0 1 1 1 0 1 0 0 1 0 1 1 0 0 1 0 1 1 0
 0 0 0 1 1 1 0 1 1 1 0 1 1 0 1 1 1 1 1 1 0 0 1 1 0 1 0 0 0 0 1 1 1 1 0 0 0
 1 1 1 1 1 1 1 0 0 1 1 1 0 0 1 0 0 0 0 1 0 1 1 1 0 0 1 0 0 1 0 0 1 0 0 1 1
 0 0 0 1 1 1 0 1 0 1 0 1 0 0 0 1 1 1 1 1 0 1 1 1 0 0 1 1 1 0 0 0 1 0 0 0 1
 1 1 0 0 0 1 0 0 1 0 1 0 0 0 0 0 1 0 0 0 1 0 1 0 1 0 1 0 1 1 0 1 1 0 0 1 1
 1 1 0 1 1 0 1 0 0 1 0 1 0 0 0 1 0 1 0 1 1 0 1 1 0 0 0 1 1 0 0 0 0 0 0 1 1
 0 0 0 0 0 1 1 1 0 0 0 0 0 0 0 0 1 0 1 1 0 0 0 1 1 1 0 1 1 0 0 1 0 1 1 0 0
 0 0 0 1 0 1 0 1 1 1 0 0 1 1 1 0 1 0 0 1 1 1 1 1 1 0 1 1 1 0 0 1 1 0 1 0 1
 1 1 1 0 0 1 0 1 0 0 0 1 0 1 0 0 1 1 0 1 0 1 1 1 1 1 1 0 1 1 1 0 1 1 0 0 0
 1 1 0 1 0 0 1 0 1 0 0 1 0 0 1 0 0 0 0 0 1 1 0 0 0 0 1 0 0 1 1 0 1 1 1 1 0
 1 1 0 1 0 1 0 1 1 0 1 0 0 1 1 0 0 1 0 1 0 0 1 0 1 1 0 1 1 0 1 0 1 0 0 0 1
 0 1 1 0 0 0 1 0 0 1 0 1 1 1 0 1 0 1 1 1 0 0 1 0 0 1 0 0 1 1 1 1 1 1 0 0 1
 1 0 1 0 1 0 0 1 1 0 0 1 1]

Synthetic samples indexes: [  0   5   6  13  17  19  20  22  23  24  26  30  32  33  35  38  41  42
  48  51  52  53  55  57  59  64  66  67  68  74  76  89  90 108 110 111
 113 124 125 127 130 132 139 140 146 152 155 156 157 159 162 163 164 170
 171 178 179 180 181 185 186 187 188 189 190 196 206 211 214 220 225 226
 227 229 231 233 237 238 239 240 241 243 245 249 250 254 258 259 260 264
 269 275 279 285 287 288 294 295 296 297 302 305 307 315 318 319 324 331
 332 338 339 340 349 352 356 360 366 367 373 375 378 379 382 386 391 392
 396 397 398 401 402 404 406 407 412 414 418 423 426 429 430 431 432 433
 437 439 444 447 450 458 465 470 473 476 477 479 482 484 486 488 489 491
 494 498 500 503 505 508 509 511 513 517 519 520 524 527 529 530 531 533
 535 536 537 547 549 550 551 554 555 557 559 562 566 567]

========== Cluster 1 ==========

Base classifier: GaussianNB()

Minority Class: 1

Selected Features: [214   3 215 146   0 216 142 138 144  21  77 137 217 154 221   1   6  37
  46 153 135 159 210 157 152   9 170 162  23  36 172 132 208  17 145 139
 218  68 104 175 141  28 125 165  50 182 180  18  53 200 122 181 119  25
   7 189  38 130 194 151 140 116  97 201  92 123 209 219  10  58  61  22
  34  20  54  75 195 223  40 113  84 205 155 136  87  69 164  71  39 134
  88 103 167 204  78  11  26 100  13  63  31  76 176 224 202   5 126  48
 115 147 220 108  19  14 177  12 114 196 197  80 173 149  98 107  94  82
 171 211 105 213  96 109  33 199  60 131 111  51 191]

Labels: [0 1 0 1 0 0 1 0 1 1 0 1 1 0 0 0 1 0 0 0 1 1 0 0 1 1 0 1 1 0 0 0 0 1 0 0 1
 0 0 0 0 1 1 1 0 0 0 0 1 1 1 1 1 1 0 1 1 0 1 1 1 0 0 1 0 1 0 1 0 1 0 0 0 1
 1 1 0 1 0 0 0 1 1 1 1 0 0 1 0 0 1 1 0 0 1 0 0 1 1 1 0 1 1 1 0 0 0 1 1 1 1
 1 0 1 1 1 1 0 0 1 1 1 0 1 0 1 0 0 1 0 0 1 1 0 0 1 0 1 1 1 0 1 1 1 0 1 0 1
 1 0 1 1 1 0 0 0 0 0 0 0 0 0 1 1 1 1 0 0 0 0 0 1 0 1 1 1 1 0 1 0 0 1 0 1 0
 0 1 1 0 0 0 0 0 1 1 0 0 0 0 0 0 0 1 0 0 1 0 0 0 0 0 1 1 1 0 1 1 1 0 0 0 0
 0 0 0 1 1 0 0 0 1 0 1 1 1 0 1 0 0 0 1 1 0 1 0 0 1 0 1 0 1 0 1 0 1 0 0 1 0
 0 0 0 1 0 1 1 0 0 0 0 0 0 1 1 0 1 0 0 0 0 1 0 0 1 1 1 0 0 0 0 0 0 1 1 0 1
 0 1 1 0 1 1 1 1 0 1 0 1 1 0 1 0 0 0 0 1 1 1 1 1 1 1 0 1 0 1 1 0 1 1 1 0 1
 0 0 1 1 1 1 1 1 0 0 0 1 0 0 1 0 1 0 0 1 0 0 0 0 0 0 1 0 0 0 1 1 0 1 1 0 0
 1 1 1 0 1 1 1 1 1 0 0 0 0 1 1 0 1 1 1 0 1 0 1 1 1 0 0 1 1 0 1 1 0 1 1 0 0
 0 1 0 0 1 0 0 0 0 0 0 1 0 1 1 0 1 0 1 0 1 1 1 0 0 0 1 1 1 0 0 0 1 1 0 0 0
 1 0 0 0 0 1 1 1 1 0 1 1 1 0 0 0 1 0 1 1 1 0 1 0 1 1 1 1 0 1 0 0 1 0 1 1 0
 0 0 1 1 1 0 0 0 1 1 0 1 1 1 1 1 0 0 0 0 0 1 1 0 1 1 1 0 0 1 1 1 1 1 1 1 1
 0 0 0 1 0 0 1 0 0 0 0 1 1 0 1 0 1 1 0 0 1 1 0 1 1 0 1 1 1 1 0 1 0 1 1 0 0
 1 1 1 0 0 0 1 0 1 1 1 1 0 0 0 1 0 0 0 0 1 0 1 1 1 0 1 1 1 1 0 0 0 1 1 1 0
 1 0 0 0 1 0 1 1 1 0 1 1 0 0 1 1 0 0 1 0 1 1 1 0 1 1 1 0 0 0 0 1 0 1 1 1 1
 0 0 0 1 0 0 0 0 0 0 0 0 0 1 0 1 0 1 1 1 0 0 1 0 0 1 0 1 1 1 0 1 0 1 1 1 0
 1 1 1 1 1 1 0 0 0 1 1 0 1 1 0 0 1 0 1 0 1 1 1 0 0 1]

Synthetic samples indexes: [  3   8   9  11  24  27  28  33  56  58  63  67  69  74  77  81  82  97
  98 103 109 111 114 120 121 128 131 137 139 142 145 147 148 150 151 162
 163 164 165 171 173 174 178 193 194 202 205 212 213 215 232 236 241 246
 250 252 254 264 272 275 292 301 302 310 315 316 317 319 320 321 329 330
 336 338 339 340 344 347 349 352 359 366 367 370 377 383 387 392 397 398
 400 408 429 433 439 449 450 452 455 466 470 471 473 479 483 484 489 492
 495 505 506 507 510 515 516 517 534 535 538 541 542 546 547 549 551 555
 556 557 561 565 566 575 577 578 579 581 582 583 584 589 590 592 600 602
 603 607 610 613 614 625 626 628 642 644 646 651 656 657 658 660 664 666
 670 682 687 688]

