Clustering algorithm selected: kmeans++
=====================================

Clustering evaluation metric: dbc
Clustering evaluation value: 0.4594043084247761

========== Cluster 0 ==========

Base classifier: GaussianNB()

Minority Class: 1

Selected Features: [214   0   8 216 217 215   3 221 145 219  10   4   1 136 137 143  81 138
 213 204 218 157 205 156  22  85  27   7 207  99  21 191 160 153 201   6
 211 196 135 208   5  70 115 223  40 112  66 102 224  84 146  96  88 182
 144  38  30 209  24 128  58  75  25  29 210 181 178 154 100  12 159 162
 140 164 106  63  20  43 163 170  59  28 134 220  62  26 101 183 187 131
  79 166 158  57  19 212  51 117  98  67  93 192 188  36  97  86  60 121
  90  55  35  74  54 202  53 200 127 184 169  47 193  52 109 198   2  15
 105  45  69  83 222 148 120  14  31 139 161 203]

Labels: [0 1 0 1 1 0 1 1 1 0 0 0 1 0 0 1 0 0 1 0 1 1 1 1 1 1 1 1 0 1 0 0 0 0 0 0 1
 0 1 0 0 0 0 1 0 0 0 0 0 1 1 1 1 1 1 0 1 0 1 1 0 0 1 0 0 0 1 0 0 0 1 1 1 1
 0 1 0 1 0 0 0 1 1 1 0 1 1 0 0 0 1 0 1 1 1 0 0 0 1 0 0 1 0 0 0 1 1 0 1 1 0
 0 0 1 1 0 0 0 0 0 1 0 1 0 1 1 1 1 1 1 1 1 0 0 0 0 1 0 0 1 1 1 0 0 0 1 0 0
 1 1 1 1 0 1 1 1 1 0 0 0 0 1 1 0 1 1 1 1 0 1 1 0 0 1 0 1 1 1 1 1 1 0 0 0 0
 0 1 0 1 0 0 1 1 0 1 0 1 0 1 0 1 1 1 0 1 0 1 0 0 0 0 0 1 1 0 0 1 0 0 0 1 0
 0 0 1 1 1 1 0 1 0 0 0 1 1 1 0 0 1 0 1 0 1 1 0 0 0 1 0 1 1 1 0 0 0 1 0 1 0
 0 1 1 0 0 1 0 0 0 1 1 0 0 1 0 0 1 1 0 1 0 1 0 0 1 0 0 1 1 1 1 1 1 0 0 0 0
 0 1 1 0 1 0 1 0 1 0 0 0 1 0 0 0 1 1 1 1 1 1 0 1 0 1 0 1 0 1 1 0 1 0 0 1 1
 1 1 0 0 1 1 0 0 1 1 1 1 0 1 1 0 0 0 1 1 0 0 1 1 1 1 0 1 1 0 1 0 0 1 1 0 0
 1 1 1 1 0 0 0 0 1 0 0 1 1 1 0 1 1 0 1 0 0 1 0 0 0 1 1 0 1 0 0 0 0 1 1 0 0
 0 1 0 1 1 0 0 1 0 1 0 0 0 1 0 0 0 1 0 0 0 1 1 0 1 1 1 0 1 0 1 1 1 0 0 1 0
 0 1 1 1 0 1 0 0 0 0 0 1 0 0 1 0 1 1 1 1 1 0 0 1 1 1 0 0 1 0 0 1 1 0 1 1 0
 0 1 1 0 0 1 1 0 0 0 0 1 1 1 1 1 1 1 1 1 0 1 0 1 1 0 1 1 1 0 0 0 1 0 1 1 1
 0 1 1 1 0 1 0 1 1 0 0 0 0 0 1 0 0 0 0 1]

Synthetic samples indexes: [  4   6   7  15  18  20  21  22  23  25  29  36  43  50  52  53  54  56
  58  71  72  73  75  77  81  83  85  86  90  92  93  98 101 105 106 109
 124 125 126 128 129 136 140 141 145 148 149 150 151 154 155 156 161 162
 164 165 167 169 170 173 177 178 180 186 188 194 196 198 201 202 204 206
 213 224 225 226 227 229 233 235 250 257 260 261 275 276 283 287 288 289
 290 297 298 304 308 312 313 321 323 326 328 332 333 334 338 341 342 344
 346 347 352 355 357 358 360 361 363 366 367 371 372 373 378 383 385 386
 388 391 398 403 404 408 410 414 416 420 424 429 431 432 433 435 437 442
 445 446 447 449 455 460 461 462 463 464 467 468 469 472 475 476 478 479
 487 493 494 495 496 497 498 499 502 505 508 513 516 520 523 525 526 532
 537]

========== Cluster 1 ==========

Base classifier: GaussianNB()

Minority Class: 1

Selected Features: [214 215 216   0   3  98 224 212  30 134 217  53 135 184  68 219 143 155
 156  20 192 159  76 194 157 171 208 200  22  39 148 201 124  25   8 140
 167 142  58 169  92 150 103 141   1 145 136  26 154 172 102 223  73  70
 218  85 108 107 209  67 182  88 146 211   6 190  61 101 120 176 205 178
  15  83  33 123 137 207  45 121   5  49 162 127 151 213  23 115  40  52
  29 118 126  14 175 206 133  18  97 122  16 199  32 131 183 152  71 139
 153 149  64 185 160  57 144  86 119 197 168  91 158 222 138  28 198  27
 112 220 165 186 203   2 210  93  94 128 129 177 170 130 132 147 189]

Labels: [0 0 0 0 0 0 1 0 1 0 1 0 0 1 0 1 1 1 1 0 0 1 1 1 0 0 0 1 0 1 0 0 1 1 1 1 0
 1 0 1 1 0 0 1 1 1 0 1 1 0 1 0 1 1 0 1 0 0 0 1 0 0 0 1 0 0 1 0 0 1 1 1 1 1
 0 1 0 1 0 0 1 1 0 0 1 1 0 0 1 0 1 1 1 0 0 0 1 1 1 0 1 0 1 0 1 0 0 0 1 0 1
 1 1 0 0 0 1 1 0 0 1 0 1 0 0 0 1 1 1 1 1 1 1 1 0 1 0 0 0 1 0 1 1 1 0 1 0 1
 1 0 0 0 1 1 0 1 0 0 0 0 1 0 1 0 0 1 1 0 0 1 1 1 0 1 0 0 0 1 1 1 1 0 1 1 0
 1 1 1 0 0 1 1 1 1 1 0 0 0 0 1 0 0 1 1 1 0 1 0 0 0 0 1 1 1 0 1 1 0 0 1 1 1
 0 1 0 1 0 0 1 0 1 1 1 0 0 1 1 1 1 1 1 1 0 0 0 0 0 0 0 1 1 1 0 0 0 0 0 0 0
 1 1 0 0 0 1 0 0 1 1 1 0 1 0 1 0 0 0 1 0 0 1 0 0 1 1 0 0 0 1 1 1 0 0 1 0 1
 1 0 0 0 1 1 1 0 0 1 0 0 1 1 0 1 1 0 1 1 0 0 0 1 1 0 0 1 0 0 1 1 0 1 1 1 0
 1 0 0 0 1 1 1 1 1 0 0 1 0 1 1 1 0 0 1 0 0 1 1 1 1 1 1 1 0 0 1 1 0 1 0 1 0
 1 0 1 0 1 0 1 1 0 0 1 0 1 0 1 1 0 1 0 0 1 0 1 0 0 1 1 0 0 1 1 0 0 1 0 0 0
 1 0 0 1 0 1 1 1 1 0 1 1 1 0 0 1 0 1 0 0 0 1 0 1 0 0 0 1 1 0 1 0 0 1 0 0 0
 0 0 0 1 1 0 1 1 1 1 1 1 1 0 1 0 0 1 1 0 0 0 1 1 0 1 0 1 1 1 0 1 0 0 1 1 0
 0 0 1 0 0 0 1 1 1 0 1 1 0 1 0 0 1 0 1 1 1 0 0 0 1 1 1 0 1 0 0 0 1 0 0 1 0
 0 0 0 0 0 1 0 0 1 1 0 0 1 0 0 1 1 0 0 0 1 1 0 1 0 1 0 1 0 1 1 1 1 0 0 1 0
 0 0 1 0 0 1 1 0 1 0 0 1 0 1 1 1 0 1 1 1 1 0 0 1 1 1 1 0 1 0 1 0 1 1 0 0 1
 1 1 1 0 0 1 1 0 1 1 0 1 1 1 0 0 0 1 1 0 1 0 0 1 1 1 0 1 1 0 1 0 0 0 0 0 0
 1 1 0 1 1 0 1 1 1 0 1 0 1 0 1 1 1 0 0 0 1 1 1 0 1 0 1 0 0 0 1 0 0 1 0 1 0
 0 1 0 0 0 0 0 0 1 0 1 1 1 0 0 0 0 0 1 0 1 0 0 0 1 1 0 1 0 1 0 0 0 1 0 0 1
 0 0 1 1 1 1 1 1 0 0 1 0 1 1 1 0 1 0 0]

Synthetic samples indexes: [  6   8  10  15  16  17  21  22  29  32  34  37  39  40  43  45  47  48
  63  69  70  71  75  77  84  90  91  96 100 102 104 108 111 112 116 117
 128 130 133 135 141 142 143 147 162 178 183 190 203 211 213 216 219 220
 228 235 236 237 238 239 241 250 251 260 267 268 269 283 284 288 296 305
 309 311 312 319 320 323 326 329 330 333 337 341 348 355 356 366 372 376
 384 387 395 413 414 418 419 424 434 435 437 440 447 451 455 458 461 462
 466 467 472 475 478 487 488 489 492 497 500 505 507 526 527 530 533 534
 538 539 541 543 545 547 548 549 553 557 566 568 569 570 572 573 574 575
 580 581 583 591 593 594 598 600 601 604 605 615 616 617 619 633 636 641
 649 651 653 655 659 674 676 677 686 690 691 693 708 710 715 717 719]

