Clustering algorithm selected: kmeans
=====================================

Clustering evaluation metric: silhouette
Clustering evaluation value: 0.07397689596206125

========== Cluster 0 ==========

Base classifier: SVC(probability=True)

Minority Class: 1

Selected Features: [  0   1   2   3   4   5   6   7   8   9  10  11  12  13  14  15  16  17
  18  19  20  21  22  23  24  25  26  27  28  29  30  31  32  33  34  35
  36  37  38  39  40  41  42  43  44  45  46  47  48  49  50  51  52  53
  54  55  56  57  58  59  60  61  62  63  64  65  66  67  68  69  70  71
  72  73  74  75  76  77  78  79  80  81  82  83  84  85  86  87  88  89
  90  91  92  93  94  95  96  97  98  99 100 101 102 103 104 105 106 107
 108 109 110 111 112 113 114 115 116 117 118 119 120 121 122 123 124 125
 126 127 128 129 130 131 132 133 134 135 136 137 138 139 140 141 142 143
 144 145 146 147 148 149 150 151 152 153 154 155 156 157 158 159 160 161
 162 163 164 165 166 167 168 169 170 171 172 173 174 175 176 177 178 179
 180 181 182 183 184 185 186 187 188 189 190 191 192 193 194 195 196 197
 198 199 200 201 202 203 204 205 206 207 208 209 210 211 212 213 214 215
 216 217 218 219 220 221 222 223 224]

Labels: [0 1 0 1 0 0 0 0 1 0 1 0 1 1 1 0 1 1 1 1 0 1 1 0 0 0 0 0 0 0 0 1 1 0 1 1 0
 0 0 0 1 1 1 1 1 0 0 0 0 1 0 1 1 1 0 1 1 0 0 0 0 1 1 1 0 0 0 0 1 0 1 1 0 1
 0 1 0 0 1 1 1 0 0 1 1 0 0 1 1 0 1 1 0 1 1 1 1 0 0 1 1 0 0 1 0 0 1 0 0 0 1
 1 0 0 0 0 0 1 0 1 1 1 1 1 1 0 1 0 0 0 1 1 1 0 1 1 1 1 1 0 0 1 0 0 0 1 0 0
 0 0 1 1 1 0 1 1 0 1 1 1 1 1 1 1 0 0 0 0 1 0 1 0 1 0 1 0 1 1 0 0 0 1 0 1 0
 0 0 0 1 0 0 0 0 1 0 0 0 1 1 1 0 1 1 0 1 1 1 1 1 0 1 0 1 0 1 1 0 0 1 0 1 1
 0 1 1 1 0 1 1 0 0 0 0 0 1 0 1 0 1 0 0 0 0 1 1 0 1 0 1 0 0 0 1 0 0 1 1 0 1
 1 1 0 0 0 1 0 1 1 1 1 1 1 0 1 0 1 0 1 0 1 0 1 1 1 0 0 1 1 1 1 1 0 1 1 1 0
 1 0 1 0 0 1 1 0 1 1 1 1 0 1 1 0 1 0 1 0 1 0 0 0 1 1 1 1 1 1 0 0 1 1 0 1 0
 0 1 1 0 1 0 1 0 0 0 1 1 1 0 0 0 0 0 1 1 0 0 0 0 1 0 1 1 1 1 1 1 0 1 1 0 0
 0 1 0 1 1 1 0 0 0 0 0 0 1 0 0 1 0 0 0 0 1 0 1 0 0 1 1 0 1 0 0 1 1 1 0 1 0
 0 0 0 0 0 0 1 1 0 1 1 0 0 0 0 1 0 1 1 1 0 0 1 0 1 1 0 0 1 0 0 1 0 0 1 1 1
 1 0 1 0 1 0 0 0 1 1 0 1 1 0 1 1 1 0 1 0 0 1 1 0 0 0 0 0 0 1 1 0 0 0 0 0 0
 0 1 0 1 0 1 0 1 1 0 1 1 0 0 1 0 1 1 1 1 1 1 0 1 1 0 0 0 1 0 1 0 0 1 1 0 0
 1 1 0 0 1 0 1 1 0 0 1 1]

Synthetic samples indexes: [  1   3  10  12  13  14  16  17  18  21  22  31  32  34  41  43  49  51
  52  53  55  56  61  68  70  71  73  78  79  80  83  84  88  90  91  96
  99 100 103 117 120 123 124 126 130 131 136 141 145 151 152 154 155 157
 158 159 160 161 163 168 170 172 176 177 181 183 193 197 198 199 201 202
 208 210 212 214 218 220 221 223 224 225 227 228 234 236 238 243 244 246
 248 255 259 260 266 267 268 269 270 271 275 277 282 283 286 290 292 294
 296 298 304 305 306 310 314 321 322 324 328 329 335 337 344 352 357 359
 360 361 362 363 367 371 373 375 382 392 395 396 398 401 403 405 413 414
 416 424 425 438 441 442 444 446 448 452 453 456 459 460 465 473 474 484
 486 488 489 495 497 501 502 504 505 511 514 515 518 522 525 529]

========== Cluster 1 ==========

Base classifier: SVC(probability=True)

Minority Class: 1

Selected Features: [  0   1   2   3   4   5   6   7   8   9  10  11  12  13  14  15  16  17
  18  19  20  21  22  23  24  25  26  27  28  29  30  31  32  33  34  35
  36  37  38  39  40  41  42  43  44  45  46  47  48  49  50  51  52  53
  54  55  56  57  58  59  60  61  62  63  64  65  66  67  68  69  70  71
  72  73  74  75  76  77  78  79  80  81  82  83  84  85  86  87  88  89
  90  91  92  93  94  95  96  97  98  99 100 101 102 103 104 105 106 107
 108 109 110 111 112 113 114 115 116 117 118 119 120 121 122 123 124 125
 126 127 128 129 130 131 132 133 134 135 136 137 138 139 140 141 142 143
 144 145 146 147 148 149 150 151 152 153 154 155 156 157 158 159 160 161
 162 163 164 165 166 167 168 169 170 171 172 173 174 175 176 177 178 179
 180 181 182 183 184 185 186 187 188 189 190 191 192 193 194 195 196 197
 198 199 200 201 202 203 204 205 206 207 208 209 210 211 212 213 214 215
 216 217 218 219 220 221 222 223 224]

Labels: [0 0 0 0 1 0 0 1 0 0 0 0 0 1 1 1 0 1 1 0 0 1 1 1 1 0 1 0 1 1 0 1 0 1 0 0 0
 0 1 0 1 1 0 0 1 0 0 1 0 1 0 0 0 0 1 0 0 0 1 1 0 0 0 1 1 1 1 1 0 1 1 0 0 0
 0 1 1 0 0 1 1 0 0 1 0 0 1 1 0 1 0 1 0 1 0 0 0 1 0 1 0 1 0 1 0 0 0 0 1 1 1
 1 0 0 0 1 1 0 1 1 1 1 0 0 1 0 0 1 1 0 0 0 1 1 1 0 1 0 0 1 1 1 1 0 1 1 0 1
 0 0 0 1 0 0 0 0 0 1 0 1 1 0 0 0 1 1 0 1 0 0 0 0 1 1 0 1 1 1 1 1 1 1 1 1 0
 0 1 1 1 1 0 0 0 0 1 0 0 1 0 0 1 1 1 1 1 1 1 0 1 0 0 0 1 1 0 1 0 1 1 1 1 1
 1 1 0 0 0 1 1 0 1 1 1 1 1 0 0 1 0 1 0 0 1 0 1 0 0 1 0 1 1 0 1 1 1 1 0 0 0
 1 0 1 0 1 0 0 1 1 1 1 0 0 0 1 1 1 0 0 0 0 1 1 0 1 0 0 0 0 1 0 0 0 1 1 1 0
 1 0 1 0 1 1 1 1 0 1 1 0 0 1 1 1 1 1 0 1 0 1 1 1 0 1 0 0 0 1 0 0 1 1 0 1 1
 0 0 0 0 0 1 0 1 1 1 1 1 0 0 0 1 1 1 1 1 1 1 1 0 1 1 1 0 1 0 0 1 1 1 0 0 1
 0 0 1 0 0 0 0 0 1 0 1 0 1 1 1 1 0 0 0 0 1 0 1 0 0 0 1 0 0 1 0 1 0 0 0 0 0
 1 0 1 0 1 1 1 0 1 1 1 0 0 0 0 1 0 1 1 1 0 1 0 0 1 0 1 1 1 1 0 0 0 1 0 0 0
 0 1 0 0 1 0 1 0 0 0 0 1 1 0 1 0 1 1 0 1 0 1 1 1 1 1 0 1 0 1 0 1 0 0 0 1 0
 1 1 0 0 0 0 0 1 0 0 1 1 0 0 1 1 1 1 0 1 0 1 0 0 0 0 0 0 0 1 0 0 0 0 1 1 1
 1 1 0 0 1 0 1 1 0 1 1 1 0 1 0 0 1 0 0 0 0 0 0 0 1 1 1 0 1 0 0 1 1 1 1 1 0
 1 1 1 0 1 0 1 1 1 1 0 1 0 0 0 1 1 1 0 1 0 0 0 1 1 0 0 1 1 1 0 0 1 1 0 0 0
 1 0 0 0 0 1 1 0 0 0 1 1 1 0 0 0 0 1 1 1 1 1 1 0 0 1 0 0 1 0 0 1 0 1 1 0 1
 1 1 0 1 0 1 1 1 0 1 0 1 0 0 0 0 0 1 0 0 0 0 0 1 0 1 1 0 1 1 0 1 1 0 0 1 1
 0 0 1 1 0 1 0 1 0 1 1 0 1 1 1 0 0 1 1 1 1 0 0 0 1 1 0 0 0 1 0 1 1 0 1 0 1
 0 0 1 1 0 0 1 1 1 0 1 1 1 1 0 0 0 0 1 1 0 1 1 1 0 0 0]

Synthetic samples indexes: [  4  13  15  18  21  22  28  33  38  44  49  54  63  64  65  66  67  69
  75  79  83  89  91  93  97  99 103 109 115 120 121 127 134 139 140 142
 144 145 159 160 175 178 179 181 186 187 197 204 205 206 208 215 217 218
 219 220 222 227 230 231 232 233 234 239 242 244 247 249 255 259 266 283
 294 300 301 303 305 306 309 311 312 315 318 319 321 328 329 331 332 341
 343 344 348 350 352 354 357 359 361 365 378 380 383 384 385 390 399 411
 412 416 424 431 434 436 440 445 448 450 455 458 461 463 465 469 471 481
 482 488 491 497 498 516 519 522 528 529 531 549 550 552 557 559 562 564
 566 574 578 579 584 588 610 611 613 614 617 623 625 628 634 646 657 665
 668 671 673 675 676 679 683 684 685 695 698 700 702 705 706 711 714 716
 722 726]

