Clustering algorithm selected: kmeans++
=====================================

Clustering evaluation metric: silhouette
Clustering evaluation value: 0.37747055230579873

========== Cluster 0 ==========

Base classifier: SVC(probability=True)

Minority Class: 0

Selected Features: [21 24 23  3  4  0  1  2  8 22 28 14 27  7 11  9 17 26 19 20 10 16 18  6]

Labels: [0 0 1 1 0 0 0 1 1 1 0 1 1 1 0 1 0 0 0 0 0 1 0 0 1 0 1 0 0 0 0 0 0 0 1 1 0
 0 0 0 1 0 0 0 1 1 1 1 1 1 1 0 1 0 0 0 1 0 0 1 1 1 0 1 0 0 1 1 1 1 1 1 0 1
 0 0 1 0 1 1 0 1 1 0 0 1 0 0 0 1 0 1 0 0 0 1 1 0 0 1 0 0 1 0 1 0 1 0 1 1 1
 1 0 0 0 0 0 0 1 1 0 0 0 1 1 1 1 0 1 0 1 1 1 1 0 1 1 1 1 1 1 0 1 0 1 0 1 0
 1 0 1 0 0 0 0 0 1 1 1 0 1 0 1 1 0 0 0 1 0 1 1 1 0 1 0 1 0 0 1 1 0 0 1 0 1
 0 0 1 0 0 1 1 1 1 0 0 1 0 0 0 1 1 0 1 1 1 1 1 1 0 1 0 0 1 1 1 1 0 0 0 0 1
 0 0 1 1 1 1 1 1 1 1 0 1 0 1 1 1 0 1 0 1 1 0 0 1 0 0 1 1 1 1 1 1 1 0 0 0 0
 1 0 0 1 1 0 1 0 1 1 1 1 1 0 0 1 0 0 1 1 0 0 1 0 1 0 1 1 1 0 0 1 1 1 1 1 1
 1 0 0 0 0 0 0 0 0 1 1 0 1 1 0 1 0 1 0 1 1 0 0 0 1 1 1 0 0 1 1 0 1 0 0 0 0
 0 1 0 0 1 0 0 1 1 0 1 0 1 1 0 1 1 1 0 0 0 1 1 1 0 1 1 0 1 0 1 0 0 1 1 0 0
 0 1 1 1 1 0 0 1 0 0 1 1 1 0 0 1 1 1 0 0 0 0 1 0 0 0 1 0 1 1 0 1 1 0 0 0 0
 1 0 0 0 0 1 0 0 0 0 1 1 0 0 1 1 1 1 0 0 1 0 0 0 0 1 0 0 0 1 0 0 0 0 1 1 0
 1 1 1 1 0 1 1 0 1 1 1 1 0 0 0 0 0 0 0 1 0 1 1 0 0 1 1 0 1 0 0 1 1 1 0 1 1
 1 0 1 1 0 0 1 0 1 1 1 1 1 1 0 0 0 0 1 1 0 0 0 1 0 1 1 0 1 1 1 0 0 1 0 1 1
 1 1 1 0 0 1 0 1 0 0 0 0 0 0 0 0 1 1 0 1 0 0 0 1 1 0 0 1 0 1 1 1 0 1 0 1 0
 1 0 1 0 0 0 1 0 1 1 1 1 0 0 1 1 0 1 0 0 1 1 0 1 0 1 1 0 1 1 0 0 0 0 0 0 0
 0 0 0 0 1 1 1 1 1 0 1 0 1 0 0 1 1 0 0 0 1 1 1 0 1 1 1 0 0 1 0 0]

Synthetic samples indexes: [  2   3   7   8   9  11  12  15  21  24  26  35  40  44  45  46  47  48
  49  50  56  59  60  61  63  66  67  68  69  70  73  76  78  81  82  85
  89  91  95  96  99 102 104 106 108 109 110 111 119 123 124 125 126 128
 130 131 132 133 135 136 137 138 140 142 144 146 148 150 156 157 158 160
 163 169 170 171 173 175 178 182 184 187 190 193 196 201 203 204 205 207
 208 210 214 215 216 221 226 227 228 229 230 233 235 236 237 239 241 242
 245 249 250 251 252 253 254 259 262 265 267 268 269 270 271 274 277 278
 281 283 285 287 290 291 292 293 294 295 296 305 306 308 311 313 315 316
 321 322 325 326 328 334 337 341 343 345 346 349 350 354 355 356 358 361
 363 366 367 371 372 373 374 377 380 381 382 385 386 387 392 396 398 399
 401 402 407 412 417 418 421 422 423 424 427 432 436 441 444 445 446 447
 449 450 452 453 454 455 463 465 466 469 470 472 475 476 477 479 480 481
 483 484 487 489 490 491 493 499 500 504 506 507 509 510 511 514 516 517
 519 520 523 525 534 535 537 541 542 545 547 548 549 551 553 555 557 561
 563 564 565 566 569 570 572 575 576 578 580 581 583 584 596 597 598 599
 600 602 604 607 608 612 613 614 616 617 618]

========== Cluster 1 ==========

Base classifier: GaussianNB()

Minority Class: 0

Selected Features: [24 21 22 23  3  1  4 20  0 16  8 28 10  2 17 14 18 19  6 25 12 26  9]

Labels: [1 0 1 1 0 0 0 0 0 1 1 1 0 0 1 1 1 1 0 1 0 1 1 0 1 1 0 1 1 0 0 0 1 0 0 0 1
 1 1 1 1 0 1 1 0 0 1 0 1 1 1 1 0 1 0 0 0 0 0 0 1 1 1 1 1 1 1 0 1 0 0 1 0 1
 0 0 0 1 0 1 0 1 1 1 1 1 1 1 0 0 1 0 1 1 0 0 0 1 0 1 0 0 0 0 0 0 1 1 1 0 0
 1 1 0 0 1 0 0 0 1 0 0 1 1 0 1 1 0 0 0 0 0 1 1 1 0 0 0 1 0 1 0 1 1 0 0 1 1
 0 1 0 1 1 0 1 0 1 1 0 1 1 1 1 0 0 0 0 1 0 1 0 0 0 1 0 1 1 1 0 1 1 0 1 0 1
 0 0 0 1 0 1 1 1 0 1 1 1 0 1 0 0 0 1 0 1 0 0 1 0 1 1 0 1 1 1 0 0 1 1 0 0 0
 1 1 0 1 0 0 0 0 0 0 1 0 1 1 0 1 0 0 0 1 0 1 1 1 1 0 1 0 0 1 1 1 1 1 0 1 1
 0 0 1 0 1 1 1 0 1 0 1 1 0 1 0 0 0 0 0 0 0 1 0 1 0 1 0 1 0 0 1 0 1 0 0 1 0
 1 1 1 0 0 1 1 0 0 0 1 1 0 0 1 1 1 0 1 0 1 0 0 0]

Synthetic samples indexes: [  1   4   5   6   7   8  12  13  18  20  23  26  29  31  33  34  35  41
  44  45  52  54  55  56  57  58  59  67  69  70  72  74  75  76  78  80
  88  89  91  94  96  98 100 101 102 103 104 105 109 110 113 114 116 117
 118 120 121 124 127 128 129 130 131 135 136 137 139 141 144 145 148 150
 153 155 158 163 164 165 166 168 170 171 172 174 178 181 183 185 186 187
 189 193 197 199 200 201 205 206 208 211 215 216 219 220 224 226 227 229
 230 231 233 236 239 240 242 247 249 250 256 260 262 266 268 271 273 274
 276 277 278 279 281 283 285 287 288 290 292 293 295 299 300 303 304 305
 308 309 313 315 317 318 319]

