Clustering algorithm selected: kmeans
=====================================

Clustering evaluation metric: silhouette
Clustering evaluation value: 0.3655319430893968

========== Cluster 0 ==========

Base classifier: SVC(probability=True)

Minority Class: 0

Selected Features: [ 0 24 21 23  2  8  3  4  1 22 28 14 27 11 10  7 13  9 17 20 19 16  6  5]

Labels: [0 1 1 0 1 1 0 1 1 1 1 0 1 1 0 1 1 0 1 1 1 0 1 0 1 1 0 0 0 0 1 1 1 1 1 1 1
 1 1 1 0 1 1 1 0 1 0 1 1 0 1 1 0 0 1 1 1 0 1 1 1 0 0 1 1 0 1 0 1 1 1 0 0 0
 1 0 1 0 0 1 1 1 0 1 1 1 0 0 1 0 0 0 0 1 0 0 0 1 0 1 0 1 1 1 1 0 1 0 0 0 1
 0 0 0 1 0 1 0 1 1 0 1 1 1 0 0 1 0 0 1 0 0 1 1 0 0 0 0 1 1 0 1 0 0 1 0 1 0
 0 1 1 1 0 1 0 0 0 0 1 1 0 1 0 1 1 0 1 0 1 0 0 1 0 0 1 0 1 1 1 1 1 0 1 1 1
 0 1 0 0 1 0 0 1 0 1 1 1 0 0 1 0 1 1 1 0 0 1 1 1 1 0 0 1 0 0 1 0 0 0 0 0 1
 0 1 1 0 0 0 1 0 0 0 1 0 0 0 1 0 1 1 0 0 0 1 1 0 0 1 1 1 0 0 1 0 1 1 0 0 1
 0 0 1 0 1 1 1 1 0 1 0 0 0 0 1 1 0 1 1 1 0 1 1 1 0 1 1 0 1 0 1 1 1 0 1 1 0
 0 0 0 0 1 1 1 1 0 1 0 0 1 1 0 0 1 1 1 0 0 1 0 0 0 0 0 0 1 1 1 0 1 0 0 0 0
 0 0 1 1 1 0 0 0 1 1 0 0 0 0 1 1 1 1 0 0 1 0 0 1 0 0 1 1 1 1 0 0 0 0 0 0 0
 1 1 0 0 1 0 0 1 0 0 0 1 0 1 0 1 0 0 0 0 1 1 1 0 1 1 1 1 0 1 1 1 1 0 0 1 1
 1 1 1 1 1 1 1 1 0 1 1 1 0 0 0 1 0 0 0 0 0 0 0 1 0 0 0 0 0 1 0 0 1 0 0 1 0
 1 0 0 1 1 1 1 0 0 1 0 0 0 0 0 1 0 1 1 1 0 1 1 0 0 0 0 0 0 0 0 0 1 0 1 0 1
 0 1 0 0 1 0 0 0 1 1 0 1 1 0 1 1 0 1 1 1 1 0 1 0 0 1 1 1 1 0 1 1 0 0 0 1 0
 1 0 1 0 0 1 1 1 1 1 0 0 1 1 1 0 1 1 1 1 0 1 0 0 1 1 1 0 1 1 1 0 0 0 0 1 1
 0 0 0 1 0 0 1 0 1 0 0 1 1 1 0 0 0 0 0 0 0 0 1 0 1 1 1 0 1 1 1 1 1 1 0 0 0
 0 0 0 1 1 0 1 0 1 1 1 0 0 0 1 1 1 0 0 0 1 1 0 0 0 0 0 0 1 1 1 0]

Synthetic samples indexes: [  1   2   4   7   8   9  10  12  13  15  16  18  19  20  22  24  25  30
  31  32  33  34  35  36  37  38  39  41  42  43  45  47  48  50  51  54
  55  56  58  59  60  63  64  66  68  69  70  74  76  79  80  81  83  84
  85  88  93  99 101 102 103 106 110 114 116 118 119 121 122 123 126 129
 132 133 138 139 141 144 146 149 150 151 153 158 159 161 163 166 168 171
 174 177 178 179 182 183 184 186 189 192 194 195 196 199 202 203 206 208
 209 212 215 221 223 224 228 232 236 238 239 243 244 247 248 252 254 258
 261 263 264 265 266 268 273 274 276 277 278 280 281 282 284 285 287 289
 290 293 294 300 301 302 303 305 308 309 312 313 314 325 326 328 335 336
 337 341 342 347 348 349 350 353 356 359 360 361 362 370 371 374 377 381
 383 385 390 392 394 395 397 399 401 405 406 407 408 409 410 411 412 413
 414 416 417 418 422 430 436 439 444 447 448 450 453 459 461 462 465 466
 476 478 480 482 489 490 492 493 496 498 499 500 501 503 506 507 508 509
 511 516 518 520 523 524 525 526 527 530 531 532 534 535 536 537 539 542
 543 546 547 548 553 554 558 561 563 566 567 568 579 580 581 583 584 585
 586 587 588 595 596 600 601 606 607 608 612 613 620 621 622]

========== Cluster 1 ==========

Base classifier: GaussianNB()

Minority Class: 0

Selected Features: [24 21 22 23  3  4  1 20  0 16 28  2 10  8  6 14 19 17 18 15 26 25 12]

Labels: [0 1 0 1 0 0 1 1 1 0 0 1 0 0 1 0 1 0 0 1 0 1 0 0 0 1 0 1 0 1 0 1 0 1 1 0 1
 0 1 0 1 0 1 0 1 1 0 1 1 0 1 0 1 0 1 0 0 1 1 1 1 1 0 0 0 1 1 1 1 0 0 0 0 1
 0 1 0 1 0 1 1 1 1 1 0 1 0 1 0 1 0 1 0 0 0 0 0 1 0 1 0 1 1 0 0 1 0 1 0 0 1
 0 0 0 0 1 1 0 0 0 0 0 0 0 1 1 1 0 0 1 1 0 1 1 0 0 0 0 0 0 1 1 1 0 1 0 0 1
 0 0 0 0 1 1 1 1 1 0 1 0 0 0 1 0 0 1 1 0 1 1 1 1 0 0 0 1 1 0 0 0 0 0 1 1 0
 0 0 1 0 0 1 0 1 1 1 0 0 0 0 1 1 1 1 0 1 0 1 0 0 1 1 1 1 1 1 0 1 0 0 0 0 0
 0 0 0 1 1 0 0 1 1 1 0 1 1 1 0 0 0 1 1 1 1 0 0 1 0 0 0 1 1 1 0 1 0 0 0 1 1
 1 0 0 1 1 0 1 0 1 0 1 1 0 1 0 1 1 1 0 0 1 1 0 1 1 1 1 0 0 0 1 1 1 1 0 0 0
 1 1 1 1 0 0 1 0 1 1 0 0 1 1 0 1 1 1 0 0 1 1 1 1 1 1 0 1 0 0 1 0]

Synthetic samples indexes: [  0   2   4   5   9  10  12  13  17  18  20  22  23  26  28  30  32  35
  37  39  41  46  49  51  53  56  62  63  64  69  70  71  72  74  76  78
  84  86  88  90  92  93  94  95  96  98 100 103 104 106 108 109 111 112
 113 114 117 118 119 120 121 122 123 127 128 131 134 135 136 137 138 139
 143 145 146 148 149 150 151 157 159 160 161 164 167 172 173 174 177 178
 179 180 181 184 185 186 188 189 191 195 196 197 198 203 205 207 208 215
 217 218 219 220 221 222 223 224 227 228 232 236 237 238 243 244 246 247
 248 252 254 255 256 261 264 266 268 271 273 277 278 281 286 287 293 294
 295 300 301 303 306 307 310 314 322 325 327]

