Clustering algorithm selected: kmeans++
=====================================

Clustering evaluation metric: silhouette
Clustering evaluation value: 0.3818408798120339

========== Cluster 0 ==========

Base classifier: SVC(probability=True)

Minority Class: 0

Selected Features: [24 23 21  4  3  0  1 14  2 22  8 28 27 13  9  7 10 11 17  6 16 15 20 25]

Labels: [1 1 1 0 0 1 1 0 0 1 0 0 1 1 1 0 1 1 0 1 0 1 0 0 1 1 1 1 1 0 1 0 1 0 1 0 1
 1 1 0 0 1 0 0 0 0 1 0 1 0 0 0 0 0 0 0 1 1 1 1 0 1 1 0 1 0 1 1 0 0 1 1 1 0
 1 1 1 1 0 0 0 1 0 1 1 1 1 0 0 0 1 0 0 1 1 1 0 0 1 1 0 1 1 0 1 0 1 0 0 1 1
 0 1 1 1 0 1 1 0 0 0 1 1 1 1 1 0 0 0 1 1 1 0 1 1 0 0 1 0 0 1 0 1 0 0 1 1 1
 1 1 1 0 0 0 0 0 1 0 1 0 1 0 1 0 1 0 0 0 0 1 0 1 0 1 0 0 1 0 1 1 1 1 1 1 0
 0 0 1 1 0 1 1 1 0 1 0 1 1 0 1 0 1 1 0 0 1 0 1 0 1 0 0 0 1 1 0 0 0 1 1 0 1
 0 1 0 1 0 0 1 0 0 1 1 0 0 0 0 1 0 0 0 0 0 0 1 1 0 1 1 1 1 1 0 0 0 0 0 1 0
 1 0 1 0 1 1 1 1 1 0 1 0 1 0 0 0 1 0 1 0 0 1 0 1 1 0 1 0 0 0 1 0 1 1 0 1 0
 1 1 0 0 0 1 1 0 0 1 0 0 1 0 0 0 1 0 1 0 0 1 1 1 1 1 1 0 1 1 1 0 1 1 1 1 0
 0 1 0 0 1 1 1 1 0 0 0 1 0 1 1 1 1 1 0 1 1 0 1 0 1 0 0 1 1 0 1 0 0 0 0 1 0
 0 1 0 1 0 1 0 0 1 1 1 0 1 0 0 0 0 0 0 0 0 0 0 0 1 0 0 0 1 0 0 1 1 0 0 1 0
 1 0 0 1 1 0 0 1 1 0 0 1 0 1 1 0 0 0 0 1 1 1 0 0 1 0 0 0 0 0 0 0 0 0 1 1 0
 0 0 0 1 1 1 0 1 0 0 1 1 1 0 1 1 0 0 1 0 0 1 1 1 1 1 0 0 1 0 0 0 0 1 1 0 1
 1 1 1 1 1 1 0 1 0 1 0 0 0 0 0 0 1 1 0 1 0 0 0 0 0 1 0 1 1 0 0 0 1 0 0 1 0
 1 0 1 1 1 1 1 1 1 0 1 0 1 1 0 1 1 0 1 1 1 1 1 1 1 1 1 0 0 0 0 0 0 0 1 1 0
 1 1 1 1 0 0 0 0 1 0 0 1 1 1 0 1 1 1 0 1 0 0 1 0 0 1 1 0 1 0 1 1 0 1 0 1 1
 1 1 0 1 0 1 0 0 1 0 0 0 1 1 1 1 1 1 0 0 0 1 0 0 0 1 0 1 0 0 0 1 1 1 0 0]

Synthetic samples indexes: [  1   2   5   6   9  13  14  16  17  19  21  24  25  26  27  28  30  34
  37  41  46  48  56  57  58  59  61  62  64  66  67  70  71  72  74  76
  77  81  83  84  85  86  90  93  94  95  98  99 101 102 104 106 109 110
 112 113 114 116 117 121 123 124 125 130 131 134 137 140 142 145 146 147
 148 149 150 156 158 160 162 164 169 171 173 176 178 179 180 181 182 183
 187 188 190 191 192 194 196 197 201 202 205 209 213 218 219 221 223 225
 228 231 232 237 244 245 247 248 249 251 257 259 261 263 264 265 266 267
 269 271 275 277 280 282 283 285 289 291 292 294 296 297 301 302 305 308
 312 314 317 318 319 320 321 322 324 325 326 329 330 331 334 337 338 339
 344 346 348 349 350 352 353 355 357 360 363 371 373 375 378 379 380 382
 394 398 401 402 407 410 411 414 415 418 420 421 426 428 431 441 442 447
 448 449 451 454 455 456 458 459 462 465 466 467 468 469 472 477 478 480
 481 483 484 485 486 488 490 498 500 508 509 513 516 518 520 521 522 523
 525 526 528 530 531 533 534 536 537 539 540 541 542 543 544 552 553 555
 556 557 558 563 566 567 568 570 572 574 580 583 585 586 588 590 591 592
 593 595 597 600 604 605 606 607 608 609 613 617 619 623 624 625]

========== Cluster 1 ==========

Base classifier: GaussianNB()

Minority Class: 0

Selected Features: [24 21 23 22  3  1  4  0 20 19  2 28 17 16  8 10 18  6 14 26 15 25 12]

Labels: [0 1 1 1 1 1 0 0 1 1 1 1 0 1 0 1 0 1 1 0 0 0 1 1 0 0 1 0 0 0 0 1 0 1 1 0 1
 1 0 1 0 1 0 0 0 0 0 1 0 0 1 0 1 1 0 0 0 1 1 1 1 0 0 0 1 1 1 0 0 0 1 0 0 0
 0 1 1 1 0 1 1 1 1 1 1 0 0 0 1 1 1 1 0 1 0 1 1 1 1 0 0 1 1 1 1 0 0 1 0 0 1
 0 0 1 0 0 0 1 1 0 1 0 0 0 0 0 1 0 0 1 0 0 0 1 0 1 0 0 0 0 0 1 1 0 0 1 1 0
 1 0 0 0 0 0 1 1 1 0 0 0 0 1 1 1 0 0 0 0 1 1 1 1 0 0 1 1 0 1 1 0 0 1 1 1 0
 0 1 0 0 0 1 1 1 1 0 1 1 0 0 1 0 1 0 0 1 0 1 0 0 0 1 1 1 1 0 0 1 0 1 0 1 0
 0 1 1 0 0 0 0 1 0 1 0 0 0 0 0 1 0 1 1 0 1 1 0 0 1 1 0 0 1 1 0 1 1 1 0 1 1
 1 1 1 1 0 0 1 0 1 1 1 0 1 1 1 0 1 1 0 0 0 0 0 0 0 0 1 1 1 1 1 0 1 0 1 1 1
 0 1 0 0 1 0 1 1 1 0 1 0 1 0 0 1 1 1 0 0 1 0 1 0 1 1 0 1 1 0]

Synthetic samples indexes: [  0   6   7  12  14  16  19  20  21  24  25  27  28  29  30  32  35  38
  40  42  43  44  45  46  48  49  51  54  55  56  61  62  67  68  69  71
  72  74  78  85  86  87  92  94  99 100 105 108 109 111 112 114 115 116
 119 121 122 123 124 125 127 128 130 131 132 134 136 137 138 139 140 143
 144 147 150 151 152 153 157 158 159 160 164 165 166 167 172 173 176 179
 180 184 185 187 188 189 194 197 198 200 202 203 205 207 208 209 214 215
 217 219 221 222 225 226 227 228 230 232 233 234 235 236 238 241 244 245
 248 249 252 256 263 264 266 270 274 277 278 279 280 281 282 283 284 290
 292 296 298 299 301 305 309 310 314 319 322 325]

