Clustering algorithm selected: kmeans++
=====================================

Clustering evaluation metric: dbc
Clustering evaluation value: 0.14362522445413034

========== Cluster 0 ==========

Base classifier: SVC(C=482.0625559189335, gamma=916.6693474978414, probability=True)

Minority Class: 0

Selected Features: [0 1]

Labels: [1 0 1 1 1 0 1 1 1 1 1 1 1 1 1 1 1 1 1 0 1 0 0 1 1 1 0 1 0 1 1 1 0 1 0 1 1
 1 1 1 1 1 0 1 1 1 0 1 0 0 1 0 0 1 1 1 1 1 1 0 1 1 1 1 1 1 1 1 0 1 0 1 0 1
 1 1 1 1 1 1 1 1 1 0 1 0 1 0 0 1 1 1 0 0 1 1 1 1 1 1 1 1 1 0 1 1 1 1 0 1 1
 0 1 1 1 1 0 1 0 1 1 1 1 1 1 1 1 1 1 1 0 1 1 1 1 1 1 1 1 1 1 1 0 1 0 1 1 0
 1 0 1 1 1 1 1 1 1 0 1 1 1 1 1 1 1 1 1 1 0 0 0 0 0 1 1 1 1 0 1 0 1 1 1 1 1
 0 1 1 1 1 1 1 1 0 1 1 1 1 1 0 1 0 1 0 1 1 1 1 1 1 1 1 1 1 1 1 0 1 1 1 1 0
 1 1 1 1 1 1 1 1 0 1 0 1 1 0 0 1 1 1 1 1 1 1 1 1 1 0 1 1 1 1 1 1 1 1 1 1 1
 1 0 1 1 1 1 1 1 0 1 1 1 1 1 0 0 1 1 1 0 0 0 1 0 1 1 1 1 1 1 1 1 1 0 0 1 1
 1 1 1 1 1 1 1 1 1 1 1 1 1 1 0 1 1 0 1 0 1 1 1 1 1 1 0 1 0 1 0 0 1]

========== Cluster 1 ==========

Base classifier: KNeighborsClassifier(n_neighbors=7)

Minority Class: 1

Selected Features: [0 1]

Labels: [1 1 0 0 1 0 1 0 0 0 0 0 1 1 0 0 0 0 0 0 0 0 1 0 1 0 0 0 0 1 1 0 0 0 1 0 0
 1 0 0 0 1 0 0 0 0 0 1 1 0 0 1 1 0 0 0 0 0 1 0 0 0 0 0 0 0 0 1 0 1 0 0 0 0
 1 0 1 0 0 0 0 1 0 1 0 1 0 0 0 1 1 1 0 1 0 0 0 0 0 0 1 0 0 0 1 1 0 0 1 1 1
 0 0 1 1 0 0 1 0 0 0 1 0 1 0 0 0 0 0 1 0 0 1 0 1 0 0 0 0 0 0 0 0 1 0 0 0 0
 0 0 0 0 0 0 0 0 1 0 0 1 0 0 0 1 0 1 0 0 1 0 0 0 1 0 0 0 0 1 0 1 1 0 0 0 0
 1 0 1 1 0 1 0 0 0 0 1 0 1 0 0 0 0 0 1 0 0 0 1 0 1 0 0 0 0 1 0 0 0 0 0 0 0
 1 0 0 0 0 0 1 1 1 1 0 0 0 0 0 0 0 0 0 0 0 0 0 0 0 0 1 0 0 0 0 1 1 0 0 0 0
 0 0 1 0 1 1 1 0 1 0 0 0 1 0 0 0 1 1 1 0 1 0 1 0 0 0 0 0 0 0 0 0 0 1 0 0 0
 0 0 0 1 1 0 1 0 1 0 1 0 1 0 0 1 1 0 0 0 0 1 0 1 1 1 0 0 0 0 0 0 0 0 0 0 1
 0 0 0 0 0 0 1 0 0 0 0 1 0 1 0 0 0 0 0 0 0 0 0 0 0 0 1 0 0 0 0 0 0 0 0 0 0
 0 1 0 0 1 0 0 0 0 0 0 1 0 0 0 0 0 0 0 0 0]

