Clustering algorithm selected: kmeans++
=====================================

Clustering evaluation metric: silhouette
Clustering evaluation value: 0.07284817093409743

========== Cluster 0 ==========

Base classifier: GaussianNB()

Selected Features: [223   4 194   3 138 107 131 201  47 197 214  66 174 146  77  81 135 199
 145 212 195  21 130 184   0  13   6   8 215  38 153 219 206  58  31 110
 156 200  86  89 173 208  27 101  48  76  64  60  16   1  12 163 144 216
 141  26 128  78 157  43  23 189  46  34 125 191 117 221 116  40 105  29
  10 178 210  39 108  18 162  79 175  72 149 148 109 217 177 154  61  42
   9  99 169  71 129  22 111  98 102 114  85 180  41 127  51  94 209 165
 182  36  35 120 150  63 170  17  70   2  15  65   5  69  14  67   7  68
  11  62  37  19  50  74  44  45  33  32  30  28  49  52  59  53  54  55
  25  24  56  57  20  73 224  75 186 183 181 179 176 172 171 168 167 166
 164 161 160 159 158 155 185 187  80 188 222 220 218 213 211 207 205 204
 203 202 198 196 193 192 190 152 151 147 143 104 103 100  97]

Labels: [0 0 0 0 0 1 0 0 1 0 0 0 0 0 0 1 0 0 1 0 0 0 0 1 0 0 0 1 0 0 0 1 0 0 1 0 0
 1 0 0 0 0 0 0 0 0 0 1 1 0 0 0 0 1 0 0 0 0 0 1 0 0 0 0 1 0 1 0 0 0 0 0 0 0
 0 1 1 0 0 1 1 1 0 0 0 0 0 1 1 0 1 0 0 0 1 0 0 0 1 1 0 1 0 0 1 0 0 0 0 1 0
 0 0 1 1 0 0 0 1 0 1 0 1 0 0 0 0 0 0 0 0 1 0 0 1 0 0 0 0 1 0 0 0 0 0 1 0 0
 0 0 0 0 0 0 0 0 0 0 1 0 0 0 0 0 0 0 0 0 0 1 0 0 0 0 0 0 1 0 1 1 0 0 0 1 1
 1 0 0 0 1 1 1 0 0 0 1 0 0 0 0 0 0 0 0 0 0 0 0 0 0 0 1 0 0 0 0 0 0 0 0 0 0
 0 1 1 0 0 1 1 0 1 0 1 1 0 0 1 0 0 0 1 1 1 0 0 0 0 0 0 0 0 0 0 1 1 0 1 0 0
 1 0 0 0 0 0 0 1 0 1 0 0 0 0 0 0 0 0 0 0 0 0 0 0 0 0 0 0 1 1 0 0 0 0 0 1 0
 0 0 0 0 0 0 0 1 1 0 1 0 1 0 1 0 0 0 0 0 0 1 1 0 1 1 1 0 0 0 1 0 0 1 1 0 0
 0 0 0 0 0 0 0 1 0 0 0 0 0 0 0 0 0 0 0 0 0 0 0 0 0 0 1 0 0 0 0 1 0 1 1 1]

========== Cluster 1 ==========

Base classifier: GaussianNB()

Selected Features: [ 49  16   3   5   0  62  61 175 140  74 204  80 135  66  93 185 157  78
  56  70  10 132 114  99  44 215   4 202  92 191  53 152 144  11  96 214
  69 169 133 164 210 177  97  79 105  23 198 221 196  86  29 113  43 148
   8  65 138  85 106  41 187 195  48 216  40 206 143 183  50  39  73 118
  54  94 162  89 171 146 129  63 165  77  71  55 125  14 220  47 194  22
  24  35 163  19  42  33  82 127 189 178  31 211 142 192  18 158  64 117
 174 154 108 203 104 107  52  98  46 181 197 184  68  67   9  12   6   2
  32  37   1  34  72   7  15  13  27  45  25  21  51  20  26  28  38  57
  58  59  17  60  30  36 224  75 182 179 176 173 172 170]

Labels: [1 0 0 0 0 0 0 0 1 0 1 1 1 1 0 0 0 0 0 0 0 0 0 0 1 1 1 0 1 0 0 1 0 0 1 0 0
 0 0 0 1 0 0 0 1 1 0 1 0 0 0 0 1 1 1 0 0 0 0 0 0 1 1 1 0 0 1 1 0 0 0 1 1 0
 1 1 0 0 0 1 0 0 1 0 1 0 0 1 1 0 0 0 0 1 1 0 1 0 0 0 0 0 0 0 0 0 0 1 0 0 1
 1 0 0 0 1 0 1 1 1 0 1 0 0 0 1 0 0 1 0 1 1 0 0 0 1 0 0 0 0 0 0 0 0 0 0 0 0
 0 0 1 0 0 0 0 0 0 0 0 0 0 0 1 0 0 1 0 1 0 0 0 1 1 0 1 0 1 0 0 0 0 0 1 1 1
 1 0 0 0 1 0 0 0 0 1 0 0 1 1 0 0 0 1 1 0 1 0 0 1 0 0 0 0 1 0 0 1 0 1 1 0 1
 0 0 0 0 0 0 0 0 1 0 0 0 1 0 0 1 1 1 0 0 1 1 0 0 0 1 0 0 1 0 0 0 0 0 0 0 1
 0 1 0 0 0 0 0 1 0 1 0 0 0 0 1 1 1 1 0 0 0 1 0 0 0 0 0 1 1 0 1 0 0 0 0 0 0
 0 1 1 0 0 1 0 0 1 1 1 1 1 0 1 0 1 0 0 1 0 1 1 1 0 0 0 1 1 0 1 0 0 0 1 0 0
 0 1 0 1 1 1 0 0 1 0 0 1 0 1 0 0 1 0 0 0 1 0 1 0 1 0 0 1 1 0 1 0 0 0 0 1 0
 1 0 0 0 1 0 0 0 0 0 0 1 0 0 0 0 1 0 1 0 0 0 1 1 0 0 0 1 0 0 0 0 1 0 0 0 0
 0 0 0 1 0 0 0 1 0 1 0 1 1 0 1 1 0 1 1 1 0 0 0 0 0 1 0 0 0 0 0 1 0 0 1 0 0
 0 0 1 0 1 0 0 0 0 1 1 1 0 0 0 1 0 0 0 0 0 1 0 0 0 1 1 0 1 0 0 0 0 0 0 0 1
 0 0 0 1 1 1 0 0 0 0 1 0 0 1 0 0 1 0 0 0 0 0 0 1 0 1 0 1 0 0 0 1 1 1 0 0 0
 0 0 0 0 0 1 1 0 1 1 1 1 1]

