Clustering algorithm selected: spectral
=====================================

Clustering evaluation metric: dbc
Clustering evaluation value: 0.17075315807477984

========== Cluster 0 ==========

Base classifier: SVC(probability=True)

Minority Class: 1

Selected Features: [1 6 3 0]

Labels: [2 0 0 1 1 0 0 2 2 1 0 2 2 2 0 0 1 0 0 0 2 1 0 0 1 2 2 2 2 0 0 0 2 1 0 0 2
 2 0 1 1 0 1 2 0 0 0 0 0 2 0 2 0 1 0 2 2 1 0 1 2 0 2 1 1 0 0 0 2 0 0 0 0 0
 0 2 1 2 0 0 0 0 2 2 1 0 0 0 1 2 1 1 2 1 0 0 1 2 2 0 0 2 1 2 2 0 0 0 0 0 2
 0 2 0 2 0 1 0 0 2 0 0 0 2 2 2 0 0 1 0 0 0 0 2 0 2 0 2 2 2 1 2 0 0 2 1 1 0
 0 2 0 2 1 2 2 1 0 1 0 2 0 0 2 1 0 2 2 1 0 1 2 2 2 0 2 2 1 2 1 0 2 1 0 0 0
 0 2 2 0 1 2 0 2 2 0 1 0 1 2 1 2 1 0 2 0 2 2 2 1 2 2 0 0 2 2 2 0 2 0 2 1 2
 0 0 2 1 0 2 2 2 2 1 0 0 2 1 2 2 0 2 0 0 0 2 0 0 0 0 2 0 2 1 0 1 2 0 2 1 1
 0 2 1 0 2 1 2 0 0 1 0 0 0 2 0 0 2 0 2 0 1 2 2 0 2 0 2 0 1 2 0 0 0 0 0 0 1
 2 0 2 0 0 1 1 0 2 1 0 0 2 0 1 1 2 2 2 2 1 2 2 2 2 1 1 1 1 1 1 0 2 0 0 0 2
 1 0 0 2 0 0 2 0 1 0 0 1 2 2 1 0 2 1 2 0 2 0 0 0 0 0 2 0 0 0 0 0 0 2 0 1 2
 2 2 1 2 2 2 0 2 0 2 0 0 1 0 0 2 0 0 0 2 0 1 2 2 2 2 0 0 2 0 0 2 1 0 0 0 1
 0 0 2 0 1 2 0 1 0 0 0 2 0 0 2 0 0 2 0 0 2 2 0 0 0 2 1 2 2 2 0 1 2 0 1 0 2
 0 0 0 0 0 0 0 0 0 0 2 0 1 2 0 0 0 0 1 2 2 2 0 0 2 2 1 2 2 2 0 2 2 2 2 2 0
 0 2 2 0 0 1 0 0 1 0 2 0 2 1 1 0 0 0 0 2 1 0 2 2 2 0 1 0 0 2 2 0 1 2 0 0 0
 2 1 0 1 1 0 2 0 1 0 2 1 2 0 2 0 0 2 0 0 2 0 2 0 2 0 2 2 0 2 1 0 0 2 0 2 0
 2 0 1 1 2 2 0 2 0 0 0 0 0 0 0 2 0 0 1 2 2 1 2 2 0 2 0 0 2 1 2 1 0 2 2 1 0
 0 0 1 0 0 0 0 2 1 0 1 0 0 2 2 0 0 2 0 2 2 1 2 1 2 1 2 0 2 2 2 2 0 0 0 0 1
 2 0 1 0 1 2 2 2 0 2 0 2 2 0 0 0 2 1 2 2 0 2 0 0 0 1 0 2 1 0 1 0 1 0 2 0 0
 0 0 2 2 0 1 2 1 2 1 1 2 0 1 2 2 2 0 2 1 0 0 2 2 2 0 2 2 2 0 0 2 0 2 0 0 2
 2 0 2 2 0 0 0 2 2 2 0 2 1 2 0 0 2 1 0 1 2 2 0 0 2 2 2 0 0 2 1 1 1 1 1 0 0
 0 1 0 0 1 2 2 0 1 0 0 2 0 1 1 2 1 1 0 1 2 2 0 2 2 1 2 2 0 2 1 0 1 0 0 0 2
 0 0 1 1 2 1 0 1 1 2 2 1 0 0 0 2 2 1 0 0 1 2 0 2 0 0 2 0 0 0 2 2 2 0 0 1 2
 0 0 2 2 2 2 0 2 2 2 2 2 1 1 2 1 2 2 2 0 2 0 1 1 0 0 2 2 0 0 1 1 2 2 0 0 2
 2 0 2 2 1 0 2 0 2 0 1 0 0 0 0 0 0 0 0 0 0 0 1 0 1 0 0 1 0 0 2 0 2 2 2 0 0
 1 2 2 0 2 0 2 0 2 0 1 0 0 0 0 2 2 0 2 2 1 2 2 0 1 0 2 0 2 1 1 2 2 2 0 2 1
 1 2 2 0 0 0 0 1 2 2 2 2 0 2 0 2 1 0 0 2 0]

========== Cluster 1 ==========

Base classifier: SVC(probability=True)

Minority Class: 2

Selected Features: [3 5 4 7]

Labels: [0 1 0 2 0 1 1 0 1 2 0 2 1 0 1 2 1 2 0 0 2 1 0 0 0 1 0 1 2 0 0 0 0 2 2 1 0
 1 2 0 0 2 0 0 2 1 0 1 0 0 0 1 0 0 0 1 0 1 0 2 1 0 1 1 2 2 1 1 2 2 0 0 0 0
 1 2 2 1 1 0 1 0 1 1 2 1 1 1 1 2 0 0 1 0 2 0 0 2 0 2 2 1 0 0 1 1 2 2 2 0 0
 2 2 2 2 1 1 0 1 2 2 2 2 1 1 1 1 0 1 2 2 1 0 2 2 2 2 0 0 2 0 0 1 0 0 1 1 0
 1 1 1 2 0 0 0 0 1 2 0 2 1 1 2 0 0 1 0 0 1 1 2 0 0 2 0 0 1 2 2 1 2 0 1 2 1
 1 2 0 0 0 0 0 2 0 0 0 2 2 0 1 0 2 2 2 2 0 0 1 1 0 0 1 2 2 0 1 0 0 1 2 2 0
 1 1 2 0 1 2 0 1 0 1 0 0 2 1 2 1 2 2 0 1 2 1 1 1 2 2 0 2 1 2 0 1 0 2 2 1 1
 1 0 0 2 2 0 1 2 1 0 1 0 1 1 0 0 1 1 0 2 0 2 2 1 2 1 0 0 1 1 0 2 2 0 0 2 2
 2 0 1 0 1 0 2 0 0 0 0 2 1 2 1 0 0 1 2 2 2 1 0 2 0 0 0 1 1 1 1 1 1 0 1 1 1
 1 1 0 1 1 2 0 1 2 2 2 2 2 1 0 0 2 2 0 0 0 0 1 0 0 2 1 0 0 1 0 2 0 2 0 2 1
 2 0 0 0 0 1 0 0 1 2]

