Clustering algorithm selected: kmeans++
=====================================

Clustering evaluation metric: dbc
Clustering evaluation value: 0.02691283460573068

========== Cluster 0 ==========

Base classifier: GaussianNB()

Minority Class: 1

Selected Features: [1 7 6 5 2 9 4 8]

Labels: [2 0 0 1 1 2 2 1 0 2 2 2 1 2 0 0 2 2 0 0 1 1 1 0 1 2 0 1 0 1 0 1 0 1 1 1 2
 0 0 0 2 0 2 1 0 0 0 0 2 2 2 0 2 0 0 0 2 0 2 0 1 2 0 1 2 2 2 2 0 0 0 2 0 2
 1 0 2 0 0 2 0 0 2 1 2 2 0 1 2 1 0 1 2 2 0 1 1 0 0 0 0 2 0 1 2 2 2 1 1 2 0
 1 1 0 2 2 1 0 2 0 0 2 2 0 2 2 2 1 0 2 1 2 0 2 1 2 2 2 0 1 1 1 1 2 2 1 1 2
 0 0 2 1 1 2 0 0 1 2 2 0 0 0 2 1 1 1 1 0 1 1 0 1 0 2 2 2 2 2 2 0 2 1 1 1 2
 1 1 0 2 0 0 2 1 0 1 0 0 0 1 0 1 0 0 1 0 0 0 1 2 2 1 0 1 2 2 0 0 1 0 0 1 0
 2 1 2 0 1 1 2 2 1 1 2 0 2 1 0 0 1 2 2 2 2 2 2 1 1 1 1 0 2 2 2 2 2 0 2 0 0
 0 0 1 1 1 2 2 0 2 2 0 0 0 1 0 0 1 1 1 2 0 2 1 1 1 2 2 0 1 2 0 1 1 1 2 0 1
 2 2 2 1 0 0 0 1 1 0 0 2 1 2 2 1 0 1 2 0 0 2 2 1 0 0 1 0 1 0 0 2 0 2 0 0 2
 1 0 2 0 0 2 0 0 1 2 0 0 1 1 1 1 1 2 0 1 0 0 1 2 0 2 0 2 0 1 1 0 2 2 2 1 2
 1 1 2 2 0 0 1 1 0 2 0 0 2 0 1 2 2 0 2 0 2 0 2 0 0 1 1 1 2 0 0 1 2 0 2 0 0
 2 0 1 0 1 0 2 2 0 2 0 2 2 0 0 1 0 0 2 1 1 2 0 1 0 2 2 2 0 1 2 0 1 0 2 2 1
 2 2 1 2 1 1 1 1 2 2 2 2 2 2 0 1 0 0 0 0 1 1 0 0 0 0 1 1 1 2 1 2 1 0 1 2 0
 0 0 2 0 2 0 2 0 2 1 1 0 2 0 0 1 2 1 0 2 2 0 0 0 2 0 1 2 0 0 0 1 2 0 2 2 2
 2 2 1 1 1 2 2 1 2 0 2 1 0 1 1 2 2 1 1 0 2 0 2 0 0 0 1 2 2 2 1 0 2 0 0 0 1
 2 0 2 1 1 0 2 1 2 2 2 2 0 0 1 2 0 2 1 0 1 2 1 1 0 1 1 2 0 1 0 2 2 0 1 0 2
 0 0 0 2 1 2]

========== Cluster 1 ==========

Base classifier: GaussianNB()

Minority Class: 2

Selected Features: [5 2 6 4 9 0 1]

Labels: [2 2 0 1 2 1 0 2 2 2 2 0 0 0 0 1 1 0 1 1 0 0 0 1 2 1 0 1 0 2 2 0 1 2 0 0 2
 1 0 0 0 2 2 0 1 0 2 1 0 0 0 1 0 1 0 2 2 1 1 0 2 0 2 0 2 2 2 2 2 2 1 1 2 2
 2 0 1 2 1 1 1 0 1 0 1 2 0 1 0 2 1 2 2 0 1 1 2 1 1 1 2 2 2 1 1 2 1 2 1 2 2
 2 1 0 0 2 0 1 2 1 2 2 0 1 0 0 2 1 2 1 0 1 0 2 0 0 2 2 1 0 1 2 2 1 0 2 0 1
 1 1 0 2 1 0 0 2 1 2 0 1 0 1 2 1 2 0 0 2 0 1 2 1 0 1 2 0 1 0 0 2 0 1 1 1 0
 0 0 1 0 2 1 1 2 1 1 0 2 2 1 1 1 0 1 0 2 0 0 1 2 2 0 0 0 1 1 1 0 0 1 2 0 1
 0 0 2 2 1 1 0 0 2 0 2 0 0 2 0 1 2 2 1 1 1 2 1 2 1 1 2 1 0 1 0 0 1 1 0 2 1
 2 0 1 0 2 2 0 0 2 1 1 0 0 1 2 1 1 1 0 1 1 0 1 0 1 0 2 1 1 0 0 1 2 1 2 1 1
 1 1 2 2 2 2 0 1 0 0 0 1 1 0 0 1 1 0 0 2 2 0 2 2 0 0 1 0 0 2 2 2 2 1 2 0 1
 1 2 1 2 2 1 2 1 2 1 1 1 1 1 0 1 0 2 1 1 0 1 2 0 2 1 1 0 0 2 0 1 2 2 1 0 0
 1 2 1 1 1 0 0 2 0 1 2 1 2 2 2 2 0 2 2 2]

========== Cluster 2 ==========

Base classifier: GaussianNB()

Minority Class: 0

Selected Features: [1 0 9 4 6 2 7]

Labels: [0 2 2 0 2 2 0 2 2 2 2 0 1 1 2 2 1 0 0 0 2 1 1 0 2 1 0 2 1 0 1 1 2 2 1 0 2
 1 1 2 1 0 2 2 1 2 1 0 1 1 1 1 0 1 0 1 0 0 0 1 0 1 2 2 1 0 2 2 2 1 1 1 0 2
 2 2 0 2 1 2 1 0 2 2 0 0 1 0 1 1 0 2 1 2 0 2 2 0 1 2 0 0 2 1 2 1 1 0 1 1 1
 2 2 2 1 1 1 0 2 0 0 0 1 1 0 1 1 1 0 2 0 2 2 1 2 2 2 0 0 0 1 1 2 1 1 0 0 1
 2 2 0 1 1 1 0 1 0 1 1 2 1 1 2 1 2 0 1 2 1 0 1 1 0 1 2 2 2 1 2 1 0 2 0 1 1
 1 0 0 2 1 0 1 0 0 1 1 0 0 2 2 1 0 0 0 2 2 2 2 0 0 1 1 1 2 1 1 2 0 2 2 1 1
 0 2 0 1 1 1 0 1 1 0 1 1 2 2 2 2 1 2 0 2 2 0 1 0 2 1 1 1 0 0 0 2 0 0 0 0 2
 1 2 1 0 0 0 2 0 0 1 0 1 2 0 1 2 0 1 0 1 2 2 1 1 2 1 2 2 2 2 2 0 1 1 1 0 1
 1 2 0 2 2 2 1 1 2 1 0 2 2 1 0 1 1 1 0 2 0 2 0 2 1 1 1 2 2 1 1 2 1 2 1 2 0
 1 1 2 0 0 2 1 2 0 0 0 2 1 2 0 1 0 0 1 1 2 1 0 1 0 2 0 1 2]

