Clustering algorithm selected: fcm
=====================================

Clustering evaluation metric: dbc
Clustering evaluation value: 0.4907086730881053

========== Cluster 0 ==========

Base classifier: SVC(probability=True)

Minority Class: 1

Selected Features: [  0   1   2   3   4   5   6   7   8   9  10  11  12  13  14  15  16  17
  18  19  20  21  22  23  24  25  26  27  28  29  30  31  32  33  34  35
  36  37  38  39  40  41  42  43  44  45  46  47  48  49  50  51  52  53
  54  55  56  57  58  59  60  61  62  63  64  65  66  67  68  69  70  71
  72  73  74  75  76  77  78  79  80  81  82  83  84  85  86  87  88  89
  90  91  92  93  94  95  96  97  98  99 100 101 102 103 104 105 106 107
 108 109 110 111 112 113 114 115 116 117 118 119 120 121 122 123 124 125
 126 127 128 129 130 131 132 133 134 135 136 137 138 139 140 141 142 143
 144 145 146 147 148 149 150 151 152 153 154 155 156 157 158 159 160 161
 162 163 164 165 166 167 168 169 170 171 172 173 174 175 176 177 178 179
 180 181 182 183 184 185 186 187 188 189 190 191 192 193 194 195 196 197
 198 199 200 201 202 203 204 205 206 207 208 209 210 211 212 213 214 215
 216 217 218 219 220 221 222 223 224]

Labels: [0 1 1 1 1 0 1 1 0 0 1 0 1 1 0 0 1 1 0 1 1 0 1 1 1 1 0 0 1 1 0 0 0 1 0 0 1
 0 0 1 0 1 0 1 0 0 1 1 0 1 1 1 0 0 0 0 1 0 1 0 1 0 1 0 0 0 0 0 1 0 1 0 0 0
 0 1 1 0 1 1 1 0 0 1 1 1 0 0 1 0 1 1 0 1 1 0 0 1 0 1]

Synthetic samples indexes: [ 4  6 13 16 17 22 24 25 28 29 33 36 41 43 46 50 51 58 60 62 76 78 80 83
 84 93 94 99]

========== Cluster 1 ==========

Base classifier: SVC(probability=True)

Minority Class: 1

Selected Features: [  0   1   2   3   4   5   6   7   8   9  10  11  12  13  14  15  16  17
  18  19  20  21  22  23  24  25  26  27  28  29  30  31  32  33  34  35
  36  37  38  39  40  41  42  43  44  45  46  47  48  49  50  51  52  53
  54  55  56  57  58  59  60  61  62  63  64  65  66  67  68  69  70  71
  72  73  74  75  76  77  78  79  80  81  82  83  84  85  86  87  88  89
  90  91  92  93  94  95  96  97  98  99 100 101 102 103 104 105 106 107
 108 109 110 111 112 113 114 115 116 117 118 119 120 121 122 123 124 125
 126 127 128 129 130 131 132 133 134 135 136 137 138 139 140 141 142 143
 144 145 146 147 148 149 150 151 152 153 154 155 156 157 158 159 160 161
 162 163 164 165 166 167 168 169 170 171 172 173 174 175 176 177 178 179
 180 181 182 183 184 185 186 187 188 189 190 191 192 193 194 195 196 197
 198 199 200 201 202 203 204 205 206 207 208 209 210 211 212 213 214 215
 216 217 218 219 220 221 222 223 224]

Labels: [1 1 1 1 1 0 0 0 1 1 0 1 1 1 0 1 0 0 0 1 1 1 0 1 1 1 0 1 1 0 1 1 0 0 0 1 1
 0 0 1 1 1 1 0 0 1 0 0 0 1 1 0 1 0 0 0 1 0 0 0 1 0 0 1 0 0 0 0 1 1 1 0 1 1
 0 0 0 0 1 1 0 1 0 1 0 1 0 1 1 0 0 0 1 1 1 0 0 0 0 1 0 1 0 1 0 0 1 0 1 0 0
 1 1 1 1 0 1 0 0 0 1 1 1 1 1 0 1 0 1 0 0 0 1 1 0 0 1 0 0 1 0 0 1 1]

Synthetic samples indexes: [  0   2   3   4   9  12  13  15  20  21  23  24  25  27  28  35  36  39
  40  41  42  45  49  56  63  68  69  70  72  73  78  83  85  87  93  94
 101 103 106 112 116 120 121 124 126 132 136 142 143]

========== Cluster 2 ==========

Base classifier: SVC(probability=True)

Minority Class: 1

Selected Features: [  0   1   2   3   4   5   6   7   8   9  10  11  12  13  14  15  16  17
  18  19  20  21  22  23  24  25  26  27  28  29  30  31  32  33  34  35
  36  37  38  39  40  41  42  43  44  45  46  47  48  49  50  51  52  53
  54  55  56  57  58  59  60  61  62  63  64  65  66  67  68  69  70  71
  72  73  74  75  76  77  78  79  80  81  82  83  84  85  86  87  88  89
  90  91  92  93  94  95  96  97  98  99 100 101 102 103 104 105 106 107
 108 109 110 111 112 113 114 115 116 117 118 119 120 121 122 123 124 125
 126 127 128 129 130 131 132 133 134 135 136 137 138 139 140 141 142 143
 144 145 146 147 148 149 150 151 152 153 154 155 156 157 158 159 160 161
 162 163 164 165 166 167 168 169 170 171 172 173 174 175 176 177 178 179
 180 181 182 183 184 185 186 187 188 189 190 191 192 193 194 195 196 197
 198 199 200 201 202 203 204 205 206 207 208 209 210 211 212 213 214 215
 216 217 218 219 220 221 222 223 224]

Labels: [1 1 1 0 0 1 0 0 0 1 1 1 1 0 1 0 0 0 0 0 1 1 0 1 1 1 0 1 1 0 1 1 1 1 1 0 1
 1 0 0 0 1 0 1 0 1 0 0 0 0 1 0 1 0 1 0 1 0 0 1 1 1 1 1 1 1 0 0 0 1 0 1 0 0
 0 1 0 0 0 1 0 1 0 1 1 0 1 1 1 0 0 0 0 1 1 1 0 0 1 0 1 1 0 0 0 0 1 0]

Synthetic samples indexes: [  0   1   2   5  11  14  21  24  25  30  31  33  34  37  41  45  50  52
  54  56  64  65  79  88  93  95  98 100]

========== Cluster 3 ==========

Base classifier: SVC(probability=True)

Minority Class: 1

Selected Features: [  0   1   2   3   4   5   6   7   8   9  10  11  12  13  14  15  16  17
  18  19  20  21  22  23  24  25  26  27  28  29  30  31  32  33  34  35
  36  37  38  39  40  41  42  43  44  45  46  47  48  49  50  51  52  53
  54  55  56  57  58  59  60  61  62  63  64  65  66  67  68  69  70  71
  72  73  74  75  76  77  78  79  80  81  82  83  84  85  86  87  88  89
  90  91  92  93  94  95  96  97  98  99 100 101 102 103 104 105 106 107
 108 109 110 111 112 113 114 115 116 117 118 119 120 121 122 123 124 125
 126 127 128 129 130 131 132 133 134 135 136 137 138 139 140 141 142 143
 144 145 146 147 148 149 150 151 152 153 154 155 156 157 158 159 160 161
 162 163 164 165 166 167 168 169 170 171 172 173 174 175 176 177 178 179
 180 181 182 183 184 185 186 187 188 189 190 191 192 193 194 195 196 197
 198 199 200 201 202 203 204 205 206 207 208 209 210 211 212 213 214 215
 216 217 218 219 220 221 222 223 224]

Labels: [1 1 1 0 0 1 0 1 1 0 1 0 1 1 0 0 0 1 0 1 0 0 0 1 1 1 0 1 1 1 0 0 1 0 0 1 0
 1 1 0 0 1 0 0 1 0 0 0 1 0 1 0 0 1 1 0 1 1 0 0 0 1 1 0 0 1 0 1 1 0 0 0 0 1
 1 0 1 0 1 0 0 1 1 0 1 1 1 1 0 1 1 0 0 0 1 0 0 0 1 0 0 1 1 1 1 1 1 1 0 0 0
 0 1 1 1 1 0 0 0 1 1 0 0 0 1 1 0 0 1 0 1 1 0 1]

Synthetic samples indexes: [  1   2   5   7  12  13  17  19  24  25  27  29  32  35  38  41  44  48
  53  57  62  67  68  73  74  78  85  86  87  89  90 102 103 105 107 112
 113 115 120 124 128 130 133]

========== Cluster 4 ==========

Base classifier: SVC(probability=True)

Minority Class: 1

Selected Features: [  0   1   2   3   4   5   6   7   8   9  10  11  12  13  14  15  16  17
  18  19  20  21  22  23  24  25  26  27  28  29  30  31  32  33  34  35
  36  37  38  39  40  41  42  43  44  45  46  47  48  49  50  51  52  53
  54  55  56  57  58  59  60  61  62  63  64  65  66  67  68  69  70  71
  72  73  74  75  76  77  78  79  80  81  82  83  84  85  86  87  88  89
  90  91  92  93  94  95  96  97  98  99 100 101 102 103 104 105 106 107
 108 109 110 111 112 113 114 115 116 117 118 119 120 121 122 123 124 125
 126 127 128 129 130 131 132 133 134 135 136 137 138 139 140 141 142 143
 144 145 146 147 148 149 150 151 152 153 154 155 156 157 158 159 160 161
 162 163 164 165 166 167 168 169 170 171 172 173 174 175 176 177 178 179
 180 181 182 183 184 185 186 187 188 189 190 191 192 193 194 195 196 197
 198 199 200 201 202 203 204 205 206 207 208 209 210 211 212 213 214 215
 216 217 218 219 220 221 222 223 224]

Labels: [0 0 1 1 0 1 1 1 1 0 0 1 0 0 0 1 1 1 0 1 0 0 0 1 0 1 0 1 0 1 0 0 1 1 1 0 1
 0 0 0 1 1 1 0 0 0 0 0 1 0 0 1 1 1 0 1 1 1 0 0 1 0 0 1 1 0 1 0 0 1 1 1 0 1
 0 1 1 0 0 0 0 1 1 0 0 1 0 1 0 0 1 1 1 0 1 0 0 0 1 0 1 1 0 1 0 0 1 1 0 1 0
 0 1 1 1 0 1 1 1 1 1 1 0 1 0 0 0 1 0 0]

Synthetic samples indexes: [  2   3  15  16  19  23  25  27  29  33  36  48  51  52  55  56  64  66
  70  71  81  85  90  91  92  94 106 109 112 116 117 118 119 121 123]

========== Cluster 5 ==========

Base classifier: SVC(probability=True)

Minority Class: 1

Selected Features: [  0   1   2   3   4   5   6   7   8   9  10  11  12  13  14  15  16  17
  18  19  20  21  22  23  24  25  26  27  28  29  30  31  32  33  34  35
  36  37  38  39  40  41  42  43  44  45  46  47  48  49  50  51  52  53
  54  55  56  57  58  59  60  61  62  63  64  65  66  67  68  69  70  71
  72  73  74  75  76  77  78  79  80  81  82  83  84  85  86  87  88  89
  90  91  92  93  94  95  96  97  98  99 100 101 102 103 104 105 106 107
 108 109 110 111 112 113 114 115 116 117 118 119 120 121 122 123 124 125
 126 127 128 129 130 131 132 133 134 135 136 137 138 139 140 141 142 143
 144 145 146 147 148 149 150 151 152 153 154 155 156 157 158 159 160 161
 162 163 164 165 166 167 168 169 170 171 172 173 174 175 176 177 178 179
 180 181 182 183 184 185 186 187 188 189 190 191 192 193 194 195 196 197
 198 199 200 201 202 203 204 205 206 207 208 209 210 211 212 213 214 215
 216 217 218 219 220 221 222 223 224]

Labels: [0 1 0 0 0 1 1 1 1 1 0 0 0 0 1 0 1 0 0 0 1 0 1 0 1 0 0 1 1 1 1 1 1 1 1 0 1
 0 1 0 0 1 1 1 0 0 0 0 1 0 1 0 0 0 0 1 1 0 0 1 1 1 1 1 1 0 0 1 1 1 0 0 1 1
 0 1 1 0 1 0 1 0 0 1 1 0 0 1 0 1 0 1 0 1 1 1 0 0 0 0 0 0 1 1 0 0 0 1 1 0 1
 1 0 0 1 1 0 0]

Synthetic samples indexes: [  1   5   8  14  24  28  32  34  38  41  42  55  59  62  67  68  72  78
  80  83  84  87  93 103 107 108 110 111 115]

========== Cluster 6 ==========

Base classifier: SVC(probability=True)

Minority Class: 1

Selected Features: [  0   1   2   3   4   5   6   7   8   9  10  11  12  13  14  15  16  17
  18  19  20  21  22  23  24  25  26  27  28  29  30  31  32  33  34  35
  36  37  38  39  40  41  42  43  44  45  46  47  48  49  50  51  52  53
  54  55  56  57  58  59  60  61  62  63  64  65  66  67  68  69  70  71
  72  73  74  75  76  77  78  79  80  81  82  83  84  85  86  87  88  89
  90  91  92  93  94  95  96  97  98  99 100 101 102 103 104 105 106 107
 108 109 110 111 112 113 114 115 116 117 118 119 120 121 122 123 124 125
 126 127 128 129 130 131 132 133 134 135 136 137 138 139 140 141 142 143
 144 145 146 147 148 149 150 151 152 153 154 155 156 157 158 159 160 161
 162 163 164 165 166 167 168 169 170 171 172 173 174 175 176 177 178 179
 180 181 182 183 184 185 186 187 188 189 190 191 192 193 194 195 196 197
 198 199 200 201 202 203 204 205 206 207 208 209 210 211 212 213 214 215
 216 217 218 219 220 221 222 223 224]

Labels: [0 0 0 0 1 0 0 1 0 1 0 0 1 0 1 0 1 1 0 1 1 0 1 0 0 0 1 0 0 0 0 1 0 1 0 1 0
 1 1 1 1 1 0 0 0 1 1 1 1 1 1 1 0 0 1 1 0 1 0 1 1 0 1 1 1 0 1 1 1 0 0 1 0 0
 0 0 1 1 0 1 0 0 1 1 0 1 0 1 0 1 1 0 1 1 1 0 1 1 0 0 0 1 1 1 0 1 0 1 0 0 1
 0 1 0 0 0 0 0 1 1 1 0 0 1 1 1 1 1 0 1 0 0 0 0 0 0 1 0 1 1 0 0]

Synthetic samples indexes: [ 12  14  16  19  20  22  26  31  33  37  38  39  45  46  47  50  54  55
  57  62  63  66  68  71  76  77  79  82  85  87  93  94  97 101 107 112
 118 119 120 123 124 125 126 129 138 139]

========== Cluster 7 ==========

Base classifier: SVC(probability=True)

Minority Class: 1

Selected Features: [  0   1   2   3   4   5   6   7   8   9  10  11  12  13  14  15  16  17
  18  19  20  21  22  23  24  25  26  27  28  29  30  31  32  33  34  35
  36  37  38  39  40  41  42  43  44  45  46  47  48  49  50  51  52  53
  54  55  56  57  58  59  60  61  62  63  64  65  66  67  68  69  70  71
  72  73  74  75  76  77  78  79  80  81  82  83  84  85  86  87  88  89
  90  91  92  93  94  95  96  97  98  99 100 101 102 103 104 105 106 107
 108 109 110 111 112 113 114 115 116 117 118 119 120 121 122 123 124 125
 126 127 128 129 130 131 132 133 134 135 136 137 138 139 140 141 142 143
 144 145 146 147 148 149 150 151 152 153 154 155 156 157 158 159 160 161
 162 163 164 165 166 167 168 169 170 171 172 173 174 175 176 177 178 179
 180 181 182 183 184 185 186 187 188 189 190 191 192 193 194 195 196 197
 198 199 200 201 202 203 204 205 206 207 208 209 210 211 212 213 214 215
 216 217 218 219 220 221 222 223 224]

Labels: [0 1 1 1 0 0 1 0 1 1 0 1 1 1 0 0 0 0 0 0 0 1 1 1 0 0 1 0 1 0 0 0 0 0 1 0 1
 0 0 0 0 1 1 1 0 0 1 1 1 1 1 0 1 1 1 1 1 1 1 1 0 1 1 0 0 0 0 0 1 0 0 1 1 0
 0 0 1 1 0 1 0 1 1 1 0 0 1 0 1 0 1 1 0 0 1 1 1 1 1 0 0 0 0 0 1 0 0 1 1 0 0
 1 0 1 1 1 0 1 0 1 1 1 0 0 0 0 0 1 1 0 1 1 0 0]

Synthetic samples indexes: [  2   3   6   9  11  21  26  34  36  41  42  43  46  47  48  49  52  53
  54  55  57  58  59  68  76  81  82  86  88  94  98 107 114 119 120 127
 130 131]

========== Cluster 8 ==========

Base classifier: SVC(probability=True)

Minority Class: 1

Selected Features: [  0   1   2   3   4   5   6   7   8   9  10  11  12  13  14  15  16  17
  18  19  20  21  22  23  24  25  26  27  28  29  30  31  32  33  34  35
  36  37  38  39  40  41  42  43  44  45  46  47  48  49  50  51  52  53
  54  55  56  57  58  59  60  61  62  63  64  65  66  67  68  69  70  71
  72  73  74  75  76  77  78  79  80  81  82  83  84  85  86  87  88  89
  90  91  92  93  94  95  96  97  98  99 100 101 102 103 104 105 106 107
 108 109 110 111 112 113 114 115 116 117 118 119 120 121 122 123 124 125
 126 127 128 129 130 131 132 133 134 135 136 137 138 139 140 141 142 143
 144 145 146 147 148 149 150 151 152 153 154 155 156 157 158 159 160 161
 162 163 164 165 166 167 168 169 170 171 172 173 174 175 176 177 178 179
 180 181 182 183 184 185 186 187 188 189 190 191 192 193 194 195 196 197
 198 199 200 201 202 203 204 205 206 207 208 209 210 211 212 213 214 215
 216 217 218 219 220 221 222 223 224]

Labels: [0 1 1 0 1 0 1 1 1 0 0 0 0 1 0 0 0 0 0 1 1 0 0 1 1 0 0 1 1 1 0 0 1 0 0 1 0
 0 1 1 1 1 1 0 1 1 0 0 0 1 1 1 0 0 1 1 0 0 1 1 0 0 1 0 0 1 1 1 1 0 1 1 0 1
 0 0 1 1 1 1 0 0 1 0 1 1 1 0 0 0 1 0 0 0 0 1 0 1 1 1 1 0 0 0 0 0 1 1 0 1 0
 0 1 0 1 0 0 1 0 1 0 0 1 0 1 1 1 1 1 0]

Synthetic samples indexes: [  1   2  23  24  27  28  29  32  38  40  41  44  45  49  55  58  65  68
  70  71  73  77  79  82  84  85  86  95  97  98 106 109 114 117 119 122
 124 128]

========== Cluster 9 ==========

Base classifier: SVC(probability=True)

Minority Class: 1

Selected Features: [  0   1   2   3   4   5   6   7   8   9  10  11  12  13  14  15  16  17
  18  19  20  21  22  23  24  25  26  27  28  29  30  31  32  33  34  35
  36  37  38  39  40  41  42  43  44  45  46  47  48  49  50  51  52  53
  54  55  56  57  58  59  60  61  62  63  64  65  66  67  68  69  70  71
  72  73  74  75  76  77  78  79  80  81  82  83  84  85  86  87  88  89
  90  91  92  93  94  95  96  97  98  99 100 101 102 103 104 105 106 107
 108 109 110 111 112 113 114 115 116 117 118 119 120 121 122 123 124 125
 126 127 128 129 130 131 132 133 134 135 136 137 138 139 140 141 142 143
 144 145 146 147 148 149 150 151 152 153 154 155 156 157 158 159 160 161
 162 163 164 165 166 167 168 169 170 171 172 173 174 175 176 177 178 179
 180 181 182 183 184 185 186 187 188 189 190 191 192 193 194 195 196 197
 198 199 200 201 202 203 204 205 206 207 208 209 210 211 212 213 214 215
 216 217 218 219 220 221 222 223 224]

Labels: [1 0 1 0 0 0 1 1 1 1 0 0 1 1 1 1 0 0 0 1 0 0 0 0 1 1 0 0 0 0 0 0 1 1 0 0 0
 1 0 1 0 0 1 0 0 0 1 0 1 0 0 1 0 1 0 0 1 0 1 0 1 1 1 1 1 0 1 1 0 0 0 1 0 1
 1 1 1 0 1 0 1 1 0 0 1 1 0 1 1 0 1 1 1 0 0 1 0 0 1 1 0 0 1 1 0 1 0 0 1 1 1
 1 0 1 0 0 1 0 1 1]

Synthetic samples indexes: [  6   9  15  19  24  37  46  51  56  58  63  64  67  71  74  76  84  85
  87  88  91  99 105 109 110 118]

