Clustering algorithm selected: kmeans
=====================================

Clustering evaluation metric: dbc_ss
Clustering evaluation value: 0.26180457066526325

========== Cluster 0 ==========

Base classifier: SVC(probability=True)

Minority Class: 1

Selected Features: [ 0  1  2  3  4  5  6  7  8  9 10 11 12]

Labels: [0 1 0 0 0 1 1 1 1 0 1 1 1 0 1 1 1 1 1 1 1 1 1 0 1 1 1 0 0 1 0 0 0 0 0 0 1
 0 0 1 1 0 1 0 1 1 1 0 1 0 0 0 0 1 1 0 1 0 1 0 1 0 1 0 1 1 1 0 0 0 0 0 0 1
 1 1 1 0 1 1 0 1 0 1 1 1 1 0 1 0 1 1 0 1 0 0 0 0 1 0 1 1 0 1 0 1 1 0 1 1 0
 1 1 0 0 1 0 0 0 0 0 0 1 0 0 0 1 0 0 1 1 0 0 0 0 0 1 0 1 1 0 1 0 0 0 0 1 0
 0 1 0 0 0 1 0 0 1 1 1 1 1 1 1 0 1 0 1 1 0 1 0 0 1 0 1 0]

Synthetic samples indexes: [  0   2   3   4   9  13  27  28  30  32  33  34  35  43  47  49  51  52
  59  61  63  67  68  69  71  72  80  82  89  92  99 107 116 117 118 119
 120 123 125 127 128 131 132 133 140 142 143 144 145 147 148 151 154 163
 168 170 171 175]

========== Cluster 1 ==========

Base classifier: SVC(probability=True)

Minority Class: 1

Selected Features: [ 0  1  2  3  4  5  6  7  8  9 10 11 12]

Labels: [1 0 0 1 1 1 0 1 1 1 1 0 1 0 1 1 1 1 0 1 0 0 0 0 1 1 1 0 0 0 0 0 1 1 0 1 1
 1 1 1 0 0 1 1 0 1 1 0 1 0 1 0 0 0 1 0 0 1 0 1 0 1 1 1 1 0 0 0 1 0 0 1 0 1
 0 0 1 1 1 0 1 0 0 0 1 1 1 1 0 0 0 1 1 0 1 1 1 0 0 0 1 0 1 1 1 1 1 0 0 1 0
 0 1 0 1 1 0 0 1 0 1 0 0 1 0 0 0 1 0 1 0 1 0 0 0 1 0 0 0 1 0 1 1 1 1 1 0 1
 0 0 1 0 0 1 1 1 1 0 0 1 0 0 1 1 0 1 1 0 1 0 1 1 0 0 1 0 1 1 0 1 1 1 0 1 0
 1 0 0 0 0 0 1 0 1 0 0 1 0 0 1 0 1 0 1 0 0 0 1 0 0]

Synthetic samples indexes: [  0   4   7   8   9  10  12  14  15  16  17  19  25  26  32  35  36  37
  38  39  42  43  46  48  50  54  59  62  71  76  77  78  80  84  85  87
  92  94  95  96 100 102 103 104 105 106 109 112 114 115 118 120 123 127
 129 131 135 139 143 144 150 153 154 155 156 162 163 166 168 170 171 174
 176 177 179 180 181 183 185 191 196 199 201 203 207]

