Clustering algorithm selected: kmeans++
=====================================

Clustering evaluation metric: dbc
Clustering evaluation value: 0.4810905239955211

========== Cluster 0 ==========

Base classifier: LogisticRegression()

Selected Features: [26  2 34 32 37 10  7 11 25 22  9 14 28 27  5 21  0 31  4 33  3 12 30]

Labels: [0 0 1 0 0 1 0 0 0 0 0 0 0 0 0 0 0 0 0 0 1 0 0 0 1 0 0 1 0 0 0 0 0 0 0 0 0
 0 0 0 0 0 0 0 0 0 0 0 0 1 0 0 1 0 0 0 0 0 0 0 0 0 1 0 0 0 0 1 0 0 0 0 0 0
 0 0 0 1 0 0 0 0 0 0 0 0 0 0 0 0 0 0 1 0 0 0 0 0 0 0 0 0 0 0 0 0 1 0 0 0 0
 0 0 0 0 1 1 0 0 0 0 0 0 0 1 0 0 0 1 0 0 0 0 0 1 0 0 0 0 0 0 0 0 0 0 1 0 0
 0 0 1 0 1 0 0 0 1 0 0 0 0 0 0 0 0 0 0 0 0 0 0 0 0 0 0 0 0 0 0 1 0 0 0 0 0
 0 0 1 0 0 0 0 0 1 0 0 0 0 0 0 0 0 0 0 0 0 0 0 0 1 0 0 0 0 0 0 0 0 1 0 0 0
 1 0 0 1 0 0 0 0 0 0 1 1 0 0 0 0 0 1 0 0 0 0 0 0 0 0 1 1 1 0 0 0 0 0 0 0 0
 0 0 0 0 0 0 0 0 1 0 0 1 0 0 0 0 0 0 0 0 0 0 0]

========== Cluster 1 ==========

Base classifier: RandomForestClassifier()

Selected Features: [32 37 23 34 36 31 29 30 16  9  3  5 24 25 26  0 35  2 12  6 33 27 17 18
 19 20 22 21 28 14  8 10 11]

Labels: [1 1 1 1 1 1 1 1 0 0 1 0 1 0 0 1 1 1 1 1 1 1 1 0 1 1 1 1 1 0 1 1 0 1 0 0 1
 1 1 1 1 1 1 1 0 0 1 0 0 0 1 1 0 1 1 0 1 1 1 1 1 1 0 1 1 0 1 0 1 0 1 1 0 1
 0 1 1 1 1 1 1 0 0 0 1 0 0 1 1 1 1 0 1 1 1 1 1 1 1 0 1 0 1 1 1 1 0 1 1 0 0
 1 1 1 1 0 1 0 1 1 0 0 1 1 1 1 0 0 1 0 0 0 1 1 1 0 1 1 1 1 1 1 0 0 1 0 1 1
 1 1 1 1 1 1 1 0 1 1 1 0 0 1 0 1 0 1 0 1 1 1 0 1 1 1 0 1 1 0 1 1 1 1 1 1 1
 1 1 1 0 1 1 1 1 1 1 1 1 0 1 0 1 1 1 0 1 0 1 1 1 0 0 1 1 0 1 1 1 1 1 1 0 1
 1 1 0 0 1 0 1 1 1 1 1 0 1 0 1 0 1 1 1 0 0 0 1 1 1 0 1 0 1 1 0 1 1 1 0 1 1
 1 0 1 1 1 0 1 1 1 1 1 1 1 0 1 1 0 1 1 1 0 0 0 1 1 0 1 0 1 0 1 1 1 1 1 1 1
 1 1 1 1 1 0 0 0 1 1 1 1 1 1 1 0 1 1 0 1 0 0 1 1 1 0 1 1 1 1 1 0 1 1 1 1 1
 1 1 0 1 1 1]

