Clustering algorithm selected: fcm
=====================================

Clustering evaluation metric: dbc
Clustering evaluation value: 0.49148834299054983

========== Cluster 0 ==========

Base classifier: GaussianNB()

Selected Features: [5 3 1 2]

Labels: [0 0 0 0 0 0 0 0 0 0 0 1 1 0 0 1 0 0 0 0 0 0 0 1 1 0 0 0 0 0 0 0 0 0 0 0 0
 0 0 0 0 0 0 0 0 0 0 0 0 0 0 0 0 0 1 0 0 0 1 0 1 0 0 0 1 0 0 0 0 1 0 0 0 0
 0 0 0 0 0 0 1 0 0 1 0 0 0 0 0 0 0 0 0 0 0 0 0 0 0 0 0 0 0 1 0 0 0 0 0 0 0
 0 0 0 0 0 0 0 0 0 0 0 0 0 0 0 0 0 0 0 0 0 1 0 1 0 1 1 0 0 0 0 0 0 0 0 0 0
 0 0 0 0 0 0 0 0 0 0 0 0 0 0 0 0 0 0 0 0 0 1 0 1 0 0 0 0 1 0 0 0 0 0 0 0 0
 0 0 0 0 0 0 0 0 0 1 1 0 0 0 1 0 0 0 0 1 0 0 0 0 0 1 0 0 0 0 0 0 0 0 0 0 1
 0 0 0 0 0 0 0 0 0 0 0 0 1 0 0 0 0 0 0 0 0 0 0 0 0 1 0]

========== Cluster 1 ==========

Base classifier: LogisticRegression()

Selected Features: [1 6 4 7]

Labels: [0 0 1 0 1 0 1 0 1 0 0 0 1 0 0 1 1 0 1 1 0 1 0 0 1 0 0 0 1 0 0 0 0 1 0 1 1
 0 1 0 1 0 1 1 0 1 1 1 1 0 1 0 0 0 1 1 0 0 1 1 1 1 1 1 1 0 0 1 1 1 1 0 0 0
 1 0 0 0 1 1 0 0 1 1 1 1 0 1 0 0 1 0 0 1 1 1 0 0 0 0 1 1 0 1 0 1 1 0 0 1 0
 0 1 0]

========== Cluster 2 ==========

Base classifier: GaussianNB()

Selected Features: [1 6]

Labels: [1 1 1 1 1 0 0 0 0 1 0 0 0 1 0 0 1 0 0 0 1 0 1 0 1 0 1 0 0 0 0 1 1 0 0 0 0
 0 1 1 0 0 1 0 0 1 0 0 0 0 0 0 1 0 0 0 0 0 0 0 1 0 0 0 1 1 1 1 0 1 1 1 1 0
 0 1 0 0 1 0 0 0 0 1 0 0 0 0 1 0 0 1 0 1 1 0 0 0 0 0 0 0 0 0 1 1 1 0 0 0 1
 1 1 0 0 1 0 1 1 0 1 1 1 1 0 0 0]

========== Cluster 3 ==========

Base classifier: SVC(probability=True)

Selected Features: [1 4 2]

Labels: [0 0 0 0 1 0 0 0 0 1 1 0 1 1 0 0 0 1 1 0 1 1 0 1 1 0 1 1 0 0 0 0 1 1 1 0 0
 1 1 1 0 1 0 1 1 1 1 1 1 1 1 0 1 0 0 1 0 1 1 1 0 0 1 0 0 1 1 0 1 0 1 1 1 1
 0 0 0 1 0 0 1 0 0 0 0 0 1 1 0 1 1 0 1 0 0 0 1 0 1 1 1 1 1 1 1 1 1 1 1 1 0
 0 1 1 0 0 0 0 1 1 1 1 0 1 0 1 1 1 0 0 0 1 1 1 1 0 0 1 0 0 0 0 0 1 1 0 1 0
 1 1 1 0 0 0 0 0 0 1 0 0 1 0 1 1 1 0 0 0 1 1 1 1 1 1 0 1 1 1 1 1 1 0 0 0 0
 1 0 1 1 0 1 1 0 0 0 1 1 0 1 1 1]

