Clustering algorithm selected: fcm
=====================================

Clustering evaluation metric: dbc
Clustering evaluation value: 0.11749998603991986

========== Cluster 0 ==========

Base classifier: GaussianNB()

Selected Features: [1 7]

Labels: [0 0 0 0 1 0 1 1 0 1 0 1 1 0 0 1 0 1 1 1 1 0 1 1 1 0 0 0 1 1 0 1 0 0 1 1 0
 0 0 0 0 1 0 1 0 1 0 0 1 1 0 1 1 1 1 1 0 0 1 1 1 1 0 1 1 1 0 1 0 1 0 1 0 1
 1 1 1 0 0 0 1 0 1 1 1 0 1 1 1 1 1 0 0 1 0 0 0 0 1 0 1 1]

========== Cluster 1 ==========

Base classifier: GaussianNB()

Selected Features: [1 7]

Labels: [0 0 0 1 0 0 0 0 1 0 0 1 0 1 1 0 1 0 1 0 0 1 1 0 0 1 0 0 1 1 1 1 1 1 0 1 1
 0 0 0 0 1 1 0 1 1 1 0 0 0 1 0 1 0 0 0 0 1 1 1 0 1 0 0 0 1 1 1 1 1 1 1 1 1
 0 0 0 0 0 0 0 0 0 0 1 1 1 1 1 1 1 0 0 1 0 0 0 0 1 1 0 1 0 1 0 0 0 0 0 1 0
 0 1 1 1 0 1 1 1 1 0 0 0 1 0 1 1 1 1 0 0 1 1]

========== Cluster 2 ==========

Base classifier: GaussianNB()

Selected Features: [1 7]

Labels: [1 1 1 0 1 1 1 1 0 0 1 0 0 0 1 1 0 0 1 0 1 0 1 0 1 1 0 1 0 1 1 0 0 1 0 0 1
 1 0 0 1 0 0 0 0 1 1 0 0 1 0 1 0 1 0 1 0 1 1 0 0 1 1 1 1 1 1 0 0 0 0 0 0 0
 1 1 0 1 1 0 0 1 1 1 0 1 1 0 1 0 1 1 0 0 0 0 0 1 1 0 1 1 0 0 0 0 1 1 1 1 0
 0 1 0 0 0 0 0 1 0 0 0 1 1 1 1 1 1 0 0 0 0 1 1 0 0 1 1 1 1 0 1 1 0 1 1 0 1
 0 1 0 1 1 1 0 0 0 0]

========== Cluster 3 ==========

Base classifier: LogisticRegression()

Selected Features: [5 0 4 3]

Labels: [0 0 0 0 0 0 0 1 0 0 0 0 1 1 1 0 0 0 1 0 0 0 0 0 0 0 0 0 1 0 0 1 0 0 0 0 0
 0 0 0 0 0 1 0 0 0 0 0 0 0 0 0 0 0 0 0 0 0 0 0 0 0 0 0 0 1 0 0 0 0 1 0 0 1
 0 0 0 1 0 0 0 0 1 0 0 0 0 0 0 0 0 0 0 0 1 0 0 0 0 1 0 0 0 0 0 0 0 0 0 0 0
 0 0 0 0 0 0 0 0 0 0 0 0 1 0 0 0 0 0 0 0 0 0 0 0 0 0 0 0 0 0 0 0 0 0 0 1 0
 0 0 0 0 0 0 0 0 0 1 0 1 0 0 0 0 0 1 0 1 0 1 0 1 0 0 0 0 0 1 0 0 0 0 0 0 0
 0 0 0 1 1 1 0 0 0 0 0 0 0 0 0 0 0 1 0 0 1 0 0 0 0 1 0 1 1 0 0 0 0 0 0 0 0
 0 0 0 0 0 0 0 0 0 0 0 0 0 0 0 1 0 1 0 0 0 0 1 0 0 0 0 1 0 0 0 0 0 1 0 0 0
 0 0 0 0 0 0 0 1 0 0 0 0 0 0 0 0 0 0 0 0 0 0 0 1 0 0 0 0 0 0 0 0 1 0 0 0 0
 1 0]

