Clustering algorithm selected: fcm
=====================================

Clustering evaluation metric: dbc
Clustering evaluation value: 0.11162753086032706

========== Cluster 0 ==========

Base classifier: LogisticRegression()

Selected Features: [1 4]

Labels: [1 1 1 1 0 1 1 1 0 0 0 0 1 0 0 1 0 0 1 0 0 0 1 1 0 1 0 1 0 1 0 0 0 0 1 0 0
 1 0 1 0 0 1 0 1 0 1 0 0 0 1 0 0 0 1 0 0 0 0 1 1 0 1 0 0 1 1 0 0 1 1 0 1 1
 0 0 1 0 1 1 0 1 0 1 1 0 1 1 1 0 1 1 0 1 0 0 1 0 1 0 1 0 0 0 0 0 1 0 0 0 0
 1 0 0 0 1 0 1 1 1 0 1 0 0 0 0 0 0 0 0 1 0 0 1 1 1 1 0 0 0 0 1 1 0 1 0 0 1
 1 0 0 1 0 1 0 1 0 1 1 1 0 0 0 0]

========== Cluster 1 ==========

Base classifier: GaussianNB()

Selected Features: [1 2 5 4]

Labels: [0 0 0 0 0 0 0 1 0 0 0 0 1 1 0 0 0 1 0 0 0 0 0 0 0 1 0 0 0 1 0 0 0 0 0 0 0
 0 0 0 0 0 0 0 0 0 0 0 0 0 0 0 0 0 0 0 0 0 0 0 1 0 0 0 0 0 0 0 0 0 0 0 0 0
 0 0 0 0 0 0 0 1 0 0 0 0 0 0 0 0 0 0 0 0 0 0 0 0 0 0 0 0 0 0 0 0 0 0 0 0 1
 0 1 0 0 0 1 1 0 1 1 0 0 0 0 0 0 0 0 0 0 0 0 0 0 0 0 0 1 1 1 0 0 0 0 0 0 0
 0 0 0 0 0 0 0 0 0 0 0 0 0 0 0 0 0 0 0 0 0 0 0 0 0 0 0 0 1 0 1 0 0 0 0 1 0
 0 0 0 0 0 0 0 0 0 0 0 0 0 0 0 0 0 1 1 0 0 0 0 1 0 0 0 0 1 0 0 0 0 0 1 0 0
 0 0 0 0 0 0 0 0 1 0 0 0 0 0 0 0 0 0 0 0 0 1 1 0 0 0 0 0 0 1 0 0 0 0 0 0 1
 0]

========== Cluster 2 ==========

Base classifier: GaussianNB()

Selected Features: [1 3 6 7]

Labels: [0 0 0 1 1 1 1 0 0 1 1 1 0 1 0 1 1 0 1 0 0 0 0 0 1 0 0 1 0 1 0 1 0 1 1 1 1
 0 1 1 0 0 0 1 0 1 1 1 0 1 1 0 0 1 1 0 0 1 0 1 0 0 1 1 0 0 1 0 0 0 1 1 0 0
 1 1 1 1 1 0 1 1 1 0 0 1 1 1 1 0 0 1 1 1 0 0 0 1]

========== Cluster 3 ==========

Base classifier: LogisticRegression()

Selected Features: [4 1 2]

Labels: [0 0 0 0 1 0 0 0 0 1 1 0 0 0 0 1 0 1 1 0 1 1 0 1 1 0 0 0 1 0 0 1 1 1 0 1 1
 1 1 1 1 1 1 0 0 1 0 1 0 0 0 0 1 1 1 0 1 0 0 0 1 0 1 1 1 1 1 1 1 1 1 1 1 0
 0 1 0 0 0 0 1 0 0 0 0 1 1 1 1 1 1 1 1 0 0 0 1 0 0 1 1 1 1 0 1 0 1 1 0 0 1
 1 1 1 0 1 0 0 0 0 1 1 0 1 0 1 1 0 0 0 0 0 0 0 0 1 0 0 1 1 1 1 1 0 1 1 1 1
 1 0 0 0 0 1 0 1 1 0 1 1 0 0 0 1 1 0 1 1 1]

