Clustering algorithm selected: kmeans
=====================================

Clustering evaluation metric: silhouette
Clustering evaluation value: 0.264696058770249

========== Cluster 0 ==========

Base classifier: LogisticRegression()

Selected Features: [6 1 4 7 5]

Labels: [0 1 0 1 0 1 0 1 1 0 0 0 0 0 0 0 0 0 0 0 0 0 1 0 1 0 1 1 0 0 0 0 1 0 0 0 0
 0 0 1 0 1 0 0 0 0 1 0 0 0 0 0 0 1 1 0 1 1 0 0 1 1 0 1 0 1 1 1 0 0 1 0 1 0
 1 0 1 1 1 1 0 1 1 0 0 1 1 0 0 0 1 1 1 0 0 0 0 0 0 0 0 0 0 0 1 0 0 1 0 1 1
 1 0 0 1 0 0 0 0 1 1 1 1 1 1 0 1 1 0 0 0 0 1 1 0 0 0 0 0 0 1 1 0 1 1 0 0]

========== Cluster 1 ==========

Base classifier: GaussianNB()

Selected Features: [1 3]

Labels: [0 0 0 0 1 0 0 0 1 1 0 1 1 1 0 0 1 0 1 1 0 1 1 0 0 0 1 0 1 0 0 1 0 0 0 1 0
 1 1 0 0 0 1 0 1 1 1 0 1 0 0 1 1 0 0 1 0 1 0 0 1 1 0 0 0 1 1 0 0 1 1 1 1 1
 1 1 0 0 1 1 1 1 1 0 0 1 1 1 0 0 0 0 1]

========== Cluster 2 ==========

Base classifier: GaussianNB()

Selected Features: [1 5 0 3]

Labels: [0 0 0 0 0 1 0 0 0 1 1 0 0 0 1 0 0 0 0 0 1 0 1 0 0 0 0 0 0 0 0 0 0 0 0 0 0
 0 0 0 0 0 0 0 0 0 0 0 0 0 0 1 0 0 0 1 1 0 1 0 0 0 1 0 0 0 0 1 0 0 0 0 0 0
 0 0 0 1 0 0 0 0 0 0 0 0 0 0 1 0 0 0 0 0 0 0 0 0 0 0 0 0 0 0 0 0 1 0 0 0 1
 0 1 0 0 0 0 0 0 0 0 0 0 0 0 0 0 0 1 1 0 0 0 0 0 0 0 0 0 0 0 0 0 0 0 0 0 0
 0 0 0 0 0 0 0 0 0 0 0 0 0 0 0 0 1 0 1 0 0 0 1 0 0 0 0 0 0 0 0 0 0 0 0 0 0
 0 0 1 0 0 0 0 0 0 0 0 0 0 0 0 0 1 0 0 0 0 0 0 0 0 0 1 0 0 0 0 0 0 0 0 0 0
 0 1 1 0 0 0 0 0 0 1 0 0 0 0 0 1 0]

========== Cluster 3 ==========

Base classifier: SVC(probability=True)

Selected Features: [7 1 4 3 5]

Labels: [0 0 0 1 0 0 0 0 1 1 1 1 0 0 1 1 0 1 1 0 1 0 1 0 0 0 1 0 1 1 1 0 1 1 1 1 1
 1 0 1 0 0 1 1 1 0 0 0 0 1 1 0 1 0 1 1 1 0 0 1 1 1 1 1 1 0 0 1 0 0 0 0 1 0
 0 0 0 1 1 1 1 1 1 1 1 0 0 0 1 0 1 1 1 1 0 1 0 1 1 1 0 0 1 1 1 1 0 1 0 0 0
 0 1 1 0 1 0 1 0 0 0 0 0 0 0 0 1 0 1 1 0 0 1 1 1 1 1 0 1 1 1 1 0 0 0 0 1 0
 1 1 1 1 0 0 0 1 1 0 1 1 1]

========== Cluster 4 ==========

Base classifier: GaussianNB()

Selected Features: [1 5]

Labels: [1 1 1 0 0 1 0 1 0 1 1 0 1 0 1 1 0 1 0 0 1 1 0 1 0 0 1 1 0 0 0 1 0 0 0 0 0
 0 0 0 0 0 1 1 1 0 1 1 0 0 0]

