Clustering algorithm selected: fcm
=====================================

Clustering evaluation metric: dbc
Clustering evaluation value: 0.49066236334631874

========== Cluster 0 ==========

Base classifier: SVC(probability=True)

Minority Class: 1

Selected Features: [140 216   1 141 214 204  16  51  94 161   8 224  86 219   6   5 221 200
  29   3 205 207  93 144  19   2 165 111   0 208 136  90  91 154 179  89
 101  66 215 201  31 100 196 129 135  33 119 209 120 169  17  43  22  27
  35 213 151 199 181 206  30 143 148 104 194 168 130   4 217 218  84 142
  24 118  47  44 117 198 164  54 210 192 114  13 107 177  82  64   7 223
  56 145  67  45  46 125  68  49 121  38 137 212 126 150  74 186  57  39
  40  26  41  58 106  98 123  21 180  92 185  71  60  63 193 152 156 158
 153 155 159 190 191 187 184 189 176 197 195 203 211 220 222 202 149 146
 147 157 178 182 183 188 172 175 174 171 170 173 166 167 163 162 160 128
 131 133 132 134 139 138  65  79  77  88  87  85  83  81  80  95 113 115
 116 124 127 122 108 105 110 109 102 103  99  97  96 112  69  70  78  76
  75  73]

Labels: [1 0 0 0 1 0 0 1 1 1 0 1 1 1 1 0 0 1 0 0 1 0 1 0 1 0 0 1 1 0 1 0 1 0 0 0 1
 0 1 0 0 1 0 0 0 1 0 0 1 0 0 1 1 1 1 1 0 0 1 0 1 0 1 1 1 0 0 0 1 0 1 1 1 1
 1 0 1 1 0 1 1 1 1 0 1 1 1 0 1 1 1 0 0 0 0 0 0 0 0 1 1 0 1 0 0 0 1 0 0 0 0
 1 1 1]

Synthetic samples indexes: [  0   7   8   9  12  13  14  17  20  24  27  30  32  36  48  51  52  54
  58  63  68  70  71  73  74  77  79  80  81  82  84  85  86  88  89  90
  99 100 102 106 112 113]

========== Cluster 1 ==========

Base classifier: LogisticRegression()

Minority Class: 1

Selected Features: [  6 216 214 224   0 217 144 143  53 215 212  27  20   8 167 136 140 196
  38  82 141 200 138 221 219 218 135  92  74 210 175 145   1 169   4  10
 180  95 146 204 181  12 152  19 119 186  94 205 166  47 222   7  31 105
   3 159  14  11 213 134 198 161  56  66 127  40  60   5 131 110 118  22
  98  51  61 165  85 163 208   9 120 177 108  28  25 148 112  13 151  91
 171  42 193  89 182 160 103  57 172   2 168  41  50 195  73 197  93  43
  78 109 126 209  84 147 139  87  83 183 116  58 162 155 184  71  76  59
 223 133 132 201 202 203 220 211 137 142 150 158 153 157 156 149 154 174
 164 191 178 179 176 188 189 187 185 170 173 190 207 206 199 194 192 128
 129 130  65  64  69  75  72  79  77  81  90  88  86  80 125 113 114 115
 117 124 123 111 107 104 106 101 102 100  99  97  96 122 121  67  68  70
  32  39  45]

Labels: [1 0 0 1 0 0 1 0 0 1 1 0 1 1 0 0 0 1 0 1 1 0 1 1 0 1 0 1 1 1 1 1 0 1 1 1 0
 1 0 1 0 1 0 1 1 0 0 0 0 0 0 0 1 0 0 1 0 0 0 1 0 1 1 0 0 0 1 1 1 1 1 0 0 0
 1 1 1 0 0 1 0 1 0 0 0 1 0 0 1 0 0 0 0 1 1 1 1 0 1 0 1 0 0 1 1 0 0 1 1 1 1
 1 1 0 1 1 1 1 0 0 0 0 0 1 0 0 0 0 1 1 0 0 1 1 1 0 1 1 1 1 0 1 0 0 1 1 0 0]

Synthetic samples indexes: [  0   6   9  10  12  13  19  22  23  25  27  28  30  31  34  35  39  41
  44  52  55  59  62  66  68  70  74  75  76  79  81  88  93  94  96 100
 103 104 109 111 114 115 116 117 128 129 132 133 136 137 139 144 145]

========== Cluster 2 ==========

Base classifier: SVC(probability=True)

Minority Class: 1

Selected Features: [145  45 141 219 170  10 214 209 131 161  54 195 204  62  73  36   5   3
 171 187  84 202   8  93 140 110 158   4  61 136  74 137  40 159 176  87
 135  18  29 133 138 166  26 103 172 210 123  90  94 104  85 185 150 215
 216 213  69  42  22 142 102 208  34 130 144 168 132 139  64   0  82 146
 182 112  46 134  98  13 212   7 115 106 121  59 222  63  43 108 101 206
  17  21   1  33  19 152 192  99  70 218 221  27 164  96 220 169 154 165
 205  15  78  77 116  16  49 100 201 188 167 149   9  76 127  31 156 153
 151 148 147 200 203 199 224 211 217 223 207 157 155 173 175 174 163 162
 190 177 178 179 180 183 181 186 184 191 189 160 198 196 197 194 193 128
 129 143  68  71  79  75  72  88  89]

Labels: [0 0 1 1 0 1 0 0 0 1 0 1 1 0 0 0 0 1 1 0 1 0 1 1 0 0 1 1 0 0 1 0 0 0 0 1 0
 1 1 0 0 1 0 0 0 1 0 1 1 1 1 0 1 0 0 0 0 1 1 1 1 0 0 0 1 1 1 0 1 0 1 1 1 1
 0 1 0 1 1 0 1 1 1 1 0 1 1 0 0 0 1 1 0 0 0 0 1 0 0 0 1 0 1 1 1 0 1 1]

Synthetic samples indexes: [  3   5  12  20  22  27  35  38  41  47  48  50  52  59  66  70  72  73
  77  78  81  83  85  86  96 100 102 103]

========== Cluster 3 ==========

Base classifier: SVC(probability=True)

Minority Class: 1

Selected Features: [158 219 165 135 143   3 175 170 134 126   7 223  73  92   5  19 195 136
 128 112  29 222 137 138 185  28 145 166 146  72  14 140  65   6  86 151
  68 204 159 147  39   1 218 181  42 187 216  10 144  52 154  74 201   8
 194  47 130 152 180  13 116  60 193 221 117 102   0 217  53  76   4  87
  61  67 155  66 108 100  71  59  79 211  98 200 190  22  15 188  77  41
 111 157 119   2 101  31 178  89 127 179 161 198 120  38 192  90 141 220
  17 148  25  12 114 156  35 177 224 176  26 103 173 210 214 215 149 199
  16 131  36  30  46 182  37  27 139 212  57 162 163 207 203 168 169 171
 184 189 191 183 206 202 205 196 197 208 209 213 172 174 167 164 160 129
 132 133 142 153 150 186  64  88  91]

Labels: [0 1 1 0 1 1 0 1 0 1 1 1 1 0 0 1 1 0 1 1 0 1 0 0 0 1 0 0 0 1 0 1 1 1 0 1 1
 1 0 1 0 0 0 0 0 1 1 1 1 1 0 0 1 0 0 1 0 1 0 0 0 0 0 1 1 1 0 0 1 1 0 0 1 0
 0 1 0 0 1 0 0 0 1 1 1 1 0 0 0 1 1 0 1 1 0 0 1 0 1 1 1 1 1 1 0 0 0 0 1 0 1
 0 1 0 0 0 0 1 1 0 0 1 1 1]

Synthetic samples indexes: [  1   2   7  11  15  16  18  19  25  29  31  33  45  48  55  63  64  65
  68  69  82  83  89  92  96  98 100 101 103 110 112 117 122]

========== Cluster 4 ==========

Base classifier: SVC(probability=True)

Minority Class: 1

Selected Features: [224 214  63 208 141   3   0 188 159 168 145   1   6 217 221 121 181  14
 143  96  40 215 182 135 102  28 187 196  18  25  83  36 200  92 150 204
  23 109  29 219 114  27 184 152 139 194   7 218 203 210 216   5 206  57
 136 161  59  26 180  33 140  95 134  43  31  64 163  55 106 148 191  50
  60  19 207 144 202 111 185 170 169   9 151  72 138 128 162 199  84 147
 205  70  81 165  86  17  91  80  12  42 146  88  16  22 173 154  37  11
  41  74 126  13 201 103  93 104  62 212 149  32  39 113 198  67  82 142
  52  44  65  56 123 209 220 223 211 213 156 158 155 153 172 164 166 167
 160 176 177 178 179 183 190 189 186 171 175 174 222 197 195 193 192 129
 130 131 132 133 137 157  69  66  71  85  94  89  90  87 127 112 115 117
 116 118 119 122 108 105 107 110 101]

Labels: [1 0 1 1 1 0 0 1 0 0 0 0 1 0 0 1 1 0 0 1 1 0 0 0 0 0 0 0 1 0 1 0 1 1 1 0 1
 0 1 1 0 0 1 1 1 0 1 1 0 1 1 1 1 1 1 1 1 1 1 1 1 1 0 0 0 0 1 0 0 1 1 0 0 0
 0 0 1 0 1 0 1 0 1 0 0 1 1 0 0 1 1 1 1 0 0 1 0 0 0 0 0 1 0 1 0 0 1 0 0 0 1
 1 1 0 0 0 1 1 1 0 1 0 1 1 1 0 0 1 0 1]

Synthetic samples indexes: [  7  16  19  28  30  32  33  34  38  42  43  47  50  51  54  55  56  57
  60  76  80  82  85  90  92 101 103 106 110 111 112 116 118 123 127]

========== Cluster 5 ==========

Base classifier: SVC(probability=True)

Minority Class: 1

Selected Features: [  3   0 214 141 174 216   6 220 192 145 200  20 212 211 205  47 146  22
 224   9  18  51  24  21 213  48 131 129  59  37 156 204 221  25  45  26
  78 165 140 104 199  77   1 201  95 170  94 135  19 164   8  98 137  61
 102 162 184 154 120  36  82 209 223 160 158  39 218 169 121 124 106 105
  76 153 186  85 125  13 151 187  84   7  11 208 116 138  31 197  14 207
 193 144  15 203   2   4 178  80 123 206  96  27  43 190 126 128 219 147
  60 215 217  87 118 108 188 133  67 189 142 166 143  64 132 134 136 130
 198 194 195 196 222 210 202 139 148 150 149 152 155 159 157 175 167 163
 191 176 177 179 180 182 181 183 185 168 171 173 172 161 113 112 115  65
  66  69  68  70  71  73  72  79  75  74  91  92  86  83  81  93  90  89
  88 117 119 127 109 107 111 110 103 100 101  99  97]

Labels: [1 1 1 0 0 0 1 1 0 1 1 0 0 1 1 0 0 1 0 1 0 1 0 1 1 1 1 1 1 1 0 0 0 1 1 1 1
 0 1 1 1 1 0 0 1 1 1 1 0 1 1 0 1 1 1 1 0 1 1 0 1 1 0 0 0 0 0 0 1 0 1 1 0 1
 0 1 0 1 0 0 0 1 1 1 1 0 1 0 0 1 1 0 0 0 1 0 0 1 0 1 0 1 0 0 1 1 0 0 0 0 0
 0 0 0 0 0 0 0 0 0 0 1 0 1 0 1]

Synthetic samples indexes: [  2   6   7   9  10  13  17  21  23  26  27  33  35  36  39  40  41  44
  45  49  52  53  55  58  60  61  70  71  73  75  77  84  90  99 101 105
 123]

========== Cluster 6 ==========

Base classifier: SVC(probability=True)

Minority Class: 1

Selected Features: [214 143  90  84 102   3 216  99 200 201 146 183 182 215  28  73  69 137
 162 138  52 129 116  47 202   7   8 208  37 206 136  24 177 209  23  54
 141 156 160 210 117 169 224  74  79  66 164 144 196   1 145  10 203 205
  31  95  57 111  33 199 109  36  81  34 181  98 159 188  87  22  63   0
 155  67 167 187  96 147 171 140 105 101  94 103  70 118  13 157  91  61
 192  16  58 197  75   5  51 127 148 178 170 207 107  64 120  85 121  82
  60 106 114 217 193 211 132 115  39  20   6 139   4  76 153 154 158 152
 134 142 150 213 212 223 222 220 221 218 219 204 198 194 195 151 149 184
 190 176 179 180 191 189 186 185 175 168 174 173 172 165 166 163 161 128
 130 131 133 135  68  65  80  88  89  71  72  77  78  83  97 112 113 119
 126 124 125 122]

Labels: [0 0 1 1 0 1 1 0 1 0 0 0 0 1 1 1 1 0 1 1 0 0 1 1 0 1 1 0 0 1 0 0 1 1 1 1 1
 0 0 0 0 0 1 0 0 1 0 0 1 1 1 1 0 1 1 0 0 0 0 0 1 1 0 1 0 1 1 1 0 0 0 0 1 1
 1 0 1 0 1 1 0 1 1 1 1 0 1 1 0 0 0 1 0 0 0 0 0 0 0 1 1 0 0 1 1 1 0 0 1 1 0
 0 1 0 0 0 1 1 1 1 1 0 0 1 1 0 0 1]

Synthetic samples indexes: [  3   6  15  16  19  22  23  32  34  35  45  48  53  54  66  74  79  81
  82  86  87  91 100 103 104 105 109 116 118 120 123 124]

========== Cluster 7 ==========

Base classifier: SVC(probability=True)

Minority Class: 1

Selected Features: [188   0 138 133 143 128  61  99 218 135 221  26   8 112  33 152  21  98
 164 189  87  20  43  47  66  53   1  30 153 144  73 216   5  64  57 101
 205 197 141 212  89 158  36 163 180 198 171 172  56 137 199  84 110 219
 160 211  69  96 217 109 108   3 169 113  48 154 129  18 146 136 139  85
 223 122  32 179 104 207  97  51  54 134 124  25 178 115 186 210  67 214
 145 170 220 117  70  86 194 166  46 120  80  52  58 222   9  22  40  91
  65  41 204  55  14 100 176 155  15 150  50 132 168 173  93 140 142 148
 149 151 147 200 201 224 213 208 209 215 206 156 157 159 175 165 167 162
 161 190 177 182 181 191 187 185 184 174 183 202 203 196 195 193 192 131
 130  77  78]

Labels: [1 0 1 1 1 0 1 0 1 1 0 0 1 1 0 1 1 1 1 0 1 0 1 0 1 0 1 0 0 1 1 1 0 0 1 0 0
 0 1 1 1 1 1 0 0 1 1 1 0 1 1 1 0 0 0 0 0 0 0 0 0 0 0 0 0 1 1 1 0 0 0 0 1 1
 0 0 0 0 0 1 1 0 1 1 1 0 0 1 0 0 1 0 1 1 1 0 1 1 0 1 0 0 0 1 1 0 1 0 0 0 1
 0 0 1 0 1 1 1 1 0 1 0 1 1 0 1]

Synthetic samples indexes: [  0   2   4   6  15  17  26  39  40  42  46  47  49  50  65  66  72  80
  84  87  93  96  99 103 110 115 117 122 123 125]

========== Cluster 8 ==========

Base classifier: SVC(probability=True)

Minority Class: 1

Selected Features: [134 221   0   8 163  65 143 122 164 215  62  80 214 218 204  22 151   3
  17 209 144  24  23 157  95   1 146  29  57 147 175 223 216 155  32   5
  12 127  19  85 203 162 173  25 193 137  41 180 219  91  88 201 211 206
  61 153  52 135 205 181 117 213 141  15 207 148  13 112 150 174  60 186
 110 129  11 118  14  70 139  49  67 116   9 224  34 177 105  45 123 197
 188 136 131 126 107   6  47 114  46 113 100 176 145 121 158 199 161  44
  43 152 138  33  50 140  97 132 189  20   2  99  18   7  27  55 156 154
 159 133 142 208 222 212 210 220 217 149 172 168 169 170 171 165 166 184
 190 179 178 182 183 191 187 185 160 167 202 200 198 196 195 194 192 128
 130  69  66  71  74  73  68  64  77  78  75  79  83  82]

Labels: [1 1 1 0 1 0 1 1 0 0 1 0 0 0 0 0 0 0 0 1 1 0 0 1 1 0 0 1 1 1 0 0 1 0 0 1 0
 0 1 0 1 1 1 1 1 1 0 1 0 1 1 1 0 0 1 1 0 0 1 0 1 0 1 0 1 1 0 1 1 0 1 1 0 1
 0 1 0 1 1 1 0 0 1 0 1 1 1 0 0 0 1 0 0 0 0 1 0 1 1 0 1 1 0 0 1 0 1 1 0 1 0
 0 1 0 1 0 0 1 0 1 0 0 1 0 1 1 1 0 1 0 0 0]

Synthetic samples indexes: [  1   2  23  24  27  28  29  32  38  40  41  44  45  49  51  55  58  65
  68  70  71  73  75  77  79  82  84  85  86  95  97  98 106 109 114 117
 119 122 124 128]

========== Cluster 9 ==========

Base classifier: LogisticRegression()

Minority Class: 1

Selected Features: [  0   3 200  38   9 145 214  11 149   2 204 138 216 185 218 141 130 188
  64 161 202  47  96 205   4  92 206 213 221 177  44 223 150 114 190 100
 117 134 160 169  95  54 143 191  88  18 113 201 104 157  62 137   7 136
 215   6 194 107  12 210  49  91  86  25  31 217   1 108 140 178  87  52
 164 118  58  28 147  51 121  37  73  45 176 163 180 135  24  19   8  71
  17 103 208 132 222 154 129 106  70 175 128  10  29 195 133 179  85 155
 144 152 153 158 159 131 139 142 156 148 151 173 174 168 170 171 172 165
 162 193 192 203 207 224 209 220 211 212 219 196 197 199 198 146 166 167
 186 182 183 181 184 189 187  97 124 112 115 119 116 120 127 125 126  65
  66  67  68  69  75  74  72  78  77  79  76  83  82  81  80  93  94  90
  89  84 123 122 109 105 111 110 102 101  99]

Labels: [1 1 0 1 1 0 0 1 0 1 1 0 0 0 0 0 0 1 0 0 1 1 1 0 0 1 1 0 0 1 0 1 1 1 0 1 1
 1 0 0 0 0 0 0 0 0 1 1 1 0 1 0 1 0 0 0 1 0 1 1 0 1 1 1 1 0 0 0 0 0 0 1 0 0
 1 1 0 0 1 1 1 1 1 1 0 1 1 0 0 0 1 1 1 0 1 1 1 1 0 1 0 1 0 1 0 0 1 1 1 0 0
 0 1 0 1 0 0 1 0 0 1 1 1 0]

Synthetic samples indexes: [  4   7  17  20  22  25  26  29  32  33  36  48  50  56  61  62  74  75
  81  82  83  86  92  95  96 106 107 108 120 122]

