Clustering algorithm selected: spectral_clustering
=====================================

Clustering evaluation metric: silhouette
Clustering evaluation value: 0.31272260805573504

========== Cluster 0 ==========

Base classifier: LogisticRegression()

Selected Features: [0 1 2 3 4 5 6 7 8]

Labels: [0 1 1 0 0 0 0 1 2 0 1 1 2 2 1 2 2 0 0 2 2 1 1 1 1 1 1 0 0 0 2 0 0 0 0 1 1
 0 2 2 1 1 0 1 1 1 2 1 2 1 1 0 1 0 2 0 2 1 0 0 2 0 1 2 0 1 0 0 1 2 2 0 1 0
 0 1 1 1 0 2 0 1 1 1 2 0 2 1 2 2 0 2 2 0 0 2 2 2 2 0 1 1 2 2 1 0 0 1 2 2 1
 2 1 2 0 1 0 1 2 1 2 1 2 2 1 2 2 1 2 0 1 0 2 0 0 2 2 1 1 1 1 1 0 2 0 1 2 2
 1 1 1 2 2 2 2 0 0 0 2 1 0 2 2 1 0 2 1 0 1 1 1 1 0 2 1 2 2 2 2 0 0 0 1 0 1
 0 1 0 0 0 0 1 2 0 0 0 0 0 0 0 2 2 2 2 2 2 2]

========== Cluster 1 ==========

Base classifier: GradientBoostingClassifier()

Selected Features: [0 1 2 3 4 5 6 7 8]

Labels: [0 0 0 0 0 0 0 0 0 1 0 0 1 0 2 2 1 0 0 1 2 0 0 0 1 0 0 1 2 1 1 2 1 0 2 2 2
 1 0 2 2 2 0 0 2 2 2 0 1 0 2 0 0 2 2 2 0 0 0 1 0 2 1 1 2 2 0 0 2 2 2 0 2 2
 0 0 0 0 2 0 2 1 2 1 0 0 2 0 1 2 0 2 1 0 2 2 0 2 0 0 1 0 1 2 0 0 0 0 2 0 1
 2 0 2 0 0 1 0 0 1 0 2 1 0 0 0 1 2 1 1 1 2 0 2 0 0 0 2 0 0 0 2 0 1 0 2 0 1
 2 2 0 0 0 2 0 1 2 0 0 2 0 0 0 0 1 2 1 0 1 0 0 2 0 0 0 0 2 2 1 1 1 2 2 0 1
 0 0 0 0 1 2 2 0 0 0 2 0 0 1 0 1 2 0 0 0 1 2 0 1 2 0 0 0 1 2 1 1 0 1 1 1 1
 1 0 2 1 2 1 0 2 2 0 0 0 1 0 2 2 0 0 2 0 2 0 0 2 2 0 2 0 0 1 1 1 1 1 1 1 1
 1 1 1 1 1 1 1 1 1 1 1 1 1 1 1 1 1 1 1 1 1 1 1 1 1 1 1 1 1 1 1 1 1 1 1 1 1
 1 1 1 1 1 1 1 1 1 1 1 1 1 1 1 1 1 1 1 1 1 1 1 2 2 2 2 2 2 2 2 2 2 2 2 2 2
 2 2 2 2 2 2 2 2 2 2 2 2 2 2 2 2 2 2 2 2 2 2 2 2 2 2 2 2 2 2 2 2 2]

========== Cluster 2 ==========

Base classifier: GradientBoostingClassifier()

Selected Features: [0 1 2 3 4 5 6 7 8]

Labels: [1 0 0 0 0 1 0 0 0 0 1 0 0 0 2 0 2 0 2 2 2 1 2 0 2 1 1 0 0 2 0 2 1 2 1 0 1
 0 0 2 1 2 2 1 1 2 2 2 2 1 2 1 0 2 1 0 0 0 0 2 2 0 1 2 2 2 0 1 1 1 1 0 2 0
 2 2 2 2 2 2 2 0 2 0 2 1 2 0 0 2 1 0 2 2 2 2 1 0 2 1 2 2 0 2 0 2 0 0 0 0 2
 2 1 0 2 0 2 1 1 0 2 1 2 1 0 0 1 0 0 2 0 2 0 1 2 2 0 2 0 2 0 1 2 0 0 0 0 2
 0 2 0 0 1 1 0 2 1 0 2 0 1 0 1 2 2 0 2 0 2 1 2 1 2 1 1 2 2 1 2 1 1 2 0 2 1
 1 1 1 0 1 1 1 1 2 0 1 2 2 2 0 1 0 1 2 0 2 1 1 2 2 2 0 2 0 2 1 0 1 2 2 0 0
 0 2 2 1 2 0 1 2 0 2 0 0 2 2 2 1 2 0 1 0 2 0 1 0 0 2 2 0 2 0 0 0 1 1 0 2 0
 0 2 1 0 0 0 2 0 1 0 0 1 2 2 1 0 2 2 0 2 0 0 0 0 2 0 0 0 0 2 0 1 2 2 1 2 2
 2 0 2 0 1 0 0 2 0 0 2 0 1 2 2 0 2 0 0 1 0 0 0 1 0 2 1 2 0 1 0 0 0 0 2 0 0
 0 2 2 0 0 2 1 2 0 2 1 0 2 0 0 0 0 0 0 0 0 0 2 1 2 0 0 0 0 1 2 2 2 0 0 2 1
 2 2 0 2 2 2 2 0 0 2 2 0 1 0 0 1 0 2 0 2 1 1 0 0 0 0 2 1 0 2 2 2 0 1 0 2 2
 0 1 2 0 0 2 1 0 1 1 2 0 1 0 1 2 0 2 0 0 0 2 0 2 2 0 2 0 1 0 0 2 0 2 0 2 0
 1 1 2 2 0 0 0 2 0 0 1 2 2 2 0 2 0 2 1 2 1 2 1 0 0 1 0 0 0 2 1 0 1 0 2 0 0
 2 2 2 2 1 2 1 2 0 2 2 2 2 0 0 0 2 1 0 1 2 2 2 2 0 2 2 0 0 2 1 2 2 0 1 0 2
 1 0 1 1 2 0 0 2 0 1 1 2 1 1 2 0 1 2 2 2 0 2 1 0 0 2 2 0 2 2 2 0 0 2 2 0 0
 2 2 0 2 2 2 2 2 0 2 1 2 0 2 1 1 2 2 0 2 2 1 1 1 1 1 0 0 1 0 1 2 2 0 1 0 0
 2 0 1 1 2 1 0 1 2 2 2 1 2 2 0 1 0 1 0 0 0 0 1 1 2 1 0 1 1 2 1 0 0 2 1 0 0
 1 2 0 2 0 0 2 0 0 2 2 2 0 0 1 2 0 0 2 2 2 2 2 2 2 2 1 1 2 1 2 2 0 2 0 1 1
 0 0 2 1 2 2 0 0 2 2 2 0 2 2 0 1 0 0 0 0 0 1 0 1 0 0 1 2 0 2 2 2 0 0 2 2 0
 2 0 0 1 0 0 0 0 2 0 2 2 2 2 0 1 0 2 2 1 1 2 2 2 0 2 1 1 2 2 0 0 1 2 2 2 0
 2 1 0 0 2 0 1 1 1 1 1 1 1 1 1 1 1 1 1 1 1 1 1 1 1 1 1 1 1 1 1 1 1 1 1 1 1
 1 1 1 1 1 1 1 1 1 1 1 1 1 1 1 1 1 1 1 1 1 1 1 1 1 1 1 1 1 1 1 1 1 1 1 1 1
 1 1 1 1 1 1 1 1 1 1 1 1 1 1 1 1 1 1 1 1 1 1 1 1 1 1 1 1 1 1 1 1 1 1 1 1 1
 1 1 1 1 1 1 1 1 1 1 1 1 1 1 1 1 1 1 1 1 1 1 2 2 2]

========== Cluster 3 ==========

Base classifier: GradientBoostingClassifier()

Selected Features: [0 1 2 3 4 5 6 7 8]

Labels: [0 0 0 0 0 0 0 0 0 0 0 0 2 2 1 0 0 2 0 0 0 1 0 0 0 2 0 0 0 0 0 0 0 2 0 0 2
 2 0 2 0 0 2 1 0 0 0 2 0 2 0 2 2 0 2 0 2 0 0 2 0 0 2 0 0 0 2 0 2 0 0 0 0 0
 0 1 0 0 0 2 0 1 0 1 0 0 2 0 0 2 0 0 0 0 0 0 0 2 0 0 0 0 1 2 0 2 0 2 2 0 2
 0 2 2 0 0 1 0 0 0 0 0 0 0 0 0 0 1 0 2 2 1 2 0 1 1 1 1 1 1 1 1 1 1 1 1 1 1
 1 1 1 1 1 1 1 1 1 1 1 1 1 1 1 1 1 1 1 1 1 1 1 1 1 1 1 1 1 1 1 1 1 1 1 1 1
 1 1 1 1 1 1 1 1 1 1 1 1 1 1 1 1 1 1 1 1 1 1 1 1 1 1 1 1 1 1 2 2 2 2 2 2 2
 2 2 2 2 2 2 2 2 2 2 2 2 2 2 2 2 2 2 2 2 2 2 2 2 2 2 2 2 2 2 2 2 2 2 2 2 2
 2 2 2 2 2 2 2 2 2 2 2 2 2 2]

