Clustering algorithm selected: kmeans++
=====================================

Clustering evaluation metric: silhouette
Clustering evaluation value: 0.07255260277074503

========== Cluster 0 ==========

Base classifier: GaussianNB()

Selected Features: [134 114  20 224   1 189  84  97  91  75  38  17  74 206 218 169  45 163
  40 170 214 125 103 223  58 210 121  14 105 151  35  24 160  64 198 211
 102 154 137 182 140  30 161 201 191 185  95 220 177 116 117 178   4  57
 180  50 120 135 192 168  60  41 111  56 149 174  42  67 145  28   6 158
 141 144  81  78  79 194 171  31 152 205 126 213 176 162  80 148 153 187
 186  94  18  36 188 124  55  16 155 215  32 219 164 142  54  49  85 181
 193 112 127  69   5 165  53  33  51 190 202 200 199  34]

Labels: [0 0 0 0 1 1 0 0 1 0 1 0 1 0 0 0 0 0 1 0 1 0 0 1 1 0 0 1 1 0 0 0 1 0 1 0 0
 0 1 0 1 1 0 0 0 1 0 0 1 1 1 1 0 1 0 1 0 1 1 1 0 0 0 0 1 0 0 0 1 1 0 0 1 0
 0 0 0 1 1 1 0 0 1 1 0 0 0 0 0 1 0 1 0 0 0 0 0 0 0 1 0 0 1 1 1 1 0 1 1 1 0
 1 1 1 0 0 1 0 0 0 0 0 0 0 1 1 0 0 0 0 1 0 1 1 0 0 1 0 0 0 1 1 0 0 0 1 1 0
 1 1 0 1 0 0 0 0 0 1 0 1]

========== Cluster 1 ==========

Base classifier: GaussianNB()

Selected Features: [207  40 114   3 209  27   5 110  70 154 215 217  76  82  34   1 193 196
 199 222  95  65  64 181 129  89 136 104   4  74 221 102 177 147  56 220
  37  48  54  55  20 134 113   8 180 216 111 107  98 208 131  68 141 157
 106  57 135 145 108 156 126  12 179 122 195 206   7 121  44  75  45 165
 169  42 127   0   2 148 175 198 137  67  10  88  14 182 159  52  90 130
  62 164 214 161  72 187  77 103  31 210 219  94  28 176 213  79  26 132
 109  43 120]

Labels: [0 0 0 0 0 0 1 0 0 0 0 0 0 1 0 0 0 0 1 0 1 0 0 0 1 0 0 1 0 0 0 0 0 0 0 0 0
 0 1 1 0 0 0 0 1 0 0 0 0 1 0 0 0 0 1 0 0 0 0 0 0 1 1 0 0 1 1 1 0 0 0 1 0 0
 0 0 1 0 0 0 1 0 1 0 1 0 0 0 0 1 0 0 0 1 0 0 0 0 1 0 1 0 0 0 0 0 0 0 1 0 0
 1 0 1 0 0 0 0 1 0 0 0 0 0 0 0 0 0 0 0 0 1 0 0 0 0 0 0 0 0 0 0 0 0 0 1 0 1
 1 0 0 1 1 1 0 0 1 1 1 0 0 1 0 0 0 0 0 0 0 0 0 0 0 0 1 0 0 0 0 0 0 0 1 1 0
 1 1 0 0 1 0 1 0 0 0 1 1 0 0 0 0 0 0 0 0 0 0 1 1 0 0 0 1 0 0 0 0 0 1 1 0 0
 0 0 0 0 0 0 0 0 0 0 0 0 0 1 0 0 0 0 1 0 0 0 0 0 0 0 0 1 1 0 1 0 1 0 0 0 0
 0 0 0 1 1 0 0 0 0 0 0 0 1 0 0 0 0 0 1 0 1 0 0 0 0 0 0 0 0 0 1 0 0 0 0 0 0
 0 1 0]

========== Cluster 2 ==========

Base classifier: GaussianNB()

Selected Features: [209 218  84 130  33  48   3  59  69 108 163  76  75   6  37  44 121  99
 194   8 117 191 168 169 159 142 197 115 215 204  92  15  62 127 114  24
 181  18 111 193   0 186  98 139 148 123  80  28 137  45   7  50 100  78
   1 101  12  81 107 152  87 170 133 187 158 110 182  74 207  54 172 208
  53 134  16 213 179  36   9  58 216 120 221 222  63 153  19 160 116 128
 143 155  60  26  79 174 109  72 162 217 156  65  57 195  21  66  85 166
 180]

Labels: [1 0 0 0 0 1 0 1 1 1 0 0 0 0 0 0 0 0 0 0 1 1 1 0 0 0 1 0 0 0 0 0 1 0 0 0 1
 1 0 1 0 0 0 0 1 1 1 0 0 0 1 1 1 0 1 0 0 0 1 1 0 0 0 1 0 0 0 0 1 1 0 0 0 1
 1 0 0 0 0 0 0 0 0 1 0 0 0 1 1 0 0 0 1 0 1 1 1 0 1 0 0 0 0 1 1 0 0 0 0 0 0
 0 0 0 0 0 0 0 0 0 0 1 0 0 0 0 0 0 0 0 0 1 0 0 0 0 0 0 1 1 0 1 0 1 0 0 0 0
 0 1 1 1 0 0 0 0 0 1 0 0 1 0 0 0 1 1 0 1 0 0 1 0 0 0 1 1 0 0 1 0 1 0 0 0 0
 0 0 0 0 0 1 0 0 1 0 0 1 1 1 0 0 0 0 1 0 0 0 1 0 0 0 0 0 0 1 0 1 0 0 0 0 0
 0 0 0 0 1 1 1 0 0 1 0 0 0 0 0 1 0 0 0 0 0 0 0 1 1 0 1 0 0 1 1 1 1 0 1 0 1
 0 0 0 1 1 1 0 0 0 1 1 1 0 0 1 0 0 1 0 0 1 1 0 0 1 0 0 0 1 0 0 0 0 1 0 1 0
 1 0 1 1 0 1 0 0 0 0 1 0 1 0 0 0 0 0 0 0 0 0 0 0 0 0 1 0 1 0 0 0 0 0 0 1 0
 0 0 0 0 0 0 0 0 1 0 1 0 1 0 1 1 1 0 1 0 1 1 0 0 0 1 0 0 0 0 1 0 0 0 0 1 0
 0 0 1 1 0 0 0 1 0 0 0 0 1 0 0 0 1 1 1 0 0 0 0 0 0 0 0 0 0 0 0 0 0 0 1 0 0
 0 0 0 1 0 1 1 0 1 1 0 0 0 1 0 1 0 0 1 1 1 0 1 1 0 1 1 0 1 0 1 0 1 0]

