Clustering algorithm selected: kmeans
=====================================

Clustering evaluation metric: silhouette
Clustering evaluation value: 0.3748750821730473

========== Cluster 0 ==========

Base classifier: SVC(probability=True)

Minority Class: 0

Selected Features: [21  0 24 23  2  3  1  8  4 22 14 28 27  7 13  9 10 11  6 17 16 26  5 18]

Labels: [0 0 1 1 0 1 1 0 0 1 0 1 1 1 1 0 1 0 1 1 0 1 1 1 0 1 1 0 0 1 0 0 1 0 1 0 0
 1 1 0 0 1 1 0 1 0 1 0 0 0 1 1 0 0 0 0 0 1 1 0 0 0 1 0 1 1 1 0 0 0 0 1 0 1
 0 1 1 1 0 0 1 1 0 1 0 0 0 0 1 1 0 0 1 1 1 1 0 0 1 0 1 0 1 0 1 1 0 0 1 1 1
 0 1 0 1 1 1 1 0 1 1 0 0 0 0 0 0 0 1 1 0 1 0 1 0 0 0 0 0 1 1 0 0 0 1 1 0 0
 1 1 0 1 0 1 1 0 1 1 1 0 0 1 1 0 0 1 0 0 0 1 0 0 0 1 0 1 1 1 1 1 0 1 1 0 1
 0 0 1 0 1 0 0 1 1 0 0 0 1 1 1 1 0 0 0 1 0 1 1 0 0 1 1 0 0 1 0 0 0 0 0 1 0
 0 0 0 0 0 1 1 1 1 0 0 1 1 0 1 1 1 1 1 0 0 0 1 0 1 1 1 0 1 0 0 1 1 1 0 0 1
 1 1 1 1 1 1 1 1 1 0 0 1 1 1 0 0 0 0 0 0 0 0 1 0 1 1 1 0 0 1 1 1 1 1 0 0 0
 0 0 1 1 0 0 0 1 0 1 0 0 0 1 1 0 1 0 1 0 0 0 0 1 0 0 1 1 1 1 0 0 0 0 1 1 1
 1 1 0 1 0 1 1 1 0 0 0 0 0 1 0 0 1 0 0 1 0 0 1 1 0 1 0 0 1 1 0 1 0 0 0 1 1
 1 0 0 0 0 1 0 0 0 0 1 1 1 1 1 1 1 0 1 0 1 0 1 0 1 1 1 0 0 0 0 0 0 1 0 0 1
 1 1 1 0 0 1 1 0 1 0 0 0 1 1 0 0 1 0 1 1 0 1 1 0 0 1 1 1 0 1 1 0 0 0 1 1 0
 1 1 1 1 1 1 0 1 0 1 0 1 0 0 0 0 0 0 1 0 0 0 0 0 0 1 0 0 1 1 0 0 0 0 0 1 0
 1 0 0 0 1 0 0 0 1 0 0 0 1 0 0 1 1 0 1 1 1 1 0 1 1 1 0 1 0 0 1 1 0 0 0 0 1
 0 1 1 1 0 1 0 0 1 1 0 1 0 1 1 1 1 0 1 1 0 1 0 0 1 1 0 1 0 1 1 0 0 0 1 1 0
 1 0 0 1 0 1 1 1 0 0 1 1 0 1 1 1 1 1 1 0 0 1 1 0 1 1 1 1 0 0 1 1 0 1 0 0 0
 1 0 0 0 1 1 1 1 0 1 1 1 1 1 1 0 0 1 1 1 1 0 1 1 1 0 1 0 0 0 0 1 1 0]

Synthetic samples indexes: [  2   3   5   6   9  11  12  13  16  18  19  21  22  23  25  26  29  32
  34  38  42  44  46  50  51  58  62  64  65  66  71  73  75  76  80  81
  83  88  89  92  93  94  95  98 100 104 105 108 109 110 112 114 115 116
 117 119 120 128 129 133 139 140 144 145 149 151 154 156 157 158 165 169
 175 176 177 178 179 181 182 184 187 189 193 197 198 199 200 206 207 210
 211 214 220 227 228 229 230 233 234 236 237 238 240 244 246 247 248 250
 253 254 255 258 259 260 261 262 263 264 265 266 267 270 272 281 283 284
 285 288 289 290 291 292 298 299 305 309 310 312 314 319 322 323 324 325
 330 332 333 334 336 338 339 340 346 349 352 355 356 358 361 362 364 368
 369 370 375 380 381 382 383 384 385 388 390 392 394 396 403 406 407 408
 409 412 413 415 419 420 423 425 426 428 429 432 433 434 437 441 444 445
 446 447 448 449 451 453 455 462 469 479 481 485 489 493 496 497 499 500
 501 502 504 505 506 508 511 512 517 519 520 521 523 526 527 529 531 532
 533 536 537 539 542 543 545 547 548 552 553 555 560 561 562 566 568 569
 571 572 573 576 577 580 581 582 585 586 588 592 596 597 598 599 601 602
 603 604 605 606 609 610 611 612 614 615 616 618 623 624]

========== Cluster 1 ==========

Base classifier: GaussianNB()

Minority Class: 0

Selected Features: [24 21 23 22  1  3  4 20  0 16 28  8 10 17 14  2 18  6 19 26 15 25 12]

Labels: [0 0 0 0 0 1 1 1 1 1 1 1 0 1 0 1 1 0 0 1 1 1 0 1 0 1 0 0 1 0 1 0 0 1 0 0 0
 1 1 0 1 0 1 1 1 0 1 1 1 0 0 1 1 1 0 1 1 0 1 0 0 1 0 0 0 0 0 0 1 0 1 0 0 1
 1 1 1 1 0 0 0 1 0 0 1 0 0 0 0 0 1 1 1 1 0 1 0 1 0 1 0 1 1 0 0 0 0 1 1 1 1
 0 1 1 1 1 1 0 0 0 1 1 0 1 0 1 0 0 0 1 0 0 1 1 1 0 0 0 1 0 0 0 0 1 1 0 0 0
 0 1 0 1 1 1 0 1 0 0 1 0 0 0 0 1 0 1 0 0 1 0 0 0 1 1 1 1 0 1 0 0 0 0 1 0 0
 1 1 1 1 1 0 0 1 1 0 0 1 0 0 0 1 1 1 1 0 0 1 1 1 1 0 1 0 0 0 0 0 0 1 1 1 1
 0 1 1 0 0 0 0 0 1 1 1 1 0 0 0 1 1 1 0 1 0 1 1 1 1 1 1 1 1 0 0 1 1 0 1 1 1
 0 1 0 1 0 0 1 0 0 1 1 0 0 1 0 0 0 1 0 0 0 0 1 1 0 1 0 1 1 1 0 1 1 0 1 0 1
 0 0 0 1 0 1 1 1 0 0 1 0 1 0 0 1 1 1 0 1 0 0 1 1 1 0 0 1]

Synthetic samples indexes: [  0   1   2   3   4  12  14  17  18  22  24  26  27  29  31  32  35  36
  39  41  45  49  50  54  57  59  60  62  63  64  65  66  67  69  71  72
  78  79  80  82  85  86  87  88  89  94  96  98 100 103 104 105 106 111
 117 118 119 122 124 126 127 128 130 131 135 136 139 140 141 142 145 146
 147 150 154 156 157 159 160 161 162 164 167 169 170 171 176 178 180 181
 183 190 191 194 195 197 198 199 204 205 210 212 213 214 215 216 217 222
 225 226 228 229 234 235 236 240 242 251 252 255 259 261 263 264 266 267
 270 271 273 275 277 278 279 280 283 285 289 292 294 296 297 298 300 304
 305 307 309 310 314 316 317 321 322]

