Clustering algorithm selected: kmeans++
=====================================

Clustering evaluation metric: dbc
Clustering evaluation value: 0.16295692700970665

========== Cluster 0 ==========

Base classifier: GaussianNB()

Minority Class: 1

Selected Features: [ 0  1  2  3  4  5  6  7  8  9 10 11 12 13 14 15 16 17 18 19 20 21 22 23
 24 25 26 27 28 29 30]

Labels: [0 0 0 1 0 1 1 0 1 1 1 1 1 0 0 0 0 0 1 1 0 0 1 0 0 1 1 0 1 0 1 1 1 1 0 0 1
 1 1 1 1 0 1 0 0 0 0 0 0 1 1 0 1 0 0 0 0 1 1 1 1 1 0 1 1 0 1 0 0 1 0 0 1 1
 0 1 1 0 0 1 0 0 0 1 0 0 0 0 1 1 1 1 0 1 0 1 1 0 1 1 0 0 0 0 1 0 1 0 0 0 0
 0 0 1 0 1 1 1 1 1 0 1 0 1 1 0 0 1 0 0 1 1 0 0 1 1 1 1 0 1 0 1 1 1 0 0 1 0
 0 1 0 1 0 0 0 0 0 1 1 0 0 1 1 0 0 1 0 1 0 1 1 0 1 0 1 0 1 0 1 0 1 1 1 0 0
 0 0 0 0 0 0 1 0 0 1 1 0 1 1 1 0 0 0 0 0 0 0 0 1 1 0 0 1 0 0 0 0 0 0 1 1 1
 0 1 1 1 1 1 1 1 1 0 1 1 1 0 0 0 0 0 1 1 0 0 1 0 0 1 1 1 1 1 1 1 1 1 0 0 0
 0 1 0 0 0 1 0 0 0 1 1 0 1 1 1 0 1 1 1 1 1 0 0 0 1 1 1 1 1 1 1 0 1 0 0 0 1
 0 0 0 1 1 1 1 1 1 1 0 0 1 0 1 0 0 1 0 0 1 1 0 1 0 1]

Synthetic samples indexes: [  0   1   2   4   7  13  14  15  16  17  20  21  23  24  27  29  34  35
  41  43  44  45  46  48  51  53  54  55  56  62  65  67  68  70  71  74
  77  78  80  81  82  84  85  86  87  94  97 101 102 103 105 107 108 109
 110 111 112 114 120 122 125 126 128 129 132 138 140 144 145 147 148 150
 152 154 155 156 159 160 163 164 166 168 171 173 175 177 179 183 184 185
 186 187 188 189 190 192 193 196 200 201 202 203 204 206 207 210 211 213
 215 216 217 218 222 231 235 236 237 238 239 242 243 245 246 256 257 258
 259 261 262 263 265 266 270 274 280 281 282 290 292 293 294 296 297 298
 306 307 309 311 312 314 315 318 320]

========== Cluster 1 ==========

Base classifier: GaussianNB()

Minority Class: 1

Selected Features: [ 0  1  2  3  4  5  6  7  8  9 10 11 12 13 14 15 16 17 18 19 20 21 22 23
 24 25 26 27 28 29 30]

Labels: [1 1 0 0 0 1 1 1 1 1 1 0 0 1 0 1 1 1 1 0 0 0 0 1 1 0 0 1 1 0 1 0 0 0 1 0 1
 0 0 0 0 1 1 1 1 0 1 1 0 0 1 0 0 1 0 1 0 0 1 1 0 0 1 0 1 0 0 1 0 1 1 0 0 1
 1 1 0 1 0 0 1 1 1 1 0 0 1 0 0 1 0 0 1 0 0 1 1 1 1 1 0 0 1 1 0 0 1 1 0 1 1
 1 0 1 1 1 0 1 0 1 0 1 1 0 1 0 1 0 0 0 1 1 1 1 0 1 0 0 0 0 1 0 1 0 0 1 0 0
 0 1 1 1 0 0 0 1 1 1 0 1 1 1 1 0 1 0 1 1 1 0 0 0 0 1 1 1 1 0 1 1 1 1 1 0 1
 1 1 1 1 0 0 1 0 1 1 0 0 0 0 1 0 0 1 1 1 1 0 1 0 1 1 0 1 1 0 0 0 0 0 0 1 0
 1 0 1 0 1 1 0 1 0 0 0 1 0 1 1 0 0 1 1 0 0 0 0 0 1 0 1 0 0 0 1 0 1 0 1 0 1
 1 0 1 1 0 1 1 1 1 0 1 0 1 0 1 0 0 0 0 1 1 1 0 1 1 1 0 0 0 1 1 0 0 0 1 1 1
 1 0 0 1 1 1 1 0 1 0 0 1 0 1 1 1 1 0 0 0 0 0 1 0 1 0 1 1 0 1 0 1 1 0 0 1 1
 0 0 1 0 0 1 0 0 1 1 1 1 1 1 0 0 0 0 1 1 0 0 0 1 0 1 1 1 0 1 0 0 0 0 0 0 1
 1 1 0 0 1 0 0 0 0 0 1 1 0 1 1 0 1 1 1 1 0 1 0 0 0 1 1 0 1 0 0 0 0 1 0 0 0
 1 1 0 0 0 0 0 1 0 1 0 0 1 0 0 1 0 1 0 1 0 1 0 1 1 1 0 0 0 0 1 0 1 0 1 1 0
 0 0 0 1 0 1 1 1 0 0 0 1 0 1 1 1 1 0 0 0 1 1 0 1 1 1 0 1 0 1 0 0 1 0 0 1 1
 0 1 0 0 0 1 1 1 1 1 0 0 1 1 1 0 1 0 1 0 1 1 0 0 1 0 1 1 0 1 0 1 1 0 0 0 0
 1 1 1 0 0 1 1 0 0 0 1 1 0 1 1 1 1 1 1 0 0 0 0 1 0 1 0 1 1 1 0 0 0 0 0 1 1
 1 0 0 1 1 0 1 0 1 0 1 0 0 1 0 0 0 1 1 0 0 0 0 0 1 0 0 1 1 0 0 0 1 0 1 0 1
 1 1 0 1 0 1 1 1 1 0 1 1 0 0 1 0 0 0 0 1 1 0 0 0 0 0 1 1 1 0 1 1 0 0]

Synthetic samples indexes: [  0   1   5   6   7   8   9  10  13  15  16  17  18  24  27  28  30  34
  36  41  42  43  44  46  47  50  53  55  58  59  64  67  69  70  73  74
  75  77  80  81  82  83  86  92  95  96  97  98  99 102 106 107 109 110
 111 113 114 115 117 119 121 122 124 126 130 132 133 140 142 145 149 150
 151 156 157 159 160 161 162 164 166 167 168 173 174 175 176 178 180 181
 182 184 185 186 187 188 193 194 199 202 203 204 207 209 210 212 213 220
 224 226 229 233 235 236 239 240 246 248 252 254 256 258 259 261 262 264
 265 266 267 269 273 278 279 280 282 283 289 293 294 295 296 299 300 301
 302 304 307 309 310 311 312 318 320 322 323 325 327 328 331 332 338 341
 342 343 344 345 346 351 352 356 358 359 360 362 369 370 371 374 380 383
 384 386 387 388 389 391 395 396 398 403 407 414 416 419 422 424 426 428
 430 431 437 439 441 442 447 449 450 451 455 457 458 459 460 464 465 467
 468 469 473 476 479 480 482 486 487 488 489 490 494 495 497 501 502 505
 507 508 510 512 518 519 520 523 531 533 534 535 536 541 543 545 546 547
 553 554 555 558 561 563 565 568 573 579 582 583 587 591 592 593 595 597
 598 599 600 602 603 606 611 612 618 619 620 622 623]

