Clustering algorithm selected: kmeans++
=====================================

Clustering evaluation metric: dbc
Clustering evaluation value: 0.43968009682798526

========== Cluster 0 ==========

Base classifier: GaussianNB()

Selected Features: [ 19   3 166   0  59  49 173 143 214 105  48 209  26 218 184 160 196  44
  71  79 189  77 133 139 185 136   7 121   4 215 146 135 148  35 130 203
 224  11  46  86 142 145 104 186 192  45  57  53 180  55  41  81  20  96
  10  33 190 169  62 124 138  18  38  63  24   9  25  15 120 205  29 158
  12 147 126   6 122   1  37   5 168 150 134  98 132 102 115  70  82  34
 188  95 220  51 125 137 213 155 116 179 182 197 106  87 171 191]

Labels: [0 0 0 0 0 0 0 0 0 0 0 1 0 0 0 1 0 0 0 1 0 0 1 1 1 0 0 0 0 1 1 0 0 0 0 0 1
 0 1 0 0 1 0 0 0 1 0 0 0 0 1 0 1 0 0 0 0 0 0 0 0 0 1 1 0 1 1 0 0 0 0 1 0 0
 0 0 0 1 1 0 1 0 0 0 1 0 0 1 1 0 1 0 0 0 0 1 0 1 1 0 0 0 0 0 0 0 0 1 0 0 0
 0 1 0 0 0 0 0 0 0 0 0 0 1 0 0 1 1 1 0 0 0 1 1 0 0 0 0 1 0 0 0 0 1 0 1 0 0
 0 1 0 0 0 1 0 1 0 1 0 0 1 0 1 0 0 0 0 1 0 1 1 0 1 1 1 0 0 0 0 1 0 1 0 0 1
 0 0 0 1 0 0 1 0 0 1 0 0 0 0 0 0 1 1 0 0 0 0 0 0 0 0 0 0 1 0 0 0 0 0 0 0 0
 0 0 0 0 0 0 0 0 0 1 1 0 1 0 0 0 0 0 1 0 1 0 0 0 1 1 0 0 0 0 1 0 0 1 0 0 0
 0 0 0 0 1 1 0 0 0 1 0 0 0 0 0 1 1 0 0 0 0 0 0 0 0 1 0 0 0 0 0 0 0 0 0 0 0
 1 0 0 1 0 0 0 1 0 1 0 0 1 0 1 1 0 0 1 0 1 1 0 0 0 1 0 0 1 0 0 0 0 1 0 0 0
 0 0 0 0 0 0 0 1 1 0 0 0 1 0 0 1 0 0 0 1 1]

========== Cluster 1 ==========

Base classifier: GaussianNB()

Selected Features: [ 62  74   3 128 173  37 161   0  98  58  52  90  61  44  24 224  40  39
 194  26 139 107  30 149 180  78  76  68  19 222  38 129  12 175 155  46
  31 141 142  72 201 127 177 108 116 174 104 163 217   6 153 168 167 145
  94  77 117   2 138 213  20  50 143  32 125 207 182  88  49 111 198 159
 146 212 171 130 123 166 112 120  82  87  29 196 156  60  93  75  55 135
 203 148 209  92]

Labels: [1 0 0 0 0 0 1 0 1 1 1 1 0 0 0 0 0 1 1 0 1 0 1 0 1 0 0 0 0 0 1 0 0 0 1 1 0
 0 0 0 0 1 0 0 0 0 1 1 0 1 0 0 1 1 0 1 1 0 0 0 1 0 0 1 1 0 0 0 1 0 1 0 0 0
 0 0 1 0 1 1 0 1 1 1 0 0 0 1 0 0 1 1 1 0 0 1 0 0 0 0 0 0 0 0 0 0 0 0 0 0 0
 0 0 0 0 0 0 1 1 0 1 0 1 0 0 1 0 0 0 0 0 0 0 0 0 0 0 1 1 0 0 1 0 1 0 0 0 1
 1 0 0 0 1 1 0 0 0 0 1 0 1 0 0 1 1 1 1 1 0 1 0 1 1 0 0 0 1 0 0 0 0 1 1 1 0
 1 0 0 0 0 1 0 1 0 1 1 0 0 0 0 1 0 0 0 1 0 0 0 1 0 1 0 1 1 0 1 0 1 0 0 1 0
 0 0 1 0 1 1 1 0 0 1 1 1 0 0 0 0 0 0 0 0 1 0 0 0 0 0 1 1 0 1 0 0 0 1 0 0 1
 1 0 1 0 0 0 0 1 0 0 1 0 1 0 0 0 1 0 0 1 0 0 1 0 0 0 1 1 0 0 0 0 0 1 0 1 0
 0 0 0 1 0 0 1 1 1 0 0 0 1 0 1 1 0 0 1 1 0 1 1 0 1 1 1 0 1 1 0 1 1 0 0 1 1
 0 0]

========== Cluster 2 ==========

Base classifier: GaussianNB()

Selected Features: [214 203  88 122   8  43 152 162 213  19   0 183  34  67 202  77 192  74
  54 138  68 144 157  35 140 191 164 154  32  92   3  36  52  21   2  93
  63  12 220   9 212 107  62   4 102  82  14 146 207  71 221 218  96 103
  56 135  61 172 145 114  37 128  10 129 117 188 119 134 195  31 153 126
 163  73 197  64 200  45 115  87 194 161 166 151 217 160  11  80 208 109
  39  40 167 139  16 127 113 116  15  23 100 130  22  48 125  94   7  25]

Labels: [0 0 0 1 0 1 0 0 0 0 0 1 0 0 0 1 0 0 0 1 0 0 1 0 0 0 0 1 0 0 0 0 1 0 0 0 0
 1 0 1 0 0 0 0 0 0 0 0 1 1 0 0 0 0 0 1 0 1 0 0 0 0 1 0 1 0 1 1 0 0 0 0 0 0
 1 0 0 0 0 1 1 0 0 1 1 0 0 1 1 0 0 0 0 0 0 0 0 0 0 0 0 0 0 0 0 0 0 0 1 0 0
 1 1 0 0 1 1 0 1 0 1 1 0 0 0 0 0 0 0 0 1 0 1 0 0 0 0 1 0 0 0 0 0 0 0 0 0 1
 0 0 0 1 0 0 0 0 0 0 1 1 0 1 1 0 0 0 1 1 0 0 1 0 0 1 1 0 0 0 1 0 0 0 0 0 0
 0 0 0 0 0 0 0 0 0 0 0 0 0 0 1 1 0 1 0 0 0 0 0 0 0 0]

