Clustering algorithm selected: fcm
=====================================

Clustering evaluation metric: dbc
Clustering evaluation value: 0.5206640727492908

========== Cluster 0 ==========

Base classifier: SVC(probability=True)

Minority Class: 1

Selected Features: [32 34 37  6 36 23 20 10 29 31 33  2  4 11 28 12 21 35 16 17 24 25 19 18
 22 30 27 26 13 15  8  9 14  7  5]

Labels: [1 0 1 0 1 0 0 1 1 0 1 1 0 0 0 1 0 0 1 1 1 0 0 0 1 1 1 0 1 0 0 0 0 0 1 1 1
 0 0 0 1 1 0 0 0 0 1 1 1 0 0 1 1 0 0 0 1 1 0 1 1 1 0 1 0 0 1 0 1 0 1 0 1 1
 1 0 0 1 1 0 1 1 0 0 1 1 0 0 1 0 0 1 0 1 0 1 0 1 1 0 0 0 1 0 1 1 0 1 1 0 1
 0 1 1 0 0 1 1 0 1 1 1 1 0 0 0 1 0 1 1 0 0 1 0 1 1 0 1 0 1 0 0 0 1 0 0 1 1
 1 1 0 1 0 1 0 0]

Synthetic samples indexes: [ 35  60  72 104 105 126 128 135]

========== Cluster 1 ==========

Base classifier: SVC(probability=True)

Minority Class: 1

Selected Features: [32 34 33 37 31 36  1  0  4  6 20 11 30 17 29 24 16 27 14 10 28 35  3 19
 22 18 23 25 26 21  8  9 13 12 15]

Labels: [0 0 0 1 1 1 0 1 0 1 1 0 1 1 1 1 0 1 0 1 0 1 0 0 1 1 1 1 0 0 1 1 0 1 0 0 1
 0 1 0 0 1 0 1 1 1 1 1 0 0 1 0 1 0 0 1 0 1 1 0 1 0 1 0 0 1 1 1 0 0 0 1 1 0
 0 1 0 0 0 1 1 1 0 1 1 0 1 0 0 0 0 0 0 0 0 0 0 0 1 1 1 0 1 0 1 1 1 0 1 0 1
 1 0 1 0 1 0 1 0 0 1 0 0 0 0 0 0 1 0 0 1 0 1 0 1 0 0 1 0 1 1 0 1 0 1 1 0 0
 1 1 1 0 1 1 0 1 1 0 1 1 0 1 1 0 0 1 0 0 0 0 1 1 1 1 1 1 0 1 0 1 0 0 1 0 0
 1]

Synthetic samples indexes: [  5  12  14  15  17  50  58  62  66  83  84  86  99 105 110 115 134 140
 142 159 162 165 175 179]

========== Cluster 2 ==========

Base classifier: LogisticRegression()

Minority Class: 1

Selected Features: [32 34  3 33 37 25  7 21 36 28 31 29 17 26 30 13 22 16 27  6 15 35 19 18
 23 20 24 11 14 12  8  9 10  5  4]

Labels: [0 0 0 1 1 1 1 1 0 1 1 1 1 0 1 0 1 1 1 0 0 0 1 1 1 1 1 0 0 1 0 1 1 1 0 0 1
 1 1 1 0 0 0 0 0 0 1 0 1 1 0 1 0 0 0 1 1 0 1 0 0 0 1 0 0 1 0 0 1 1 0 1 1 0
 0 1 0 1 0 1 0 1 1 1 0 1 0 0 1 1 1 0 0 0 0 1 0 1 0 0 0 0 1 0 0 1 0 1 0 0 0
 0 1 1 1 1 0 1 1 1 1 0 1 0 1 1 1 0 0 1 1 0 0 0 1 1 1 1 0 0 0 0 1 1 0 1 1 1
 1 0 0 0 0 0 0 0 1 0 0 1 0 1 0 1 1 1 0 0 1 1 1 1 1 0 0 1 1 1 0 0 0 0 0 0 0
 1]

Synthetic samples indexes: [  7  10  17  33  56  81  85 102 105 113 120 126 129 142 159 161 163 165
 169 172]

========== Cluster 3 ==========

Base classifier: SVC(probability=True)

Minority Class: 1

Selected Features: [32 31 34 33 25 21 27  9 37 15  8 14  5  0 29 30 36  4  3 11 17 23 13 18
 35 22 26 28 24 20 16 19 10]

Labels: [0 0 0 1 1 0 1 0 0 0 0 0 1 0 1 1 1 0 1 0 0 0 0 1 1 1 0 1 0 1 1 0 1 1 0 0 0
 1 1 0 1 0 0 0 1 1 0 0 0 1 0 1 0 1 0 1 0 0 1 0 1 0 0 1 0 1 0 0 0 0 1 1 1 0
 1 1 1 0 0 0 0 1 0 0 0 1 0 0 0 1 0 1 1 1 1 1 1 0 0 1 0 1 1 0 0 0 0 1 1 1 1
 0 0 1 0 1 1 1 0 1 1 1 1 0 1 0 1 0 0 0 0 0 0 1 1 1 1 0 0 1 1 0 0 1 1 1 1 1
 0 1 0 0 1 1 1 1 0 1 1 0 1 1]

Synthetic samples indexes: [  3   6  23  24  44  51  72  75  89  91  94  99 102 133 134 144 160]

