============== Classifiers Parameters ==============
[{'cost': 888.2409682515997, 'gamma': 347.5064148705945}, {'cost': 421.62337356839726, 'gamma': 357.23438069356234}, {'cost': 305.7647394905873, 'gamma': 870.4500620914239}, {'cost': 340.14503769790355, 'gamma': 418.0326621639741}, {'cost': 619.8073608647566, 'gamma': 861.54391141712}, {'cost': 507.3815429510579, 'gamma': 547.0342304369188}, {'cost': 929.0966465999395, 'gamma': 788.1750558855266}, {'cost': 517.8748322948964, 'gamma': 516.6359025878455}, {'cost': 948.7448443820488, 'gamma': 329.0492146075554}, {'cost': 88.63925579295505, 'gamma': 45.363138164894536}]

Optimal clusterer: kmeans

External clustering metrics:
adjusted_rand_score: 0.46980571711421854
normalized_mutual_info_score: 0.3875943263652486
v_measure_score: 0.3875943263652486
fowlkes_mallows_score: 0.7456605391647211

Internal clustering metrics:
silhouette: 0.1646656625115048
davies_bouldin: 2.164493416033388
calinski_harabasz_score: 45.59869294646146

Base classifier: svm
========== Cluster 0 ==========

Labels: [0 0 0 0 0 0 0 0 1 0 1 1 1 0 1 1 1 1 0]

========== Cluster 1 ==========

Labels: [1 1 1 1 1 1 1 1 1]

========== Cluster 2 ==========

Labels: [1 1 1 1 1 0 1 0 1 1 1 1 1 1 1 1 1 1 1 1 1]

========== Cluster 3 ==========

Labels: [1 1 1 1 1 1 1 1 0 1 1 1 1 1 1 1 1 0 1 1 1 1 1 1 1 1 1 1 1 1 1]

========== Cluster 4 ==========

Labels: [1 0 0 0 0 0 1 1 0 0 0 0 0 1 0 0 0 1 1 1 1 0 0 0 1 0 0 0]

========== Cluster 5 ==========

Labels: [0 0 1 0 0 0 1 0 0 1 0 0 0 0 0 0 1 0 1 0 0 0 1 0]

========== Cluster 6 ==========

Labels: [0 0 1 1 0 1 0 1 1 0 1 0 0 1 0 0 1 0 0]

========== Cluster 7 ==========

Labels: [0 0 0 0 0 0 0 0 0 0 0 0 0 0 0 0 0 0 0 0 0 0 0 0 0 0 0 0 0 0]

========== Cluster 8 ==========

Labels: [0 1 0 0 0 1 0 0 0 0 0 0 0 1 0 0 0 0 0 0 0 0 0 0 0 0 0 0 0 1 0 0 0 0 0 0]

========== Cluster 9 ==========

Labels: [1 1 0 0 1 1 0 1 1 1 0 1 1 1 0 1 0 0 0 1 1 1 1 0 0 1]

