Clustering algorithm selected: kmeans++
=====================================

Clustering evaluation metric: dbc
Clustering evaluation value: 0.4424769263348909

========== Cluster 0 ==========

Base classifier: GaussianNB()

Selected Features: [196 136   6 162 219   4  26 118   3 139 145 215  79 184  88 157 143 187
 217 222   0 106  22  55  42 188 208 169 220 191  93 149 137 197 125  67
 209  40 110  17  66 128 214 204 135  60  46 223  99  91 181  71  54  87
 130 224 147 119 205 175 210 126 185 194 177 174 166 103   8  44 193 123
  34  23 121 165  77  25  33 199  82 107 155 117  37  62 114 115 161  63
 151 168  28  18 124 190 180 164  21  72 201  24   7 140  32  89 211 182
  75 171  53  78 176 101 163  20 153 109  65  69 111 133 159 179 129 141
 131 134 132 221 212 218 213 216 142 138 144]

Labels: [0 1 0 0 1 1 0 0 1 1 0 0 0 1 0 1 0 0 0 1 0 1 1 0 0 0 1 0 0 1 1 1 1 0 1 0 1
 0 1 1 1 0 0 0 0 1 0 0 0 1 1 0 0 1 0 0 0 0 1 1 1 0 0 1 1 0 0 0 0 0 1 0 1 0
 0 0 0 0 0 0 1 0 0 1 1 1 1 0 1 1 1 0 1 1 1 0 0 1 0 0 0 0 0 0 0 1 1 0 0 0 0
 1 0 1 1 0 0 1 0 0 0 1 1 0 1 1 0 0 1 0 0 0 1 0 0 0 0 0 1 1 0 0 0 1 1 0 1 1
 0 1 0 0 0 0 0 1 0 1]

========== Cluster 1 ==========

Base classifier: GaussianNB()

Selected Features: [  3  94 162 209  44 116  78  40  96 122  15  24   8 120 199 123 215 180
   0 108 114 133  51  21 191  82 101   9 177 222   6 166 146  65  85 154
 159 175 119 214 155 185  10 135  43  29   7  83  36  39 161 169  77  25
  86 144 217  74 192  22  70  97 193  56 195 130  41  81 128  63 210 121
  26 124 204 198  13 168  88  18 156 111  58 186 179  16  52 201 158 141
 139  27  95 212 206 197 150  32 164 188  34 157 165 107  72  50 220  93
 131]

Labels: [0 1 0 1 0 0 0 1 1 0 0 0 0 0 0 0 1 1 0 0 0 1 1 0 0 0 0 0 0 0 0 1 0 0 0 1 1
 0 0 0 1 0 1 1 1 0 1 0 0 0 0 1 1 0 0 0 0 0 0 0 0 0 0 0 0 0 0 0 0 1 0 0 0 0
 0 0 0 0 0 1 0 0 0 0 0 0 1 1 0 1 0 1 0 0 0 0 0 1 1 1 0 0 0 0 0 1 0 0 1 0 0
 1 1 0 1 0 0 1 0 0 0 1 1 0 0 1 0 1 0 0 0 0 0 0 0 0 0 1 0 0 1 0 0 1 1 1 0 0
 0 0 1 0 0 0 1 0 0 0 0 0 0 1 0 1 0 0 0 0 0 0 0 0 0 1 1 1 0 0 1 1 0 0 0 0 0
 1 0 0 0 0 0 0 0 1 1 0 1 0 0 1 1 1 1 0 1 0 1 0 0 0 1 1 1 0 0 0 1 1 1 0 0 1
 0 0 1 0 1 1 0 0 1 0 0 0 1 0 0 0 0 1 0 1 0 1 0 1 1 0 1 0 0 0 0 1 0 1 0 0 0
 0 0 0 0 0 0 0 0 0 0 1 0 1 0 0 0 0 0 0 1 0 0 0 0 0 0 0 0 0 1 0 1 0 1 0 1 1
 1 1 0 1 1 0 0 0 1 0 0 0 0 1 0 0 0 0 1 0 0 0 1 1 0 0 0 1 0 0 0 0 1 0 0 0 1
 1 1 0 0 0 0 0 0 1 1 0 0 0 0 1 0 0 1 0 0 0 0 0 0 0 1 1 0 1 0 0 1 1 1 0 0 0
 0 0 0 0 1 0 1 0 0 0 0 1 0 1 0 0 0 1 0 0 0 1 0 0 0 0 1 0 1 1 0 1 1 0 0 0 1
 0 1 0 0 1 1 1 0 1 1 0 1 1 0 1 0 1 0 1 0]

========== Cluster 2 ==========

Base classifier: GaussianNB()

Selected Features: [  3 169  64 220 163 152   9 186 146  43 145 199 166  78  39 215  12 207
  45 212 114 221  34 180 117 150 217  48 185  15 213 200 222 134 135 156
 107   1 204  25 198   4 170 214 159 191   8  59 175  60 105 190   6  88
  19 189  67 126 188   0  69 205  96  30  61 176 148 138  56 162 210  22
 181 173 168 195 201 177  16  13  27  98  20 104  46  57  92  62 129  65
 101  38 128 165 144 140 130 153 127  79  71  93  81 112  82  10  66 149
 111  53  14  37 157 131 132 133 143 141 139 137 136 142 154 158 172 196
 194 193 192 224 208 211 209 223 219 218 216 203 202 206 197 155 147 151
 160 179]

Labels: [0 0 0 0 0 0 0 0 1 1 0 0 0 0 1 0 0 1 0 0 1 0 0 0 0 1 0 0 0 0 0 0 1 1 0 0 1
 1 1 0 0 0 1 0 0 0 0 1 0 0 0 1 0 1 0 1 0 0 0 0 1 0 0 0 1 0 0 0 0 1 0 1 0 0
 0 0 0 0 0 0 1 0 0 1 0 1 0 0 0 0 1 0 0 0 0 0 0 0 0 0 0 0 0 1 0 0 0 0 0 0 0
 0 0 0 0 0 0 1 0 1 1 0 0 1 1 1 0 0 1 1 0 0 1 0 0 0 0 0 0 0 0 0 0 0 0 1 0 0
 0 0 0 0 0 1 1 0 0 1 1 0 0 1 0 1 0 0 0 1 1 0 0 0 0 0 0 0 0 0 0 1 1 0 0 0 1
 0 0 0 0 0 1 1 0 0 0 0 0 0 0 0 0 0 0 0 0 0 0 1 0 0 0 0 0 1 0 0 0 0 0 0 0 0
 1 1 0 1 0 1 0 0 0 0 0 0 0 1 1 0 1 0 0 0 1 0 0 1 0 0 0 0 0 0 0 0 1 0 0 0 0
 0 0 0 0 0 0 0 0 0 0 0 1 0 0 0 0 1 0 1 0 0 0 0 0 1 1 0 1 0 0 0 0 0 0 1 0 1
 0 0 0 0 0 0 0 0 0 1 0 0 0 0 0 0 0 1 0]

