Clustering algorithm selected: kmeans
=====================================

Clustering evaluation metric: dbc_ss
Clustering evaluation value: 0.22837856518060431

========== Cluster 0 ==========

Base classifier: KNeighborsClassifier()

Minority Class: 1

Selected Features: [0 1 2 3 4 5 6 7 8]

Labels: [2 2 2 1 1 2 0 1 1 2 0 2 1 1 1 2 0 0 1 2 0 0 1 0 0 2 2 0 0 2 2 2 1 1 1 2 1
 0 1 2 1 0 0 0 0 2 0 1 2 0 1 0 2 0 2 1 2 0 2 1 1 2 2 0 2 2 2 1 1 2 2 1 2 1
 2 2 1 2 0 0 0 2 1 0 1 0 1 0 0 1 2 0 2 0 1 0 1 2 1 1 1 2 0 2 0 2 0 1 2 2 2
 2 0 1 2 1 1 1 0 2 2 1 0 0 1 1 0 0 2 2 0 2 1 2 1 1 2 0 0 1 0 1 1 0 0 0 2 2
 0 2 2 2 1 2 2 0 0 0 2 0 0 1 1 1 2 2 2 1 0 2 1 1 1 1 0 0 2 0 0 2 0 2 1 0 2
 1 2 2 0 2 1 1 1 1 1 1 2 2 1 2 1 1 0 1 2 1 2 1 1 1 2 1 0 2 2 0 1 0 0 0 1 1
 0 2 0 1 2 1 0 1 2 2 0 0 1 0 0 0 1 0 2 2 0 1 2 1 2 0 1 1 2 0 0 1 2 1 0 2 0
 2 0 2 2 2 2 1 1 1 0 1 0 0 1 1 0 2 0 1 2 2 0 0 2 2 1 0 0 0 0 1 2 2 1 1 1 0
 2 2 0 2 1 0 2 1 1 0 2 1 2 1 0 0 1 1 1 1 2 0 1 2 0 2 0 2 0 0 0 0 1 2 0 0 2
 0 0 0 0 0 2 0 2 2 2 1 2 1 0 1 2 2 1 2 1 0 2 2 2 2 0 2 1 0 1 0 1 2 0 0 0 1
 1 2 0 2 0 0 1 0 1 0 0 0 2 1 1 2 2 2 0 0 1 0 2 2 1 0 1 1 2 1 1 2 1 0 2 0 2
 0 2 2 2 2 0 2 0 2 1 1 1 1 1 0 1 0 2 0 0 2 0 1 1 0 0 2 1 1 2 1 1 1 0 0 0 0
 1 0 0 2 1 2 1 2 2 1 1 1 1 0 1]

Synthetic samples indexes: [  1   5   7  11  14  15  18  22  29  30  32  33  36  40  47  54  68  69
  71  73  74  75  77  81  82  84  90  92  96 101 107 113 114 115 116 121
 124 131 135 139 147 149 151 152 153 154 161 166 169 170 171 172 176 184
 191 192 193 195 198 199 200 204 205 207 210 213 216 225 227 234 241 243
 244 245 248 249 253 255 262 266 267 277 282 294 296 299 303 312 316 318
 321 323 328 329 342 350 354 359 360 364 371 376 382 383 392 394 396 397
 402 408 416 417 418 419 422 424 430 434 435 438 447 448 449 450 452 453]

========== Cluster 1 ==========

Base classifier: SVC(probability=True)

Minority Class: 1

Selected Features: [0 1 2 3 4 5 6 7 8]

Labels: [0 2 0 ... 2 1 2]

Synthetic samples indexes: [   3    6    8    9   12   18   20   23   24   26   35   36   41   46
   55   57   60   65   67   70   78   82   90  103  106  107  114  125
  127  129  132  136  147  157  163  166  170  172  184  194  211  212
  216  218  222  224  225  233  240  241  243  247  249  260  261  262
  271  276  282  284  287  289  290  291  299  300  301  310  319  320
  323  328  336  338  339  356  366  370  372  376  382  388  393  394
  395  400  416  417  423  435  444  448  453  458  459  464  467  471
  475  497  503  504  512  515  520  521  537  542  549  554  556  557
  558  561  562  573  576  581  589  592  599  608  612  625  636  649
  651  665  666  667  668  670  672  674  676  688  692  699  701  706
  710  717  720  723  727  729  736  739  756  771  775  777  779  780
  784  785  789  794  795  801  809  817  819  823  830  833  836  840
  841  844  848  850  853  855  860  867  872  873  884  885  886  889
  894  898  906  907  911  914  915  923  924  938  947  952  957  959
  985  987  995  997 1006 1022 1026 1029 1030 1032 1039 1040 1046 1048
 1054 1059 1061 1065 1067 1068 1079 1082 1085 1090 1099 1100 1104 1113
 1129 1136 1142 1146 1147 1148 1153 1159 1163 1165 1171 1172 1180 1184
 1189 1192 1211 1214 1223 1233 1234 1237]

