Clustering algorithm selected: fcm
=====================================

Clustering evaluation metric: dbc
Clustering evaluation value: 0.024471942548095475

========== Cluster 0 ==========

Base classifier: SVC(probability=True)

Minority Class: 0

Selected Features: [1 6 7]

Labels: [2 0 1 2 2 1 0 2 2 2 0 2 2 2 2 0 2 0 0 1 1 2 2 1 1 0 0 1 0 0 2 2 0 1 1 0 2
 0 1 0 1 1 0 2 0 1 2 0 0 0 1 0 1 2 2 2 1 0 0 2 1 2 0 2 0 1 1 2 2 1 2 2 0 0
 2 2 2 1 2 1 2 0 1 1 0 1 1 2 1 0 1 0 0 1 0 0 2 0 1 2 0 2 1 1 0 2 0 1 2 1 0
 2 2 2 2 1 1 1 2 1 1 2 0 0 0 2 2 2 2 2 1 0 2 0 2 1 0 2 1 2 1 2 0 2 2 0 2 1
 1 1 0 2 1 2 1 2 0 0 1 2 1 2 0 0 1 0 2 0 1 1 1 0 1 1 2 1 0 2 0 2 2 2 0 2 1
 0 2 0 2 1 1 0 1 0 2 2 1 1 1 2 0 1 1 0 1 1 1 1 0 0 1 2 2 0 2 1 2 2 1 1 1 1
 0 1 1 1 0 2 0 1 0 0 1 1 0 1 1 1 0 2 1 0 1 2 2 1 2 2 1 0 0 2 1 2 2 0 0 0 2
 2 1 1 2 2 1 2 1 0 0 2 1 2 2 0 0 1 1 1 1 0 2 1 0 0 1 1 2 1 1 0 0 1 2 0 1 1
 2 1 0 1 1 1 1 2 0 1 1 2 0 0 1 1 0 1 2 2 1 2 1 2 1 0 0 2 0 1 1 1 1 0 0 0 0
 1 1 0 1 2 2 1 0 1 0 0 1 1 2 0 1 2 1 0 0 2 0 2 0 1 0 0 0 1 0 2 2 2 2 2 0 0
 2 0 1 0 0 1 0 1 2 1 2 1 1 1 1 2 0 1 2 2 0 1 1 0 2 0 0 2 1 1 0 1 2 1 0 1 1
 1 1 0 1 1 2 0 1 2 2 2 0 1 2 2 1 0 0 2 2 0 1 1 1 2 2 2 2 0 0 0 0 1 1 1 1 0
 0 1 2 2 0 1 1 1 1 1 1 2 2 0 1 0 1 0 1 0 1 0 2 2 2 2 2 2 0 0 1 1 2 1 0 1 1
 2 1 0 2 1 0 1 1 1 0 1 2 1 2 1 0 2 1 2 0 2 0 2 2 2 1 2 2 1 1 2 1 1 2 0 0 0
 2 2 2 1 2 1 2 1 0 0 0 2 2 1 2 2 1 1 2 1 0 1 1 0 1 0 2 0 0 2 0 2 1 0 1 0 1
 2 2 2 2 1 1 1 2 1 2 2 1 2 2 0 2 1 1 2 0 1 0 1 2 2 2 1 2 0 0 2 0 0 0 0 1 2
 1 0 2 0 2 1 2 0 2 1 0 1 0 0 0 1 2 2 2 0 1 2 1 1 0 1 0 1 0 1 2 1 0 2 1 0 2
 1 0 0 1 2 0 0 2 2]

========== Cluster 1 ==========

Base classifier: SVC(probability=True)

Minority Class: 1

Selected Features: [5 6 2 9 4 1]

Labels: [2 0 0 1 2 0 1 2 1 2 0 2 0 2 2 2 2 2 2 1 0 0 0 0 0 2 1 2 0 1 1 0 1 1 1 0 0
 0 1 1 0 1 2 1 0 1 1 1 2 0 0 2 2 0 0 1 2 0 2 0 1 0 2 1 0 0 0 2 2 0 0 2 2 2
 0 0 0 1 0 2 0 1 2 1 2 0 0 0 2 0 0 2 1 0 0 1 0 0 0 0 1 0 2 2 2 2 1 1 1 0 1
 1 0 2 0 0 2 0 2 1 0 0 0 2 2 2 2 2 2 2 2 1 2 1 1 1 2 0 2 1 0 2 0 1 2 2 0 1
 2 1 2 0 2 1 0 2 1 1 2 0 1 2 0 1 0 0 2 1 1 1 0 2 2 1 0 1 1 1 2 2 2 1 0 1 0
 2 1 1 2 2 0 1 2 2 1 2 1 2 2 1 2 1 2 1 2 2 2 1 2 0 1 0 0 0 2 0 0 0 1 2 0 1
 1 2 0 2 0 0 0 1 0 1 0 0 2 2 2 0 0 0 0 1 2 2 0 1 2 2 2 2 1 0 0 2 1 0 2 0 0
 2 2 2 2 2 1 1 1 1 1 0 1 2 0 2 1 0 2 2 0 2 0 1 1 0 0 1 0 2 0 1 1 1 2 0 0 2
 2 1 2 0 2 0 1 0 0 1 1 2 1 2 2 0 0 0 2 2 0 2 2 1 2 1 1 1 0 1 2 2 0 1 0 0 1
 2 2 0 2 2 1 1 1 0 0 0 0 1 0 2 1 0 2 1 2 1 1 0 2 2 2 1 1 0 1 1 0 1 0 2 0 0
 0 1 2 2 2 0 0 1 0 0 1 1 1 0 0 0 1 0 0 2 0 2 2 0 2 0 1 1 0 0 0 0 1 1 2 2 0
 1 2 1 1 0 1 2 0 0 0 2 0 2 2 0 0 0 1 2 2 2 0 2 1 2 2 1 1 2 1 2 0 1 1 0 2 0
 2 1 0 2 2 0 2 2 0 0 1 1 2 1 0 1 0 0 1 2 2 0 0 0 0 0 0 0 0 0 0 0 0 1 0 0 1
 1 0 0 0 1 1 0 0 0 0 0 2 1 1 2 2 1 2 0 1 1 2 1 0 1 1 1 2 1 1 2 2 0 0 1 2 0
 0 2 1 0 1 0 0 1 0 1 0 1 1 2 0 1 1 2 0 1 0 2 2 0 0 2 2 0 2 0 2 1 1 2 2 1 2
 1 0 0 0 2 0 0 1 0 1 2 2 2 2 1 0 2 0 2 1 2 0 1 2 2 0 2 0 2 2 0 0 2 0 1 1 0
 0 0 2 0 0 2 0 0 2 0 1 2 2 0 1 2 2 2 0 2 1 2 0 1 1 2 1 2 2 2 2 2 1 1 1 2 1
 2 1 0 1 2 1 0 1 1 1 1 1 0 1 0 1 2 1 1 0 2 0 2 1 2 2 0 2 0 0 1 0 1 1 0 0 2
 1 2 1 2 2 0 1 2 0 2 2 1 0 0 0 2 1 2 1 2 1 1 1 1 0 1 0 0 2 0 1 2 0 2 1 2 2
 2 2 0 0 2 2 1 2 2]

