============== Classifiers Parameters ==============
[{'n_estimators': 21, 'max_depth': 6, 'min_samples_split': 9, 'min_samples_leaf': 4, 'learning_rate': 0.4196363438277042}, {'n_estimators': 13, 'max_depth': 7, 'min_samples_split': 6, 'min_samples_leaf': 7, 'learning_rate': 0.36153500117429943}]

Optimal clusterer: kmeans

External clustering metrics:
adjusted_rand_score: 0.050791735293896446
normalized_mutual_info_score: 0.04940482795782578
v_measure_score: 0.04940482795782578
fowlkes_mallows_score: 0.5645005214500568

Internal clustering metrics:
silhouette: 0.2992516705337262
davies_bouldin: 1.1306365722751996
calinski_harabasz_score: 309.11981559505676

Base classifier: gb
========== Cluster 0 ==========

Labels: [1 1 0 1 1 0 0 0 0 1 1 1 0 0 1 0 1 0 1 1 0 0 1 1 1 0 1 0 1 1 0 0 0 1 0 1 1
 0 0 1 1 1 1 1 1 0 0 0 0 0 0 0 1 1 1 0 0 0 1 1 0 0 0 1 1 1 1 0 1 0 1 1 1 1
 1 1 0 1 0 0 0 0 1 1 0 1 1 1 1 1 0 1 1 1 0 0 1 0 0 1 1 0 0 0 1 1 1 1 0 1 1
 1 1 0 0 0 0 0 1 0 1 1 1 1 0 0 0 1 1 1 0 1 0 1 0 1 0 0 1 0 0 0 0 1 0 0 1 0
 1 1 1 0 0 0 1 1 1 1 0 1 1 1 0 1 0 0 1 0 0 1 1 1 0 0 1 1 0 1 0 0 0 1 0 0 0
 1 0 0 1 1 0 0 0 1 0 1 0 0 1 1 0 0 1 1 1 1 0 1 1 0 1 0 1 0 0 1 1 0 1 1 0 1
 1 1 1 0 1 0 1 1 1 1 0 1 0 1 0 1 0 1 0 1 0 1 0 0 0 1 0 0 0 0 1 1 1 1 1 0 1
 1 1 0 1 0 1 0 1 0 0 0 1 1 1 1 1 1 1 1 1 0 0 1 0 1 1 0 1 0 0 0 1 1 0 1 0 0
 1 0 1 1 1 1 0 1 1 1 0 0 1 0 0 0 1 0 1 1 0 0 0 1 0 0 1 1 1 0 1 1 0 1 1 1 1
 0 1 0 0 1 1 0 1 0 1 0 0 0 1 0 1 0 0 0]

========== Cluster 1 ==========

Labels: [1 0 0 1 1 1 0 0 0 1 1 1 0 1 1 0 0 0 0 1 0 0 1 1 1 0 0 1 0 0 1 0 0 0 1 1 0
 1 0 0 0 1 0 0 1 1 1 0 0 1 0 1 0 0 1 0 0 0 0 1 1 1 0 0 0 0 0 0 1 1 0 1 0 1
 0 0 1 0 1 0 1 1 1 1 0 0 0 0 0 0 0 1 1 0 1 1 1 1 1 1 1 0 1 0 0 1 0 0 0 1 0
 0 0 1 0 1 0 0 0 1 0 1 0 0 0 1 1 0 0 0 0 1 0 0 1 1 0 0 0 0 0 1 0 1 0 0 0 1
 1 0 0 1 0 0 1 0 0 0 1 1 0 1 0 1 1 0 0 1 1 1 1 1 0 0 1 1 0 0 0 0 0 0 0 1 0
 1 1 0 0 0 0 1 1 0 0 1 1 1 0 0 0 1 0 0 0 0 1 1 1 1 1 0 0 0 1 1 1 1 0 1 0 1
 0 0 1 1 1 0 0 0 1 1 1 1 0 1 1 1 0 1 0 0 0 0 1 0 1 0 1 1 0 1 0 1 1 1 0 1 1
 0 1 0 0 1 0 1 1 0 1 1 0 1 1 1 0 1 0 1 1 0 0 1 0 0 1 0 1 1 1 1 0 1 0 1 1 1
 0 1 1 1 0 0 1 1 1 1 1 0 0 0 1 0 0 0 0 0 1 1 0 0 0 0 0 0 0 0 1 0 1 1 0 0 1
 1 1 1 0 1 1 0 0 1 0 1 0 0 0 0 1 1 1 1 0 1 1 0 0 0 0 0 1 0 0 1 0 1 0 1]

