============== Classifiers Parameters ==============
[{'cost': 79.51769697401375, 'gamma': 630.1688896058118}, {'cost': 539.0449437066775, 'gamma': 114.00079295940577}, {'cost': 474.7734075434067, 'gamma': 278.55268875798515}, {'cost': 584.1624273139618, 'gamma': 456.7857414277163}, {'cost': 464.5433736558223, 'gamma': 1.8086546333974207}, {'cost': 386.21415258546085, 'gamma': 55.77070685763809}, {'cost': 353.65367260802833, 'gamma': 184.4495415177817}, {'cost': 946.3799233850625, 'gamma': 645.2433957289263}, {'cost': 346.16047537607585, 'gamma': 706.5117711746648}]

Optimal clusterer: kmeans

External clustering metrics:
adjusted_rand_score: 0.2573906698870708
normalized_mutual_info_score: 0.20207403088523693
v_measure_score: 0.20207403088523695
fowlkes_mallows_score: 0.6319042260416119

Internal clustering metrics:
silhouette: 0.30095778801419465
davies_bouldin: 1.3106933187179364
calinski_harabasz_score: 349.7511711932441

Base classifier: svm
========== Cluster 0 ==========

Labels: [0 1 1 1 1 1 0 1 1 0 1 1 1 1 1 0 1 0 0 1 1 1 0 0 1 1 1 1 0 0 0 0 0 1 1 1 0
 1 0 1 0 1 1 0 0 0 1 0 0 1 0 1 0 1 0 0 1 1 1 1 1 1 0 1 0 0 1 1 1 1 0 0 1 1
 1 1 1 1 0 0 0 1 0 1]

========== Cluster 1 ==========

Labels: [1 1 1 1 1 1 1 0 0 1 0 0 1 1 0 0 0 1 1 0 1 1 1 1 0 0 0 1 1 1 0 0 1 0 0 1 1
 0 0 1 1 1 1 1 1 1 1 0 0 1 0 0 1 1 0 1 1 0 1 1 1 1 1 1 0 1 0 1 0 0 1 1 0 1
 0 0 0 0 0 1]

========== Cluster 2 ==========

Labels: [0 0 0 0 0 0 0 0 0 0 0 0 0 0 0 0 0 0 0 0 0 0 0 0 0 0 0 0 0 0 0 0 0 0 0 0 0
 0 0 0 0 0 0 0 0 0 0 0 0 0 0 0 0 0 0 0 0 0 0 0 0 0 0 0 0 0 0 0 0]

========== Cluster 3 ==========

Labels: [1 0 0 1 1 0 0 0 0 0 0 1 0 0 1 0 1 0 0 1 0 1 0 0 1 1 1 1 1 1 0 0 0 0 0 0 0
 1 0 1 0 1 0 0 0 0 0 0 0 0 0 0 1 0 0 1 0 1 1 0 0 1 1 1 0 1 0 1 0 0 1 0 0 1
 0 0 1 0 1 0 0 1 1 1 0 1 1 0 0]

========== Cluster 4 ==========

Labels: [1 0 1 1 0 0 1 0 1 0 1 1 1 0 0 0 0 1 0 0 1 1 1 1 1 1 1 1 1 0 1 1 0 1 0 0 1
 0 0 0 1 1 0 0 1 1 0 1 1 1 1 0 1 0 1 0 1 1 0 0 1 0 1 0 0 1 1 1 1 1 0 0 0 1
 0 0 0 1 1 1 0 1 1 1 0 0 1 0 1 1 1 0 0 1 0 1 0 0 0]

========== Cluster 5 ==========

Labels: [0 0 0 0 0 0 0 0 0 0 0 0 0 0 0 0 0 0 0 0 0 0 0 0 0 0 0 0 0 0 0 0 0 0 0 0 0
 0 0 0 0 0 0 0 0 0 0 0 0 0 0 0 0 0 0 0 0 0 0 0 0 0 0 0 0 0 0 0 0 0 0 0 0 0
 0 0 0 0 0 0 0 0 0]

========== Cluster 6 ==========

Labels: [1 1 1 1 1 1 1 1 1 1 1 1 1 1 1 1 1 1 1 1 1 1 1 1 1 1 1 1 1 1 1 1 1 1 1 1 1
 1 1 1 1 1 1 1 1 1 1 1 1 1 1 1 1 1 1 1 1 1 1 1 1 1 1 1 1 1 1 1 1 1 1 1 1 1
 1]

========== Cluster 7 ==========

Labels: [1 1 1 1 1 1 1 1 1 1 1 1 1 1 1 1 1 1 1 1 1 1 1 1 1 1 1 1 1 1 1 1 1 1 1 1 1
 1 1 1 1 1 1 1 1 1 1 1 1 1 1 1 1 1 1 1 1 1 1 1 1 1 1 1 1 1 1 1 1 1 1 1]

========== Cluster 8 ==========

Labels: [1 0 1 1 0 0 1 0 1 0 0 0 0 1 0 1 0 0 0 1 0 0 1 0 0 0 0 1 1 1 0 1 0 0 0 0 0
 0 1 1 0 0 1 1 0 0 1 1 0 0 1 0 1 0 0 1 1 1 0 1 1 0 1 0 0 0 0 0 0]

