============== Classifiers Parameters ==============
[{'cost': 564.560378036803, 'gamma': 197.9580125415127}, {'cost': 22.05642372093237, 'gamma': 1.0459675886582147}, {'cost': 495.1185598055341, 'gamma': 748.0957815186086}, {'cost': 888.2959995577601, 'gamma': 991.7331976034181}, {'cost': 407.00751444572506, 'gamma': 569.8550335945674}]

Optimal clusterer: kmeans

External clustering metrics:
adjusted_rand_score: 0.20392827982627976
normalized_mutual_info_score: 0.1596892468406031
v_measure_score: 0.15968924684060312
fowlkes_mallows_score: 0.606391454136774

Internal clustering metrics:
silhouette: 0.29193467677605367
davies_bouldin: 1.3894699670321295
calinski_harabasz_score: 296.023742261043

Base classifier: svm
========== Cluster 0 ==========

Labels: [0 0 0 0 0 0 0 0 1 0 1 0 0 1 0 0 0 1 0 0 0 0 1 0 0 0 0 0 1 0 0 0 1 0 0 0 0
 0 0 1 0 0 0 0 0 1 0 0 0 0 1 0 0 0 0 0 0 0 0 1 0 0 1 0 0 0 1 0 0 1 0 0 0 0
 0 0 0 0 0 0 0 0 0 0 0 0 0 0 0 0 1 1 0 0 0 0 0 1 0 0 0 1 0 0 1 0 0 0 1 0 1
 0 0 1 0 1 0 0 1 0 0 1 0 0 0 0 0 0 0 0 0 0 0 0 0 0 0 0 1 1 0 0 0 0]

========== Cluster 1 ==========

Labels: [0 1 0 0 0 0 0 0 0 1 0 0 0 1 0 0 1 0 0 0 0 0 0 0 0 1 0 0 1 0 1 1 1 1 0 0 0
 1 0 1 1 0 0 0 1 1 0 0 0 1 0 0 0 0 1 0 0 0 0 0 0 0 1 0 1 0 0 0 0 1 0 1 0 0
 1 0 1 0 0 1 0 1 0 0 0 0 0 0 1 0 0 0 0 1 0 0 1 0 0 1 1 0 0 0 0 0 0 0 0 0 0
 0 0 0 0 0 0 1 1 0 0 1 1 1 0 0 0 1 0 0 1 0 0 0 0 0 0 0 0 0 0 0 0 0 0 1 0 0
 0 0 0]

========== Cluster 2 ==========

Labels: [1 1 1 1 1 1 1 1 1 1 1 1 1 1 1 1 1 1 0 1 0 1 1 1 1 1 1 1 1 1 1 1 1 1 1 1 0
 0 1 1 1 1 1 0 1 1 1 1 1 1 1 1 1 1 1 1 1 0 1 1 1 1 1 1 1 1 1 0 1 1 1 0 1 0
 1 1 1 1 1 1 0 0 1 1 1 1 1 1 1 1 0 1 1 1 1 1 1 1 1 1 1 1 1 1 0 0 1 1 1 1 1
 1 1 1 1 1 1 1 1 1 1 1 1 1 1 1 0 1 1 1 1 1 1 0 0]

========== Cluster 3 ==========

Labels: [1 0 0 1 0 0 1 0 1 0 1 0 1 1 0 0 1 0 0 1 0 0 1 0 0 0 1 0 1 1 1 0 1 0 1 0 1
 0 0 0 1 1 1 0 1 1 1 0 0 1 0 0 0 1 0 0 0 0 0 1 0 0 1 1 0 1 0 1 0 0 0 0 0 0
 0 0 0 0 1 0 0 0 0 0 1 0 0 1 0 0 1 0 1 0 1 0 1 1 1 0 0 0 1 1 1 1 1 1 1 1 0
 0 1 1 0 1 1 0 0 0 1 1 1 0 0 1 1 0 0 0 0 0 1 1 0 0 0 1 1]

========== Cluster 4 ==========

Labels: [1 1 1 1 1 1 1 1 1 1 1 1 0 0 1 1 0 1 0 1 1 1 0 0 0 1 1 1 0 1 1 1 0 1 1 1 1
 1 1 0 0 1 1 0 1 1 1 1 1 1 1 1 1 1 0 1 1 1 0 1 1 1 1 1 1 0 0 1 1 1 1 0 0 1
 1 1 1 1 1 1 1 1 1 1 1 1 1 0 1 0 1 1 1 1 1 0 0 1 1 1 0 1 1 1 1 1 1 1 1 0 1
 1 1 1 1 1 1 1 1 1 1 1 1 1 1 0 1 0 1 0 0 0 1 0 1 1 1 1 1 1 1 1 1 1 1 0 1 0
 1 0 0]

