============== Classifiers Parameters ==============
[{'cost': 109.31753772301926, 'gamma': 788.8887307986424}, {'cost': 113.8009487453964, 'gamma': 142.30623104043582}, {'cost': 228.538560602186, 'gamma': 179.57070003223052}]

Optimal clusterer: kmeans

External clustering metrics:
adjusted_rand_score: 0.24342854209981366
normalized_mutual_info_score: 0.18592638526216318
v_measure_score: 0.18592638526216318
fowlkes_mallows_score: 0.6221756337864193

Internal clustering metrics:
silhouette: 0.30507547641589083
davies_bouldin: 1.295040701577765
calinski_harabasz_score: 363.8357998414907

Base classifier: svm
========== Cluster 0 ==========

Labels: [1 0 1 0 0 1 1 0 1 1 0 0 0 0 1 0 0 1 0 0 0 1 0 0 0 1 1 0 0 0 0 1 0 0 1 1 0
 0 1 0 0 0 0 0 1 0 0 0 0 0 1 0 0 1 0 0 1 0 0 1 1 1 0 0 0 0 0 0 0 0 1 1 1 1
 0 1 0 0 1 0 0 0 1 0 0 0 0 0 0 1 0 0 0 0 0 0 1 0 0 0 1 1 0 0 0 1 0 0 1 0 0
 0 0 1 0 0 0 1 0 1 1 0 0 0 0 0 0 0 0 0 1 1 0 0 1 1 0 0 0 0 0 0 0 0 1 1 0 0
 0 0 0 0 0 1 0 0 0 1 1 1 0 0 0 1 1 0 0 0 0 1 1 0 0 1 1 0 1 1 1 0 0 0 0 0 1
 0 0 0 1 1 0 1 0 0 0 0 1 0 1 0 1 0 0 1 0 1 0 0 1 1 0 0 0 1 0 1 1 1 1 0 0 0
 1 0 0 0 0 0 1 0 0 0 0 0 0 0 0 0 0 0 0 0 0 0 0 0 0 0 1 0 1 1 0 0 0 0 0 1 0
 0 0 1 0 1]

========== Cluster 1 ==========

Labels: [0 1 1 0 1 1 1 1 1 1 1 1 1 1 0 1 1 1 1 0 1 1 1 1 1 0 1 1 0 1 1 1 1 1 1 1 1
 1 1 1 0 1 1 1 1 1 1 1 1 1 0 1 1 1 1 1 1 1 1 1 1 1 0 1 1 1 1 1 1 0 1 1 1 1
 1 1 1 1 1 1 1 1 1 0 1 1 1 1 1 1 1 1 1 1 1 1 1 1 1 1 1 0 1 0 1 1 1 1 1 1 1
 1 1 1 1 1 1 1 1 0 1 1 1 1 1 1 1 1 0 1 1 1 1 1 1 1 1 1 1 1 1 1 1 1 1 1 1 1
 1 1 1 1 0 1 0 0 1 1 1 1 1 1 1 1 1 0 1 1 1 1 1 1 1 1 1 1 1 1 1 1 1 1 1 0 1
 1 1 1 1 1 1 1 1 1 1 1 1 0 1 1 1 1 1 1 1 1 1 1 1 1 1 1 1 1 0 1 1 1 1 1 1 1]

========== Cluster 2 ==========

Labels: [1 1 0 1 1 0 0 0 0 1 1 0 0 0 0 1 0 0 1 0 1 0 1 0 0 0 1 0 1 0 0 1 1 1 0 0 0
 0 0 0 1 0 1 0 0 0 1 0 0 0 1 0 1 0 1 1 1 1 0 1 0 0 0 1 0 1 1 1 0 1 1 0 1 0
 0 1 1 0 0 0 0 1 1 0 0 0 0 1 1 1 0 0 0 0 0 0 0 0 0 0 1 1 0 0 1 1 0 0 0 0 1
 1 0 1 1 1 0 0 0 0 0 0 0 0 1 0 1 0 0 0 1 0 0 0 0 0 0 0 0 0 0 0 0 0 0 1 0 0
 1 0 1 0 0 0 0 1 1 1 1 0 0 1 1 1 0 0 1 0 1 0 0 0 0 0 0 1 0 0 0 0 1 1 0 1 0
 1 0 1 0 0 0 1 1 1 0 0 0 0 0 0 0 1 0 0 0 1 0 1 0 0 0 0 0 1 0 0 0 0 0 0 0 1
 0 0 0 1 0 0 0 0 0 0 0 0]

