Clustering algorithm selected: fcm
=====================================

Clustering evaluation metric: dbc_rand
Clustering evaluation value: 0.061516724462385104

========== Cluster 0 ==========

Base classifier: LogisticRegression()

Minority Class: 1

Selected Features: [0]

Labels: [1 0 0 1 1 1 0 0 0 1 1 1 0 1 1 0 0 0 0 1 0 0 1 1 0 0 1 0 0 1 0 0 0 1 1 0 1
 0 0 0 1 0 0 1 1 1 0 0 1 0 1 0 0 1 0 0 0 0 1 1 1 0 0 0 0 0 0 1 1 0 1 0 1 0
 0 1 0 1 0 1 1 1 1 0 0 0 0 0 0 0 1 1 0 1 1 1 1 1 1 1 0 1 0 0 1 0 0 0 1 0 0
 0 1 0 1 0 0 0 1 0 1 0 0 0 1 1 0 0 0 0 1 0 0 1 1 0 0 0 0 0 1 0 1 0 0 0 1 1
 0 0 1 0 0 1 0 0 0 1 1 0 1 0 1 1 0 0 1 1 1 1 1 0 0 1 1 0 0 0 0 0 0 0 1 0 1
 1 0 0 0 0 1 1 0 0 1 1 1 0 0 0 1 0 0 0 0 1 1 1 1 1 0 0 0 1 1 1 1 0 1 0 1 0
 0 1 1 1 0 0 0 1 1 1 1 0 1 1 1 0 1 0 0 0 0 1 0 1 0 1 1 0 1 0 1 1 1 0 1 1 0
 1 0 0 1 0 1 1 0 1 1 0 1 1 1 0 1 0 1 1 0 0 1 0 0 1 0 1 1 1 1 0 1 0 1 1 1 0
 1 1 1 0 0 1 1 1 1 1 0 0 0 1 0 0 0 0 0 1 1 0 0 0 0 0 0 0 0 1 0 1 1 0 0 1 1
 1 0 1 1 0 0 1 0 1 0 0 0 0 1 1 1 1 0 1 1 0 0 0 0 0 1 0 0 1 0 1 0 1]

========== Cluster 1 ==========

Base classifier: LogisticRegression()

Minority Class: 0

Selected Features: [0]

Labels: [1 1 0 1 1 0 0 0 0 1 1 1 0 0 1 0 1 0 1 1 0 0 1 1 1 1 0 1 0 1 1 0 0 0 1 0 1
 1 0 0 1 1 1 1 1 1 0 0 0 0 0 0 0 1 1 1 0 0 0 1 1 0 0 0 1 1 1 1 0 1 0 1 1 1
 1 1 1 0 1 0 0 0 0 1 1 0 1 1 1 1 1 0 1 1 1 0 0 1 0 0 1 1 0 0 0 1 1 1 1 0 1
 1 1 1 0 0 0 0 0 1 0 1 1 1 1 0 0 0 1 1 1 0 1 0 1 0 1 0 0 1 0 0 0 0 1 0 0 1
 0 1 1 1 0 0 0 1 1 1 1 0 1 1 1 0 1 0 0 1 0 0 1 1 1 0 0 1 1 0 1 0 0 0 1 0 0
 0 1 0 0 1 1 0 0 0 1 0 1 0 0 1 1 0 0 1 1 1 1 0 1 1 0 1 0 1 0 0 1 1 0 1 1 0
 1 1 1 1 0 1 0 1 1 1 1 0 1 0 1 0 1 0 1 0 1 0 1 0 0 0 1 0 0 0 0 1 1 1 1 1 0
 1 1 1 0 1 0 1 0 1 0 0 0 1 1 1 1 1 1 1 1 1 0 0 1 0 1 1 0 1 0 0 0 1 1 0 1 0
 0 1 0 1 1 1 1 0 1 1 1 0 0 1 0 1 0 0 1 0 1 1 0 0 0 1 0 0 1 1 1 0 1 1 0 1 1
 1 1 0 1 0 0 1 1 0 1 0 1 0 0 0 1 0 1 0 0 0]

