Clustering algorithm selected: kmeans++
=====================================

Clustering evaluation metric: dbc
Clustering evaluation value: 0.107048724622605

========== Cluster 0 ==========

Base classifier: GaussianNB()

Minority Class: 0

Selected Features: [1 7 0]

Labels: [0 1 1 1 1 1 0 0 1 1 1 0 0 0 0 0 1 1 0 1 1 1 1 0 0 1 1 1 0 1 1 0 0 1 1 0 1
 1 0 0 0 0 1 1 1 1 1 1 0 1 0 0 0 0 0 1 1 1 0 0 0 1 1 0 0 0 1 1 1 1 0 1 1 1
 0 1 0 1 1 1 1 1 1 0 1 1 0 1 0 1 0 1 0 0 1 0 1 1 1 0 0 1 0 1 0 1 1 1 0 0 1
 1 0 1 0 0 0 1 0 0 0 0 0 0 0 1 0 1 0 1 0 0 1 0 0 1 0 0 1 0 1 0 1 1 0 1 1 0
 1 0 0 1 0 0 1 0 1 1 0 1 1 1 0 0 1 0 0 1 1 1 1 1 1 0 1 1 1 1 1 0 0 0 0 0 1
 0 1 1 0 1 1 1 0 1 1 0 1 0 0 0 0 0 0 1 1 1 1 1 0 0 1 1 1 0 1 0 1 0 1 0 1 1
 0 1 0 0 1 0 0 1 0 0 1 1 1 0 1 1 0 1 1 1 1 0 1 1 1 1 1 1 1 0 0 0 1 0 1 0 0
 0 1 0 0 0 1 0 1 1 0 0 0 0 1 0 0 1 0 1 1 0 1 0 0 0 1 1 1 1 0 1 0 0 1 0 0 0
 0 1 0 0 0 1 0 0 1 1 0 1 0 1 0 0 0 1 0 0 0 1 1 0 1 1 0 0 0 0 1 0 0 0 0 0 0
 0 0 1 0 1 0 1 1 0 0 0 1 0 0 0 0 0 1 0 0 1 0 0 1 0 1 1 1 0 0 0 0 1 1 0 1 0
 0 0 0 1 1 0 0 1 1 1 1 0 0 0 1 1 1 0 0 0 1 0 1 1 1 0 0 0 0 1 1 1 0 1 1 0 1
 0 0 0 1 0 1 1 1 0 1 1 1 0 1 1 0 1 1 0 1 1 0 1 0 0 0 0 0 1 0 1 1 0 1 0 0 0
 1 0 0 0 1 0 0 0 0 0 0 1 1 1 0 0 1 0 1 0 1 1 1 1 1 0 1 1 1 1 1 0 0 1 1 0 0
 0 1 1 0 1 1 0 0 1 0 1 1 1 0 0 1 0 1 0 1 0 1 0 0 1 1 1 0 0 1 0 1 0 1 1 1 0
 1 1 1 1 0 1 1 0 1 1 0 1 0 1 0 1 1 1 0 1 0 1 0 0 0 1 1 0 0 1 0 1 0 1 0 1 0
 1 0 0 0 0 1 0 0 0 0 0 1 0 0 0 0 1 1 1 1 0 0 0 0 0 1 0 1 1 1 1 1 1 0 0 0 1
 1 1 1 0 0 1 1 1 1 0 0 1 0 1 0 0 0 0 1 1 1 0 1 1 0 0 0 0 0 0 0 1 1 1 0 0 1
 1 0 0 1 1 0 0 1 1 1 1 1 0 1 0 1 0 1 1 1 1 0 0 0 1 0 1 0 0 1 0 0 1 1 0 1 1
 0 1 0 1 0 1 1 0]

Synthetic samples indexes: [  2   4   5   9  17  19  20  21  22  25  27  33  36  43  45  46  47  49
  55  61  66  67  68  69  71  73  75  79  80  81  82  89  96 101 105 110
 111 113 117 125 138 142 143 145 148 151 154 156 157 161 164 167 168 170
 174 175 178 184 186 187 189 191 193 196 203 204 205 206 207 210 211 212
 214 218 221 226 232 233 234 237 239 240 244 246 247 248 249 250 254 260
 264 266 267 272 275 278 284 285 286 287 289 297 301 304 307 320 326 344
 350 353 356 358 359 365 366 368 377 380 385 390 392 394 400 401 403 404
 406 412 414 418 421 424 426 435 440 448 455 460 462 464 467 468 471 473
 474 477 478 482 485 486 489 491 492 493 496 498 500 502 505 506 507 510
 515 518 519 521 523 526 527 529 531 533 535 537 544 547 549 571 572 574
 580 583 584 586 587 591 592 593 594 598 603 605 610 611 612 614 623 624
 625 628 629 632 636 639 640 642 644 646 648 653 658 661 665 669 671 672]

========== Cluster 1 ==========

Base classifier: GaussianNB()

Minority Class: 0

Selected Features: [4 1 3 0]

Labels: [0 1 0 1 0 0 1 0 0 0 1 1 1 1 0 0 0 1 1 0 1 0 1 0 0 1 1 0 1 1 0 1 1 0 0 1 1
 0 0 0 1 1 1 0 0 0 0 1 1 0 0 1 1 0 0 0 1 0 1 0 0 0 1 0 0 1 1 1 1 1 1 1 0 1
 0 0 0 1 0 1 1 1 0 0 0 0 0 0 0 0 1 0 1 0 0 0 0 0 0 0 1 1 0 1 1 0 0 1 0 1 1
 1 0 0 0 0 1 1 0 0 0 1 0 1 0 0 1 1 1 0 1 0 0 1 1 1 0 0 1 1 1 1 0 0 0 0 1 1
 1 1 0 1 0 0 0 0 1 0 0 1 0 0 0 0 0 1 1 1 1 1 1 1 0 1 1 0 0 0 1 1 0 0 1 1 0
 1 1 0 1 0 1 1 0 1 0 1 0 0 0 1 1 1 1 0 0 1 1 1 1 1 1 1 1 1 0 0 0 0 1 1 0 0
 1 1 1 0 0 1 1 0 1 1 1 1 0 0 1 1 0 1 0 1]

Synthetic samples indexes: [ 27  39  50  59  89 112 125 184]

