Clustering algorithm selected: kmeans++
=====================================

Clustering evaluation metric: dbc
Clustering evaluation value: 0.45805385928531817

========== Cluster 0 ==========

Base classifier: GaussianNB()

Minority Class: 1

Selected Features: [  0   1   2   3   4   5   6   7   8   9  10  11  12  13  14  15  16  17
  18  19  20  21  22  23  24  25  26  27  28  29  30  31  32  33  34  35
  36  37  38  39  40  41  42  43  44  45  46  47  48  49  50  51  52  53
  54  55  56  57  58  59  60  61  62  63  64  65  66  67  68  69  70  71
  72  73  74  75  76  77  78  79  80  81  82  83  84  85  86  87  88  89
  90  91  92  93  94  95  96  97  98  99 100 101 102 103 104 105 106 107
 108 109 110 111 112 113 114 115 116 117 118 119 120 121 122 123 124 125
 126 127 128 129 130 131 132 133 134 135 136 137 138 139 140 141 142 143
 144 145 146 147 148 149 150 151 152 153 154 155 156 157 158 159 160 161
 162 163 164 165 166 167 168 169 170 171 172 173 174 175 176 177 178 179
 180 181 182 183 184 185 186 187 188 189 190 191 192 193 194 195 196 197
 198 199 200 201 202 203 204 205 206 207 208 209 210 211 212 213 214 215
 216 217 218 219 220 221 222 223 224]

Labels: [1 0 1 1 0 1 1 1 1 1 0 1 1 1 1 0 0 1 1 1 0 1 1 0 0 1 1 0 1 1 1 0 0 0 1 1 0
 0 1 0 0 0 1 0 1 1 1 1 0 0 1 0 1 0 1 0 0 1 1 0 1 1 0 1 0 1 1 1 0 1 1 1 0 0
 1 0 0 1 0 1 1 0 1 1 1 0 0 1 0 1 0 0 1 0 0 1 0 1 0 1 0 0 0 1 1 1 1 0 0 1 1
 1 0 0 1 0 1 1 0 1 1 1 1 1 1 1 1 1 1 0 1 1 1 1 1 1 0 1 0 0 0 1 1 1 1 0 0 0
 1 0 1 1 1 1 0 0 0 0 0 1 0 0 0 1 1 0 0 0 1 1 1 0 0 1 1 0 1 1 0 0 0 0 0 0 0
 0 1 0 0 0 0 0 0 1 0 0 0 0 1 0 1 1 1 1 0 1 0 0 0 1 1 1 0 0 1 0 0 0 0 1 1 0
 1 1 1 1 0 0 0 0 0 0 0 1 0 0 1 1 0 1 0 0 0 0 1 0 1 0 1 0 0 1 0 0 0 1 0 1 0
 1 1 1 1 1 1 1 0 0 0 1 1 1 0 0 0 1 1 1 0 0 0 0 1 1 1 0 1 0 1 0 1 0 0 0 1 0
 0 0 0 1 1 0 1 1 0 0 0 0 0 1 0 1 1 0 1 0 0 0 1 1 0 1 0 0 1 1 1 0 1 0 1 0 1
 0 1 0 1 0 0 0 0 0 0 1 0 1 0 0 0 0 1 1 0 1 1 0 1 0 1 1 1 0 0 0 0 1 0 0 0 1
 0 1 0 1 0 0 0 0 1 0 0 1 1 0 0 0 0 1 1 1 0 0 0 1 0 1 0 1 0 0 1 1 0 0 1 0 1
 1 1 0 0 1 0 0 1 1 0 1 0 1 1 1 0 0 1 1 1 1 1 0 1 1 0 0 0 0 1 0 1 0 0 0 1 0
 1 0 0 1 0 1 1 1 0 1 1 1 1 1 0 0 1 0 0 0 0 0 0 0 1 0 0 1 1 0 1 0 1 0 0 0 0
 0 1 0 1 0 1 0 0 1 0 0 1 0 1 0 0 1 1 0 1 1 1 1 1 1 1 1 1 0 1 0 1 1 0 1 0 0
 0 1 0 1 0 0 0 1 0 1 1 0 0 1 0 1 1 1 1 0 1 0 0 1 1 1 1 1 0 1 0 1 1 1 1 1 0
 0 1 0 1 1 0 1 0 1 1 1 0 1 1 1 0 1 0 1]

Synthetic samples indexes: [  3   6   7   8   9  12  14  17  18  19  21  22  28  29  30  38  42  44
  45  46  47  50  52  54  57  60  61  69  70  71  74  77  79  80  82  89
  92  95  97  99 103 104 105 106 109 114 116 117 119 120 122 123 125 126
 127 128 130 134 137 141 142 143 148 150 151 152 153 159 163 164 168 169
 174 176 177 186 193 200 201 202 205 209 214 219 223 224 239 244 246 248
 257 259 262 265 269 270 271 275 282 283 286 288 290 299 300 302 303 309
 311 312 321 324 325 328 332 334 336 343 350 351 356 358 360 365 369 373
 378 381 382 388 389 393 395 397 400 401 404 408 411 414 415 419 420 421
 424 425 427 428 430 431 436 438 442 447 450 453 454 455 456 457 468 471
 474 482 494 497 500 501 502 504 505 508 510 512 513 519 521 525 527 531
 533 534 538 541 543 544 547 549 550 551 561 563 564 565 568 569 571 573]

========== Cluster 1 ==========

Base classifier: GaussianNB()

Minority Class: 1

Selected Features: [  0   1   2   3   4   5   6   7   8   9  10  11  12  13  14  15  16  17
  18  19  20  21  22  23  24  25  26  27  28  29  30  31  32  33  34  35
  36  37  38  39  40  41  42  43  44  45  46  47  48  49  50  51  52  53
  54  55  56  57  58  59  60  61  62  63  64  65  66  67  68  69  70  71
  72  73  74  75  76  77  78  79  80  81  82  83  84  85  86  87  88  89
  90  91  92  93  94  95  96  97  98  99 100 101 102 103 104 105 106 107
 108 109 110 111 112 113 114 115 116 117 118 119 120 121 122 123 124 125
 126 127 128 129 130 131 132 133 134 135 136 137 138 139 140 141 142 143
 144 145 146 147 148 149 150 151 152 153 154 155 156 157 158 159 160 161
 162 163 164 165 166 167 168 169 170 171 172 173 174 175 176 177 178 179
 180 181 182 183 184 185 186 187 188 189 190 191 192 193 194 195 196 197
 198 199 200 201 202 203 204 205 206 207 208 209 210 211 212 213 214 215
 216 217 218 219 220 221 222 223 224]

Labels: [1 1 0 0 1 0 0 1 0 1 1 1 1 0 0 1 1 1 1 0 1 1 1 1 1 1 0 1 1 1 1 0 1 1 0 0 0
 0 0 0 0 1 0 1 0 0 1 1 0 0 1 0 0 1 0 1 1 0 1 1 1 0 1 1 0 0 0 1 1 0 0 1 0 1
 0 0 0 1 0 1 1 0 0 0 1 0 0 1 1 0 1 1 0 0 0 0 1 0 1 1 0 1 1 1 0 0 0 1 1 0 0
 1 0 0 1 1 0 1 1 1 1 0 0 0 0 0 0 0 1 1 1 0 1 1 1 1 1 0 1 1 1 1 0 1 0 1 1 1
 1 0 0 1 1 1 0 1 0 0 0 0 0 0 1 0 0 0 1 1 0 0 1 1 1 0 1 1 1 0 0 0 1 0 0 1 1
 1 0 0 1 0 1 0 0 1 0 0 1 1 0 1 1 1 0 0 1 0 0 0 1 0 0 0 1 0 1 0 0 0 0 1 1 0
 0 0 1 0 0 0 1 0 0 1 1 0 1 0 1 1 1 1 1 0 1 0 0 1 0 1 1 0 0 0 1 0 1 0 0 0 1
 1 0 0 0 0 0 1 0 1 1 0 0 1 1 0 0 0 1 0 1 0 1 1 1 0 0 1 1 1 0 0 0 1 1 1 1 1
 0 0 0 1 0 1 1 1 1 0 1 0 0 0 1 0 0 0 0 0 1 1 1 0 1 1 1 0 0 0 1 0 1 0 1 1 0
 0 1 0 0 1 1 0 1 0 1 1 1 1 0 0 0 1 0 0 0 1 0 0 0 0 1 0 1 0 0 1 1 0 0 1 1 1
 1 1 1 0 0 1 1 0 1 1 0 0 0 1 1 0 0 0 1 0 1 1 1 1 1 1 1 0 1 1 0 1 0 1 1 1 1
 1 0 1 0 0 0 1 0 0 0 0 0 0 0 0 0 0 1 0 1 0 0 0 1 0 0 1 1 0 0 0 0 0 1 0 0 0
 1 0 0 1 0 0 1 1 0 1 0 0 1 1 0 0 0 1 0 0 0 1 1 1 0 1 0 1 0 0 1 0 0 0 0 0 1
 0 0 0 1 1 0 0 0 0 1 1 1 1 0 0 1 0 1 1 0 1 1 1 0 0 1 1 1 0 0 1 0 0 0 1 1 1
 1 1 0 0 1 1 0 0 1 1 1 0 1 0 0 1 0 0 1 1 0 1 0 0 1 1 1 0 0 1 1 1 1 0 1 0 1
 1 1 1 1 1 1 0 1 0 0 1 1 1 0 0 0 0 0 0 0 0 1 0 1 1 1 0 1 1 1 1 1 1 0 0 1 1
 0 1 1 0 1 1 0 0 1 1 1 1 1 0 0 1 1 0 1 1 1 1 1 1 0 0 0 1 1 1 0 0 0 1 1 1 0
 1 0 0 1 1 1 0 0 0 0 0 0 1 0 1 1 1 0 1 1 1 0 0 0 1 0 1 0 1 1 1 0 1 1 1 1 1
 0 1 0 1 0 1 1 0 0 0 0 0 1 0 0 0 0 1 0 1]

Synthetic samples indexes: [  4   7   9  11  15  18  22  24  27  29  33  46  56  59  60  63  67  77
  80  90 111 115 117 120 128 130 135 138 140 143 145 151 152 153 166 172
 174 175 180 184 185 188 190 193 204 208 224 228 234 236 237 239 240 252
 254 265 267 272 276 285 286 287 291 293 302 303 317 318 320 321 322 330
 331 337 340 343 345 353 360 363 364 367 368 378 384 388 391 394 395 398
 399 401 409 430 434 440 450 451 453 456 467 471 474 480 484 485 490 493
 496 506 507 508 511 516 517 518 536 539 542 543 547 548 550 552 556 557
 558 562 566 567 576 578 579 580 582 583 584 585 590 591 593 601 604 608
 610 611 614 615 626 627 629 643 645 647 657 658 659 661 665 667 671 683]

