Clustering algorithm selected: kmeans++
=====================================

Clustering evaluation metric: dbc
Clustering evaluation value: 0.4573746022990737

========== Cluster 0 ==========

Base classifier: GaussianNB()

Minority Class: 1

Selected Features: [  0   1   2   3   4   5   6   7   8   9  10  11  12  13  14  15  16  17
  18  19  20  21  22  23  24  25  26  27  28  29  30  31  32  33  34  35
  36  37  38  39  40  41  42  43  44  45  46  47  48  49  50  51  52  53
  54  55  56  57  58  59  60  61  62  63  64  65  66  67  68  69  70  71
  72  73  74  75  76  77  78  79  80  81  82  83  84  85  86  87  88  89
  90  91  92  93  94  95  96  97  98  99 100 101 102 103 104 105 106 107
 108 109 110 111 112 113 114 115 116 117 118 119 120 121 122 123 124 125
 126 127 128 129 130 131 132 133 134 135 136 137 138 139 140 141 142 143
 144 145 146 147 148 149 150 151 152 153 154 155 156 157 158 159 160 161
 162 163 164 165 166 167 168 169 170 171 172 173 174 175 176 177 178 179
 180 181 182 183 184 185 186 187 188 189 190 191 192 193 194 195 196 197
 198 199 200 201 202 203 204 205 206 207 208 209 210 211 212 213 214 215
 216 217 218 219 220 221 222 223 224]

Labels: [1 1 0 0 0 1 1 0 0 1 0 0 1 1 0 0 0 1 0 1 1 0 1 1 1 0 1 0 0 0 1 1 1 1 0 1 0
 0 1 0 0 1 1 0 1 1 1 0 1 0 0 1 1 1 0 1 1 1 0 1 0 0 1 1 1 0 1 1 1 0 1 0 0 0
 1 0 1 0 1 1 0 0 0 1 0 1 0 1 1 1 1 0 0 0 0 1 0 0 0 1 0 0 0 0 0 1 0 1 1 0 1
 1 0 1 1 0 0 0 0 0 0 0 0 0 1 1 0 1 0 0 1 1 1 0 1 0 0 1 0 1 1 0 0 1 0 1 1 0
 0 0 0 1 1 1 0 1 1 1 0 1 1 0 1 1 1 1 1 1 0 0 1 1 0 1 0 0 0 0 1 1 1 1 0 0 0
 1 1 1 1 1 1 1 0 0 1 1 1 0 0 1 0 0 0 0 1 0 1 1 1 0 0 1 0 0 1 0 0 1 0 0 1 1
 0 0 0 1 1 1 0 1 0 1 0 1 0 0 0 1 1 1 1 1 0 1 1 1 0 0 1 1 1 0 0 0 1 0 0 0 1
 1 1 0 0 0 1 0 0 1 0 1 0 0 0 0 0 1 0 0 0 1 0 1 0 1 0 1 0 1 1 0 1 1 0 0 1 1
 1 1 0 1 1 0 1 0 0 1 0 1 0 0 0 1 0 1 0 1 1 0 1 1 0 0 0 1 1 0 0 0 0 0 0 1 1
 0 0 0 0 0 1 1 1 0 0 0 0 0 0 0 0 1 0 1 1 0 0 0 1 1 1 0 1 1 0 0 1 0 1 1 0 0
 0 0 0 1 0 1 0 1 1 1 0 0 1 1 1 0 1 0 0 1 1 1 1 1 1 0 1 1 1 0 0 1 1 0 1 0 1
 1 1 1 0 0 1 0 1 0 0 0 1 0 1 0 0 1 1 0 1 0 1 1 1 1 1 1 0 1 1 1 0 1 1 0 0 0
 1 1 0 1 0 0 1 0 1 0 0 1 0 0 1 0 0 0 0 0 1 1 0 0 0 0 1 0 0 1 1 0 1 1 1 1 0
 1 1 0 1 0 1 0 1 1 0 1 0 0 1 1 0 0 1 0 1 0 0 1 0 1 1 0 1 1 0 1 0 1 0 0 0 1
 0 1 1 0 0 0 1 0 0 1 0 1 1 1 0 1 0 1 1 1 0 0 1 0 0 1 0 0 1 1 1 1 1 1 0 0 1
 1 0 1 0 1 0 0 1 1 0 0 1 1]

Synthetic samples indexes: [  0   5   6  13  17  19  20  22  23  24  26  30  32  33  35  38  41  42
  48  51  52  53  55  57  59  64  66  67  68  74  76  89  90 108 110 111
 113 124 125 127 130 132 139 140 146 152 155 156 157 159 162 163 164 170
 171 178 179 180 181 185 186 187 188 189 190 196 206 211 214 220 225 226
 227 229 231 233 237 238 239 240 241 243 245 249 250 254 258 259 260 264
 269 275 279 285 287 288 294 295 296 297 302 305 307 315 318 319 324 331
 332 338 339 340 349 352 356 360 366 367 373 375 378 379 382 386 391 392
 396 397 398 401 402 404 406 407 412 414 418 423 426 429 430 431 432 433
 437 439 444 447 450 458 465 470 473 476 477 479 482 484 486 488 489 491
 494 498 500 503 505 508 509 511 513 517 519 520 524 527 529 530 531 533
 535 536 537 547 549 550 551 554 555 557 559 562 566 567]

========== Cluster 1 ==========

Base classifier: GaussianNB()

Minority Class: 1

Selected Features: [  0   1   2   3   4   5   6   7   8   9  10  11  12  13  14  15  16  17
  18  19  20  21  22  23  24  25  26  27  28  29  30  31  32  33  34  35
  36  37  38  39  40  41  42  43  44  45  46  47  48  49  50  51  52  53
  54  55  56  57  58  59  60  61  62  63  64  65  66  67  68  69  70  71
  72  73  74  75  76  77  78  79  80  81  82  83  84  85  86  87  88  89
  90  91  92  93  94  95  96  97  98  99 100 101 102 103 104 105 106 107
 108 109 110 111 112 113 114 115 116 117 118 119 120 121 122 123 124 125
 126 127 128 129 130 131 132 133 134 135 136 137 138 139 140 141 142 143
 144 145 146 147 148 149 150 151 152 153 154 155 156 157 158 159 160 161
 162 163 164 165 166 167 168 169 170 171 172 173 174 175 176 177 178 179
 180 181 182 183 184 185 186 187 188 189 190 191 192 193 194 195 196 197
 198 199 200 201 202 203 204 205 206 207 208 209 210 211 212 213 214 215
 216 217 218 219 220 221 222 223 224]

Labels: [0 1 0 1 0 0 1 0 1 1 0 1 1 0 0 0 1 0 0 0 1 1 0 0 1 1 0 1 1 0 0 0 0 1 0 0 1
 0 0 0 0 1 1 1 0 0 0 0 1 1 1 1 1 1 0 1 1 0 1 1 1 0 0 1 0 1 0 1 0 1 0 0 0 1
 1 1 0 1 0 0 0 1 1 1 1 0 0 1 0 0 1 1 0 0 1 0 0 1 1 1 0 1 1 1 0 0 0 1 1 1 1
 1 0 1 1 1 1 0 0 1 1 1 0 1 0 1 0 0 1 0 0 1 1 0 0 1 0 1 1 1 0 1 1 1 0 1 0 1
 1 0 1 1 1 0 0 0 0 0 0 0 0 0 1 1 1 1 0 0 0 0 0 1 0 1 1 1 1 0 1 0 0 1 0 1 0
 0 1 1 0 0 0 0 0 1 1 0 0 0 0 0 0 0 1 0 0 1 0 0 0 0 0 1 1 1 0 1 1 1 0 0 0 0
 0 0 0 1 1 0 0 0 1 0 1 1 1 0 1 0 0 0 1 1 0 1 0 0 1 0 1 0 1 0 1 0 1 0 0 1 0
 0 0 0 1 0 1 1 0 0 0 0 0 0 1 1 0 1 0 0 0 0 1 0 0 1 1 1 0 0 0 0 0 0 1 1 0 1
 0 1 1 0 1 1 1 1 0 1 0 1 1 0 1 0 0 0 0 1 1 1 1 1 1 1 0 1 0 1 1 0 1 1 1 0 1
 0 0 1 1 1 1 1 1 0 0 0 1 0 0 1 0 1 0 0 1 0 0 0 0 0 0 1 0 0 0 1 1 0 1 1 0 0
 1 1 1 0 1 1 1 1 1 0 0 0 0 1 1 0 1 1 1 0 1 0 1 1 1 0 0 1 1 0 1 1 0 1 1 0 0
 0 1 0 0 1 0 0 0 0 0 0 1 0 1 1 0 1 0 1 0 1 1 1 0 0 0 1 1 1 0 0 0 1 1 0 0 0
 1 0 0 0 0 1 1 1 1 0 1 1 1 0 0 0 1 0 1 1 1 0 1 0 1 1 1 1 0 1 0 0 1 0 1 1 0
 0 0 1 1 1 0 0 0 1 1 0 1 1 1 1 1 0 0 0 0 0 1 1 0 1 1 1 0 0 1 1 1 1 1 1 1 1
 0 0 0 1 0 0 1 0 0 0 0 1 1 0 1 0 1 1 0 0 1 1 0 1 1 0 1 1 1 1 0 1 0 1 1 0 0
 1 1 1 0 0 0 1 0 1 1 1 1 0 0 0 1 0 0 0 0 1 0 1 1 1 0 1 1 1 1 0 0 0 1 1 1 0
 1 0 0 0 1 0 1 1 1 0 1 1 0 0 1 1 0 0 1 0 1 1 1 0 1 1 1 0 0 0 0 1 0 1 1 1 1
 0 0 0 1 0 0 0 0 0 0 0 0 0 1 0 1 0 1 1 1 0 0 1 0 0 1 0 1 1 1 0 1 0 1 1 1 0
 1 1 1 1 1 1 0 0 0 1 1 0 1 1 0 0 1 0 1 0 1 1 1 0 0 1]

Synthetic samples indexes: [  3   8   9  11  24  27  28  33  56  58  63  67  69  74  77  81  82  97
  98 103 109 111 114 120 121 128 131 137 139 142 145 147 148 150 151 162
 163 164 165 171 173 174 178 193 194 202 205 212 213 215 232 236 241 246
 250 252 254 264 272 275 292 301 302 310 315 316 317 319 320 321 329 330
 336 338 339 340 344 347 349 352 359 366 367 370 377 383 387 392 397 398
 400 408 429 433 439 449 450 452 455 466 470 471 473 479 483 484 489 492
 495 505 506 507 510 515 516 517 534 535 538 541 542 546 547 549 551 555
 556 557 561 565 566 575 577 578 579 581 582 583 584 589 590 592 600 602
 603 607 610 613 614 625 626 628 642 644 646 651 656 657 658 660 664 666
 670 682 687 688]

