Clustering algorithm selected: kmeans++
=====================================

Clustering evaluation metric: dbc
Clustering evaluation value: 0.4595877211424027

========== Cluster 0 ==========

Base classifier: GaussianNB()

Minority Class: 1

Selected Features: [  0   1   2   3   4   5   6   7   8   9  10  11  12  13  14  15  16  17
  18  19  20  21  22  23  24  25  26  27  28  29  30  31  32  33  34  35
  36  37  38  39  40  41  42  43  44  45  46  47  48  49  50  51  52  53
  54  55  56  57  58  59  60  61  62  63  64  65  66  67  68  69  70  71
  72  73  74  75  76  77  78  79  80  81  82  83  84  85  86  87  88  89
  90  91  92  93  94  95  96  97  98  99 100 101 102 103 104 105 106 107
 108 109 110 111 112 113 114 115 116 117 118 119 120 121 122 123 124 125
 126 127 128 129 130 131 132 133 134 135 136 137 138 139 140 141 142 143
 144 145 146 147 148 149 150 151 152 153 154 155 156 157 158 159 160 161
 162 163 164 165 166 167 168 169 170 171 172 173 174 175 176 177 178 179
 180 181 182 183 184 185 186 187 188 189 190 191 192 193 194 195 196 197
 198 199 200 201 202 203 204 205 206 207 208 209 210 211 212 213 214 215
 216 217 218 219 220 221 222 223 224]

Labels: [0 1 0 1 1 0 1 1 1 1 1 0 0 0 1 1 0 0 0 0 0 0 1 1 0 1 0 0 0 0 1 1 0 1 0 0 1
 1 1 0 1 0 1 0 0 1 1 1 1 1 1 0 1 1 1 1 0 1 0 0 0 1 0 1 1 0 0 0 0 0 1 0 1 0
 1 0 0 0 0 1 1 0 1 1 0 0 0 0 1 1 0 0 1 1 0 1 0 0 1 1 1 1 1 1 0 1 1 0 1 0 0
 0 0 0 0 0 0 1 0 0 1 1 1 1 1 0 0 0 1 1 0 0 1 0 1 1 1 0 1 0 0 0 0 1 1 0 0 0
 0 0 1 1 1 0 0 0 1 1 1 0 1 0 1 0 1 1 1 1 0 0 1 0 0 0 1 0 1 1 1 0 1 0 0 1 1
 1 0 1 1 0 1 0 0 1 0 0 0 0 0 0 1 1 0 0 0 0 1 1 1 0 1 1 0 1 0 0 1 0 0 0 1 0
 1 1 1 1 1 0 1 0 1 0 0 1 0 1 0 1 1 1 0 0 0 0 0 0 0 1 0 1 1 1 0 0 1 1 0 0 1
 1 0 0 1 1 1 0 0 0 1 0 0 0 1 1 0 0 1 0 1 0 1 0 1 0 1 0 0 1 0 0 0 1 1 0 0 0
 1 0 1 0 1 0 1 1 1 0 0 1 0 1 0 0 1 1 1 1 1 1 0 0 1 0 1 0 1 1 0 1 1 0 1 1 1
 1 0 1 1 1 1 1 0 1 0 0 1 0 0 0 1 0 1 1 1 0 1 0 0 1 1 1 1 1 0 1 0 0 1 1 0 0
 1 0 1 0 0 1 1 1 1 0 0 1 0 0 0 1 0 0 0 1 1 0 1 1 1 0 1 0 0 0 1 1 1 1 1 1 1
 1 0 1 1 1 0 0 0 1 1 1 1 1 0 1 1 1 1 0 1 0 1 1 1 1 1 0 1 0 0 0 1 0 0 0 0 0
 1 1 1 1 0 0 1 0 0 1 1 1 0 0 0 0 1 0 0 0 1 1 0 1 0 0 0 0 1 1 1 0 1 0 1 1 0
 1 1 1 1 0 0 0 1 0 0 0 0 0 1 0 1 1 0 0 0 1 0 1 0 0 0 0 1 0 1 1 0 0 0 1 1 0
 1 0]

Synthetic samples indexes: [  1   3   4   6   7   8   9  14  15  22  23  25  31  42  45  46  47  48
  52  53  54  57  61  63  64  70  72  74  82  83  88  89  92  93  98 101
 102 103 105 106 108 120 121 122 123 124 128 132 134 136 138 143 144 150
 152 156 162 165 166 167 183 184 185 187 188 190 193 200 208 210 211 213
 216 220 223 224 228 233 235 238 247 249 251 254 258 262 263 264 272 273
 276 282 287 296 298 303 304 309 312 313 315 316 320 322 324 325 327 328
 330 332 333 337 338 339 348 350 354 357 360 361 366 367 370 372 376 377
 381 385 390 392 393 394 396 401 404 405 406 416 417 418 419 422 423 424
 426 428 429 431 434 438 444 445 446 447 450 454 460 464 465 472 473 478
 479 482 483 484 488 494 496 501 503 508 510 511 515]

========== Cluster 1 ==========

Base classifier: GaussianNB()

Minority Class: 1

Selected Features: [  0   1   2   3   4   5   6   7   8   9  10  11  12  13  14  15  16  17
  18  19  20  21  22  23  24  25  26  27  28  29  30  31  32  33  34  35
  36  37  38  39  40  41  42  43  44  45  46  47  48  49  50  51  52  53
  54  55  56  57  58  59  60  61  62  63  64  65  66  67  68  69  70  71
  72  73  74  75  76  77  78  79  80  81  82  83  84  85  86  87  88  89
  90  91  92  93  94  95  96  97  98  99 100 101 102 103 104 105 106 107
 108 109 110 111 112 113 114 115 116 117 118 119 120 121 122 123 124 125
 126 127 128 129 130 131 132 133 134 135 136 137 138 139 140 141 142 143
 144 145 146 147 148 149 150 151 152 153 154 155 156 157 158 159 160 161
 162 163 164 165 166 167 168 169 170 171 172 173 174 175 176 177 178 179
 180 181 182 183 184 185 186 187 188 189 190 191 192 193 194 195 196 197
 198 199 200 201 202 203 204 205 206 207 208 209 210 211 212 213 214 215
 216 217 218 219 220 221 222 223 224]

Labels: [0 0 0 0 0 0 1 1 0 0 1 0 1 1 1 1 1 1 0 1 0 0 0 0 0 0 1 1 1 1 0 0 0 0 1 1 1
 1 1 1 0 0 0 0 1 1 1 1 1 0 1 1 1 0 1 0 1 0 0 0 0 0 0 0 0 1 0 1 1 1 0 0 1 1
 1 0 0 1 1 0 0 0 0 0 0 0 1 0 1 1 0 0 0 1 0 1 0 1 1 0 1 0 1 1 1 1 1 1 0 1 0
 1 1 1 0 0 0 1 1 0 0 0 0 0 0 1 0 1 1 1 1 0 0 1 1 0 1 1 1 0 0 0 1 1 1 0 1 1
 1 1 1 0 0 0 0 0 1 1 1 0 0 1 1 1 0 0 1 1 0 0 0 1 0 0 1 0 0 0 0 0 1 1 1 1 1
 1 0 0 1 1 0 1 0 1 0 0 0 0 1 0 0 0 1 1 0 0 1 0 0 1 1 0 0 0 1 0 0 1 1 1 1 1
 1 0 1 0 0 1 1 1 0 1 0 0 1 1 0 1 1 1 1 1 1 0 0 1 0 1 1 0 0 0 1 1 1 0 0 0 1
 1 0 0 0 0 0 0 1 1 0 1 0 1 1 0 1 0 1 1 1 1 0 0 0 0 0 1 0 0 0 0 0 0 0 1 1 0
 0 0 0 0 1 0 0 1 0 0 1 0 0 0 0 0 0 1 0 1 1 1 0 0 0 0 0 0 1 1 1 0 0 1 0 1 1
 0 0 1 1 1 0 1 1 0 1 1 1 0 1 0 1 1 0 0 1 0 0 1 0 1 1 0 1 1 0 1 0 1 1 1 1 0
 1 1 0 1 0 0 1 0 0 1 0 1 0 1 0 1 0 0 1 1 0 0 1 0 1 0 1 0 0 0 1 0 0 1 1 1 0
 0 1 0 0 0 0 1 0 0 1 1 1 1 1 0 1 1 0 1 0 1 0 1 0 1 0 1 1 0 1 0 0 0 1 0 1 1
 1 0 1 0 0 1 0 0 0 0 1 0 1 0 0 1 1 1 0 0 1 1 0 1 1 0 0 1 0 1 1 1 0 1 1 0 0
 1 1 1 1 0 1 0 0 1 0 0 1 0 0 0 1 0 0 1 1 1 0 0 1 1 1 0 0 1 1 0 1 1 1 0 1 0
 0 0 0 1 0 1 0 1 0 1 1 0 0 1 1 1 0 1 0 0 1 1 0 1 0 1 1 0 1 0 1 0 1 1 1 1 1
 0 0 0 1 0 1 1 1 1 1 0 0 0 0 1 0 0 1 0 1 1 1 0 1 1 1 1 1 1 1 0 1 1 0 1 0 1
 1 1 1 0 0 1 0 1 1 1 1 1 1 1 1 1 0 1 1 1 0 0 1 1 0 0 0 1 0 1 1 1 1 1 0 0 1
 0 1 1 0 1 1 0 0 0 1 1 0 1 0 1 0 1 0 0 1 1 0 0 1 0 0 1 0 1 0 1 1 1 0 1 0 0
 0 1 0 0 0 1 0 0 1 0 0 0 1 1 1 0 1 0 1 1 0 0 0 0 0 1 1 0 1 0 0 0 1 1 0 1 0
 1 1 0 0 0 0 0 1 0 1 0 0 0 1 0 1 0 1 1 0 1 1 1 0 1 0 0 1 0 0 0 0 1 0 0 1 1]

Synthetic samples indexes: [  6  12  15  16  17  19  28  29  34  36  37  38  39  45  46  52  68  69
  72  74  77  78  95  98 100 104 105 109 112 113 117 118 125 128 129 130
 133 134 136 142 143 144 147 148 157 161 163 174 180 182 183 184 214 217
 219 221 222 227 228 231 237 239 240 241 242 248 253 258 266 269 271 272
 285 300 306 313 315 316 317 325 329 332 335 337 340 344 348 355 358 361
 366 373 379 383 394 396 404 419 422 423 427 429 433 443 446 449 460 465
 467 471 473 477 478 483 486 489 499 500 501 504 509 512 513 514 531 532
 535 538 539 543 544 546 548 550 552 553 554 558 562 563 572 575 576 578
 580 581 586 587 589 597 599 600 604 606 607 610 611 621 623 625 633 639
 641 643 648 655 657 659 661 663 667 682 684 685 694 698 699 701 710 716
 718 723 725 727 738]

