Clustering algorithm selected: kmeans
=====================================

Clustering evaluation metric: silhouette
Clustering evaluation value: 0.291111789986061

========== Cluster 0 ==========

Base classifier: KNeighborsClassifier(n_neighbors=7)

Selected Features: [0]

Labels: [0 0 2 2 0 0 1 0 0 0 0 0 2 2 0 0 1 0 0 1 0 1 2 0 2 2 0 0 1 0 2 0 0 2 2 0 0
 2 0 2 0 2 0 0 0 0 2 2 2 0 0 0 0 2 2 2 1 0 0 0 2 0 0 0 0 0 1 0 0 2 1 0 2 0
 0 0 0 2 2 0 0 1 2 0 0 2 0 2 0 0 0 0 0 0 0 0 0 2 2 0 0 2 1 0 2 2 1 0]

========== Cluster 1 ==========

Base classifier: GaussianNB()

Selected Features: [0 3 2]

Labels: [2 2 2 2 1 0 2 2 0 0 2 0 2 0 2 0 0 0 0 0 1 0 2 0 0 0 2 0 2 2 0 2 0 1 0 0 0
 0 0 2 0 2 0 1 1 2 1 0 2 2 2 2 0 2 2 2 0 0 2 1 0 2 1 0 0 0 0 1 0 0 0 0 1 2
 1 1 1 2 1 0 0 0 0 0 0 0 0 1 2 0 2 1 0 0 0 0 0 0 0 2 0 0 2 2 2 0 2 0 1 0 2
 0 2 0 2 0 0 2 2 0 0 0 0 0 0 2 0 0 2 0 2 0 1 1 0 0 2 0 2 1 0 1 0 0 2 0 0 2
 1 2 2 0 2 1 0 0 0 0 0 0 2 2 0 0 0 2 2 2 0 2 0 1 2 1 2 0 2 0 0 0 1 2 2 2 0
 1 2 2 2 2 0 0 0 2 0 2 0 0 1 0 0 1 2 0 1 0 2 2 0 0 0 2 2 2 0]

========== Cluster 2 ==========

Base classifier: GaussianNB()

Selected Features: [3 7 0 4]

Labels: [0 0 0 2 0 2 2 2 1 0 2 0 0 2 0 0 2 2 0 0 0 2 2 0 0 0 0 0 0 0 0 2 2 0 2 0 2
 2 1 2 1 2 0 2 2 1 2 2 1 0 2 2 0 1 2 2 2 2 0 2 0 2 2 0 0 2 0 2 1 2 0 2 0 2
 2 2 2 2 0 2 2 2 2 0 2 2 1 2 0 2 1 1 0 2 0 2 2 2 0 2 0 2 2 2 1 2 0 1 0 2 0
 0 2 0 2 0 0 0 0 0 1 2 0 2 0 2 2 2 0 2 0 0 0 2 1 0 0 2 0 0 2 2 2 2 2 0 1 2
 0 2 1 0 2 2 0 1 2 0 0 0 1 1 0 2 0 2 2 0 2 0 0 0 2 0 0 2 2 0 0 0 0 2 2 2 2
 0 0 0 2 2 2 0 0 0 2 0 0 0 2 0 0 2 2 2 2 2 2 0 1 0 0 1 0 0 2 2 2 2 0 0 1 2
 1 2 0 2 2 0 2 2 2 2 2 2 0]

========== Cluster 3 ==========

Base classifier: LogisticRegression()

Selected Features: [3 5 8 2]

Labels: [0 0 2 1 0 2 2 1 1 0 0 1 0 2 0 0 1 2 0 2 0 0 0 1 0 0 1 0 1 2 0 0 1 0 1 2 1
 2 1 0 2 2 2 1 2 2 0 0 2 0 0 2 0 1 0 1 1 2 2 0 2 2 2 0 0 2 1 1 0 2 1 2 2 1
 2 0 0 0 0 1 2 0 0 1 2 2 0 1 0 0 0 1 2 1 1 1 2 0 0 2 0 0 0 2 1 0 2 0 1 0 0
 0 2 1 0 0 1 2 1 1 2 0 2 1 1 1 2 0 1 0 0 1 2 2 0 0 0 0 0 1 1 2 0 0 0 1 2 0
 1 0 0 0 1 1 1 0 1 0]

========== Cluster 4 ==========

Base classifier: LogisticRegression()

Selected Features: [3 1 4 8]

Labels: [1 1 2 1 0 0 0 0 1 0 1 2 0 0 1 1 0 1 2 0 1 1 1 2 2 1 1 0 0 0 0 0 2 1 0 1 1
 2 1 1 2 2 1 2 2 2 2 1 1 0 0 0 2 0 1 0 0 2 1 1 0 1 2 1 2 2 2 1 2 1 0 1 2 2
 1 2 0 0 2 1 1 2 1 1 2 0 2 0 0 2 2 1 0 1 0 1 0 0 1 2 0 0 0 2 1 1 0 2 1 0 0
 1 0 0 1 2 1 1 2 2 1 2 0 1 1 1 0 1 1 2 1 2 1 0 1 0 1 2 2 2 1 1 2 2 0 0 1 0
 1 2 0 2 0 0 2 2 2 1 2 2 0 2 1 0 2 1 1 2 1 2 2 0 0 2 1 2 0 0 1 1 0 0 0 1 1
 0 0 0 0 2 0 0 1 2 0 2 1 2 0 0 0 0 1 2 0 0 1 2 2 0 1 2 2 2 0 2 0 0 2 0 1 0
 2 2 1 2 1 2 0 2 0 0 1 2 2 1 2 0 2 0 1 1 2 1 1 0 2 1 1 0 0 2 1 2 1 2 0 1 2
 2 1 2 2 2 1 0 1 1 0 2 0 1 1 1 1 1 2 2 2 2 2 0 2 0 0 2 0 2 2 2 0 1 2 0 2 1
 1 1 1 1 1 1 0 2 2 2 1 1 2 1 2 2 0 1 0 1 0 1 0 1 2 0 1 0 1 2 0 0 0 0 2 1 0
 2 2 2 2 2 1 2 2 0 0 0 0 2]

========== Cluster 5 ==========

Base classifier: RandomForestClassifier()

Selected Features: [2 3 6]

Labels: [1 1 2 0 0 0 2 1 1 0 0 2 0 1 0 0 0 0 0 1 2 1 1 1 2 1 0 1 2 0 2 0 1 1 2 2 2
 0 1 2 2 1 2 2 1 2 0 0 1 1 1 1 2 1 2 1 2 2 2 0 0 2 1 0]

========== Cluster 6 ==========

Base classifier: RandomForestClassifier()

Selected Features: [0 5 4 8 3]

Labels: [0 0 0 2 0 2 0 2 0 0 0 2 2 0 0 0 0 0 0 2 0 0 0 2 0 2 0 2 0 0 1 0 0 2 2 2 0
 2 2 0 0 0 0 0 0 0 0 1 0 0 0 2 0 0 0 0 0 0 1 0 0 2 1 2 0 2 0 0 0]

========== Cluster 7 ==========

Base classifier: LogisticRegression()

Selected Features: [6 3 7 8 5 4 2]

Labels: [1 0 1 0 1 0 2 0 0 0 0 1 2 2 1 0 0 0 1 2 0 1 1 2 1 2 2 0 2 2 1 1 1 1 1 0 0
 2 1 0 2 1 0 1 2 1 1 0 1 2 0 2 0 0 2 0 1 0 1 0 1 2 0 1 0 1 1 0 2 0 1 1 2 0
 1 2 2 0 2 2 0 0 2 2 1 1 2 2 1 0 0 2 2 1 1 0 0 1 2 1 1 2 1 2 2 2 1 2 0 0 2
 2 1 0 0 2 1 1 2 0 2 1 0 2 1 0 2 1 0 1 1]

