Clustering algorithm selected: kmeans
=====================================

Clustering evaluation metric: silhouette
Clustering evaluation value: 0.29587696017046344

========== Cluster 0 ==========

Base classifier: GaussianNB()

Minority Class: 2

Selected Features: [3 5 8 7]

Labels: [1 1 2 0 2 2 0 1 0 0 2 0 0 1 2 1 2 1 1 0 2 0 1 1 0 0 2 1 2 1 1 2 1 0 0 0 0
 2 2 0 1 2 1 2 0 1 1 2 2 0 1 0 2 2 0 2 1 1 1 2 1 0 2 0 2 0 0 0 2 0 2 1 1 2
 2 0 0 0 2 1 1 1 1 1 0 2 2 2 0 2 0 1 0 0 1 0 1 0 2 2 2 0 2 2 2 1 1 2 1 0 0
 1 2 2 1 1 2 0 1 0 2 0 0 0 2 0 0 2 1 1 1 1 0 1 2 2 0 1 2 1 1]

Synthetic samples indexes: [ 26  73  99 101 104 107]

========== Cluster 1 ==========

Base classifier: KNeighborsClassifier(n_neighbors=7)

Minority Class: 1

Selected Features: [0 3 6 7 1 2 4]

Labels: [2 1 1 1 1 2 0 2 1 0 0 0 2 0 1 0 1 1 1 2 1 0 0 1 2 2 2 0 2 2 2 2 2 1 2 0 0
 1 0 2 2 0 0 1 1 1 0 2 1 1 0 0 1 1 0 0 0 2 0 2 2 2 0 2 1 2 0 2 1 0 0 1 0 1
 2 2 1 0 2 2 1 1 0 2 0 1 2 1 0 0 2 1 0 1 0 2 0 2 1 0 2 0 0 0 1 1 2 0 1 1 2
 2 0 0 1 2 2 1 1 0 2 2 2 1 1 0 2 1 2 0 1 1 2 1 1 2 2 1 1 1 0 1 0 1 1 2 2 1
 1 0 1 2 0 1 0 1 0 0 1 0 0 0 1 1 1 0 1 2 1 1 0 0 2 1 2 1 2 0 1 0 1 0 0 0 1
 1 0 2 2 1 0 2 2 1 0 1 1 1 1 1 2 0 2 1 0 1 2 0 2 2 2 1 0 2 1 2 1 2 0 0 2 1
 0 0 1 1 1 2 1 1 0 2 1 1 0 2 0 0 0 2 0 2 2 0 2 0 0 2 2 1 2 0 0 0 2 0 2 1 2
 2 2 2 2 1 2 0 2 1 1 2 1 2 1 0 0 2 1 2 0 1 1 1 0 1 2 0 2 2 0 2 1 2 1 0 2 2
 2 2 2 1 1 2 1 0 1 2 1 0 0 2 0 0 0 2 0 2 1 1 0 2 1 0 2 2 2 1 1 2 2 1 2 2 2
 2 1 2 1 1 2 1 1 2 0 0 0 0 0 1 2 2 2 0 2 1 1 1 1 0 2 0 1 2 2 2 0 2 1 2 0 1
 2 2 1 1 1 2 0 2 2 1 1 0 2 1 0 1 2 1 2 0 0 1 0 0 2 1 1 0 2 2 0 0 0 2 1 2 2
 1 0 1 2 0 0 0 0 2 0 2 1 0 0 2 2 1 0 1 0 2 0 0 1 0 0 1 0 0 2 1 1 1 2 2 1 0
 0 0 1 2 1 1 1 1 0 2 1 1 2 1 0 1 1 0 0 1 0 2 0 2 2 0 2 1 1 2 2 1 2 0 0 0 2
 2 1 2 0 0 0 0 0 1 2 2 0 0 2 0 0 2 0 2 0 0 1 1 1 2 1 2 1 0 2 0 0 2 2 1 0 0
 2 2 1 2 0 0 2 0 0 0 1 1 0 1 0 1 1 1 1 1 0 1 0 0 1 0 2 1 2 2 2 2 0 0 0 0 0
 2 2 2 1 1 0 0 1 1 0 2 2 2 1 1 2 0 2 1 2 0 1 0 0]

Synthetic samples indexes: [  1   2   3   4   8  14  17  18  20  23  28  30  32  33  37  43  44  45
  48  65  71  73  76  80  86  87  91  93  98 100 104 105 109 114 117 118
 124 127 130 131 134 137 139 143 144 145 147 150 155 158 162 163 164 166
 169 173 175 178 180 195 196 197 198 199 203 205 210 214 215 216 221 224
 226 228 229 233 248 249 250 257 263 266 267 268 270 272 276 279 280 283
 284 286 290 292 294 299 300 302 304 309 315 316 317 320 326 329 334 336
 337 339 340 347 349 353 356 361 363 366 372 373 375 379 380 385 387 391
 395 396 404 407 409 418 423 433 437 438 439 442 448 449 450 451 457 459
 463 468 471 474 475 482 483 497 502 503 508 514 521 524 528 529 531 536
 537 542 545 547 559 562 568 569 573 576]

========== Cluster 2 ==========

Base classifier: KNeighborsClassifier()

Minority Class: 2

Selected Features: [3 5 0 1 7 2]

Labels: [0 1 0 2 2 0 2 1 2 1 1 2 0 1 1 2 0 2 0 2 2 2 0 2 0 2 1 2 2 1 0 2 1 0 2 0 2
 2 0 2 1 1 0 2 0 0 0 2 2 0 1 2 2 2 1 0 2 2 0 2 2 0 2 2 1 1 0 0 1 2 0 1 1 0
 0 0 0 2 1 1 1 0 2 1 1 1 1 2 1 1 1 1 2 0 1 0 1 0 0 2 0 1 0 0 2 2 1 1 1 1 0
 2 0 2 1 2 1 1 2 0 0 2 2 1 1 2 2 1 0 1 1 1 1 2 0 1 1 0 0 2 2 2 0 0 1 1 2 0
 1 0 0 1 2 1 1 0 1 2 1 1 1 2 2 0 0 1 0 0 1 0 0 1 1 2 2 1 0 0 2 1 2 0 2 1 1
 2 0 2 2 0 0 0 0 2 0 0 2 1 2 0 0 2 1 0]

Synthetic samples indexes: [  8  11  21  23  25  36  40  47  50  52  56  57  68  72  78  79  80  84
  86  96  99 105 107 109 111 113 116 118 122 124 129 130 133 135 136 141
 144 148 152 157 160 162 174 183 188 196 198 202]

========== Cluster 3 ==========

Base classifier: SVC(probability=True)

Minority Class: 1

Selected Features: [3 1 0 6 2 7 5]

Labels: [2 2 0 0 2 1 2 0 2 0 0 2 2 1 1 1 2 0 1 1 2 0 2 1 1 2 0 2 0 2 2 2 0 2 2 0 0
 1 0 1 2 0 2 0 2 1 0 2 0 0 0 2 1 2 2 2 1 1 1 0 1 2 2 2 0 2 1 0 0 1 2 2 0 1
 0 0 1 1 1 1 2 1 1 1 0 0 0 0 0 0 2 1 0 1 0 1 1 2 0 0 0 2 2 2 1 0 1 0 0 2 2
 2 2 1 0 0 0 1 0 2 2 0 1 1 1 1 0 0 1 1 0 2 2 0 2 0 2 2 2 1 2 0 0 2 2 1 1 1
 0 0 1 2 2 1 1 1 1 1 1 1 1 1]

Synthetic samples indexes: [  0   1   5   6  12  13  15  16  18  19  20  22  24  29  31  33  37  39
  40  42  45  47  51  52  54  55  56  57  58  60  62  63  65  66  69  71
  73  76  79  80  81  82  83  91  93  95  96  97 101 102 103 104 106 110
 111 112 113 117 119 120 123 124 125 128 129 131 132 134 136 137 139 143
 144 145 146 147 150 153 154 155 156 157 158 159 161]

========== Cluster 4 ==========

Base classifier: KNeighborsClassifier()

Minority Class: 0

Selected Features: [3 7 8 2 0 1 6 5]

Labels: [0 2 2 0 0 2 0 2 0 0 2 2 1 0 1 1 1 2 1 1 1 0 1 1 0 2 2 0 2 2 1 0 2 2 0 0 2
 1 0 0 2 0 1 0 1 1 1 1 0 2 2 2 2 1 2 1 0 0 1 0 2 1 1 0 2 1]

Synthetic samples indexes: [ 4 24 31 38 43 62]

========== Cluster 5 ==========

Base classifier: SVC(probability=True)

Minority Class: 1

Selected Features: [1 3 2 7 0 6]

Labels: [0 1 2 0 1 0 0 1 0 0 1 0 2 1 2 2 2 0 0 1 1 1 2 2 1 1 2 2 1 1 0 0 0 1 0 0 2
 1 2 0 0 2 1 1 1 1 0 2 1 0 0 2 1 1 1 0 0 2 0 1 0 2 1 1 2 1 1 1 2 2 2 1 0 2
 1 2 1 1 2 0 2 2 2 2 0 2 2 2 0 1 1 0 0 0 0 0 0 1 1 2 0 2 2 0 1 0 2 0 1 0 2
 1 1 2 2 1 1 0 2 0 2 2 2 1 1 1 2 0 0 2 1 1 1 0 2 0 1 0 0 2 2 1 2 2 1 0 0 2
 2 2 1 1 1 2 1 0 1 0 2 1 0 2 2 0 1 0 0 2 0 0 0 0 1 0 0 2 2 0 0 2 2 1 0 0 0
 2 2 2 2 1 1 1 2 1 1]

Synthetic samples indexes: [  1   2   4   7  12  13  16  20  21  23  25  26  28  29  33  37  38  42
  44  45  51  52  53  54  57  59  61  62  63  64  65  66  67  68  69  70
  71  73  74  76  77  82  89  97  98  99 104 108 110 112 115 116 118 124
 125 126 130 131 132 134 136 139 140 141 148 150 151 152 153 154 156 159
 161 162 167 172 175 176 180 181 185 187 189 190 191 192]

========== Cluster 6 ==========

Base classifier: LogisticRegression()

Minority Class: 1

Selected Features: [3 7 5 8 6 0 1 2]

Labels: [2 0 2 2 2 1 1 0 0 2 1 1 2 1 2 1 0 0 1 0 2 2 0 0 2 1 1 2 1 1 2 0 1 2 0 0 0
 2 2 1 1 2 0 2 2 0 2 1 0 0 1 1 2 1 2 1 1 2 0 2 0 2 0 1 2 2 2 2 2 1 0 1 2 0
 2 1 1 0 0 2 2 1 0 1 2 1 2 0 2 0 2 2 1 1 0 2 2 2 1 1 0 0 0 1 1 2 0 0 0 0 2
 0 0 2 2 1 1 0 2 1 0 0 0 2 2 2 0 1 1 2 0 0 1 2 0 2 0 1 1 2 0 1 0 1 2 0 0 1
 2 1 0 1 2 0 2 2 0 0 1 0 2 1 1 2 0 0 1 1 0 0 2 0 1 0 2 0 0 1 2 2 1 2 2 2 1
 1 2 1 2 2 1 2 0 0 0 2 1 2 2 2 1 2 1 1 1 0 2 2 1 0 0 1 1 0 0 1 0 1 1 1 2 1
 1 0 2 2 0 0 1 1 0 0 1 1 2 1 1 0 1 2 1 1 1 2 0 2 2 0 2 0 2 1 2 0 1 0 2 2 0
 2 1 2 2 0 0 1 0 2 2 2 1 2 0 0 0 1 0 2 0 1 0 0 0 0 2 0 1 1 2 0 1 2 0 1 0 0
 1 1 0 2 1 0 0 2 2 1 0 2 0 0 1 0 0 0 2 0 2 1 1 0 2 0 1 2 0 2 1 1 0 2 0 1 1
 1 1 1 1 0 2 2 0 2 1 2 2 1 1 0 2 2 1 0 1 2 2 2 2 1 1 2 1 0 0 0 2 0 2 1 1 0
 2 2 1 2 1 1 2 1 2 0 0 1 2 2 1 0 1 0 1 0 0 0 0 1 1 1 2 2 1 2 0 0 2 0 2 0 1
 1 1 0 1 0 1 0 2 1 0 1 1 2]

Synthetic samples indexes: [  6  36  56  71  76  78  93  94  99 102 116 149 192 205 208 216 221 235
 240 247 249 265 273 275 276 286 295 296 298 308 331 347 372 374 377 394
 400 416 417]

