Clustering algorithm selected: kmeans
=====================================

Clustering evaluation metric: dbc_ss
Clustering evaluation value: 0.40268846450182877

========== Cluster 0 ==========

Base classifier: DummyClassifier(strategy='most_frequent')

Minority Class: 0

Selected Features: [ 0  1  2  3  4  5  6  7  8  9 10 11 12 13 14 15 16 17 18 19 20 21 22 23
 24 25 26 27 28 29 30]

Labels: [1 1 1 1 1 1 1 1 1 1 1 1 1 1 1 1 1 1 1 1 1 1 1 1 1 1 1 1 1 1 1 1 1 1 1 1 1
 1 1 1 1 1 1 1 1 1 1 1 1 1 1 1 1 1 1 1 1 1 1 1 1 1 1 1 1 1 1 1 1 1 1 1 1 1
 1 1 1 1 1 1 1 1 1 1]

Synthetic samples indexes: []

========== Cluster 1 ==========

Base classifier: DummyClassifier(strategy='most_frequent')

Minority Class: 0

Selected Features: [ 0  1  2  3  4  5  6  7  8  9 10 11 12 13 14 15 16 17 18 19 20 21 22 23
 24 25 26 27 28 29 30]

Labels: [0 0 0 0 0 0 0 0 0 0 0 0 0 0 0 0 0 0 0 0 0 0 0 0 0 0 0 0 0 0 0 0 0 0 0 0 0
 0 0 0 0 0 0 0 0 0 0 0 0 0 0 0 0 0 0 0 0 0 0 0 0 0 0 0 0 0 0 0 0 0 0 0 0 0
 0 0 0 0 0 0 0 0 0 0 0 0 0 0 0 0 0 0 0 0 0 0 0 0 0 0 0 0 0 0 0 0 0 0 0 0 0
 0 0 0 0 0 0 0 0 0 0 0 0 0 0 0 0 0 0 0 0 0 0 0 0 0]

Synthetic samples indexes: []

========== Cluster 2 ==========

Base classifier: SVC(probability=True)

Minority Class: 0

Selected Features: [21 24  0 23  8 22 14 28  2  4  9  1  3 27 18 17  7 13 16 11  5  6 25 29]

Labels: [0 0 1 0 1 0 0 0 0 1 1 1 1 1 1 1 1 0 1 0 1 0 0 0 1 1 0 0 0 0 1 0 1 1 0 0 1
 1 1 1 1 0 1 1 0 1 1 0 0 1 0 0 0 1 0 1 1 0 0 1 1 1 1 1 1 0 1 0 0 1 0 0 0 1
 1 1 0 0 1 1 0 1 0 1 1 0 1 0 0 0 1 1 0 1 1 1 0 0 1 1 0 1 1 1 0 1 1 0 1 0 1
 1 1 0 1 0 0 1 1 1 0 1 0 0 1 0 0 0 1 1 1 1 1 0 0 0 0 0 0 1 1 0 1 0 0 0 1 0
 0 0 0 0 1 0 1 1 1 1 1 0 0 0 0 0 0 1 1 0 0 0 1 0 0 0 0 1 0 1 0 1 1 1 1 0 0
 0 0 0 1 0 0 0 1 1 1 0 0 0 1 0 1 0 1 1 0 1 0 0 0 0 1 1 0 0 0 1 1 1 0 0 1 1
 1 1 1 1 1 0 0 1 1 0 0 0 0 0 0 0 1 1 0 0 0 1 0 0 0 1 0 0 1 0 0 1 0 1 0 1 1
 1 1 1 0 0 0 1 1 0 1 1 1 0 1 1 0 1 0 0 1 0 0 1 1 1 0 1 1 1 1 0 1 1 1 0 1 0
 0 1 0 0 0 1 1 0 0 1 1 1 1 1 1 0 1 1 0 1 0 0 1 1 0 1 0 1 0 0 0 0]

Synthetic samples indexes: [  2   4   9  10  12  13  14  15  16  18  20  24  25  32  33  37  38  39
  40  43  45  46  49  53  55  56  60  61  62  63  64  66  69  74  75  78
  79  83  84  86  90  91  93  94  95  98  99 101 102 103 105 106 108 110
 111 112 114 118 119 121 128 129 130 131 132 139 140 142 146 152 154 155
 157 158 165 166 170 175 177 179 180 181 182 188 192 193 194 200 202 203
 205 210 211 215 216 217 220 221 222 223 224 225 229 238 239 243 247 250
 253 255 257 258 259 260 261 266 268 269 270 272 273 275 278 281 282 285
 287 288 290 291 294 297 301 302 306 307 308 310 312 313 315 318 319 321
 323]

========== Cluster 3 ==========

Base classifier: DummyClassifier(strategy='most_frequent')

Minority Class: 0

Selected Features: [30 29 28 27 26 25 24 23 22 21 20 19 18 17 16 15 14 13 12 11 10  9  8  7]

Labels: [1 1 1 1 1 1 1 1 1 1 1 1 1 1 1 1 1 1 1 1 1 1 1 1 1 1 1 1 1 1 1 1 1]

Synthetic samples indexes: []

========== Cluster 4 ==========

Base classifier: SVC(probability=True)

Minority Class: 0

Selected Features: [28 24 21  3  8 23 25  4  1 22 20 19  0 26 16 27 29  5 15 10 14  6 12 18
 17]

Labels: [0 0 0 1 0 0 1 1 1 1 1 0 0 1 1 0 1 0 0 0 0 1 1 1 1 1 1 1 0 0 0 1 0 1 0 1 1
 0 1 0 0 0 0 1 1 1 0 0 0 1 1 1 1 0 0 1 0 0 0 0 0 1 1 1 0 1 1 1 1 0 1 0 0 1
 0 0 1 1 1 1 1 1 0 0 1 0 1 1 0 1 0 0 0 1 0 1 0 1 0 0 0 1 0 1 0 0 1 0 0 1]

Synthetic samples indexes: [  0   1   2   4  17  19  20  28  29  30  32  34  37  40  41  47  48  57
  64  69  72  75  82  83  85  88  91  92  96 100 104 105 107 108]

