Clustering algorithm selected: kmeans
=====================================

Clustering evaluation metric: dbc_ss
Clustering evaluation value: 0.4376641701748208

========== Cluster 0 ==========

Base classifier: DummyClassifier(strategy='most_frequent')

Minority Class: 0

Selected Features: [ 0  1  2  3  4  5  6  7  8  9 10 11 12 13 14 15 16 17 18 19 20 21 22 23
 24 25 26 27 28 29 30]

Labels: [1 1 1 1 1 1 1 1 1 1 1 1 1 1 1 1 1 1 1 1 1 1 1 1 1 1 1 1 1 1 1 1 1 1 1]

Synthetic samples indexes: []

========== Cluster 1 ==========

Base classifier: SVC(probability=True)

Minority Class: 0

Selected Features: [24 21  0 23  4  3  8  1 22  2 28 10 20 27 14  9 19  7 16 11 17 18  5]

Labels: [1 1 1 1 0 1 0 0 1 0 0 1 1 0 0 0 0 0 0 0 0 1 0 0 0 1 1 1 0 1 0 1 0 0 1 0 1
 1 0 1 0 0 1 0 1 1 1 1 1 0 1 0 1 1 1 0 0 0 0 1 0 0 0 0 1 1 0 1 1 1 0 1 0 1
 0 1 0 0 0 0 0 1 0 0 0 0 1 0 0 1 0 0 0 0 0 1 0 1 0 0 0 1 1 1 0 1 0 1 0 0 0
 0 0 0 0 1 1 1 0 0 1 0 0 0 1 1 1 1 1 1 1 1 0 1 0 1 1 1 1 1 1 1 0 1 0 1 1 1
 0 1 1 0 1 0 1 1 0 1 1 0 1 1 0 1 1 0 0 1 0 0 1 0 0 0 1 0 0 1 1 0 1 0 0 1 0
 1 1 1 0 0 0 1 1 1 1 0 0 1 1 0 0 1 0 1 1 0 1 1 1 1 0 0 0 1 1 1 0 1 1 1 0 1
 0 0 1 1 1 1 0 1 1 0 0 0 0 0 1 1 0 1 1 1 1 0 1 0 1 1 0 1 1 0 0 1 0 0 0 1 0
 1 0 1 1 0 0 0 0 1 0 1 1 1 1 0 1 0 1 1 0 0 1 0 0 0 0 0 0 0 1 0 0 0 1 0 0 0
 1 1 0 1 1 0 0 1 0 1 1 1 0 1 1 0 0 0 1 0 0 1 1 0 1 0 1 1 0 1 0 1 1 1 1 0 1
 1 0 0 0 1 0 1 1 1 0 0 1 1 0 1 0 1 0 0 1 0 1 1 0 1 0 0 0 0 0 0 1 1 0 0 0 1
 1 1 1 0 1 1 0 0 0 1 0 0 1 0 0 1 1 1 0 0 1 0 1 0 0 0 1 0 1 1 1 1 1 0 1 0 1
 0 1 1 0 0 0 0 0 1 0 1 1 0 1 1 1 1 1 1 1 1 0 0 1 0 1 1 1 1 1 0 0 1 0 1 0 1
 1 1 0 1 1 0 0 1 0 0 0 0 1 0 0 1 0 0 1 1 1 0 0 1 1 0 1 0 0 1 0 1 0 1 0 0 0
 1 0 1 1 1 0 0 1 0 0 0 0 1 1 0 1 0 0 0 1 1 1 1 1 0 1 0 1 1 0 0 1 0 0 1 0 1
 0 0 1 0 1 0 0 1 0 1 0 0 0 1 1 0 1 0 1 0 1 1 1 1 0 0 1 0 1 1 0 1 1 1 0 0 0
 0 1 0 1 1 1 0 0 0 0 0 1 1 0 0 0 0 1 1 1 1 1 1 1 0 1 0 1 0 0 0 0 0 0 1 1 1]

Synthetic samples indexes: [  0   1   3   5   8  11  12  21  25  26  27  29  34  37  39  42  44  45
  48  50  52  53  54  59  64  65  67  68  69  71  73  75  81  86  89  95
  97 101 102 103 105 107 115 116 117 120 124 125 126 127 128 129 130 131
 133 135 136 137 138 139 140 141 143 145 146 149 150 152 154 155 158 160
 161 163 164 167 170 174 177 178 180 183 185 186 187 191 192 193 194 197
 198 201 203 204 206 207 208 209 213 214 215 217 218 219 221 224 225 226
 227 229 230 237 240 241 242 244 246 247 249 250 253 257 259 261 262 267
 269 270 271 272 274 276 280 288 292 296 297 299 300 303 305 306 307 309
 310 314 317 318 320 322 323 325 327 328 329 330 332 333 337 339 340 341
 344 345 347 349 352 354 355 357 364 365 369 370 371 372 374 379 382 385
 386 387 390 396 398 399 400 401 402 404 406 408 409 415 417 418 420 421
 422 423 424 425 426 427 432 433 435 439 443 444 445 447 448 451 456 459
 462 463 464 467 468 470 473 475 477 483 484 485 488 494 496 500 501 502
 503 504 506 509 512 515 517 522 525 527 531 532 534 536 538 539 540 541
 544 546 547 549 550 551 556 558 559 560 566 567 572 573 574 575 576 577
 578 580 582 589 590 591]

========== Cluster 2 ==========

Base classifier: SVC(probability=True)

Minority Class: 0

Selected Features: [24 28 21 23  8 22 25  4 26 16  7 19 20  5 27  3  1 14 29 18  2  0 15  6
 30]

Labels: [1 1 1 0 1 0 0 1 0 1 1 1 0 1 0 1 0 0 0 0 1 1 0 1 0 0 1 1 1 0 1 0 0 0 0 1 1
 0 1 0 0 1 0 0 1 0 0 1 0 0 1 1 1 1 0 0 0 0 1 0 1 1 1 1 1 1 0 1 0 1 0 1 1 0
 1 0 0 1 0 1 1 1 1 0 0 1 1 0 1 0 0 0 0 1 0 0]

Synthetic samples indexes: [ 3  5 17 19 25 29 31 39 42 43 45 46 48 54 55 66 68 73 75 76 78 83 91]

========== Cluster 3 ==========

Base classifier: DummyClassifier(strategy='most_frequent')

Minority Class: 0

Selected Features: [ 0  1  2  3  4  5  6  7  8  9 10 11 12 13 14 15 16 17 18 19 20 21 22 23
 24 25 26 27 28 29 30]

Labels: [1 1 1 1 1 1 1 1 1 1 1 1 1 1 1 1 1 1 1 1 1 1 1 1 1 1 1 1 1 1 1 1 1 1 1 1 1
 1 1 1 1 1 1 1 1 1 1 1 1 1 1 1 1 1 1 1 1 1 1 1 1 1 1 1 1 1 1 1 1 1 1 1 1 1
 1 1 1 1 1 1 1 1 1 1 1 1 1 1]

Synthetic samples indexes: []

