Clustering algorithm selected: kmeans++
=====================================

Clustering evaluation metric: dbc
Clustering evaluation value: 0.16633949669895826

========== Cluster 0 ==========

Base classifier: GaussianNB()

Minority Class: 1

Selected Features: [ 0  1  2  3  4  5  6  7  8  9 10 11 12 13 14 15 16 17 18 19 20 21 22 23
 24 25 26 27 28 29 30]

Labels: [1 0 1 1 0 0 1 1 0 1 0 1 0 0 0 0 0 1 0 0 0 0 0 1 0 0 0 1 1 1 0 1 0 1 1 0 0
 1 0 1 1 0 0 1 1 1 1 1 1 0 0 0 0 1 0 1 1 1 1 1 0 1 1 1 1 1 0 0 0 0 0 0 1 0
 1 1 0 0 1 0 0 0 1 0 1 1 1 0 0 1 1 0 0 0 1 1 0 1 0 1 1 0 1 0 0 0 0 1 0 1 0
 1 1 0 0 0 0 1 1 0 1 1 1 0 0 1 1 1 1 0 0 1 0 1 1 1 0 0 0 0 1 1 0 1 0 1 1 1
 0 1 1 0 1 0 0 0 1 0 0 1 0 1 0 0 0 0 0 0 1 1 1 0 0 1 1 0 1 1 0 0 0 1 1 1 0
 0 1 0 0 0 1 1 0 1 0 1 0 0 0 0 1 0 0 0 1 1 1 1 1 1 0 0 0 1 0 1 1 1 1 1 0 0
 0 1 0 0 1 1 1 1 0 0 0 1 1 1 0 1 0 1 0 0 1 1 0 0 1 0 0 0 0 0 1 1 1 1 1 0 0
 1 1 0 0 1 0 0 1 1 0 1 0 0 1 1 1 1 1 1 1 1 1 1 0 1 1 0 0 1 0 1 0 1 0 1 0 0
 1 1 0 0 1 1 1 0 1 0 0 1 1 1 1 1 0 0 0 1 1 0 0 0 0 0 0 1 0 1 0 1 0 1]

Synthetic samples indexes: [  1   4   5   8  10  12  13  14  15  16  18  20  21  22  25  26  30  32
  35  36  38  41  42  49  50  51  52  54  60  66  67  68  70  71  73  76
  77  80  81  83  87  88  91  93  96  98 101 103 104 105 106 108 110 113
 114 115 116 119 123 124 129 130 132 136 138 139 142 144 148 151 153 154
 155 157 158 160 162 163 164 165 166 167 172 175 178 179 180 184 185 187
 188 189 192 194 196 197 198 199 201 202 203 210 211 212 214 220 221 222
 225 230 231 236 238 240 241 244 245 247 248 249 250 251 257 258 261 262
 264 265 268 270 271 282 285 286 288 290 292 294 295 298 303 305 306 312
 313 314 317 318 319 320 321 322 324 326 328]

========== Cluster 1 ==========

Base classifier: GaussianNB()

Minority Class: 1

Selected Features: [ 0  1  2  3  4  5  6  7  8  9 10 11 12 13 14 15 16 17 18 19 20 21 22 23
 24 25 26 27 28 29 30]

Labels: [1 0 0 1 1 0 0 0 1 1 1 0 1 0 0 1 1 0 1 1 1 1 0 1 0 1 1 0 1 0 1 0 1 0 1 1 0
 1 1 1 0 0 0 0 1 1 0 0 0 0 1 1 1 1 1 0 1 1 1 1 0 1 0 0 0 1 1 1 0 1 0 1 1 0
 1 0 0 0 0 0 1 0 1 1 1 1 0 0 0 1 0 0 1 1 0 0 1 0 0 0 1 0 0 1 0 1 1 0 0 0 0
 1 1 1 0 1 0 0 1 0 1 1 0 1 1 0 1 0 1 1 0 0 0 1 0 0 0 0 1 0 1 1 0 1 0 1 0 0
 1 1 0 1 1 0 0 1 1 1 0 1 0 1 0 1 1 1 0 1 1 0 0 0 1 0 1 0 1 0 0 1 1 1 1 0 0
 1 1 1 0 0 0 0 1 1 1 1 1 1 1 1 0 0 0 0 0 1 1 1 0 0 1 0 0 1 1 1 1 1 0 0 1 1
 0 0 0 0 1 0 1 0 0 1 1 0 0 1 1 1 1 1 1 1 1 0 0 1 0 1 1 0 0 1 0 1 1 1 1 0 0
 0 0 1 1 0 1 1 1 1 0 1 0 1 1 1 1 1 1 1 1 1 1 1 0 1 1 0 0 1 0 1 0 1 1 0 0 0
 0 1 1 0 1 0 1 1 1 1 0 0 0 0 0 1 0 0 1 1 1 0 1 0 1 0 1 0 0 1 1 0 0 0 1 1 1
 1 1 0 0 0 1 1 1 0 1 0 0 0 0 0 0 0 0 0 0 1 1 1 1 1 1 1 1 0 1 0 1 1 0 0 1 0
 0 1 0 0 0 1 0 0 1 0 1 0 1 0 0 0 1 0 1 1 0 0 1 1 0 1 0 1 1 0 0 0 0 0 1 1 1
 1 0 0 0 1 1 1 0 1 0 0 1 1 1 0 1 1 0 0 1 0 0 0 1 0 0 0 0 1 1 1 0 1 0 0 0 1
 0 0 1 1 0 1 0 1 0 0 0 1 1 1 1 0 1 0 0 0 0 0 0 0 1 0 1 1 0 0 0 1 0 0 1 0 1
 1 1 1 0 1 0 0 1 1 0 1 0 1 1 0 0 1 0 1 0 0 0 0 1 1 1 0 1 0 0 0 0 1 1 1 1 0
 0 0 1 0 0 1 0 1 0 1 0 0 1 1 0 1 0 1 1 0 1 1 0 0 0 1 0 0 0 0 0 1 0 1 0 0 0
 1 0 1 0 0 0 0 1 0 1 0 1 1 0 0 0 1 0 1 1 0 1 0 1 1 1 1 1 1 0 1 0 0 0 1 1 1
 0 0 0 0 0 1 1 0 1 1 1 1 1 1 0 0 0 0 1 1 0 1 0 0 1 0 0 0 0 0]

Synthetic samples indexes: [  0   3   4   8   9  10  12  16  18  19  20  21  23  25  26  28  30  32
  34  37  38  44  45  50  51  52  53  54  56  57  58  59  61  65  66  67
  69  71  72  80  82  83  84  85  89  92  93  96 100 103 105 106 113 115
 120 121 123 124 126 128 129 133 138 140 141 143 145 148 149 151 152 155
 156 157 159 161 163 164 165 167 168 172 174 176 179 180 181 182 185 186
 187 192 193 194 195 196 197 198 199 205 206 207 210 213 214 215 216 220
 221 228 231 232 235 237 239 240 241 242 247 248 251 254 255 256 261 262
 264 265 266 267 269 271 272 273 274 276 277 278 279 280 281 284 287 289
 291 292 297 298 300 302 303 304 305 311 314 315 316 318 320 322 325 326
 330 332 333 334 338 339 340 342 353 354 355 356 357 358 359 360 362 364
 365 368 371 375 378 380 382 386 388 389 393 395 398 404 405 406 407 411
 412 413 415 418 419 420 422 423 426 430 435 437 439 443 446 447 449 451
 455 456 457 458 460 468 471 475 478 480 481 483 485 488 489 493 494 497
 499 504 505 506 508 513 514 515 516 520 523 525 527 530 531 533 535 536
 538 539 543 549 551 555 557 562 564 566 567 571 573 574 576 578 581 582
 583 585 589 590 591 597 598 600 601 602 603 604 610 611 616]

