Clustering algorithm selected: kmeans++
=====================================

Clustering evaluation metric: dbc
Clustering evaluation value: 0.16430766813329734

========== Cluster 0 ==========

Base classifier: GaussianNB()

Minority Class: 0

Selected Features: [ 0  1  2  3  4  5  6  7  8  9 10 11 12 13 14 15 16 17 18 19 20 21 22 23
 24 25 26 27 28 29 30]

Labels: [0 1 1 1 1 0 0 1 0 0 1 1 0 1 1 0 1 0 0 0 0 1 0 0 1 1 1 0 1 1 1 1 0 0 0 0 1
 0 0 0 1 0 1 0 1 0 1 1 0 0 0 0 1 1 1 0 1 1 0 0 1 1 0 1 0 1 1 1 1 0 1 0 0 1
 1 1 0 1 0 1 0 1 1 1 0 0 1 0 0 1 0 1 1 1 0 1 1 0 1 0 0 0 0 1 0 1 1 1 0 0 1
 0 0 0 0 1 1 1 1 0 1 1 1 1 0 0 0 0 1 0 0 0 1 0 1 0 0 1 0 1 1 1 0 1 0 0 0 0
 0 1 0 0 0 1 1 1 1 0 0 1 1 0 0 0 0 0 1 1 0 0 1 0 0 0 0 0 1 0 0 1 1 1 1 1 0
 0 1 0 1 0 1 1 0 0 0 1 0 1 1 1 1 0 0 1 1 0 0 0 1 1 1 1 1 0 1 0 1 0 0 1 1 1
 1 1 1 0 1 1 1 1 1 1 1 0 0 1 0 1 1 0 0 1 1 0 0 0 1 0 0 1 0 0 0 1 1 1 1 1 1
 1 0 0 0 0 0 0 0 0 1 1 0 1 0 1 0 1 0 1 1 1 0 1 0 1 0 1 1 0 0 0 1 1 0 0 0 1
 1 0 1 0 0 0 0 1 0 1 0 1 1 0 1 1 1 1 0 0 0 1 1 0 0 1 0 0 0 1 0 1 0 0 0 0 0
 0 1 1 0 0 1 1 0 1 1 1 0 1 0 1 0 1 1 1 0 0 0 0 0 0 0 1 0 1 0 1 1 1 1 0 1 0
 1 1 1 1 1 1 0 0 0 0 1 0 1 1 0 1 0 0 0 1 0 0 1 1 0 0 1 0 1 0 1 1 0 0 1 0 0
 1 0 1 0 0 1 1 0 0 0 0 0 0 1 0 0 1 1 0 1 1 0 0 1 1 0 1 1 0 0 1 0 1 1 1 1 0
 1 0 0 1 0 1 1 1 0 1 1 0 1 0 0 1 1 0 0 1 1 0 0 1 1 1 1 0 1 1 1 1 0 0 0 0 0
 1 0 0 1 1 0 0 1 1 0 0 1 1 1 0 1 1 1 0 0 0 1 1 0 1 0 1 1 0 0 0 1 0 1 0 0 0
 0 0 1 1 0 1 0 1 1 1 1 1 1 0 1 1 1 0 1 1 0 0 1 0 0 0 1 1 0 0 1 0 1 1 1 1 0
 0 1 0 1 0 0 1 1 1 0 0 0 1 0 1 1 1 1 0 0 0 0 1 0 0 0 0 1 1 0 0 1 0 0 0 0 1
 1 1 0 1 0 0 1 1 0 0 1 1 1 0 0 1 1 0 1 0 0 0 1 1 1 0 1 0 1 0 0 1 0 0 1 0 1
 1]

Synthetic samples indexes: [  1   2   3   4   7  10  11  13  14  21  24  25  26  28  29  30  31  36
  40  42  44  46  47  52  53  54  56  57  60  61  63  65  66  67  68  70
  74  79  81  83  86  91  92  93  95  96  98 103 106 107 110 115 116 117
 118 120 121 122 123 128 132 134 139 140 141 143 149 153 154 155 159 160
 166 167 170 176 179 180 181 182 183 186 188 190 191 195 197 198 199 200
 204 208 209 210 211 212 214 216 219 220 221 222 223 224 226 229 230 231
 232 237 238 241 242 249 253 254 255 256 257 258 259 268 269 271 273 277
 278 279 281 283 285 286 290 295 296 298 303 305 307 308 310 311 313 317
 318 321 325 327 334 335 338 339 341 342 343 345 347 349 350 359 361 363
 364 365 366 370 371 373 374 375 380 383 385 392 393 396 398 400 401 404
 407 409 412 413 423 424 426 427 430 431 433 434 437 439 440 441 447 449
 450 451 454 456 459 460 463 464 467 468 469 470 473 474 475 481 484 485
 488 489 492 493 494 496 497 498 502 503 505 507 508 512 514 520 521 523
 525 526 527 528 529 530 533 536 537 540 544 545 548 550 551 552 553 556
 558 561 562 563 567 570 571 572 577 582 583 586 591 592 593 595 598 599
 602 603 604 607 608 610 614 615 616 618 620 626 628 629]

========== Cluster 1 ==========

Base classifier: GaussianNB()

Minority Class: 0

Selected Features: [ 0  1  2  3  4  5  6  7  8  9 10 11 12 13 14 15 16 17 18 19 20 21 22 23
 24 25 26 27 28 29 30]

Labels: [0 1 0 0 0 0 1 0 0 1 1 1 1 1 0 1 1 0 1 1 1 0 1 1 1 0 1 0 0 1 0 1 1 1 0 1 0
 0 0 1 1 1 1 0 0 0 0 0 1 0 0 0 0 0 0 1 1 0 0 0 1 0 1 0 0 0 0 0 1 0 0 0 1 1
 1 1 0 1 0 0 1 1 0 0 1 0 0 0 1 0 1 0 1 1 0 1 1 1 0 1 0 1 1 1 0 0 1 0 0 1 0
 0 0 0 0 0 0 1 1 0 1 1 0 1 1 1 1 0 0 1 1 0 1 0 1 0 1 0 0 1 0 1 1 0 1 0 1 1
 1 0 0 0 0 1 0 1 0 1 0 0 1 1 0 0 1 1 1 1 0 0 1 1 1 1 1 1 0 0 1 1 0 1 1 1 1
 1 1 0 0 0 1 1 1 0 1 1 0 0 0 1 0 1 0 1 1 0 0 0 1 1 0 1 1 1 1 1 1 1 0 1 1 0
 0 0 0 1 1 0 1 0 0 1 0 1 0 1 1 0 0 0 1 0 0 0 0 1 0 0 0 1 0 0 1 1 0 0 0 0 1
 0 1 1 0 0 1 0 0 1 1 1 1 1 0 0 1 0 1 0 0 0 1 0 1 1 0 1 0 1 1 0 0 1 1 1 1 0
 0 1 0 1 1 0 0 0 0 0 0 1 1 1 0 0 1 1 1 0 1 1 0 1]

Synthetic samples indexes: [  0   2   3   4   5   7   8  14  17  21  25  27  28  30  34  36  37  38
  43  44  45  46  47  49  50  51  52  53  54  57  58  59  61  63  64  65
  66  67  69  70  71  76  78  79  82  83  85  86  89  91  94  98 100 104
 105 107 108 110 111 112 113 114 115 116 119 122 128 131 135 137 138 140
 143 145 149 150 151 152 154 156 158 159 162 163 168 169 176 177 180 187
 188 189 193 196 198 200 202 205 206 207 210 218 221 222 223 224 227 229
 230 232 234 237 238 239 242 243 244 246 247 248 250 251 254 255 256 257
 259 262 263 265 266 272 273 275 277 278 279 281 284 286 289 295 296 298
 301 302 303 304 305 306 310 311 315 318]

