Clustering algorithm selected: kmeans++
=====================================

Clustering evaluation metric: dbc
Clustering evaluation value: 0.16295692700970665

========== Cluster 0 ==========

Base classifier: GaussianNB()

Minority Class: 0

Selected Features: [ 0  1  2  3  4  5  6  7  8  9 10 11 12 13 14 15 16 17 18 19 20 21 22 23
 24 25 26 27 28 29 30]

Labels: [0 0 1 1 0 1 1 1 0 1 1 0 0 0 1 1 0 1 0 1 1 0 1 0 1 1 1 0 0 0 0 1 0 0 1 1 0
 1 1 1 1 1 1 0 1 0 0 1 0 0 1 0 1 1 0 1 0 0 0 1 0 0 1 1 1 0 0 0 0 1 1 1 0 0
 1 1 1 1 1 1 0 0 0 1 0 1 1 1 0 1 1 0 1 1 1 0 1 1 0 1 0 1 1 1 1 1 0 1 0 1 0
 1 0 0 0 0 1 1 1 0 0 0 0 1 1 1 0 0 0 0 0 0 1 0 1 1 0 1 1 0 1 0 1 1 1 0 1 1
 1 0 0 1 0 0 1 1 1 1 1 1 1 0 1 0 0 1 0 1 1 1 1 1 1 1 0 1 1 0 1 1 1 0 1 1 0
 1 0 1 0 1 0 0 1 0 0 1 0 0 1 1 0 1 0 1 0 0 1 0 1 1 0 0 1 1 0 0 1 0 1 0 0 1
 0 1 1 0 0 1 0 0 1 0 1 1 0 0 1 0 0 1 1 0 1 0 1 0 1 0 1 1 1 0 0 1 1 1 1 0 1
 0 1 1 1 0 1 0 1 0 0 0 1 0 0 1 1 0 0 1 0 0 0 1 1 0 0 1 1 1 0 1 1 1 1 1 0 1
 0 0 0 0 0 1 0 0 0 0 0 1 1 0 0 1 1 1 1 1 1 0 1 0 1 0 0 0 1 1 1 0 0 1 1 1 0
 1 0 0 0 1 1 1 0 0 0 0 1 0 0 0 1 1 0 1 0 0 1 0 1 0 0 1 0 0 0 1 1 0 0 1 1 1
 1 0 0 1 1 0 0 0 0 0 0 1 1 0 0 0 1 0 0 0 0 0 0 0 0 1 1 0 0 0 0 0 1 0 1 0 0
 1 1 1 1 0 0 0 1 0 1 1 0 0 0 0 1 1 1 1 0 1 1 0 0 0 1 0 1 0 0 1 1 0 0 1 0 1
 0 0 0 0 0 0 0 0 1 0 0 0 0 1 1 0 0 0 1 1 0 0 0 1 0 0 0 1 1 0 1 1 1 1 1 1 1
 1 1 0 1 1 1 0 1 1 1 0 0 1 1 0 1 1 1 1 0 0 0 1 0 0 1 0 1 1 0 0 1 1 0 1 0 0
 0 0 0 0 1 1 0 1 1 1 0 1 0 0 1 0 0 1 1 1 1 1 1 0 0 1 1 0 0 0 0 1 0 0 1 0 1
 0 0 1 1 1 1 0 0 1 0 1 0 1 0 1 1 1 0 0 0 0 1 1 1 1 0 1 1 0 0 1 0 0 1 0 1 1
 0 1 1 0 0 0 0 1 0 0 0 0 0 1 1 1 1 1 0 0 0 1 1 0 0 1 0 1 1 1 0 0 0 0]

Synthetic samples indexes: [  2   3   5   6   7   9  17  19  20  22  24  25  26  31  34  35  38  39
  40  41  42  44  47  50  52  53  55  59  62  63  64  69  70  71  74  75
  76  77  78  79  83  85  86  87  89  90  92  94  96  97  99 101 102 103
 104 105 107 109 111 116 117 118 123 124 132 135 137 138 140 142 143 144
 146 147 148 151 154 155 156 157 158 159 160 162 165 167 168 169 170 171
 172 173 175 176 178 179 180 182 185 187 189 192 195 198 199 201 203 206
 208 209 212 213 216 218 221 223 224 230 232 233 236 239 240 244 246 248
 249 250 253 254 255 256 258 260 261 262 264 266 273 274 277 281 282 285
 286 287 289 290 291 292 295 307 308 311 313 314 315 316 318 320 324 325
 326 329 330 331 333 337 338 339 344 348 349 356 359 363 364 367 368 369
 370 373 374 381 382 386 402 404 407 408 409 410 414 416 417 422 423 424
 425 427 432 434 438 441 452 457 458 462 467 471 472 474 475 476 477 478
 479 480 481 482 485 486 488 489 490 493 494 496 497 498 503 506 508 509
 512 515 522 523 525 526 527 532 535 536 537 538 539 540 543 544 552 557
 558 559 560 563 565 567 569 570 571 576 577 578 579 581 582 585 588 590
 591 594 599 605 606 607 608 609 613 617 619 620 621]

========== Cluster 1 ==========

Base classifier: GaussianNB()

Minority Class: 0

Selected Features: [ 0  1  2  3  4  5  6  7  8  9 10 11 12 13 14 15 16 17 18 19 20 21 22 23
 24 25 26 27 28 29 30]

Labels: [1 1 0 0 0 1 1 0 0 0 0 0 1 1 1 0 1 0 1 0 1 0 1 0 0 0 0 1 0 1 1 0 1 1 0 0 1
 1 1 0 1 1 0 0 0 1 1 0 1 1 1 1 1 1 1 0 1 1 0 0 1 0 1 0 0 0 0 0 1 0 0 0 1 0
 0 1 1 1 0 0 0 1 0 0 0 1 0 1 1 1 0 0 1 1 0 1 1 0 1 1 1 1 0 0 1 1 0 0 0 1 0
 1 1 0 0 0 1 1 0 0 0 1 1 1 0 1 0 1 0 1 0 1 0 1 1 1 0 1 1 0 0 1 1 0 1 0 1 1
 1 0 1 0 1 1 1 0 1 0 1 1 0 0 1 1 0 0 0 1 0 1 0 1 0 1 0 0 0 1 1 1 0 1 0 1 0
 1 1 1 1 1 1 0 1 1 0 0 0 1 0 1 0 1 1 1 0 1 1 1 1 0 1 0 1 0 0 0 1 1 1 0 0 1
 0 1 1 0 1 0 0 0 0 0 1 0 1 1 1 0 0 0 1 0 1 0 0 0 0 0 0 0 1 1 1 0 1 0 0 1 1
 1 0 1 1 0 0 1 0 1 1 0 0 0 0 1 1 1 1 1 0 1 1 0 0 0 0 1 1 0 0 1 1 1 0 1 0 0
 0 0 0 1 1 0 0 0 0 0 1 0 0 1 0 1 0 1 0 1 1 0 0 0 0 1]

Synthetic samples indexes: [  2   3   4   7   8   9  10  11  15  17  19  21  23  24  25  26  28  31
  34  35  39  42  43  44  47  55  58  59  61  63  64  65  66  67  69  70
  71  73  74  78  79  80  82  83  86  90  91  94  97 102 103 106 107 108
 110 113 114 115 119 120 124 126 128 130 132 136 139 140 143 145 149 151
 155 157 160 164 165 166 168 170 172 174 175 176 180 182 184 191 194 195
 196 198 200 211 213 214 215 219 222 225 227 228 229 230 231 233 237 238
 239 241 243 244 245 246 247 248 249 253 255 256 260 263 264 266 269 270
 271 272 278 281 282 283 287 288 292 294 295 297 298 301 302 303 304 305
 307 308 310 312 314 317 318 319 320]

