Clustering algorithm selected: spectral
=====================================

Clustering evaluation metric: dbc_rand
Clustering evaluation value: 0.22736074243829468

========== Cluster 0 ==========

Base classifier: LogisticRegression()

Minority Class: 1

Selected Features: [17  3  2  4 13  6  5 20  8  1  7 10  9 19 11 12 14 15]

Labels: [1 1 1 0 2 1 2 0 0 1 0 1 0 1 1 1 2 2 0 0 0 2 1 1 1 1 0 1 2 0 1 2 0 2 1 0 1
 1 1 2 2 1 1 0 0 0 0 0 1 0 2 1 0 1 2 0 0 1 0 0 0 1 2 2 1 1 1 2 2 1 2 1 2 0
 0 2 0 0 2 2 2 1 1 2 0 1 0 0 1 1 0 0 0 0 2 1 0 1 0 2 1 1 0 0 0 0 2 1 1 1 1
 1 2 1 1 2 2 1 2 2 1 1 2 2 0 2 2 0 0 2 1 0 2 2 1 0 1 1 2 2 1 1 2 2 1 2 2 0
 0 0 1 1 1 0 1 1 1 2 1 2 0 1 1 0 1 1 1 0 0 1 1 1 1 1 1 0 2 2 2 2 2 0 2 1 0
 0 1 0 1 2 0 2 2 2 1 1 0 1 2 0 0 2 0 2 0 1 2 0 1 2 0 2 0 0 2 2 2 2 1 0 2 0
 0 2 0 2 1 1 1 1 0 2 1 2 1 0 2 2 2 2 1 1 2 0 1 2 1 2 0 1 0 0 0 2 0 2 1 1 1
 2 1 2 0 0 0 1 2 0 1 1 0 0 0 1 2 0 0 2 1 2 1 0 0 1 0 0 0 2 0 1 0 0 0 0 1 2
 0 2 2 0 0 1 2 2 2 1 0 0 0 0 2 1 2 0 1 1 2 2 1 2 1 0 2 1 0 2 2 2 2 2 0 2 2
 0 0 0 0 2 0 1 0 2 0 1 0 0 0 2 2 1 2 0 2 2 1 2 2 0 1 0 2 2 2 0 0 0 2 1 1 0
 0 0 1 2 2 0 0 0 0 1 1 2 2 2 2 2 2 1 2 1 0 2 0 2 1 1 2 1 2 1 0 1 0 1 0 2 1
 1 0 0 0 2 2 1 1 2 2 2 1 2 2 2 2 2 1 0 1 2 2 1 2 1 0 0 2 2 2 2 0 2 1 2 1 0
 0 1 1 1 2 0 2 0 1 2 1 1 1 1 1 2 0 0 2 2 2 2 0 2 2 0 1 2 1 0 1 0 1 0 0 1 0
 2 0 1 2 2 0 2 2 2 1 0 2 1 2 2 1 1 2 1 1 0 1 1 1 1 1 1 1 0 1 2 2 2 0 0 2 2
 0 1 1 2 2 1 1 2 0 1 2 2 0 1 1 1 1 0 0 2 0 0 0 2 1 2 1 0 1 0 1 1 2 1 2 0 1
 0 1 1 0 2 2 0 0 0 0 0 0 2 1 1 0 2 2 1 1 2 2 1 1 2 1 1 1 2 1 2 0 1 0 1 0 1
 0 0 2 0 1 2 0 2 2 2 1 2 2 2 0 2 2 0 0 1 0 1 0 2 0 2 0 0 0 1 0 2 0 2 0 2 0
 2 0 0 1 0 0 2 1 2 0 2 2 2 1 0 1 0 2 2 1 1 2 2 1 0 1 2 2 1 0 1 0 2 0 2 0 0
 0 0 1 2 0]

========== Cluster 1 ==========

Base classifier: LogisticRegression()

Minority Class: 1

Selected Features: [17 16  5 20  4 12  3 18  0  1  9  2  8 14 11 19  7  6]

Labels: [2 0 0 0 0 0 2 0 2 2 2 0 1 0 0 2 0 0 2 2 2 0 0 2 1 2 0 0 2 2 2 0 0 0 0 0 0
 0 2 0 0 0 2 2 0 0 0 2 0 0 0 2 0 0 0 2 2 0 0 0 2 2 1 0 0 1 0 0 0 2 2 0 0 0
 0 0 0 0 0 2 0 0 0 0 2 2 0 2 0 0 0 0 0 0 2 0 2 0 2 2 2 1 0 2 1 2 2 2 0 0 2
 0 0 0 2 0 2 0 2 0 2 1 2 1 1 0 0 0 2 0 2 0 0 1 0 2 2 1 2 2 2 2 2 2 2 2 2 2
 2 0 0 0 0 0 1 1 0 2 2 1 0 0 2 0 1 2 0 2 1 1 2 0 2 0 0 0 2 2 2 1 2 2 2 0 0
 0 2 2 0 0 0 0 2 2 0 0 1 2 1 2 0 0 2 2 0 1 0 2 0 0 2 0 0 0 0 2 1 1 0 2 0 0
 2 0 0 0 2 0 2 0 1 0 2 0 2 0 0 0 0 0 0 2 0 2 0 2 1 0 0 0 0 0 2 0 0 0 0 0 2
 0 1 1 2 2 2 0 2 0 2 0 0 0 1 0 0 0 2 0 2 0 2 2 2 0 0 2 0 0 2 0 2 0 1 1 2 0
 0 0 2 0 0 0 0 2 0 1 2 2 2 0 2 2 2 1 0 0 0 1 0 0 0 0 0 2 0 0 0 0 0 2 0 2 2
 2 0 2 2 0 0 0 0 1 0 2 1 0 0 0 2 1 0 2 2 2 0 1 0 0 2 0 2 0 1 0 0 0 0 1 1 0
 2 1 0 2 0 0 2 0 2 0 0 2 0 2 2 0 2 1 0 2 2 0 1 2 0 1 0 2 0 0 0 0 0 0 0 0 0
 0 1 1 2 2 0 2 0 2 0 2 1 0 0 0 0 0 0 0 0 0 2 2 2 0 2 0 2 1 1 2 0 0 2 1 0 0
 0 0 1 2 0 1 0 2 0 2 2 0 2 1 0 2 0 0 0 0 1 2 0 0 2 0 0 0 0 2 2 2 1 1 2 0 2
 0 1 0 0 2 2 2 2 0 0 2 0 2 0 2 0 1 0 0 2 2 0 2 0 0 0 2 2 0 0 2 2 2 0 0 2 0
 0 0 0 0 2 0 0 1 0 0 2 1 0 2 0 2 2 2 0 0 0 0 0 2 0 0 1 1 2 0 2 1 2 0 0 2 2
 2 0 2 2 0 0 2 2 0 0 2 0 0 2 1 2 0 0 2 2 1 1 2 2 1 2 1 2 1 0 1 2 2 0 0 2 0
 1 0 2 0 2 0 1 0 0 0 0 0 0 0 0 1 0 0 0 2 0 2 0 1 1 2 0 2 0 2 0 0 0 2 1 2 0
 0 0 0 0 2 2 2 0 2 2 0 0 0 2 2 2 0 2 0 2 1 1 0 0 2]

