Clustering algorithm selected: kmeans
=====================================

Clustering evaluation metric: dbc_ss
Clustering evaluation value: 0.30713806612687655

========== Cluster 0 ==========

Base classifier: RandomForestClassifier()

Selected Features: [32 34 33 31 36 20 35 28 11 29 30 23 10 37 15 17  5 25  1  3 21 14 16 26
  6 27  0  8 13  4 12 24]

Labels: [0 0 0 0 0 0 0 0 0 0 0 0 0 0 1 1 1 0 0 0 0 0 0 1 0 0 0 0 0 0 1 0 0 1 1 0 0
 0 0 0 0 1 1 0 1 0 0 0 1 0 0 0 0 0 0 0 0 1 0 0 0 0 1 0 0 0 0 0 1 0 0 0 1 0
 0 1 1 0 0 0 1 1 0 0 0 1 0 0 1 1 0 1 0 0 0 0 0 1 0 0 1 1 1 1 0 0 0 0 0 0 1
 0 1 1 0 0 1 0 0 0 0 1 0 0 1 0 0 0 0 0 0 1 0 0 0 0 0 1 1 1 0 0 0 1 0 0 0 1
 0 0 1 1 1 1 1 1 1 1 1 1 1 1 1 1 1 1 1 1 1 1 1 1 1 1 1 1 1 1 1 1 1 1 1 1 1
 1 1 1 1 1 1 1 1 1 1 1 1 1 1 1 1 1 1 1 1 1 1 1 1 1 1 1 1 1 1 1 1 1 1 1]

========== Cluster 1 ==========

Base classifier: GradientBoostingClassifier()

Selected Features: [32 34 33 37 31 23  7  8  0 16 28 11 12  3 17 14  1  9  4 30 35 36 19 18
 21 20 22 26 25 24 29 27 15]

Labels: [0 0 0 0 0 0 0 0 0 1 0 0 1 0 0 0 1 1 1 0 1 0 1 1 1 0 0 0 1 0 0 0 1 1 0 0 0
 0 0 1 1 1 0 0 1 1 0 0 0 1 1 1 0 1 1 0 0 0 1 0 1 1 0 0 1 0 1 0 1 1 0 1 1 0
 0 0 0 0 0 0 1 0 0 1 1 1 1 0 1 1 0 1 1 1 1 0 1 0 0 1 0 0 0 0 0 1 1 0 1 1 1
 0 1 0 1 1 0 1 1 0 0 0 1 0 0 1 0 1 1 0 0 0 1 1 1 1 0 0 0 1 0 0 0 0 0 1 0 1
 1 1 0 0 0 0 1 1 1 1 1 0 1 0 0 1 0 1 0 1 1 1 1 0 1 0 1 0 1 1 0 1 0 1 1 1 0
 1 0 1 0 1 0 1 0 1 1 0 0 1 0 1 0 0 1 1 0 1 1 0 1 0 1 1 0 1 1 1 0 1 1 1 0 0
 1 0 1 1 1 0 0 1 1 0 0 0 1 0 0 0 0 0 1 1 0 0 0 1 1 0 0 0 0 1 1 0 1 0 0 0 1
 0 0 0 1 0 0 1 0 0 1 1 1 0 1 0 1 0 0 1 0 1 0 1 1 1 0 0 1 1 0 1 0 0 1 0 0 0
 1 1 1 1 0 0 0 1 1 0 1 0 1 0 0 1 1 0 0 1 1 0 1 0 0 1 1 1 0 1 1 0 1 1 1 0 0
 1 1 0 0 1 1 1 0 0 1 0 1 1 1 0 0 0 1 0 1 1 0 0 1 0 1 0 0 1 1 0 0 1 1 1 0 1
 1 1 0 1 0 0 1 0 1 0 0 0 1 0 0 0 1 0 0 0 1 1 1 1 0 1 1 0 0 0 0 1 1 1 1 1 1
 1 0 1 1 1 0 0 0 1 0 1 0 0 1 1 1 0 0 1 1 1 0 0 0 1 1 1 0 0 1 1 0 0 1 1 0 1
 0 1 1 1 0 0 1 1 1 1 0 0 1 1 1 0 1 0 1 1 1 0 0 1 0 1 1 0]

