Clustering algorithm selected: fcm
=====================================

Clustering evaluation metric: dbc
Clustering evaluation value: 0.10496306716122575

========== Cluster 0 ==========

Base classifier: GaussianNB()

Minority Class: 1

Selected Features: [1 5 3 6]

Labels: [0 0 0 0 1 0 1 0 0 1 0 0 0 0 1 0 1 1 1 1 0 0 1 0 0 1 0 0 0 0 0 0 0 0 0 1 0
 1 0 0 0 0 1 0 0 0 1 0 0 0 0 0 0 0 0 1 0 0 0 0 1 0 0 0 0 0 1 0 0 0 0 0 0 0
 1 0 0 0 0 0 0 0 1 0 0 1 0 0 0 1 0 0 0 0 0 1 0 0 0 1 0 1 1 0 0 0 1 0 0 0 0
 0 1 1 0 0 0 0 0 0 0 0 0 0 0 0 1 0 0 0 1 1 0 1 0 0 0 0 0 0 0 0 0 0 0 0 0 1
 0 0 0 0 0 0 0 0 0 0 0 1 0 0 0 0 0 0 0 0 0 0 1 0 0 0 0 0 1 0 1 1 0 0 0 1 1
 0 0 0 1 1 0 1 0 1 0 1 0 1 0 1 0 0 1 0 0 0 0 0 1 0 0 0 0 0 0 0 1 0 0 1 0 0
 0 1 1 1 0 1 0 0 1 0 1 0 0 0 1 1 1 0 0 0 0 0 1 0 0 1 0 0 0 0 0 0 1 0 0 1 0
 1 0 0 0 0 0 0 0 0 0 0 0 0 0 0 1 0 0 0 0 0 0 0 0 0 0 1 0 0 0 0 0 1 0 0 0 0
 1 0 1 1 0 0 0 0 1 1 0 0 0 1 0 0 0 0 0 0 0 0 0 1 0 0 0 0 0 0 0 0 0 0 0 1 0
 1 0 0 0 1 0 0 0 0 1 0 1 0 0 0 1 0 0 0 0 0 1 1 0 0 0 0 0 1 1 0 0 0 0 0 0 1
 1 0 0 0 0 1 0 1 0 0 0 0 1 0 0 0 1 0 0 0 0 0 0 0 1 1 1 0 0 0 0 1 0 1 0 0 0
 0 0 0 1 1 1 0 0 0 0 0 0 0 0 1 0]

========== Cluster 1 ==========

Base classifier: GaussianNB()

Minority Class: 0

Selected Features: [4 3 1 5 7]

Labels: [0 0 0 0 0 0 1 0 0 1 0 0 0 1 1 1 0 1 1 0 0 0 1 1 0 0 1 1 0 1 1 0 1 1 0 0 0
 0 1 1 1 1 0 0 0 1 1 1 1 1 0 1 0 1 1 1 0 1 1 1 1 1 1 0 0 1 0 0 1 0 1 1 1 0
 1 0 1 0 0 1 0 0 1 0 1 0 0 1 0 1 1 1 1 0 0 0 0 0 1 0 1 1 1 1 1 1 1 0 0 1 0
 1 0 0 1 0 0 1 0 0 1 1 1 0 1 0 1 0 0 0 1 0 0 1 1 0 1 1 0 1 1 0 1 1 1 1 0 1
 1 0 0 0 1 0 0 0 0 1 1 1 1 1 1 1 0 1 0 0 1 0 1 1 0 0 0 1 1 1 1 0 0 0 1 1 0
 1 0 0 0 0 1 0 1 0 1 0 1 1 1 1 1 1 0 0 0 0 0 0 0 1 0 0 1 0 1 1 1 0 0 0 0 1
 1 0 1 1 1 1 0 1 1 1 1 1 1 1 0 1 0 0 0 0 0 1 0 1 0 1 1 1 1 0 1 0 1 0 0 0 1
 0 0 1 1 1 0 1 1 1]

