Clustering algorithm selected: fcm
=====================================

Clustering evaluation metric: dbc
Clustering evaluation value: 0.11162753086032706

========== Cluster 0 ==========

Base classifier: SVC(probability=True)

Minority Class: 0

Selected Features: [1 7]

Labels: [1 1 1 0 1 1 1 1 0 0 0 1 0 0 0 1 1 0 0 0 1 0 1 0 1 1 1 1 1 0 1 0 0 0 0 1 0
 1 0 1 0 1 1 0 0 1 1 1 1 1 0 0 0 0 0 0 0 1 1 0 1 1 0 0 1 1 1 0 1 1 1 0 1 1
 0 0 0 0 0 1 1 0 1 1 0 1 1 1 1 1 1 1 1 0 0 1 0 0 1 1 0 0 0 0 0 1 0 0 0 1 0
 1 1 1 1 0 0 1 0 0 0 0 0 1 0 0 0 1 1 1 1 1 1 0 0 0 0 1 1 0 0 1 1 1 1 0 1 1
 0 1 1 0 1 0 1 0 1 1 1 1 0 0 0 0]

========== Cluster 1 ==========

Base classifier: GaussianNB()

Minority Class: 1

Selected Features: [3 5 4 0]

Labels: [0 0 0 0 0 0 0 1 0 0 0 0 1 1 1 0 0 0 1 0 0 0 0 0 0 0 0 1 0 0 1 0 0 0 0 0 0
 0 0 0 0 0 0 0 0 0 0 0 0 0 0 0 0 0 0 0 0 0 0 0 0 0 0 0 1 0 0 0 0 0 0 0 0 0
 0 0 0 0 0 0 0 0 0 0 0 0 0 0 1 0 0 0 0 0 0 0 0 0 0 0 0 0 0 0 0 0 0 0 0 0 0
 1 0 0 0 0 0 0 0 0 0 0 1 0 1 0 0 0 0 0 1 0 1 0 1 0 1 0 0 0 0 0 1 0 0 0 0 0
 0 0 0 0 0 1 1 1 0 0 0 0 0 1 0 0 0 0 0 0 0 0 0 0 0 0 0 0 0 0 0 0 0 0 0 0 0
 0 0 0 0 1 0 0 0 0 0 0 0 0 0 1 0 0 0 0 0 0 1 0 1 1 0 0 0 0 0 0 0 0 0 0 0 0
 0 0 0 0 0 0 0 0 0 0 0 1 0 1 0 0 0 0 1 0 0 0 0 1 0 0 0 0 0 1 0 0 0 0 0 0 0
 0 0 0 1 0 0 0 0 0 0 0 0 0 0 0 0 0 0 0 1 0 0 0 0 0 0 0 0 0 0 0 0 1 0]

========== Cluster 2 ==========

Base classifier: GaussianNB()

Minority Class: 0

Selected Features: [1 4]

Labels: [0 0 0 0 0 0 1 0 0 0 0 0 1 1 0 1 1 0 0 0 1 1 0 0 1 1 0 1 1 0 1 1 0 0 0 0 1
 1 1 0 0 0 1 1 1 0 1 0 1 1 1 0 1 1 1 1 1 0 1 0 0 0 1 0 0 1 0 0 0 0 0 0 1 1
 0 1 0 1 1 0 1 1 0 0 0 0 1 0 1 1 1 1 1 1 1 0 1 1 1 1 1 1 1 0 0 1 1 0 0 0 0
 0 1 1 0 1 0 0 0 1 0 0 1 1 0 1 1 1 1 0 1 1 1 1 0 1 1 0 0 0 1 0 0 0 1 1 1 1
 0 1 0 1 1 1 0 0 0 1 1 1 1 0 0 1 1 0 0 0 0 0 1 1 0 1 0 1 1 1 1 1 0 0 0 0 0
 0 1 0 0 1 0 1 1 1 0 0 0 1 1 1 1 1 1 0 1 1 1 1 1 1 0 0 0 0 0 1 0 1 1 1 0 1
 1 0 0 0 0 0 1 1 0 1 1 1]

