============== Classifiers Parameters ==============
[{'cost': 958.0438986840244, 'gamma': 308.9888002463067}, {'cost': 346.9134120169391, 'gamma': 660.1980970032845}, {'cost': 628.4952309630754, 'gamma': 855.658605277325}, {'cost': 139.70509094325826, 'gamma': 415.957092971777}, {'cost': 738.8556160212208, 'gamma': 690.8952549734574}, {'cost': 740.3059716413641, 'gamma': 435.12092465576677}, {'cost': 534.4612725671944, 'gamma': 4.945528410445174}]

Optimal clusterer: kmeans

External clustering metrics:
adjusted_rand_score: 0.20897851996277125
normalized_mutual_info_score: 0.1594578471568998
v_measure_score: 0.1594578471568998
fowlkes_mallows_score: 0.6056015296307854

Internal clustering metrics:
silhouette: 0.29122590862141745
davies_bouldin: 1.3826777786319882
calinski_harabasz_score: 304.91810527082765

Base classifier: svm
========== Cluster 0 ==========

Labels: [1 1 1 1 1 1 0 1 1 0 1 1 0 0 0 1 0 1 0 0 1 0 0 0 0 1 0 0 1 1 1 0 0 1 1 1 1
 1 0 0 1 0 0 1 0 0 1 0 1 1 0 1 1 0 0 1 1 1 0 0 0 1 1 0 1 1 0 0 1 1 0 1 0 1
 0 0 1 1 1 0 1 1 0 0 1 1 0 1 1 1 0 0 1 0 1 1 1 0 0 1 0 1 1 0 1 0 0 1 1 1 1
 1 1 0 1 0 0 0 0 0 0 0 1 0 1 0 0 1 0 0 0 0]

========== Cluster 1 ==========

Labels: [0 0 0 0 0 0 0 0 0 0 0 0 0 0 0 0 0 0 0 0 0 0 0 0 0 0 0 0 0 0 0 0 0 0 0 0 0
 0 0 0 0 0 0 0 0 0 0 0 0 0 0 0 0 0 0 0 0 0 0 0 0 0 0 0 0 0 0 0 0 0 0 0 0 0
 0 0 0 0 0 0 0 0 0 0 0 0]

========== Cluster 2 ==========

Labels: [1 1 1 1 1 1 1 1 1 1 1 1 1 1 1 1 1 1 1 1 1 1 1 1 1 1 1 1 1 1 1 1 1 1 1 1 1
 1 1 1 1 1 1 1 1 1 1 1 1 1 1 1 1 1 1 1 1 1 1 1 1 1 1 1 1 1 1 1 1 1 1 1 1 1
 1 1 1 1 1 1 1 1]

========== Cluster 3 ==========

Labels: [1 1 1 1 1 1 1 1 1 1 1 1 1 1 1 1 1 1 1 1 1 1 1 1 1 1 1 1 1 1 1 1 1 1 1 1 1
 1 1 1 1 1 1 1 1 1 1 1 1 1 1 1 1 1 1 1 1 1 1 1 1 1 1 1 1 1 1 1 1 1 1 1 1 1
 1 1 1 1 1 1 1 1]

========== Cluster 4 ==========

Labels: [1 0 0 1 1 0 1 0 1 0 1 1 0 1 0 0 1 0 0 1 0 1 0 0 0 1 0 1 1 1 1 1 0 1 0 1 0
 0 1 1 1 0 1 1 1 0 0 1 1 0 0 0 1 0 0 0 0 0 1 0 0 1 1 0 1 1 0 0 0 1 0 1 0 0
 1 0 1 1 0 1 1 1 0 0 1 1 1 0 1 1 0 1 1 0 0 1 1 0 1 1 0 1 1 0 0 1 1 1 1 0 0
 1 1 0 1 0 0 0 1 1 1 0 1 0 1 1 0 0 0 0 0 1 1 1 0 0 0 1 0 1 1]

========== Cluster 5 ==========

Labels: [0 0 0 0 0 0 0 0 0 0 0 0 0 0 0 0 0 1 0 0 0 0 0 0 0 0 0 0 0 0 0 0 0 0 0 0 0
 0 0 0 0 0 0 0 0 0 0 0 0 0 0 0 0 0 0 0 0 0 0 0 0 0 0 0 0 0 0 0 0 0 0 0 0 0
 0 0 0 0 0 0 0 0 0 0 0 0 0]

========== Cluster 6 ==========

Labels: [1 1 0 1 0 1 0 0 1 1 0 1 0 1 0 1 1 1 0 0 0 0 1 0 0 0 1 1 1 1 0 1 1 1 1 1 0
 1 1 0 1 0 0 1 1 0 0 0 0 0 1 1 1 0 0 1 1 1 1 0 0 1 1 0 0 0 0 0 1 0 1 0 1 1
 1 0 1 1 0 1 0 0 0 1 0 1 0 1 1 0 1 1 0 0 0 1 1 0 0 0 0 1 0 0 0 1 0 1 0 0]

