Clustering algorithm selected: fcm
=====================================

Clustering evaluation metric: rand
Clustering evaluation value: 0.34821871018969536

========== Cluster 0 ==========

Base classifier: LogisticRegression()

Minority Class: 1

Selected Features: [22 32  4 26 18 23 25 20 28 14 35 34  6 13 31  7 11  3 12  2  0 16 24]

Labels: [0 0 1 0 0 1 1 0 0 0 0 0 0 0 0 0 0 0 0 0 0 1 0 0 0 1 0 0 1 0 0 0 0 0 0 0 0
 0 0 0 0 0 0 0 0 0 0 0 0 0 1 0 0 1 0 0 0 0 0 0 0 0 0 1 0 0 0 1 0 1 0 0 0 0
 0 0 0 0 1 0 0 1 0 0 0 0 0 0 0 0 0 0 0 0 1 0 0 0 0 0 0 0 0 0 0 0 0 0 0 0 0
 1 0 0 0 0 0 0 0 0 0 1 1 0 0 0 0 0 0 0 0 1 0 0 0 1 0 0 0 0 0 1 0 0 0 0 0 0
 0 0 0 0 0 0 1 0 0 0 0 1 0 1 0 0 0 1 0 0 0 0 0 0 0 0 0 0 0 0 0 0 0 0 0 0 0
 0 0 0 1 0 0 0 0 0 0 0 1 0 0 0 0 1 1 1 0 0 0 0 0 0 0 0 0 0 0 0 0 0 0 0 0 1
 1 0 1 0 0 0 0 0 0 1 0 0 0 0 0 1 1 0 1 0 0 0 0 0 0 1 0 1 0 0 0 0 0 0 0 1 0
 0 0 0 0 0 1 0 1 0 0 0 0 0 0 0 0 0 0 1 0 0 0 0 0 0 0 0 0 0 0 0 0 0 1 0 0 0
 0 0 0 0 0 0 0 0]

========== Cluster 1 ==========

Base classifier: SVC(probability=True)

Minority Class: 0

Selected Features: [32 37 15 13 31 35  7 34  8 23 28 29 17 16 14 24 36  0 19 12  3 27  5 30
  1  2  4  6 33  9 20 10 11]

Labels: [1 1 1 1 1 1 1 0 1 0 0 1 0 0 1 1 1 1 1 1 1 1 0 1 1 1 1 1 0 1 1 0 1 0 0 1 1
 1 1 1 1 1 0 0 1 0 0 0 1 1 0 0 1 1 0 1 1 1 1 1 0 1 1 0 1 0 1 0 1 1 1 1 1 1
 1 1 1 0 0 1 0 0 1 1 1 1 0 1 1 1 1 1 1 1 0 1 0 1 1 1 1 1 1 0 0 1 1 1 1 0 1
 1 1 0 0 1 1 1 1 0 0 1 0 0 0 1 1 1 1 1 1 1 1 1 0 0 1 1 1 1 1 1 1 1 1 1 0 1
 1 1 0 1 0 1 0 1 0 1 1 1 0 1 1 1 0 1 1 0 1 1 1 1 1 1 1 1 1 1 0 1 1 1 1 0 1
 1 1 1 0 1 0 1 1 1 1 1 1 1 1 1 1 1 1 1 1 1 1 1 1 1 0 0 0 0 0 0 1 1 1 1 0 1
 0 1 1 1 0 0 0 1 1 0 1 0 0 1 1 1 1 0 1 1 1 1 1 1 1 0 0 1 0 1 0 1 1 1 0 1 1
 1 0 1 1 1 1 1 1 1 1 1 0 1 0 1 1 1 1 1 1 1 0 0 1 1 1 1 1 1 1 0 1 1 1 1 0 0
 1 1 1 0 1 1 1 1 1 0 1 1 1 1 1 1 1 0 1 1 1]

