Clustering algorithm selected: kmeans
=====================================

Clustering evaluation metric: silhouette
Clustering evaluation value: 0.15685367315374665

========== Cluster 0 ==========

Base classifier: GaussianNB()

Selected Features: [32 34 33 31 37 36 18 23 25  4 20  9 13 22 14 16  8 10 29 19 27 11 35 15
  7 26 12 24  3 30 17 21 28]

Labels: [1 0 1 1 0 1 0 0 1 0 0 1 1 0 0 0 0 1 0 0 0 0 0 0 0 1 0 1 0 0 0 0 0 0 0 0 1
 0 0 0 1 0 0 1 1 1 0 1 1 0 1 1 0 0 1 1 1 0 0 1 0 0 1 1 0 0 1 0 0 0 1 1 1 0
 1 0 1 1 1 0 0 0 1 0 0 0 1 1 0 0 0 0 0 1 1 1 0 0 1 1 0 0 0 1 1 1 0 1 1 0 0
 0 1 0 1 1 0 0 1 0 1 0 1 1 0 1 1 0 0 0 0 0 0 0 1 0 0 1 1 1 1 0 1 1 0 1 1 1
 1 0 1 0 0 1 0 0 0 0 0 1 1 0 1 1 1 0 1 0 1 1 0 1 1 0 0 0 1 0 0 1 0 1 1 0 0
 0 1 1 1 1 0 0 0 1 0 0 0 0 0 1 0 1 1 1 0 0 0 0 1 1 1 1 1 0 1 0 0 1 0 1 0 1
 1 1 1 0 1 0 1 0 1 1 0 1 0 1 1 1 0 1 0 1 0 1 0 1 0 1 1 0 0 1 0 1 0 0 1 1 0
 1 1 0 1 0 1 1 0 1 1 1 0 1 1 1 0 0 1 0 1 1 1 0 0 1 1 0 0 0 1 0 0 0 0 0 1 1
 0 0 0 1 1 0 0 0 0 1 1 0 1 0 0 0 1 0 0 0 1 0 0 1 0 0 1 1 1 0 1 0 1 0 0 1 0
 1 0 1 1 1 0 0 1 1 0 1 0 0 1 0 0 0 1 1 1 1 0 0 0 1 1 0 1 0 1 0 0 1 1 0 0 1
 1 0 1 0 0 1 1 1 0 1 1 0 1 1 1 0 0 1 1 0 0 1 1 1 0 0 1 0 1 1 1 0 0 0 1 0 1
 1 0 0 1 1 1 1 1 1 1 1 1 1 1 1 1 0 0 0 0 0 0 0 0 1 1 1 0 0 1 1 0 0 1 1 0 1
 0 1 1 1 0 0 1 1 1 1 0 0 1 1 1 0 1 0 1 1 1 0 0 1 0 1 1]

========== Cluster 1 ==========

Base classifier: GaussianNB()

Selected Features: [32 33 34 17 25 27 37  0  7 13  5 31  4 12 10 22  6 36 35 24 23 16 19 18
 21 20 28 29 30 26  8  9]

Labels: [1 0 1 1 0 0 0 0 0 1 1 0 0 0 0 0 0 0 0 0 0 1 0 1 0 0 0 0 0 1 1 1 0 0 0 0 0
 0 1 0 0 0 0 0 0 1 0 0 1 1 0 0 0 0 0 0 1 1 0 1 0 0 0 1 0 0 0 0 0 0 0 0 1 0
 0 0 0 1 0 0 0 0 0 1 0 0 0 1 0 0 1 1 0 0 0 1 1 0 0 0 1 0 0 1 1 0 1 0 0 0 0
 0 1 0 0 1 1 1 1 0 0 0 0 0 0 1 0 1 1 0 0 0 0 0 0 0 0 1 1 1 0 0 0 1 0 0 0 1
 0 0]

