Clustering algorithm selected: kmeans++
=====================================

Clustering evaluation metric: silhouette
Clustering evaluation value: 0.2638447932433433

========== Cluster 0 ==========

Base classifier: SVC(probability=True)

Selected Features: [1 3 5 6]

Labels: [0 0 0 1 1 1 1 1 0 0 1 0 0 1 0 0 1 0 0 0 1 0 0 1 0 1 0 1 0 1 1 1 1 0 1 1 1
 0 1 0 0 0 1 1 1 0 1 1 0 0 1 1 0 0 1 0 1 0 0 1 1 0 0 1 0 0 0 1 1 0 0 1 1 1
 1 1 0 1 1 0 0 1 1 1 1 0 1 1 1 0 0 0 1 1]

========== Cluster 1 ==========

Base classifier: GaussianNB()

Selected Features: [0 5 1 7 3 2]

Labels: [0 0 0 0 0 0 0 0 0 0 0 1 1 0 0 0 1 0 0 0 0 0 0 0 1 0 0 0 1 0 0 0 1 1 0 1 0
 0 0 1 0 0 0 0 1 0 0 0 0 0 0 0 0 0 0 1 0 0 0 1 0 0 0 0 0 0 0 0 0 0 0 0 0 0
 0 0 0 0 0 0 0 1 0 0 0 0 0 0 0 0 0 0 0 0 0 0 0 0 0 0 0 0 0 0 0 0 0 0 0 0 0
 1 0 1 0 0 0 0 0 1 1 0 1 0 1 0 1 0 0 0 0 0 0 1 0 0 0 0 0 0 0 0 0 0 1 1 1 0
 0 0 0 0 0 0 0 0 0 0 0 0 0 0 0 0 0 0 0 0 0 0 0 0 0 0 0 0 0 0 0 0 0 0 0 0 0
 1 0 1 0 0 0 0 1 0 0 0 0 0 0 0 0 0 0 0 0 0 0 0 0 0 0 0 1 1 0 0 0 0 1 0 0 0
 0 1 0 0 0 0 0 1 0 0 0 0 0 0 0 0 0 0 1 0 0 0 0 0 0 0 0 0 0 0 0 0 1 0 0 0 0
 0 0 1 0 0 0 0 0 0 1 0]

========== Cluster 2 ==========

Base classifier: GaussianNB()

Selected Features: [1 4]

Labels: [1 1 1 1 0 1 1 1 0 0 0 0 1 1 0 1 0 0 0 0 1 1 0 1 0 0 0 0 0 1 1 0 0 0 1 0 1
 0 0 1 0 1 0 1 0 1 0 1 0 0 0 1 0 0 1 0 0 0 0 1 1 0 1 1 0 1 1 1 0 1 1 0 0 0
 1 1 0 1 0 1 1 0 1 1 1 1 1 1 0 0 1 0 1 0 1 0 0 0 0 0 1 0 0 0 1 0 0 0 1 0 1
 1 1 0 1 0 0 0 0 0 0 0 1 0 0 1 1 1 1 0 0 0 0 1 1 0 0 1 0 1 1 0 0 1 1 0 1 0
 1 0 1 1 1 0 0 0 0]

========== Cluster 3 ==========

Base classifier: LogisticRegression()

Selected Features: [4 2 1 7 6]

Labels: [0 0 0 0 1 0 0 0 0 1 1 0 0 0 0 1 0 1 1 0 1 1 0 1 1 0 0 0 1 0 1 1 0 0 0 0 1
 1 0 1 0 1 1 1 0 0 0 1 0 0 1 0 0 0 0 1 1 1 0 1 0 0 0 1 0 1 1 1 1 1 1 1 1 1
 1 0 0 0 0 0 0 1 0 0 0 0 1 1 1 1 1 1 1 1 0 0 0 1 0 0 1 1 1 1 0 1 0 1 1 0 0
 1 1 1 1 0 1 0 0 0 0 1 1 0 1 0 1 1 0 0 0 0 0 0 0 0 1 1 0 0 1 1 1 1 1 0 1 1
 1 1 1 0 0 0 0 1 0 1 1 0 1 1 0 0 0 1 1 0 1 1]

