Clustering algorithm selected: kmeans++
=====================================

Clustering evaluation metric: dbc_ss
Clustering evaluation value: 0.38711547692975334

========== Cluster 0 ==========

Base classifier: GaussianNB()

Minority Class: 0

Selected Features: [ 0  1  2  3  4  5  6  7  8  9 10 11 12 13 14 15 16 17 18 19 20 21 22 23
 24 25 26 27 28 29 30]

Labels: [1 1 1 1 1 1 1 1 1 1 1 1 1 1 1 1 1 1 1 1 1 1 1 1 1 1 1 1 1 1 1 1 1 1 1 1 1
 1 1 1 1 1 1 1 1 1 1 1 1 1 1 1 1 1 1 1 1 1 1 1 1 1 1 1 1 1 1 1 1 1 1 1 1 1
 1 1 1]

Synthetic samples indexes: []

========== Cluster 1 ==========

Base classifier: GaussianNB()

Minority Class: 0

Selected Features: [ 0  1  2  3  4  5  6  7  8  9 10 11 12 13 14 15 16 17 18 19 20 21 22 23
 24 25 26 27 28 29 30]

Labels: [1 0 1 1 0 0 1 1 1 0 1 1 1 0 0 0 0 0 0 0 1 1 0 0 0 1 1 0 0 1 1 0 0 0 1 0 0
 1 1 0 0 0 1 0 0 1 1 0 0 0 0 0 1 1 1 1 1 1 0 0 0 1 1 1 0 1 0 1 0 1 1 0 0 0
 0 1 1 0 0 0 1 0 1 0 0 1 1 1 0 0 1 0 0 1 1 1 0 1 1 0 0 1 1 1 1 1 1 1 1 1 0
 0 1 1 1 0 1 0 0 0 0 0 1 1 0 0 0 0 0 1 1 0 1 1 1 1 1 1 0 0 0 0 0 0 1 1 1 1
 1 1 0 0 1 1 0 0 0 1 1 0 0 0 1 0 1 0 0 0 0 0 1 0 1 0 1 1 1 1 1 0 1 1 1 0 0
 1 0 1 1 1 0 1 0 0 0 1 0 1 1 1 1 0 0 1 0 0 1 1 1 0 0 1 0 0 1 0 0 0 0 0 0 1
 1 0 1 1 1 0 1 1 0 0 0 0 1 1 0 0 1 1 1 0 1 1 0 0 1 1 1 1 0 0 1 1 1 1 1 0 0
 0 1 1 1 0 0 1 1 1 1 1 1 0 1 0 0 0 1 1 1 1 1 1 0 0 1 0 0 0 1 0 0 0 0 1 1 1
 1 1 1 0 1 0 0 1 1 1 0 0 0 0 0 0 1 0 0 1 0 0 1 0 1 0 0 1 0 0 1 0 0 1 1 0 0
 0 1 1 0 0 0 0 1 1 1 0 0 1 0 1 0 1 1 1 1 1 0 0 0 0 0 1 1 1 0 1 0 0 0 0 0 0
 1 1 1 1 0 0 0 0 0 1 1 0 1 1 1 0 0 0 0 0 1 1 0 1 1 1 1 1 0 0 0 1 0 1 1 1 0
 1 1 1 0 0]

Synthetic samples indexes: [  0   2   3   6   7   8  10  11  12  20  21  25  26  29  30  34  37  38
  42  45  46  52  53  54  55  56  57  61  62  63  65  67  69  70  75  76
  80  82  86  87  90  93  94  95  97  98 101 102 103 104 105 106 107 108
 109 112 113 114 116 122 123 129 130 132 133 134 135 136 137 144 145 146
 147 148 149 152 153 157 158 162 164 170 172 174 175 176 177 178 180 181
 182 185 187 188 189 191 195 197 198 199 200 203 206 207 208 211 214 221
 224 225 226 228 229 234 235 238 239 240 242 243 246 247 248 249 252 253
 254 255 256 260 261 262 265 266 267 268 269 270 272 276 277 278 279 280
 281 284 288 293 294 295 296 297 298 300 303 304 305 312 315 318 320 323
 326 329 330 334 335 340 341 342 345 347 349 350 351 352 353 359 360 361
 363 370 371 372 373 379 380 382 383 384 390 391 393 394 395 396 397 401
 403 404 405 407 408 409]

========== Cluster 2 ==========

Base classifier: GaussianNB()

Minority Class: 0

Selected Features: [ 0  1  2  3  4  5  6  7  8  9 10 11 12 13 14 15 16 17 18 19 20 21 22 23
 24 25 26 27 28 29 30]

Labels: [1 1 1 1 1 1 1 1 1 1 1 1 1 1 1 1 1 1 1 1 1 1 1 1 1 1 1]

Synthetic samples indexes: []

========== Cluster 3 ==========

Base classifier: GaussianNB()

Minority Class: 0

Selected Features: [ 0  1  2  3  4  5  6  7  8  9 10 11 12 13 14 15 16 17 18 19 20 21 22 23
 24 25 26 27 28 29 30]

Labels: [0 0 1 1 1 0 1 1 1 0 0 0 0 1 0 1 1 1 0 1 1 1 0 0 1 1 0 0 1 1 1 0 0 0 1 1 1
 1 0 0 1 0 1 1 0 0 1 0 1 1 1 0 0 0 1 0 1 0 1 0 1 0 0 0 1 1 0 1 0 1 1 1 0 1
 0 0 1 0 0 1 1 0 1 0 0 0 0 1 1 0 0 1 0 1 1 1 0 0 1 1 0 1 1 0 0 0 0 1 0 0 0
 0 1 1 1 0]

Synthetic samples indexes: [  0   1   5  10  11  12  14  18  22  26  27  31  32  38  39  44  45  47
  51  52  53  55  57  59  61  62  63  66  68  74  78  81  83  84  85  86
  90  92  96  97 100 103 104 105 106 108 109 110 111 115]

========== Cluster 4 ==========

Base classifier: GaussianNB()

Minority Class: 0

Selected Features: [ 0  1  2  3  4  5  6  7  8  9 10 11 12 13 14 15 16 17 18 19 20 21 22 23
 24 25 26 27 28 29 30]

Labels: [0 0 0 0 0 0 0 0 0 0 0 0 0 0 0 0 0 0 0 0 0 0 0 0 0 0 0 0 0]

Synthetic samples indexes: []

========== Cluster 5 ==========

Base classifier: GaussianNB()

Minority Class: 0

Selected Features: [ 0  1  2  3  4  5  6  7  8  9 10 11 12 13 14 15 16 17 18 19 20 21 22 23
 24 25 26 27 28 29 30]

Labels: [1 1 1 0 0 1 0 0 1 0 1 0 0 1 1 0 0 1 1 0 0 1 0 0 1 1 0 0 1 1 0 1 1 0 1 0 0
 1 0 0 1 0 0 0 0 0 1 1 1 0 1 1 0 0 1 1 0 0 1 0 0 0 0 1 0 0 1 0 1 1 1 1 0 1
 1 1 0 1 1 1 1 0 0 1 1 0 0 0 1 1 0 1 0 0 1 1 1 1 0 0 1 1 1 0 0 1 1 0 0 1 0
 1 1 0 1 1 0 1 0 0 0 0 1 0 1 0 1 1 0 1 1 0 0 1 0 0 0 1 0 0 1 1 0 0 1 0 1 0
 1 1 1 1 0 0 1 0]

Synthetic samples indexes: [  1   2   5   8  13  14  17  24  25  31  32  34  40  47  48  51  54  55
  63  66  68  70  71  73  74  75  78  79  80  83  84  88  94  95  96 100
 101 105 106 109 111 112 114 115 117 122 127 129 130 133 137 140 141 144
 146 150 151]

========== Cluster 6 ==========

Base classifier: GaussianNB()

Minority Class: 0

Selected Features: [ 0  1  2  3  4  5  6  7  8  9 10 11 12 13 14 15 16 17 18 19 20 21 22 23
 24 25 26 27 28 29 30]

Labels: [1 1 1 1 1 1]

Synthetic samples indexes: []

