Clustering algorithm selected: kmeans++
=====================================

Clustering evaluation metric: dbc_ss
Clustering evaluation value: 0.4378291423452155

========== Cluster 0 ==========

Base classifier: GaussianNB()

Minority Class: 0

Selected Features: [ 0  1  2  3  4  5  6  7  8  9 10 11 12 13 14 15 16 17 18 19 20 21 22 23
 24 25 26 27 28 29 30]

Labels: [0 0 0 0 0 0 0 0 0 0 0 0 0 0 0 0 1 0 0 0 1 1 0 1 1 1 0 0 1 1 0 0 0 1 1 1 0
 1 1 1 0 0 0 1 0 0 1 1 1 0 1 1 0 0 0 0 0 1 0 0 1 0 0 0 0 1 1 0 0 1 1 0 0 1
 1 1 1 1 1 0 0 0 0 0 0 0 1 1 0 0 0 1 1 1 1 0 0 0 0 0 0 1 0 0 1 1 0 0 0 1 1
 0 0 0 0 0 0 1 0 1 1 0 1 1 1 0 0 0 1 0 1 1 0 0 0 1 0 1 0 0 1 1 1 0 1 0 0 1
 0 0 0 0 0 1 1 0 1 1 1 1 1 0 1 1 0 1 0 1 0 1 0 1 1 0 0 0 1 1 0 1 0 1 0 1 1
 1 1 1 1 0 0 0 0 1 1 1 1 1 0 0 0 0 0 0 1 0 1 1 0 1 0 0 0 1 1 1 1 1 0 0 0 0
 1 1 1 1 0 0 1 0 1 1 1 0 1 0 0 1 0 0 1 1 0 1 1 1 0 0 1 0 0 0 0 1 1 0 1 1 0
 1 1 1 0 0 1 1 1 0 0 0 1 1 0 1 1 1 0 1 0 0 0 0 1 1 1 0 0 1 0 0 0 0 0 1 0 1
 1 1 1 1 1 1 0 1 0 1 0 1 0 1 0 1 1 1 1 0 1 1 1 1 1 0 0 1 1 1 1 0 0 1 0 1 1
 0 0 0 0 1 1 0 1 0 1 0 1 1 1 0 1 0 0 0 0 1 1 1 1 1 0 1 0 1 0 0 0 0 1 1 0 1
 0 1 0 1 1 0 1 0 0 0 0 1 0 1 0 1 1 1 0 1 0 1 0 1 1 1 1 0 1 1 1 0 1 1 0 1 0
 0 0 1 1 0 1 1 0 0 0 0 0 1 1 0 0 0 0 0 1 0 0 1 1 0 1 1 1 1 1 0 0 1 1 1 1 0
 1 1 0 0 0 1 1 1 1 0 1 0 0 1 0 0 0 0 1 0 1 0 0 0 1 0 0 1 1 0 1 1 1 0 1 1 0
 1 0 1 0 1 0 1 0 1 0 1 1 0 1 0 1 0 1 1 0 1 0 1 1 0 1 1 0 0 1 0 0 1 1 1 1 1
 1 0 0 0 1 0 1 1 1 0 1 0 1 1 0 1 0 0 1 0 0 0 0 1 0 1 1 0 1 0 1 0 1 1 0 0 1
 1 1 0 0 1 0 0 1 1 0 0 0 0 1 0 0 0 1 0 0 1 1 1 0 1 1 0 1 1 0 0 1 0 1 1 0 1
 1 1 1 1]

Synthetic samples indexes: [ 16  20  21  23  24  25  28  29  33  34  35  37  38  39  43  46  47  48
  50  51  57  60  65  66  69  70  73  74  75  76  77  78  86  87  91  92
  93  94 101 104 105 109 110 117 119 120 122 123 124 128 130 131 135 137
 140 141 142 144 147 153 154 156 157 158 160 162 163 165 169 171 172 176
 177 179 181 183 184 185 186 187 188 193 194 195 196 197 204 206 207 209
 213 214 215 216 217 223 224 225 228 230 231 232 234 237 240 241 243 244
 245 248 253 254 256 257 259 260 261 265 266 271 273 274 275 277 282 283
 284 287 293 295 296 297 298 299 300 301 303 305 307 309 311 312 313 314
 316 317 318 319 320 323 324 326 331 332 337 338 340 342 344 345 346 348
 353 354 355 356 357 361 366 367 369 371 373 374 376 383 385 386 387 389
 391 393 394 395 396 398 399 402 403 405 409 410 412 413 419 420 426 429
 432 434 435 436 439 440 441 442 444 445 449 450 451 452 454 457 462 464
 468 471 472 475 478 479 481 483 485 487 491 492 494 496 498 499 501 503
 504 506 507 510 514 515 516 517 518 522 524 525 526 528 530 531 533 536
 541 543 544 546 550 551 554 555 556 559 562 563 572 575 576 577 579 580
 582 583 586 588 589 591 592 593 594 595]

========== Cluster 1 ==========

Base classifier: GaussianNB()

Minority Class: 0

Selected Features: [ 0  1  2  3  4  5  6  7  8  9 10 11 12 13 14 15 16 17 18 19 20 21 22 23
 24 25 26 27 28 29 30]

Labels: [1 1 1 1 1 1 1 1 1 1 1 1 1 1 1 1 1 1 1 1 1 1 1 1 1 1 1 1 1 1 1 1 1 1 1 1 1]

Synthetic samples indexes: []

========== Cluster 2 ==========

Base classifier: GaussianNB()

Minority Class: 0

Selected Features: [ 0  1  2  3  4  5  6  7  8  9 10 11 12 13 14 15 16 17 18 19 20 21 22 23
 24 25 26 27 28 29 30]

Labels: [1 1 1 0 0 0 1 1 0 0 0 0 1 1 1 1 0 1 1 0 0 1 0 1 0 0 0 1 1 0 0 0 0 1 1 0 0
 1 1 1 1 0 0 0 1 1 1 1 0 0 1 0 0 1 1 0 1 1 0 1 1 1 0 1 0 1 0 0 1 1 1 0 1 1
 0 1 0 1 0 0 1 1 1 0 0 0 0 1 0 1 1 0 1 0 1 0 0 0 0 0 1 0 0 0 0 1 1 1]

Synthetic samples indexes: [  4   8   9  10  19  20  31  32  35  36  41  42  43  48  51  52  55  58
  64  66  67  74  83  85  86  93  95  97 101 102 104]

========== Cluster 3 ==========

Base classifier: GaussianNB()

Minority Class: 0

Selected Features: [ 0  1  2  3  4  5  6  7  8  9 10 11 12 13 14 15 16 17 18 19 20 21 22 23
 24 25 26 27 28 29 30]

Labels: [1 1 1 1 1 1 1 1 1 1 1 1 1 1 1 1 1 1 1 1 1 1 1 1 1 1 1 1 1 1 1 1 1 1 1 1 1
 1 1 1 1 1 1 1 1 1 1 1 1 1 1 1 1 1 1 1 1 1 1 1 1 1 1 1 1 1 1 1 1 1 1 1 1 1
 1 1 1 1 1 1 1 1]

Synthetic samples indexes: []

