Clustering algorithm selected: kmeans
=====================================

Clustering evaluation metric: dbc_ss
Clustering evaluation value: 0.44110740058072867

========== Cluster 0 ==========

Base classifier: GaussianNB()

Minority Class: 0

Selected Features: [ 0  1  2  3  4  5  6  7  8  9 10 11 12 13 14 15 16 17 18 19 20 21 22 23
 24 25 26 27 28 29 30]

Labels: [1 0 1 0 0 1 0 0 0 0 1 1 1 1 1 1 1 1 0 1 1 1 0 0 0 0 0 1 0 0 1 0 1 0 1 0 1
 1 1 0 1 1 1 1 1 1 0 1 0 1 1 0 0 1 0 1 0 0 1 0 0 0 0 0 0 1 0 0 1 0 1 0 1 0
 1 1 1 0 0 1 0 1 0 0 1 1 1 0 1 0 0 1 1 1 1 1 0 0 0 0 1 1 1 1 1 1 1 1 0 1 1
 0 1 1 0 1 0 1 1 0 0 1 0 1 1 1 0 1 0 0 0 0 0 0 1 0 1 1 1 0 1 1 1 1 1 0 1 1
 1 0 0 1 1 1 0 0 1 0 0 0 1 0 1 1 0 0 0 1 0 0 0 1 0 1 0 0 1 1 1 0 0 1 1 0 0
 0 0 1 0 1 1 0 1 1 0 0 1 1 0 0 1 0 1 1 0 1 1 0 1 0 1 0 1 1 0 0 0 0 1 1 1 0
 0 0 1 1 1 0 1 0 0 0 0 1 1 0 0 1 1 0 1 0 0 1 0 0 1 1 1 1 1 1 1 1 0 0 0 1 1
 0 0 1 0 0 0 0 0 1 0 1 0 0 1 0 0 1 0 1 1 1 1 0 1 0 0 1 1 0 1 1 0 1 1 0 0 0
 1 0 1 0 1 1 1 1 0 0 1 0 0 1 1 0 1 0 0 0 1 0 0 1 1 1 0 1 1 1 0 0 0 1 1 0 1
 0 0 1 0 0 1 0 1 0 1 0 0 1 1 1 1 0 0 0 1 0 1 1 1 1 1 1 0 0 1 1 1 0 0 1 1 1
 0 1 0 0 1 1 1 1 1 0 1 1 0 1 0 1 1 1 0 0 1 1 1 0 1 1 1 0 0 0 0 1 1 1 1 1 1
 1 0 0 1 0 1 0 1 0 0 1 0 1 1 1 1 0 1 0 0 1 1 1 0 1 0 0 1 1 0 1 1 0 0 1 0 0
 0 1 0 1 0 1 1 1 1 0 1 1 0 0 1 0 0 0 1 0 0 1 0 0 1 0 0 1 1 0 0 1 1 1 1 0 0
 0 0 0 0 1 1 1 0 0 0 0 1 0 0 1 1 0 1 0 1 0 1 0 1 1 1 0 1 1 0 0 0 0 0 1 0 0
 0 0 1 1 1 1 0 1 1 1 0 0 0 0 0 0 0 0 0 0 0 0 0 1 0 0 0 0 0 0 0 0 1 0 1 0 1
 0 1 0 0 1 0 1 1 0 0 0 1 1 0 1 1 0 1 0 0 0 0 0 0 1 0 0 0 1 0 1 1 1 0 0 0 1
 1 0 1 0]

Synthetic samples indexes: [  0   2   5  10  11  13  14  16  19  20  21  27  30  32  34  36  37  38
  40  41  42  43  44  45  47  49  50  53  55  58  68  70  72  74  75  76
  79  81  84  85  86  88  91  92  93  94 100 101 102 103 104 105 106 107
 109 110 112 113 117 118 121 123 124 125 127 134 136 137 138 140 141 142
 143 144 146 147 148 151 152 153 156 160 162 163 167 171 173 176 178 181
 182 187 189 190 192 193 196 200 202 203 205 206 208 212 213 218 219 220
 224 225 226 228 233 234 238 240 243 246 247 248 249 250 251 253 257 258
 261 267 269 272 275 277 278 279 280 285 286 288 289 291 292 296 298 300
 301 302 303 306 309 310 312 316 319 320 321 323 325 329 330 332 335 338
 340 342 345 346 347 348 352 354 355 356 357 358 359 362 363 364 367 368
 369 371 374 375 376 377 378 380 381 383 385 386 387 390 391 392 394 395
 396 401 402 403 404 407 410 412 414 417 419 420 421 422 424 427 428 429
 431 434 435 437 438 441 445 447 449 450 452 454 455 458 462 465 468 471
 472 475 477 478 485 486 487 492 495 496 498 500 502 504 505 506 508 509
 515 520 523 526 527 541 550 552 554 556 559 561 562 566 567 569 570 572
 579 583 585 586 587 591 592 594]

========== Cluster 1 ==========

Base classifier: GaussianNB()

Minority Class: 0

Selected Features: [ 0  1  2  3  4  5  6  7  8  9 10 11 12 13 14 15 16 17 18 19 20 21 22 23
 24 25 26 27 28 29 30]

Labels: [1 1 1 1 1 1 1 1 1 1 1 1 1 1 1 1 1 1 1 1 1 1 1 1 1 1 1 1 1 1 1 1 1]

Synthetic samples indexes: []

========== Cluster 2 ==========

Base classifier: GaussianNB()

Minority Class: 0

Selected Features: [ 0  1  2  3  4  5  6  7  8  9 10 11 12 13 14 15 16 17 18 19 20 21 22 23
 24 25 26 27 28 29 30]

Labels: [0 0 0 0 1 1 1 0 0 1 0 1 1 0 1 1 0 1 0 0 1 1 1 1 0 1 1 0 1 0 1 1 1 1 1 0 0
 0 1 0 0 0 0 0 0 0 1 1 0 0 0 0 0 1 1 1 1 1 1 0 1 1 0 1 1 0 0 1 1 1 0 0 1 1
 1 0 1 1 1 0 0 0 1 1 0 0 1 0 1 0 0 1 0 1 0 0 0 0 1 0 0 1]

Synthetic samples indexes: [ 2 10 13 16 19 27 29 35 41 43 44 45 51 52 59 62 65 66 75 79 80 84 85 90
 92 96 99]

========== Cluster 3 ==========

Base classifier: GaussianNB()

Minority Class: 0

Selected Features: [ 0  1  2  3  4  5  6  7  8  9 10 11 12 13 14 15 16 17 18 19 20 21 22 23
 24 25 26 27 28 29 30]

Labels: [1 1 1 1 1 1 1 1 1 1 1 1 1 1 1 1 1 1 1 1 1 1 1 1 1 1 1 1 1 1 1 1 1 1 1 1 1
 1 1 1 1 1 1 1 1 1 1 1 1 1 1 1 1 1 1 1 1 1 1 1 1 1 1 1 1 1 1 1 1 1 1 1 1 1
 1 1 1 1 1 1 1 1 1 1 1 1 1]

Synthetic samples indexes: []

