Clustering algorithm selected: fcm
=====================================

Clustering evaluation metric: dbc
Clustering evaluation value: 0.2010631458424544

========== Cluster 0 ==========

Base classifier: SVC(probability=True)

Minority Class: 1

Selected Features: [3 0 6 2 1 7 4]

Labels: [1 2 0 0 0 2 1 2 2 1 0 0 1 2 0 0 2 1 2 2 1 0 1 1 2 0 0 1 2 1 2 1 0 2 2 2 1
 0 1 1 1 1 2 1 0 2 2 1 0 1 1 1 1 1 0 2 2 2 0 0 1 2 1 2 0 1 1 0 0 0 1 1 0 0
 2 0 0 1 0 0 0 2 1 0 1 2 2 2 0 0 2 1 0 1 0 0 1 2 1 2 1 1 2 0 1 0 2 2 2 0 2
 2 2 1 1 1 0 0 2 2 1 2 1 0 1 2 1 2 2 1 2 1 0 0 1 0 1 0 0 1 2 0 0 1 0 0 0 2
 1 0 1 2 0 1 0 0 2 2 2 1 1 1 0 2 2 2 1 1 1 0 0 0 2 1 1 2 0 2 1 0 2 1 2 2 2
 2 0 0 1 0 1 0 0 2 2 0 1 1 1 0 0 1 1 2 1 1 2 1 1 2 0 2 0 1 2 1 2 0 2 0 2 2
 2 0 1 1 1 0 2 2 2 2 2 2 0 1 0 1 1 1 2 2 1 1 0 0 1 2 1 0 0 2 2 1 1 2 2 1 0
 2 0 1 0 1 0 0 0 2 1 0 1 0 0 1 0 2 1 1 1 2 2 2 1 2 2 1 0 2 0 1 2 2 2 1 1 2
 2 1 1 1 0 1 1 1 2 1 2 2 2 2 2 2 1 1 1 0 2 1 2 2 0 0 1 0 1 1 1 0 1 0 2 1 1
 2 2 1 1 1 0 1 2 2 2 1 1 2 1 0 0 0 0 1 1 1 2 0 2 2 0 1 1 1 2 0 0 0 0 2 2 2
 1 0 0 0 2 0 2 2 1 1 1 0 2 2 1 0 1 0 1 0 0 2 0 0 2 1 1 0 0 2 2 0 0 2 1 2 0
 1 1 1 1 2 2 0 1 2 2 0 2 0 1 0 1 2 2 2 0 1 2 1 0 2 1 2 0 0 1 0 1 1 2 2 1 2
 2 0 1 1 0 1 1 1 2 1 0 1 0 2 1 1 2 0 0 2 1 2 0 1 1 1 2 0 0 2 0 2 0 2 0 1 2
 0 0 2 2 0 0 0 1 0 0 1 2 2 1 1 0 2 1 1 2 2 2 1 1 1 2 0 1 0 2 1 1 2 0 1 0 0
 2 2 2 2 0 0 2 0 0 0 1 1 0 2 2 1 0 0 2 2 1 0 2 2 1 1 1 0 2 2 1 1 0 0 1 0 2
 0 1 1 1 0 0 2 1 1 1 1 1 1 0 0 2 2 1 0 0 1 2 2 0 1 0 0 2 2 0 2 1 1 0 0 1 1
 2 2 1 1 2 0 2 2 0 0 1 1 0 0 1 0 0 0 2 1 0 1 2 1 0 0 0 0 0 2 2 0 0 1 1 2 2
 0 2 0 0 0 0 1 1 2 2 2 1 2 2 0 0 1 2 1 1 0 1 1 2 0 1 0 0 0 2 1 2 0 1 0 2 2
 1 1 2 0 2 2 2 0 1 2 0 2 2 2 1 1 0 0 1 0 2 2 2 0 0 1 1 0 0 2 0 1 1 0 2 1 2
 1 0 1 2 2 2 2 0 2 0 0 0 0 2 0 2 0 1 1 2 2 2 0 0 0 2 2 0 2 2 1 0 2 0 1 2 1
 2 2 0 2 2 0 2 1 0 0 1 1 1 2 2 0 2 2 1 0 1 2 0 1 1 2 0 2 0 0 2 1 2 0 2 1 2
 1 0 2 0 1 1 2 0 1 0 1 2 2 2 0 2 0 0 1 0 1 2 1 1 0 1 0 0 0 2 2 1 2 1 0 0 0
 0 1 0 0 2 2 0 2 0 2 1 2 0 2 0 2 0 1 0 1 0 0 1]

Synthetic samples indexes: [ 16  20  23  28  30  36  38  41  47  49  51  60  65  82  84  90  93  98
 100 101 111 118 122 124 129 143 148 158 160 163 166 168 182 185 194 196
 197 201 205 211 215 218 224 225 226 228 229 235 237 240 241 246 248 253
 257 261 268 273 277 280 282 284 289 290 294 298 299 303 309 310 314 330
 331 335 336 339 346 351 352 356 359 396 400 403 404 410 414 420 422 425
 431 438 439 442 447 450 451 453 458 459 460 464 467 469 470 475 480 488
 498 504 505 508 533 542 544 548 552 556 562 565 566 570 575 583 587 590
 595 598 606 611 626 637 640 645 647 648 650 651 658 659 674 681 684 697
 698 702 711 720 724 732 733 737 739 756 758 760 763 764 765 775 776 779
 787 797 799 800 802 808 815 824 833 836]

========== Cluster 1 ==========

Base classifier: SVC(probability=True)

Minority Class: 1

Selected Features: [3 1 0 7]

Labels: [1 0 2 2 1 1 0 0 1 2 2 1 0 1 0 1 1 2 2 0 0 2 0 2 2 2 2 0 1 1 1 1 0 2 1 1 1
 2 0 2 1 1 2 1 1 0 2 2 1 2 2 1 0 0 0 2 1 1 2 1 1 1 0 1 0 0 0 2 1 0 1 2 1 0
 0 1 1 2 2 0 1 0 1 1 0 0 1 2 2 2 0 0 2 2 0 2 0 0 0 2 1 0 0 0 0 0 2 2 1 1 0
 1 1 0 0 1 0 0 1 1 1 2 2 1 0 0 1 1 1 2 1 1 2 2 1 0 2 0 1 1 0 0 2 2 0 2 2 1
 2 0 2 1 1 2 0 2 2 1 1 0 2 0 1 0 1 2 0 2 0 1 1 1 2 1 2 0 0 1 0 0 1 0 1 0 2
 2 2 0 0 1 0 0 1 2 2 1 1 2 2 2 2 2 2 1 0 0 1 2 2 1 0 2 2 2 0 2 0 0 2 0 2 0
 0 0 0 0 0 1 2 1 0 2 1 2 2 0 1 1 1 1 1 2 2 1 1 1 0 2 1 2 0 1 0 1 0 0 0 1 2
 1 1 2 0 2 1 0 1 2 1 0 0 0 0 1 2 0 1 2 2 0 2 0 0 0 0 1 2 2 0 0 0 0 2 0 1 1
 0 1 0 0 2 0 0 2 0 0 0 1 2 1 2 2 0 2 2 1 2 0 1 2 1 2 2 2 1 1 1 2 2 1 0 0 2
 1 2 1 1 1 2 1 1 2 1 0 1 0 2 1 1 2 1 0 2 2 2 2 1 1 2 2 0 2 2 1 1 2 2 2 1 1
 1 1 2 2 1 0 0 1 0 2 0 2 0 1 2 0 0 2 1 2 2 1 2 0 0 0 2 0 0 2 2 0 2 0 2 0 2
 2 2 1 1 2 1 0 2 0 0 1 2 0 0 0 1 0 1 0 1 0 1 1 2 0 2 2 0 0 0 1 2 1 1 0 0 2
 0 0 0 1 0 2 1 1 1 2 2 0 2 1 2 1 2 0 1 1 0 0 0 2 1 0 1 2 0 1 2 2 0 2 0 1 2
 1 0 0 0 0 0 1 0 2 2 0 1 0 0 0 2 1 0 1 0 0 1 1 2 0 1 2 0 0 2 1 2 2 0 0 1 1
 1 0 2 1 1 0 1 2 1 2 1 1 1 1 1 1 0 1 0 0 0 1 2 2 1 2 0 1 0 2 2 2 0 1 2 1 2
 2 1 0 1 1 2 0 0 2 0 0 2 2 0 1 2 2 1 1 1 1 2 1 1 2 0 0 2 2 0 0 0 1 2 1 2 0
 1 2 1 1 0 2 2 1 1 2 2 1 0 2 1 0 0 2 1 1 2 0 2 0 0 1 1 2 0 0 1 1 1 2 2 1 2
 2 0 1 0 2 2 0 0 2 1 1 0 2 2 2 2 1 0 0 2 0 0 2 2 1 2 1 2 0 2 1 0 0 2 1 0 0
 0 2 2 1 0 1 1 1 0 1 1 0 2 2 1 2 2 2 0 1 0 2 0 2 2 2 0 0 1 1 2 2 2 1 1 2 1
 2 0 1 1 2 0 2 0 0 2 0 1 0 1 0 0 0 1 2 1 0 0 0 0 1 0 2 1 1 0 0 1 0 2 0 1 0
 0 2 2 0 2 1 1 0 1 1 2 1 1 0 0 0 2 2 1 1 1 0 2 1 2 0 2 0 0 2 2 2 1 0 2 0 2
 2 0 2 1 1 2 1 2 0 2 1 0 2 1 0 1 1 2 2 1 0 1 1 1 1 2 0 0 1 1 2 2 2 0 2 1 2
 0 1 2 0 1 0 0 2 0 1 1 1 2 1 2 2 1 0 1 0 1 0 2 1 2 2 2 0 1 2 2 2 0 1 1 0 2
 1 1 2 0 0 2 2 0 1 2]

Synthetic samples indexes: [ 11  16  23  28  31  34  37  39  40  42  47  48  51  56  59  60  77  78
  83  86  95 100 109 111 118 123 126 127 128 131 139 145 151 157 162 164
 167 169 170 171 177 180 182 193 195 198 199 202 203 206 227 229 232 233
 236 238 239 240 249 253 257 258 260 264 268 276 277 285 286 292 294 295
 297 309 311 315 318 319 322 325 332 333 337 342 347 350 359 364 368 369
 370 373 377 388 391 400 409 412 417 418 422 424 426 428 433 451 452 462
 463 470 471 473 477 481 496 497 499 502 504 511 513 521 526 529 531 541
 542 545 547 558 559 560 567 570 572 575 589 590 592 594 603 612 614 623
 624 631 638 641 651 662 671 673 675 676 678 680 687 689 694 695 699 700
 702 714 716 720 730 742 745 749 752 758 759 772 774 777 781 786 787 789
 790 792 793 795 800 801 806 807 811 812 815 816 818 827 829 839 842 845
 852 856]

