Clustering algorithm selected: kmeans
=====================================

Clustering evaluation metric: dbc_ss
Clustering evaluation value: 0.4038986315404423

========== Cluster 0 ==========

Base classifier: DummyClassifier(strategy='most_frequent')

Minority Class: 1

Selected Features: [ 0  1  2  3  4  5  6  7  8  9 10 11 12 13 14 15 16 17 18 19 20 21 22 23
 24 25 26 27 28 29 30]

Labels: [1 1 1 1 1 1 1 1 1 1 1 1 1 1 1 1 1 1 1 1 1 1 1 1 1 1 1 1 1 1 1 1 1 1 1 1 1
 1 1 1 1 1 1 1 1 1 1 1 1 1 1 1 1 1 1 1 1 1 1 1 1 1 1 1 1 1 1 1 1 1 1 1 1 1
 1 1 1 1 1 1 1 1 1 1 1 1 1 1]

Synthetic samples indexes: []

========== Cluster 1 ==========

Base classifier: DummyClassifier(strategy='most_frequent')

Minority Class: 1

Selected Features: [ 0  1  2  3  4  5  6  7  8  9 10 11 12 13 14 15 16 17 18 19 20 21 22 23
 24 25 26 27 28 29 30]

Labels: [1 1 1 1 1 1 1 1 1 1 1 1 1 1 1 1 1 1 1 1 1 1 1 1 1 1 1 1 1 1 1]

Synthetic samples indexes: []

========== Cluster 2 ==========

Base classifier: LogisticRegression()

Minority Class: 1

Selected Features: [ 0  1  2  3  4  5  6  7  8  9 10 11 12 13 14 15 16 17 18 19 20 21 22 23
 24 25 26 27 28 29 30]

Labels: [0 0 1 0 1 1 1 1 1 0 0 0 1 1 1 1 1 0 1 1 1 0 1 0 1 0 0 0 0 1 1 1 0 1 0 1 0
 1 0 1 0 0 0 0 0 1 1 0 1 1 0 0 1 1 0 0 1 1 0 0 0 0 1 0 0 1 1 0 0 0 0 0 1 0
 1 1 1 0 1 1 0 0 1 0 0 0 0 1 1 1 1 0 0 0 0 1 1 1 1 1 0 1 0 1]

Synthetic samples indexes: [  1   9  10  11  21  23  25  26  27  32  34  41  42  43  47  51  54  55
  61  68  69  71  73  77  80  81  84  85  91  94 100]

========== Cluster 3 ==========

Base classifier: SVC(probability=True)

Minority Class: 1

Selected Features: [ 0  1  2  3  4  5  6  7  8  9 10 11 12 13 14 15 16 17 18 19 20 21 22 23
 24 25 26 27 28 29 30]

Labels: [1 1 0 1 1 1 0 1 0 0 1 0 0 0 0 0 0 0 1 0 1 1 0 1 0 0 1 0 0 1 0 1 1 0 1 0 0
 1 1 0 1 0 0 0 0 1 0 1 1 1 1 1 0 0 0 0 1 1 1 0 1 0 1 0 0 0 1 1 1 0 1 0 0 1
 1 0 0 1 0 1 1 1 0 0 0 0 0 1 0 1 0 0 1 1 0 1 1 1 0 0 1 1 1 0 1 0 0 1 0 1 0
 1 1 0 1 1 0 1 0 1 0 0 0 0 1 1 0 0 0 1 0 0 1 1 1 1 0 0 0 0 0 0 1 0 1 1 1 0
 0 0 1 1 0 1 0 0 0 1 1 0 1 0 1 0 1 0 1 0 0 1 1 1 1 1 1 0 0 0 0 0 1 1 0 1 0
 1 1 1 0 1 0 1 0 0 0 1 1 1 1 0 0 0 0 0 0 0 0 0 0 1 1 1 1 0 1 1 1 1 0 0 1 1
 1 0 1 0 0 1 0 1 1 1 1 0 0 1 1 0 1 0 1 0 1 0 1 1 0 0 0 1 1 0 1 1 0 0 0 1 0
 0 0 0 0 1 1 1 1 0 0 1 0 1 1 0 1 0 1 0 0 0 1 0 1 1 0 1 0 1 0 1 0 0 0 0 1 0
 0 1 1 0 1 0 1 1 1 0 0 0 1 1 0 1 0 0 1 1 1 0 1 1 0 1 1 1 0 1 1 0 1 0 0 1 1
 0 1 1 1 1 1 1]

Synthetic samples indexes: [  0   1   3   4   5  10  18  20  23  26  29  31  32  34  38  40  45  47
  48  49  50  51  56  57  58  60  62  66  68  70  74  79  80  81  87  89
  92  93  95  96  97 100 101 102 104 107 109 111 112 114 115 117 119 124
 125 129 132 134 135 142 144 145 146 150 153 158 160 162 169 170 171 172
 174 181 183 186 189 195 196 197 198 209 210 211 214 215 217 220 221 222
 224 227 229 230 231 232 235 236 238 240 242 244 245 249 250 252 253 257
 263 264 265 269 271 272 274 276 282 283 285 287 289 294 297 298 300 302
 303 304 308 309 311 314 315 316 318 319 321 322 323 325 326 328 331 332
 334 335 336 337 338 339]

========== Cluster 4 ==========

Base classifier: DummyClassifier(strategy='most_frequent')

Minority Class: 1

Selected Features: [ 0  1  2  3  4  5  6  7  8  9 10 11 12 13 14 15 16 17 18 19 20 21 22 23
 24 25 26 27 28 29 30]

Labels: [0 0 0 0 0 0 0 0 0 0 0 0 0 0 0 0 0 0 0 0 0 0 0 0 0 0 0 0 0 0 0 0 0 0 0 0 0
 0 0 0 0 0 0 0 0 0 0 0 0 0 0 0 0 0 0 0 0 0 0 0 0 0 0 0 0 0 0 0 0 0 0 0 0 0
 0 0 0 0 0 0 0 0 0 0 0 0 0 0 0 0 0 0 0 0 0 0 0 0 0 0 0 0 0 0 0 0 0 0 0 0 0
 0 0 0 0 0 0 0 0 0 0 0 0 0 0 0 0 0 0 0]

Synthetic samples indexes: []

