Clustering algorithm selected: kmeans
=====================================

Clustering evaluation metric: dbc_ss
Clustering evaluation value: 0.3778423121743061

========== Cluster 0 ==========

Base classifier: DummyClassifier(strategy='most_frequent')

Minority Class: 0

Selected Features: [ 0  1  2  3  4  5  6  7  8  9 10 11 12 13 14 15 16 17 18 19 20 21 22 23
 24 25 26 27 28 29 30]

Labels: [1 1 1 1 1 1 1 1 1 1 1 1 1 1 1 1 1 1 1 1 1 1 1 1 1 1 1 1 1 1 1 1 1 1 1 1 1
 1 1 1 1 1 1 1 1 1 1 1 1 1 1 1 1 1 1 1 1 1 1 1 1 1 1 1 1 1 1 1 1 1 1 1 1 1
 1 1 1 1 1 1 1 1 1 1 1 1 1 1 1 1 1 1 1 1 1 1 1 1 1 1 1 1 1 1]

Synthetic samples indexes: []

========== Cluster 1 ==========

Base classifier: SVC(probability=True)

Minority Class: 0

Selected Features: [ 0  1  2  3  4  5  6  7  8  9 10 11 12 13 14 15 16 17 18 19 20 21 22 23
 24 25 26 27 28 29 30]

Labels: [0 1 1 1 1 0 1 0 1 0 0 0 1 1 1 1 1 1 1 0 1 1 0 0 0 0 0 0 1 1 0 0 1 1 1 1 1
 1 1 0 1 1 0 1 0 0 0 0 0 1 1 1 1 1 1 0 0 0 0 0 1 1 0 0 0 1 0 0 0 1 1 1 0 1
 0 1 1 1 1 1 0 1 0 1 0 0 1 1 0 1 0 1 1 1 0 0 1 0 1 0 0 1 0 0 1 1 1 0 0 1 1
 1 0 0 0 0 0 1 0 1 1 0 1 0 0 1 0 1 0 1 1 1 1 0 1 1 1 1 0 0 1 1 1 0 0 0 1 1
 1 1 1 0 1 0 1 1 0 0 0 0 1 1 1 1 0 1 1 0 0 1 0 1 0 0 0 1 1 1 1 1 0 0 1 1 0
 0 1 1 0 0 1 0 1 0 0 1 0 0 1 0 1 1 0 0 0 0 0 1 1 0 0 1 0 1 0 1 0 0 0 1 1 0
 1 1 0 0 0 0 0 1 1 1 1 0 1 1 0 1 1 0 0 1 1 0 1 1 0 0 1 0 0 1 1 0 1 0 1 1 0
 1 0 0 1 1 1 0 0 0 1 1 1 0 0 0 0 0 0 0 1 0 0 0 0 0 1 1 1 0 1 1 0 1 1 1 0 1
 0 1 0 0 0 0 1 1 1 1 1 1 0 0 1 1 1 1 1 0 0 0 1 0 1 0 1 0 1 1 1 0 1 0 0 1 0
 0 1 1 0 0 0 1 0 0 1 1 1 1 1 0 1 0 1 1 1 0 1 1 0 0 1 0 0 1 0 0 0 0 0 1 0 1
 1 0 0 0 1 0 1 1 0 0 0 1 1 1 0 0 0 1 0 0 1 1 0 0 1 0 1 1 0 1 1 1 0 1 0 0 1
 0 0 1 0 1 1 1 1 0 0 1 0 0 0 0 0 1 0 1 1 0 0 0 0 0 0 0 0 1 0 0 0 0 1 0 0 1
 1 0 0 0 0 1 0 1 1 1 0 0 0 1 1 0 1 0 0 0 0 0 0 0 1 0 0 1 1 0 1 0 1 1 1 0 0
 1 0 0 1 1 0 1 1 0 1 1 0 1 1 0 0 0 0 1 1 0 0 0 0 1 1 0 1 0 0 0 1 0 0 1 0 1
 0 0 0 1 1 1 0 0 1 0 1 1 1 1 0 0 1 1 0 1 1 1 1 1 0 1 1 0 0 1 0 1 0 0 0 0 0
 1 1 0 0 1 1 0 0 0 0 1 1 1 1 1 1 0 1 1 0 0 1 1 1 0 1 0 1 1 1 1 1 1 1 1 0 1
 0 0 0 0]

Synthetic samples indexes: [  1   2   3   4   6   8  13  14  15  16  17  18  20  21  28  29  32  33
  34  35  36  37  38  40  41  43  49  50  51  52  54  60  61  65  69  70
  71  73  75  76  78  79  81  83  86  87  89  91  92  93  96  98 101 104
 105 106 109 110 111 117 119 120 122 125 127 130 131 132 134 135 136 137
 140 141 142 146 147 148 149 150 152 155 160 161 162 163 166 169 171 175
 176 177 178 179 182 183 186 187 190 192 195 198 200 201 207 208 211 213
 219 220 222 223 229 230 231 232 234 235 237 241 242 244 245 248 251 254
 256 259 262 263 264 268 269 270 278 284 286 288 289 292 293 295 297 303
 304 305 306 307 310 311 312 313 314 318 320 322 324 325 326 328 331 334
 335 339 342 343 344 345 346 348 350 351 352 354 358 367 369 370 374 376
 377 381 382 383 387 390 391 394 396 397 399 400 401 403 406 409 411 412
 413 414 417 425 426 435 440 444 449 451 452 453 457 460 468 471 476 477
 481 485 487 488 490 491 493 494 499 500 505 506 508 512 515 517 521 522
 523 528 529 530 531 534 535 537 538 539 540 541 543 544 547 549 555 556
 559 560 565 566 567 568 569 570 572 573 576 577 578 580 583 584 585 586
 587 588 589 591]

========== Cluster 2 ==========

Base classifier: SVC(probability=True)

Minority Class: 0

Selected Features: [ 0  1  2  3  4  5  6  7  8  9 10 11 12 13 14 15 16 17 18 19 20 21 22 23
 24 25 26 27 28 29 30]

Labels: [1 0 0 0 0 1 1 0 1 1 1 1 0 1 0 1 0 1 1 0 0 1 1 1 0 0 1 0 1 1 1 0 0 0 0 1 1
 0 1 1 1 1 0 1 1 0 0 1 0 1 1 0 0 1 0 0 0 1 0 0 1 0 0 0 1 0 1 0 0 0 0 1 1 0
 1 0 1 0 0 1 1 0 0 1 0 0 1 0 0 0 0 1 0 0 0 1 1 1 1 0 1 1 0 1 1 1 1 1 0 1 0
 1 1 0 1 0 0 0 1 0 0 1 1 1 1 0]

Synthetic samples indexes: [  1   2   3   7  12  19  20  24  27  31  32  33  42  46  51  52  54  56
  62  68  73  77  78  81  84  85  87  89  90  92  93  94 102 113 115 116
 117 119 120 125]

