Clustering algorithm selected: kmeans
=====================================

Clustering evaluation metric: dbc_ss
Clustering evaluation value: 0.22580432286979624

========== Cluster 0 ==========

Base classifier: KNeighborsClassifier()

Minority Class: 1

Selected Features: [0 1 2 3 4 5 6 7 8]

Labels: [1 2 2 1 2 0 1 2 1 2 0 0 0 2 1 2 1 1 2 0 0 1 0 1 0 2 2 2 0 0 2 2 2 2 2 2 1
 2 0 0 0 2 1 2 0 2 2 0 0 2 2 2 2 0 1 0 1 2 0 2 1 2 1 1 0 2 0 0 2 1 1 1 0 1
 0 1 2 2 1 1 2 2 0 1 1 0 2 2 0 0 2 1 0 0 0 2 2 1 1 0 0 2 1 1 2 1 1 1 1 1 2
 1 2 1 0 2 1 1 2 2 2 2 1 0 1 1 2 2 1 0 0 2 2 0 0 1 2 0 1 0 0 2 1 0 1 1 0 1
 0 1 2 1 2 1 2 1 2 1 2 1 0 2 0 0 1 0 1 1 1 2 2 2 2 0 2 1 2 2 2 2 2 1 0 0 2
 1 1 2 1 0 0 1 0 1 1 0 1 1 1 1 2 1 0 2 0 2 2 1 0 1 2 0 2 1 1 1 0 0 0 2 0 0
 1 0 0 0 1 1 0 2 0 2 2 2 0 1 2 2 0 0 1 0 0 0 1 0 2 2 0 2 2 1 2 0 2 1 1 2 0
 0 2 1 0 2 1 2 1 2 1 2 2 0 1 0 0 1 0 0 1 1 0 1 0 1 1 1 2 0 0 2 2 2 0 0 0 0
 1 2 2 1 1 1 0 1 1 0 2 0 0 1 1 1 0 0 1 2 1 2 2 2 1 1 1 1 0 1 2 0 2 1 2 0 0
 0 0 1 2 0 0 2 0 0 0 0 0 2 0 2 2 2 1 2 1 0 1 2 2 1 1 1 0 1 2 2 2 0 2 1 0 1
 0 1 2 0 0 0 1 1 2 0 2 0 0 1 0 1 0 2 0 2 2 1 0 2 2 0 0 1 0 1 2 1 0 1 1 2 1
 1 2 1 0 2 0 2 0 2 2 1 2 0 2 0 2 1 1 1 1 2 0 2 2 2 0 0 2 0 1 1 0 0 2 2 1 2
 0 1 1 0 0 0 0 1 0 0 1 1]

Synthetic samples indexes: [  0   2   3   6  16  21  27  33  34  41  43  52  54  61  62  63  65  70
  71  73  75  78  81  83  84  86  87  91  96  98 104 105 106 110 111 116
 122 124 127 128 131 132 138 142 144 150 152 153 154 155 156 157 159 170
 171 174 175 177 178 179 180 181 185 194 197 198 199 201 205 206 210 213
 219 222 231 233 240 247 249 250 254 255 256 260 261 264 272 279 281 283
 289 301 304 306 309 310 311 319 325 328 329 330 335 336 349 357 367 371
 378 383 390 401 403 404 409 415 423 424 425 426 429 431 437 441 442 445
 454 455]

========== Cluster 1 ==========

Base classifier: SVC(probability=True)

Minority Class: 1

Selected Features: [0 1 2 3 4 5 6 7 8]

Labels: [1 0 2 ... 1 2 2]

Synthetic samples indexes: [   7   11   14   15   24   33   37   43   44   47   48   52   70   83
   85   87   94  101  106  111  114  122  129  141  145  146  154  158
  159  172  187  191  196  199  208  213  215  217  220  222  228  229
  236  238  243  245  248  250  254  255  258  273  274  276  279  285
  286  302  304  307  309  313  316  325  330  332  333  336  340  341
  353  368  369  370  380  385  397  398  408  409  416  422  428  440
  443  453  459  463  464  469  471  472  476  498  502  508  513  515
  516  522  535  536  540  549  550  553  558  559  563  575  591  594
  596  601  610  627  628  639  641  643  652  654  664  668  669  671
  672  674  680  684  685  692  698  705  710  714  727  733  734  740
  743  751  760  768  779  781  783  784  787  788  789  791  793  797
  798  799  805  813  815  821  823  834  837  840  844  845  848  852
  853  854  857  859  869  871  877  889  890  891  894  899  903  909
  911  912  916  919  920  928  929  943  952  957  962  964  990  992
 1000 1002 1011 1025 1028 1031 1032 1034 1041 1042 1048 1050 1056 1061
 1063 1067 1069 1070 1081 1084 1087 1092 1101 1102 1106 1115 1131 1138
 1144 1148 1149 1150 1155 1161 1165 1167 1173 1174 1182 1186 1191 1194
 1213 1216 1225 1235 1236 1239]

