============== Classifiers Parameters ==============
[{'cost': 98.96091997232529, 'gamma': 20.677770399445734}, {'cost': 187.7650505880297, 'gamma': 631.9845074072588}]

Optimal clusterer: kmeans

External clustering metrics:
adjusted_rand_score: 0.011281919623329209
normalized_mutual_info_score: 0.026830756806024474
v_measure_score: 0.026830756806024477
fowlkes_mallows_score: 0.7541130401182726

Internal clustering metrics:
silhouette: 0.4448206840971345
davies_bouldin: 1.0675566334264457
calinski_harabasz_score: 105.43357419094734

Base classifier: svm
========== Cluster 0 ==========

Labels: [0 0 0 0 0 0 0 0 1 1 0 0 1 0 1 0 0 0 0 1 0 0 1 0 0 0 0 0 0 0 0 0 0 0 1 1 0
 1 1 0 0 0 0 1 1 0 0 0 1 1 0 0 0 0 0 0 0 1 0 0 0 1 0 0 0 1 0 0 0 0 0 0 1 0
 0 0 1 0 1 0 0 0 1 0 0 0 0 0 1 1 1 0 0 0 1 1 0 0 0 0 1 0 1 0 1 0 0 0 0 0 0
 0 0 1 1 0 1 1 0 0 1 0 0 0 0 0 0 1 1 0 1 0 0 0 0 0 1 0 1 0 1 0 0 0 0 0 0 0
 0 1 1 0 0 1 1 0 1 1 0 0 0 0 0 1 0 0 0 1 0 0 0 0 0 0 1 1 1 0 0 0 0 0 0 0 0
 0 1 1 0 0 0 0 0 1 0 0 1 0 1 0 0 0 0 1 0 0 0 0 0 0 1 1 0 1 1 1 0 1 0 0 0 0
 1 1 0 0 0 0 0 0 0 0 0 0 1 0 0 0 0 0 0 0 1 1 0 1 0 0 0 0 0 0 1 0 0 0 0 0 0
 0 0 0 0 0 0 0 0 0 0 1 1 0 0 1 1 0 0 0 0 0 1 1 0 0 0 0 1 1 0 0 1 1 0 0 0 0
 0 1 0 1 0 1 1 0 0 0 0 0 1 1 0 0 0 0 1 0 0 0 0 0 1 0 0 1 0 1 0 0 0 0 0 0 0
 0 0 0 0 1 0 0 0 0 0 0 0 0 0 0 0 0 0 0 0 0 0 0 0 0 0 0 0 0 0 0 0 0 0 1 0 0
 0 1 0 0 1 1 0 0 0 0 1 0 0 0 0 0 0 1 1 1 0 0 0 1 1 0 0 0 1 0 0 0 0 0 0 0 1
 1 0 0 0 0 0 0 0 0 0 0 0 1 0 1 0 0 0 0 0 0 0 0 0 0 0 0 0 1 0 0 1 0 1 0 0 0
 0 0 0 0 0 0 1 0 0 0 0 1 0 1 0 0 0]

========== Cluster 1 ==========

Labels: [0 0 0 0 0 0 0 0 0 0 0 0 0 1 0 0 0 0 0 0 0 0 1 0 1 0 1 1 0 0 1 0 0 0 0 0 0
 0 1 1 0 0 0 1 0 1 0 0 0 0 0 1 0 1 1 0 0 1 0 0 0 0 0 0 1 0 0 0 0 0 0 0 0 0
 0 0 1 0 0 0 0 1 0 1 0 0 0 0 0 1 0 0 1 0 0 1 0 0 0 0 1 1 0 0 0 1 0 0 0 0 0
 1 0 0 0 0 1 0 1 0 1 0 0 0 1 0 1 0 0 0 0 1 0 1 1 0 0 0 0 0 0 0 0 1 0 0 1 0
 0 0 0 0 0 0 0 0 0 0 1 1 0 1 0 0 0 0 1 0 0 0 0 0 1 1 1 0 0 0 0 0 0 0 0 0 0
 0 0 1 0 0 0 0 0 0 0 1 1 1 0 1 0 1 0 0 0 0 0 0 0 0 0 0]

