Clustering algorithm selected: kmeans
=====================================

Clustering evaluation metric: dbc_ss
Clustering evaluation value: 0.44110740058072867

========== Cluster 0 ==========

Base classifier: SVC(probability=True)

Minority Class: 0

Selected Features: [24  0 21 23  3  8  4 22  1  2 28 14  9  7 27 11  5 17 16 10 19 20 13]

Labels: [1 1 0 0 1 1 1 1 1 0 0 1 0 0 1 1 1 1 1 0 1 0 1 1 0 0 1 1 1 0 0 0 0 1 0 0 1
 1 1 1 0 0 1 0 1 0 1 1 1 1 0 0 0 1 1 1 1 0 0 0 0 1 0 0 1 1 0 1 1 0 1 0 1 1
 0 1 0 0 0 1 1 1 0 0 1 1 0 0 1 0 0 0 1 0 0 0 1 0 1 1 0 1 1 0 0 1 1 0 0 1 0
 1 0 0 0 0 1 1 0 0 1 1 1 1 1 1 1 1 1 1 1 0 1 0 0 0 0 1 1 0 1 0 0 0 1 1 1 0
 1 1 1 1 1 1 0 0 0 1 0 1 1 0 1 0 1 0 0 0 1 1 1 1 1 1 1 1 1 0 1 0 0 0 1 1 0
 0 0 0 1 0 0 0 0 0 1 0 1 1 0 1 1 1 0 0 0 0 1 1 1 1 0 1 1 1 1 0 0 0 1 0 0 1
 0 1 1 0 0 1 0 0 0 0 1 0 1 0 1 1 0 0 0 1 0 0 1 1 0 1 1 0 0 1 1 0 1 1 1 1 0
 0 0 0 1 0 1 1 1 0 0 0 1 1 1 0 0 0 1 0 1 1 1 0 1 1 1 1 0 0 1 1 1 0 1 0 1 0
 0 1 0 1 0 0 1 1 0 1 1 0 0 1 1 0 0 0 0 0 0 1 1 1 1 0 0 1 0 1 1 1 0 0 0 0 1
 0 1 0 0 1 1 1 1 1 1 1 0 1 0 0 1 0 0 0 1 0 1 1 0 1 0 0 1 1 1 0 0 0 0 0 0 1
 0 0 0 0 1 0 1 0 0 1 0 0 0 1 0 0 0 1 1 1 0 1 1 1 1 1 1 0 1 1 0 1 0 0 0 0 0
 1 1 1 0 0 1 0 0 0 0 0 0 1 0 1 0 1 1 0 1 1 1 0 0 1 1 1 0 0 0 0 0 0 1 1 1 0
 1 0 1 1 0 0 1 0 0 0 0 0 0 0 0 0 0 0 1 1 0 1 1 0 0 0 0 0 0 0 0 1 1 1 0 1 1
 0 0 0 0 1 1 1 1 1 0 1 0 1 0 0 1 1 0 0 1 1 1 0 1 1 1 1 0 0 0 1 1 0 1 1 1 0
 1 0 0 0 0 0 0 0 0 0 1 1 1 0 0 0 1 1 0 1 1 1 1 0 1 0 0 0 0 1 1 1 0 1 0 1 0
 1 0 1 0 0 0 0 0 0 0 1 1 1 1 1 1 0 1 1 0 1 0 0 1 0 1 0 1 0 1 1 1 1 1 1 0 1
 1 0 1 0]

Synthetic samples indexes: [  0   1   4   5   6   7   8  14  15  17  18  20  22  23  26  27  28  33
  36  37  42  44  46  47  48  49  53  54  56  64  67  68  70  72  73  75
  79  80  81  84  85  88  92  96  98  99 101 102 105 106 111 116 117 120
 121 122 123 124 125 126 127 128 129 130 132 137 138 140 144 145 146 148
 149 151 152 153 157 159 160 162 164 168 170 171 172 173 174 175 176 178
 182 183 188 194 197 199 200 201 206 207 208 209 211 212 213 214 218 221
 223 224 227 232 234 236 237 241 244 245 247 248 251 252 254 256 257 262
 264 266 270 271 272 276 278 280 282 283 284 285 288 289 290 292 294 297
 299 302 303 305 309 310 317 318 319 320 323 325 326 327 332 334 337 338
 339 340 341 342 343 345 348 352 354 355 357 360 361 362 369 374 376 379
 383 387 388 389 391 392 393 394 395 396 398 399 401 407 408 409 412 419
 421 423 424 426 427 428 431 432 433 440 442 444 446 447 450 462 463 465
 466 475 476 477 479 480 485 486 487 488 489 491 493 496 497 500 501 502
 504 505 506 507 511 512 514 515 516 518 529 530 534 535 537 538 539 540
 542 547 548 549 551 553 555 557 565 566 567 568 569 570 572 573 575 578
 580 582 585 586 587 588 592 594]

========== Cluster 1 ==========

Base classifier: DummyClassifier(strategy='most_frequent')

Minority Class: 0

Selected Features: [30 29 28 27 26 25 24 23 22 21 20 19 18 17 16 15 14 13 12 11 10  9  8  7]

Labels: [1 1 1 1 1 1 1 1 1 1 1 1 1 1 1 1 1 1 1 1 1 1 1 1 1 1 1 1 1 1 1 1 1]

Synthetic samples indexes: []

========== Cluster 2 ==========

Base classifier: SVC(probability=True)

Minority Class: 0

Selected Features: [28 24 21  8 22 23  4 25  1  3 20 19 18  2 29 12 26  0 16 13 27 17 15 10
  7]

Labels: [0 1 0 1 0 0 1 1 0 0 1 1 1 0 1 1 0 0 0 1 0 0 0 1 1 0 0 1 1 0 1 0 0 0 0 0 1
 1 0 1 0 1 1 1 1 0 1 1 1 0 0 0 0 0 1 1 0 1 0 0 1 0 1 0 1 0 0 1 0 1 1 1 0 1
 0 1 1 1 0 1 1 0 1 0 0 1 1 1 0 1 1 0 1 1 0 1 1 0 0 0 0 0]

Synthetic samples indexes: [  4   5   8   9  13  16  17  18  22  26  34  35  38  45  50  51  56  58
  61  65  66  74  78  81  84  98 101]

========== Cluster 3 ==========

Base classifier: DummyClassifier(strategy='most_frequent')

Minority Class: 0

Selected Features: [30 29 28 27 26 25 24 23 22 21 20 19 18 17 16 15 14 13 12 11 10  9  8  7]

Labels: [1 1 1 1 1 1 1 1 1 1 1 1 1 1 1 1 1 1 1 1 1 1 1 1 1 1 1 1 1 1 1 1 1 1 1 1 1
 1 1 1 1 1 1 1 1 1 1 1 1 1 1 1 1 1 1 1 1 1 1 1 1 1 1 1 1 1 1 1 1 1 1 1 1 1
 1 1 1 1 1 1 1 1 1 1 1 1 1]

Synthetic samples indexes: []

