Clustering algorithm selected: kmeans
=====================================

Clustering evaluation metric: dbc_ss
Clustering evaluation value: 0.3778423121743061

========== Cluster 0 ==========

Base classifier: DummyClassifier(strategy='most_frequent')

Minority Class: 0

Selected Features: [30 29 28 27 26 25 24 23 22 21 20 19 18 17 16 15 14 13 12 11 10  9  8  7]

Labels: [1 1 1 1 1 1 1 1 1 1 1 1 1 1 1 1 1 1 1 1 1 1 1 1 1 1 1 1 1 1 1 1 1 1 1 1 1
 1 1 1 1 1 1 1 1 1 1 1 1 1 1 1 1 1 1 1 1 1 1 1 1 1 1 1 1 1 1 1 1 1 1 1 1 1
 1 1 1 1 1 1 1 1 1 1 1 1 1 1 1 1 1 1 1 1 1 1 1 1 1 1 1 1 1 1]

Synthetic samples indexes: []

========== Cluster 1 ==========

Base classifier: SVC(probability=True)

Minority Class: 0

Selected Features: [24 21 23  4  0  1  3 14  8 28  2 22 27 10  9  7 11 13  5 20  6 16 17]

Labels: [1 1 1 0 0 0 0 0 1 0 0 0 0 0 1 0 1 0 0 0 1 1 0 1 0 0 0 0 0 0 1 0 0 1 0 1 1
 0 0 0 1 0 1 0 1 0 1 0 1 0 0 1 0 1 1 0 1 0 0 0 0 0 0 1 0 1 0 0 0 1 1 0 1 1
 0 1 0 0 1 1 0 0 1 0 1 1 0 0 0 0 0 0 1 1 0 1 1 0 0 0 1 0 1 1 1 0 1 0 0 1 1
 1 0 0 0 1 1 1 0 1 0 1 1 1 1 0 0 1 1 0 0 0 1 1 0 1 0 0 1 0 0 0 1 1 0 1 0 1
 1 1 0 1 1 0 1 1 0 1 1 0 0 1 0 1 0 0 1 1 0 1 0 1 0 1 0 1 1 1 1 0 0 1 1 0 1
 0 0 0 0 1 0 0 1 1 0 0 0 0 0 1 1 1 0 0 0 0 1 0 1 0 1 0 1 1 1 1 1 0 1 0 0 1
 1 1 1 1 1 0 0 0 0 1 0 0 1 0 0 0 1 0 0 0 1 0 0 1 1 1 1 1 1 1 0 1 0 0 1 0 0
 1 1 0 1 1 1 1 1 1 0 0 1 0 1 1 1 0 0 1 1 1 1 0 1 0 1 0 0 1 0 0 0 1 1 0 1 1
 0 0 1 1 0 1 0 0 0 1 1 0 1 0 1 0 1 0 1 1 1 1 0 1 0 0 1 0 1 0 1 0 1 0 1 0 0
 1 0 1 1 0 0 1 1 1 1 0 0 1 0 1 0 0 0 1 0 1 0 0 1 0 1 0 0 1 1 1 1 1 0 1 1 0
 0 1 0 1 0 0 1 1 0 0 0 1 0 0 1 1 0 0 0 1 0 1 1 1 1 0 1 0 0 0 0 1 1 1 1 0 1
 0 1 0 0 1 1 0 1 1 1 1 1 1 0 0 1 0 0 0 0 1 0 1 0 0 1 0 1 0 1 1 1 1 1 0 1 1
 0 0 1 0 0 0 1 1 1 0 1 0 0 1 1 1 0 1 0 0 1 0 1 0 1 1 0 1 1 0 0 1 1 0 1 1 1
 0 0 1 0 0 1 0 0 0 1 1 1 1 1 0 0 0 0 1 1 0 0 1 0 1 0 0 0 0 1 0 1 0 1 1 1 1
 0 0 0 0 0 0 0 0 0 1 1 1 0 1 1 1 1 0 0 0 1 0 1 1 1 1 0 0 0 0 1 1 0 1 0 1 1
 1 0 0 1 0 0 0 0 1 0 1 1 0 1 1 0 1 1 0 1 1 0 0 0 1 0 1 1 1 0 1 1 1 1 1 1 0
 1 0 1 1]

Synthetic samples indexes: [  0   2   8  14  16  20  21  23  33  35  36  40  44  46  48  53  54  56
  63  65  69  72  73  75  82  84  85  93  95  96 100 102 103 104 106 109
 110 111 115 116 117 119 121 122 123 124 127 128 132 133 135 138 142 143
 145 147 148 149 151 152 154 155 157 158 161 163 166 167 169 171 175 176
 177 178 181 182 184 189 193 200 201 206 208 210 212 213 214 215 216 218
 221 222 223 224 225 226 231 234 238 242 245 246 247 248 249 250 251 253
 259 260 262 263 264 265 266 267 270 272 273 274 277 278 279 280 282 284
 287 291 292 294 295 298 299 301 305 306 308 310 312 314 315 316 317 319
 322 326 330 333 335 336 339 340 341 342 345 347 351 353 356 358 361 362
 363 364 365 367 368 371 373 376 381 384 385 391 392 393 394 396 401 402
 403 404 406 408 411 412 414 415 416 417 418 419 422 427 429 432 434 436
 437 438 440 442 443 446 450 451 452 454 457 458 459 461 464 466 468 471
 472 475 476 478 479 480 483 486 490 491 492 493 494 500 503 505 510 512
 514 515 516 517 527 528 531 532 533 534 538 540 541 542 543 548 551 554
 555 558 563 565 566 568 569 571 572 574 575 579 581 582 583 586 587 588
 589 590 592 594]

========== Cluster 2 ==========

Base classifier: SVC(probability=True)

Minority Class: 0

Selected Features: [24 21 28 23  8  3  4 25  1  5 22 20 16 26 29  0 14 19 10  2 27 18 17 15
 11]

Labels: [0 0 0 0 0 0 1 0 0 0 1 0 1 1 1 0 1 0 1 1 1 0 1 1 1 1 0 1 1 0 1 1 1 1 0 0 1
 0 0 1 1 0 0 0 0 0 0 1 1 0 1 1 0 1 0 0 1 0 0 1 1 0 1 1 1 0 1 1 0 1 1 0 0 1
 1 0 1 0 1 1 1 0 0 0 0 0 0 0 0 0 0 0 0 1 0 1 1 1 0 1 0 1 0 1 1 1 0 1 0 0 1
 0 1 0 1 1 1 1 0 0 0 0 1 1 1 1]

Synthetic samples indexes: [  0   5   8  15  17  26  29  34  35  37  38  41  42  45  46  49  52  54
  57  58  61  65  72  75  81  82  84  85  86  88  89  91  94  98 102 106
 118 119 120 121]

