Clustering algorithm selected: kmeans++
=====================================

Clustering evaluation metric: dbc_ss
Clustering evaluation value: 0.44132771789504704

========== Cluster 0 ==========

Base classifier: SVC(probability=True)

Minority Class: 0

Selected Features: [24 28 21  8  4 23  3  1 25 22 20  5 15  2 26  6 16  0 10 17 14 19 29 27
 11]

Labels: [1 0 0 1 1 1 0 1 0 0 1 1 1 0 1 1 0 1 0 0 1 1 0 1 0 0 1 1 1 0 1 0 1 0 0 0 1
 1 0 0 1 1 1 0 1 0 0 1 1 0 0 0 0 0 0 1 0 0 0 1 1 1 1 1 1 0 0 1 1 1 0 1 1 0
 0 1 0 1 0 0 1 0 1 0 1 0 1 0 1 0 1 0 0 0 0 1 1 1 0 0 1 1 0 0 1 0 0 1]

Synthetic samples indexes: [  1   2   9  13  16  18  19  22  24  29  34  45  51  57  58  65  66  70
  73  74  79  83  87  89  91  92  93  99 103 106]

========== Cluster 1 ==========

Base classifier: SVC(probability=True)

Minority Class: 0

Selected Features: [21 24 23  0  4  3  1 14 22  2  8 28 27  9  7 20  5 13 11 17 19 16 10 15]

Labels: [1 0 0 1 1 0 1 0 1 1 1 0 0 1 1 1 1 0 1 0 0 0 1 1 0 0 0 1 0 0 1 1 0 1 0 1 1
 0 0 0 1 0 1 1 0 1 0 1 0 1 1 0 1 0 0 0 1 1 0 1 0 1 0 0 0 0 1 0 0 1 1 1 1 0
 1 1 1 0 0 0 1 0 0 0 0 0 0 1 0 1 0 0 1 0 0 1 0 1 0 1 0 1 0 0 0 0 0 0 0 1 0
 1 1 0 0 1 1 1 0 1 1 1 0 1 0 0 1 0 0 0 1 0 1 0 0 1 0 0 1 1 0 0 1 1 0 0 0 0
 1 0 0 0 0 1 0 0 0 1 0 1 1 0 0 1 0 0 1 1 1 0 0 0 0 1 0 1 1 1 0 0 1 0 1 1 0
 1 0 1 0 1 1 1 0 1 0 0 1 1 1 1 0 1 0 1 0 0 0 1 0 1 0 0 0 0 1 1 0 1 1 0 1 0
 0 1 1 1 0 0 0 0 1 1 1 1 1 1 0 1 0 1 1 1 1 1 1 1 0 1 1 1 0 1 0 0 0 1 1 0 1
 0 1 1 1 0 1 0 1 0 1 1 0 0 1 0 1 0 1 0 0 1 0 1 0 1 1 0 1 1 1 1 1 1 1 0 0 1
 1 0 0 0 1 1 1 1 1 1 1 1 1 0 0 0 0 0 1 0 1 1 0 1 1 1 1 1 0 1 1 0 0 1 0 1 0
 1 1 1 1 1 0 0 0 0 1 0 1 0 0 0 0 0 1 1 1 1 0 1 1 1 0 0 1 1 1 0 0 1 0 1 1 1
 0 1 1 1 0 1 0 1 0 0 0 1 1 1 1 0 0 0 0 1 1 1 0 1 1 1 1 0 1 0 0 1 0 1 0 1 0
 0 0 1 0 1 0 0 1 1 0 0 0 1 0 1 0 0 0 0 0 0 0 1 1 0 0 1 0 1 0 1 1 0 1 0 1 1
 1 0 0 0 0 0 1 0 1 0 1 0 1 1 0 0 0 1 1 1 0 0 1 1 0 1 1 0 0 0 0 0 1 0 0 0 1
 1 1 0 1 0 1 1 1 0 1 0 1 1 0 0 0 1 0 0 0 1 1 0 0 0 0 0 1 0 0 0 1 0 1 0 1 0
 0 0 0 1 1 1 1 1 0 0 1 1 1 1 0 0 1 1 1 0 1 1 1 1 1 1 1 0 1 1 1 0 1 0 0 0 1
 0 0 0 0 0 1 1 1 0 1 1 0 1 0 1 0 1 1 0 0 0 0 0 0 0 1 0 0 0 1 1 1 1 1 1 0 0
 1 0]

Synthetic samples indexes: [  0   4   6   8   9  10  13  14  15  16  18  22  23  30  31  35  36  40
  42  43  45  47  49  50  52  56  59  61  66  69  70  71  72  74  75  76
  80  87  89  95  97  99 101 109 111 112 115 116 117 119 120 121 123 126
 130 135 138 139 142 143 148 153 157 159 160 163 166 167 168 173 175 176
 177 180 182 183 187 189 190 191 193 196 197 198 199 201 203 207 209 214
 215 217 218 220 223 224 225 230 231 232 233 234 235 237 239 240 241 242
 243 244 245 247 248 249 251 255 256 258 260 261 262 264 266 268 269 272
 274 276 279 281 283 284 286 287 288 289 290 291 292 295 300 301 302 303
 304 305 306 308 314 316 317 319 320 321 322 323 325 326 329 331 333 334
 335 336 337 342 344 350 351 352 353 355 356 357 360 361 362 365 367 368
 369 371 372 373 375 377 381 382 383 389 390 391 393 394 395 396 398 401
 403 405 409 411 414 415 419 421 429 430 433 435 437 438 440 442 443 444
 450 452 454 456 457 461 462 463 466 467 470 476 481 482 487 488 490 492
 493 497 501 502 508 512 514 516 521 522 524 525 528 529 530 531 534 535
 538 539 541 542 543 544 546 547 548 550 554 560 561 562 565 567 569 572
 580 584 587 588 589 592]

========== Cluster 2 ==========

Base classifier: DummyClassifier(strategy='most_frequent')

Minority Class: 0

Selected Features: [30 29 28 27 26 25 24 23 22 21 20 19 18 17 16 15 14 13 12 11 10  9  8  7]

Labels: [1 1 1 1 1 1 1 1 1 1 1 1 1 1 1 1 1 1 1 1 1 1 1 1]

Synthetic samples indexes: []

========== Cluster 3 ==========

Base classifier: DummyClassifier(strategy='most_frequent')

Minority Class: 0

Selected Features: [30 29 28 27 26 25 24 23 22 21 20 19 18 17 16 15 14 13 12 11 10  9  8  7]

Labels: [1 1 1 1 1 1 1 1 1 1 1 1 1 1 1 1 1 1 1 1 1 1 1 1 1 1 1 1 1 1 1 1 1 1 1 1 1
 1 1 1 1 1 1 1 1 1 1 1 1 1 1 1 1 1 1 1 1 1 1 1 1 1 1 1 1 1 1 1 1 1 1 1 1 1
 1 1 1 1 1 1 1 1 1 1 1 1 1 1 1 1 1 1]

Synthetic samples indexes: []

