============== Classifiers Parameters ==============
[{'cost': 98.26619607589566, 'gamma': 404.1761807356023}, {'cost': 506.8308790848954, 'gamma': 3.1307742412048403}, {'cost': 104.57573000888749, 'gamma': 51.84625653270654}, {'cost': 368.9149407887458, 'gamma': 445.06502304462487}, {'cost': 450.67611120826984, 'gamma': 727.5892131476807}, {'cost': 39.412972667474335, 'gamma': 765.4743007055913}, {'cost': 3.637647377391055, 'gamma': 258.7762610484296}]

Optimal clusterer: kmeans

External clustering metrics:
adjusted_rand_score: 0.0
normalized_mutual_info_score: 0.0
v_measure_score: 0.0
fowlkes_mallows_score: 0.7066148807574941

Internal clustering metrics:
silhouette: -inf
davies_bouldin: inf
calinski_harabasz_score: -inf

Base classifier: svm
========== Cluster 0 ==========

Labels: [1 1 0 1 0 1 0 0 1 1 0 1 0 1 0 1 1 1 0 0 0 0 1 0 0 0 1 1 1 1 0 1 1 1 1 1 0
 1 1 0 1 0 0 1 1 0 0 0 0 0 1 1 1 0 0 1 1 0 1 1 0 1 1 0 1 1 0 1 0 1 1 0 0 1
 0 1 0 0 1 1 1 1 1 0 0 1 0 0 0 0 1 0 1 0 1 1 0 1 1 0 0 0 1 1 0 0 0 0 1 0 0
 0 1 0 1 0 0]

========== Cluster 1 ==========

Labels: [1 1 1 1 1 1 0 1 1 0 1 1 0 0 0 1 0 1 0 0 1 0 0 0 0 0 0 1 1 1 0 0 1 1 1 1 1
 0 1 0 0 1 0 0 1 0 1 1 0 1 0 0 1 1 0 1 0 0 0 0 0 0 1 0 0 1 0 1 0 1 1 0 1 1
 0 0 1 1 0 1 1 1 1 1 1 0 0 0 1 1 1 0 0 1 0 1 1 0 1 0 0 1 1 1 1 1 1 0 1 0 0
 0 0 0 0 0 0 1 0 1 0 0 1 0 0 0 0]

========== Cluster 2 ==========

Labels: [1 1 1 1 1 1 1 1 1 1 1 1 1 1 1 1 1 1 1 1 1 1 1 1 1 1 1 1 1 1 1 1 1 1 1 1 1
 1 1 1 1 1 1 1 1 1 1 1 1 1 1 1 1 1 1 1 1 1 1 1 1 1 1 1 1 1 1 1 1 1 1 1 1 1
 1 1 1 1 1 1 1]

========== Cluster 3 ==========

Labels: [0 0 0 0 0 0 0 0 0 0 0 0 0 0 0 0 0 1 0 0 0 0 0 0 0 0 0 0 0 0 0 0 0 0 0 0 0
 0 0 0 0 0 0 0 0 0 0 0 0 0 0 0 0 0 0 0 0 0 0 0 0 0 0 0 0 0 0 0 0 0 0 0 0 0
 0 0 0 0 0 0 0 0 0 0 0 0]

========== Cluster 4 ==========

Labels: [1 0 0 1 1 0 1 0 1 0 1 1 0 1 0 0 1 0 0 1 0 1 0 0 0 1 0 1 1 1 1 1 0 1 0 1 0
 0 1 1 1 0 1 1 1 0 0 1 1 0 0 0 1 0 0 0 0 0 1 0 0 1 1 0 1 0 1 0 0 0 0 0 0 0
 1 0 0 0 1 0 1 0 1 1 0 0 1 1 0 0 1 1 0 1 1 0 1 1 0 0 1 1 1 1 0 0 1 1 0 1 0
 0 0 1 1 1 0 1 0 1 1 0 0 0 0 1 1 1 0 0 0 1 0 1 1]

========== Cluster 5 ==========

Labels: [1 1 1 1 1 1 1 1 1 1 1 1 1 1 1 1 1 1 1 1 1 1 1 1 1 1 1 1 1 1 1 1 1 1 1 1 1
 1 1 1 1 1 1 1 1 1 1 1 1 1 1 1 1 1 1 1 1 1 1 1 1 1 1 1 1 1 1 1 1 1 1 1 1 1
 1 1 1 1 1 1 1 1 1 1 1 1 1 1 1 1]

========== Cluster 6 ==========

Labels: [0 0 0 0 0 0 0 0 0 0 0 0 0 0 0 0 1 0 0 0 0 0 0 0 0 0 0 0 0 0 0 0 0 0 0 0 1
 0 0 0 0 0 0 0 0 0 0 0 0 0 0 0 0 0 0 0 0 0 0 0 0 0 0 0 0 0 0 0 0 0 0 0 0 0
 0 0 0 0 0 0 0 0 0 0]

