============== Classifiers Parameters ==============
[{'cost': 673.2173133280623, 'gamma': 749.8519078460895}, {'cost': 321.37760081273024, 'gamma': 167.74976885311028}, {'cost': 744.0074543823062, 'gamma': 207.3068311595929}, {'cost': 214.36809734447894, 'gamma': 977.2738045470807}, {'cost': 865.5305663720519, 'gamma': 335.17191957515}, {'cost': 595.4708940376106, 'gamma': 686.957831981388}, {'cost': 275.4064513429089, 'gamma': 564.0615695088816}, {'cost': 376.6538503845271, 'gamma': 993.0916821782885}, {'cost': 143.75203121615488, 'gamma': 375.6562280946404}, {'cost': 585.3188570756881, 'gamma': 876.9495609954943}]

Optimal clusterer: kmeans

External clustering metrics:
adjusted_rand_score: 0.28348345425938287
normalized_mutual_info_score: 0.23010608783973685
v_measure_score: 0.23010608783973685
fowlkes_mallows_score: 0.647631040132226

Internal clustering metrics:
silhouette: 0.2701064596881556
davies_bouldin: 1.4666350363956169
calinski_harabasz_score: 282.6272083407221

Base classifier: svm
========== Cluster 0 ==========

Labels: [1 1 0 1 1 0 1 0 0 1 0 0 0 0 1 0 1 0 1 0 1 0 0 1 0 0 0 0 1 1 1 1 0 0 0 0 0
 0 1 0 0 1 1 0 0 1 0 1 0 0 1 1 1 1 0 1 1 0 1 0 0 0 0 0 0 1 1 0 0 0 0]

========== Cluster 1 ==========

Labels: [0 0 0 0 0 0 0 0 0 0 0 0 0 0 0 0 0 0 0 0 0 0 0 0 0 0 0 0 0 0 0 0 0 0 0 0 0
 0 0 0 0 0 0 0 0 0 0 0 0 0 0 0 0 0 0 0 0 0 0 0 0 0]

========== Cluster 2 ==========

Labels: [1 1 0 1 1 0 1 1 0 1 1 1 1 0 0 0 0 1 0 1 1 1 1 1 1 1 1 1 1 0 0 0 1 1 0 0 0
 0 1 1 0 1 1 1 1 1 1 0 1 0 1 0 1 1 0 1 1 0 1 1 1 1 0 0 1 1 1 0 1 1 1 0 0 1
 1 1 1 0 0 1 1 0 0 0 0 0 0 0 0 1 0 0]

========== Cluster 3 ==========

Labels: [1 0 1 1 0 0 0 0 0 0 1 0 0 1 0 1 0 0 1 0 1 0 0 1 1 1 1 1 1 1 0 0 0 0 0 0 0
 1 0 1 0 1 0 0 0 0 0 0 0 0 1 1 0 0 1 1 1 0 1 0 1 0 0 1 0 1 0 0 1 0 1 0 0 1
 1 0 1 1 0 0 0 0 0 0 1 0 0 1 1]

========== Cluster 4 ==========

Labels: [0 0 0 0 0 0 0 0 0 0 0 0 0 0 0 0 0 0 0 0 0 0 0 0 0 0 0 0 0 0 0 0 0 0 0 0 0
 0 0 0 0 0 0 0 0]

========== Cluster 5 ==========

Labels: [1 1 1 1 1 1 1 1 1 1 1 1 1 1 1 1 1 1 1 1 1 1 1 1 1 1 1 1 1 1 1 1 1 1 1 1 1
 1 1 1 1 1 1 1 1 1 1 1 1 1 1 1 1 1 1 1 1 1 1 1 1 1 1 1 1 1 1 1]

========== Cluster 6 ==========

Labels: [0 1 1 1 1 1 0 1 1 0 1 1 1 1 1 0 1 0 0 1 1 0 0 1 1 1 0 0 0 0 1 1 1 0 1 0 1
 0 1 1 0 0 0 1 0 0 0 1 1 1 1 1 1 0 1 0 1 1 1 1 0 0 1 1 1 1 1 1 1 0 0 0 1 0
 1 1 1 1 0 1 1 1 0 1 0]

========== Cluster 7 ==========

Labels: [1 0 1 1 1 1 1 0 1 1 0 0 1 1 0 0 1 0 1 1 0 1 1 1 0 0 0 1 1 1 1 1 0 0 1 1 0
 0 1 1 0 1 1 1 0 0 1 0 1 1 1 1 1 1 0 0 1 0 0 1 1 1 0 1 0 0 0 0 0 1 1 1 0 1
 0 0]

========== Cluster 8 ==========

Labels: [1 1 1 1 1 1 1 1 1 1 1 1 1 1 1 1 1 1 1 1 1 1 1 1 1 1 1 1 1 1 1 1 1 1 1 1 1
 1 1 1 1 1 1 1 1 1 1 1 1 1 1 1 1 1 1 1 1 1 1 1 1 1 1 1 1 1 1 1 1 1 1 1 1 1]

========== Cluster 9 ==========

Labels: [0 0 0 0 0 0 0 0 0 0 0 1 0 0 0 0 0 0 0 0 1 0 0 0 0 0 0 0 0 0 0 0 0 0 0 0 0
 0 0 0 0 0 0 0 0 0 0 0 0 0 0 0 0 0 0 0 0 0]

