============== Classifiers Parameters ==============
[{'cost': 871.0004621688403, 'gamma': 0.01862322828304741}, {'cost': 201.2451959151237, 'gamma': 672.619968292714}]

Optimal clusterer: kmeans

External clustering metrics:
adjusted_rand_score: 0.0
normalized_mutual_info_score: 0.0
v_measure_score: 0.0
fowlkes_mallows_score: 0.7066148807574941

Internal clustering metrics:
silhouette: -inf
davies_bouldin: inf
calinski_harabasz_score: -inf

Base classifier: svm
========== Cluster 0 ==========

Labels: [1 0 0 1 1 1 0 0 0 1 1 1 0 1 1 0 0 0 0 1 0 0 1 1 1 0 0 1 0 0 1 0 0 0 1 1 0
 1 0 0 0 1 0 0 1 1 1 0 0 1 0 1 0 0 1 0 0 0 0 1 1 1 0 0 0 0 0 0 1 1 0 1 0 1
 0 0 1 0 1 0 1 1 1 1 0 0 0 0 0 0 0 1 1 0 1 1 1 1 1 1 1 0 1 0 0 1 0 0 0 1 0
 0 0 1 0 1 0 0 0 1 0 1 0 0 0 0 1 0 1 0 0 0 1 1 1 0 0 0 1 1 0 0 1 1 0 0 1 1
 1 0 0 1 1 0 0 0 1 1 1 0 0 1 1 0 1 0 1 0 1 1 0 0 1 1 0 0 0 0 0 1 0 1 0 0 0
 1 1 0 0 1 0 0 1 0 0 0 1 1 0 1 0 1 1 0 0 1 1 1 1 1 0 0 1 1 0 0 0 0 0 0 0 1
 0 1 1 0 0 0 0 1 1 0 0 1 1 1 0 0 0 1 0 0 0 0 1 1 1 1 1 0 0 0 1 1 1 1 0 1 0
 1 0 0 1 1 1 0 0 0 1 1 1 1 0 1 1 1 0 1 0 0 0 0 1 0 1 0 1 1 0 1 0 1 1 1 0 1
 1 0 1 0 0 1 0 1 1 0 1 1 0 1 1 1 0 1 0 1 1 0 0 1 0 0 1 0 1 1 1 1 0 1 0 1 1
 1 0 1 1 1 0 0 1 1 1 1 1 0 0 0 1 0 0 0 0 0 1 1 0 0 0 0 0 0 0 0 1 0 1 0 0]

========== Cluster 1 ==========

Labels: [1 1 0 1 1 0 0 0 0 1 1 1 0 0 1 0 1 0 1 1 0 0 1 1 1 0 1 0 1 1 0 0 0 1 0 1 1
 0 0 1 1 1 1 1 1 0 0 0 0 0 0 0 1 1 1 0 0 0 1 1 0 0 0 1 1 1 1 0 1 0 1 1 1 1
 1 1 0 1 0 0 0 0 1 1 0 1 1 1 1 1 0 1 1 1 0 0 1 0 0 1 1 0 0 0 1 1 1 1 0 0 0
 0 1 1 1 1 0 0 1 0 0 0 0 0 1 0 0 0 1 1 0 1 1 0 0 1 0 1 0 0 1 1 0 0 1 1 1 1
 1 0 0 1 1 0 1 1 1 0 0 0 1 0 1 1 1 1 0 0 0 1 1 1 0 1 0 1 0 1 0 0 1 0 0 0 0
 1 0 0 1 0 1 1 1 0 0 0 1 1 1 1 0 1 1 1 0 1 0 0 1 0 0 1 1 1 0 0 1 1 0 1 0 0
 0 1 0 0 0 1 0 0 1 1 0 0 0 1 0 1 0 0 1 1 0 0 1 1 1 1 0 1 1 0 1 0 1 0 0 1 1
 0 1 1 0 1 1 1 1 0 1 0 1 1 1 1 0 1 0 1 0 1 0 1 0 1 0 1 0 0 0 1 0 0 0 0 1 1
 1 1 1 0 1 1 1 0 1 0 1 0 1 0 0 0 1 1 1 1 1 1 1 1 1 0 0 1 0 1 1 0 1 0 0 0 1
 1 0 1 0 0 1 0 1 1 1 1 0 1 1 1 0 0 0]

