============== Classifiers Parameters ==============
[{'cost': 803.6414904199048, 'gamma': 486.65416658358987}, {'cost': 516.3819903359954, 'gamma': 436.79156162539545}, {'cost': 712.7309083930148, 'gamma': 263.39361180538754}, {'cost': 588.6965129786905, 'gamma': 363.95901419522875}, {'cost': 453.98421478835746, 'gamma': 0.6065819815884765}]

Optimal clusterer: kmeans

External clustering metrics:
adjusted_rand_score: 0.2746236124727941
normalized_mutual_info_score: 0.2117697847282876
v_measure_score: 0.21176978472828759
fowlkes_mallows_score: 0.6381533212075161

Internal clustering metrics:
silhouette: 0.27579419078884176
davies_bouldin: 1.4496760963369097
calinski_harabasz_score: 289.4661196831024

Base classifier: svm
========== Cluster 0 ==========

Labels: [1 1 0 1 1 1 1 1 1 1 1 1 1 1 1 1 1 1 1 0 1 0 1 1 1 1 1 1 1 1 1 1 1 1 1 1 1
 1 0 0 1 1 1 1 1 0 1 1 1 1 1 1 1 1 1 1 1 1 1 0 1 1 1 0 1 1 1 1 1 1 1 0 1 1
 1 0 1 0 1 1 1 1 1 1 0 0 1 1 1 1 1 1 1 1 0 1 1 1 1 1 1 1 1 1 1 1 1 1 1 0 0
 1 1 1 1 1 1 1 1 0 1 1 1 1 1 1 1 1 1 1 1 1 0 1 1 1 1 1 1 0 0]

========== Cluster 1 ==========

Labels: [1 0 0 0 0 0 0 0 0 1 0 0 0 1 0 0 1 0 0 0 0 0 0 0 0 1 0 0 1 0 1 1 1 0 0 0 1
 0 1 1 0 0 0 1 1 0 0 0 0 1 0 0 0 0 1 0 0 0 0 0 0 0 1 0 1 0 0 0 0 1 0 1 0 0
 1 0 1 0 0 1 0 1 0 0 0 0 0 1 0 0 0 0 0 0 1 0 0 1 1 0 0 0 0 0 0 0 0 0 0 0 0
 0 0 0 0 0 0 1 1 0 0 1 1 0 0 0 1 0 0 1 0 0 0 0 0 0 0 0 0 0 0 0 0 1 0 0 0 0
 0]

========== Cluster 2 ==========

Labels: [1 1 1 1 1 1 1 1 1 1 1 1 0 0 1 1 0 1 0 1 1 1 0 0 1 1 1 0 1 1 1 0 1 1 1 1 1
 1 0 0 1 1 0 1 1 1 1 1 1 1 1 1 1 0 1 1 1 0 1 1 1 1 1 1 0 0 1 1 1 1 0 0 1 1
 1 1 1 1 1 1 1 1 1 1 1 1 0 1 0 1 1 1 1 1 0 0 1 1 1 0 1 1 1 1 1 1 1 1 0 1 1
 1 1 1 1 1 1 1 1 1 1 1 1 1 0 1 0 1 0 0 0 1 0 1 1 1 1 1 1 1 1 1 1 1 0 1 0 1
 0 0]

========== Cluster 3 ==========

Labels: [0 0 0 0 0 0 0 0 1 0 1 0 0 1 0 0 0 1 0 0 0 0 1 0 0 0 0 0 0 1 0 0 0 1 0 0 0
 0 0 0 1 0 0 0 0 0 1 0 0 0 1 0 0 0 0 0 0 0 0 1 0 0 1 0 0 0 1 0 0 1 0 0 0 0
 0 0 0 0 0 0 0 0 0 0 0 0 0 0 0 0 1 1 0 0 0 1 0 0 0 1 0 0 1 0 0 0 1 0 1 0 0
 1 0 1 0 0 1 0 0 1 0 0 0 0 0 0 0 0 0 0 0 0 0 0 0 0 1 1 0 0 0 0]

========== Cluster 4 ==========

Labels: [1 0 0 1 0 1 0 1 0 1 0 1 1 0 0 1 0 0 1 0 0 1 0 0 0 1 0 1 1 1 0 1 0 1 0 1 0
 0 0 1 1 1 0 1 1 1 0 0 1 0 0 0 1 0 0 0 0 0 1 0 0 1 1 0 1 0 1 0 0 0 0 0 0 0
 0 0 0 1 0 0 0 0 0 1 0 0 1 0 0 1 0 1 0 1 0 1 1 1 0 0 0 1 1 1 1 1 1 1 1 0 0
 1 1 0 1 1 0 0 0 1 1 1 0 0 1 1 0 0 0 0 0 1 1 0 0 0 1 1]

