Clustering algorithm selected: kmeans
=====================================

Clustering evaluation metric: dbc_ss
Clustering evaluation value: 0.25660933027246174

========== Cluster 0 ==========

Base classifier: SVC(probability=True)

Minority Class: 0

Selected Features: [ 2 11  3 10  7  0  9  4  6  5  1]

Labels: [1 0 0 1 1 0 1 1 1 0 0 0 1 0 0 1 1 0 0 1 0 0 0 1 0 0 0 1 0 1 1 1 1 0 1 1 0
 1 1 1 1 0 0 0 0 1 1 1 0 0 0 1 0 1 1 1 0 0 0 0 0 0 1 0 0 1 0 0 1 1 1 0 1 0
 0 0 1 1 0 0 1 0 0 0 0 0 0 0 1 0 1 0 1 1 0 0 1 0 1 1 0 0 0 1 1 0 0 1 0 1 0
 1 1 1 1 1 1 0 0 1 1 1 1 1 1 0 1 0 1 1 1 0 1 1 0 0 0 1 1 1 1 0 0 1 0 1 0 1
 1 1 1 0 0 0 1 0 1 0 0 1 1 0 0 0 1 0 1 1 0 0 1 1 1 1 0 0 0 1 0 1 0 1 0 1 1
 0 0 0 0 0 1 1 0 1 0 1 1 1 1 1 0 0 0 0 0 1 0 0 0 1 1 1 0 1 1 0 1 1]

Synthetic samples indexes: [  0   3   4   6   7   8  15  16  19  23  27  29  31  34  35  38  39  40
  45  47  51  53  54  62  65  68  70  72  76  77  80  90  92  93  96  98
  99 103 104 107 111 113 114 115 116 119 120 121 122 123 126 128 129 132
 133 137 138 140 143 145 147 148 149 150 154 156 159 160 164 166 171 173
 177 179 184 190 191 193 195 196 197 198 199 205 210 211 213 216 217]

========== Cluster 1 ==========

Base classifier: SVC(probability=True)

Minority Class: 0

Selected Features: [11  3 10  4 12  9  2  7  0  6  8  1]

Labels: [0 1 0 0 1 1 0 1 0 0 0 1 0 0 0 0 0 0 0 0 1 1 0 1 1 0 0 0 0 0 0 1 1 1 1 0 1
 1 0 0 1 1 0 0 1 0 1 0 1 1 0 0 0 1 1 1 0 1 1 1 1 0 0 1 1 0 0 1 0 0 0 1 0 1
 1 0 0 1 1 1 0 0 1 0 0 0 0 1 1 1 0 0 1 0 1 1 0 1 0 1 1 1 0 0 1 0 0 1 0 1 1
 0 0 0 1 1 0 1 0 0 1 0 1 1 0 0 0 0 1 1 1 1 0 1 0 0 1 1 0 1 0 1 1 1 0 1 1 1
 0 1 1 0 1 0 1 1 0 0 0 1 0 1 1 1 1 0 1 1 1 0 0 1 1 1 0 0]

Synthetic samples indexes: [  0   2  10  12  13  14  17  18  19  22  25  26  27  28  39  43  45  47
  50  56  62  65  66  68  69  70  72  75  76  80  81  85  86  90  91  93
  96  98 102 103 106 108 111 112 116 119 121 124 126 127 134 138 140 153
 156 157 158 160 165 170 174 175]

