============== Classifiers Parameters ==============
[{'cost': 567.7056483385471, 'gamma': 664.3137032686786}, {'cost': 643.5036435773371, 'gamma': 493.1315214717366}, {'cost': 858.1042010562602, 'gamma': 468.15008828346447}, {'cost': 845.972850792795, 'gamma': 825.7213978163683}, {'cost': 91.6697187342317, 'gamma': 161.1128336627021}, {'cost': 926.3090748628447, 'gamma': 989.8805889183662}]

Optimal clusterer: kmeans

External clustering metrics:
adjusted_rand_score: 5.932634408941192e-05
normalized_mutual_info_score: 0.008565262132497715
v_measure_score: 0.008565262132497715
fowlkes_mallows_score: 0.7035970697914253

Internal clustering metrics:
silhouette: 0.4665439874746743
davies_bouldin: 2.9722000652086593
calinski_harabasz_score: 4.058070230050006

Base classifier: svm
========== Cluster 0 ==========

Labels: [1 1 0 1 0 0 1 1 0 0 1 0 1 1 0 0 1 0 0 1 0 1 1 0 0 1 0 1 1 0 0 0 1 1 1 0 1
 1 0 0 1 0 0 0 0 0 1 0 0 0 0 0 1 1 0 1 0 1 0 1 0 1 1 1 0 0 1 0 0]

========== Cluster 1 ==========

Labels: [1 0 0 1 1 1 0 1 0 1 0 1 1 1 1 0 0 0 0 1 1 1 1 0 1 0 0 1 1 0 0 0 1 1 0 1 0
 1 0 1 1 0 0 0 1 1 0 0 1 0 0 1 1 1 1 1 1 0 0 1 1 1 0 0 0 0 0 0 1 0 1 0 1 1
 0 1 0 0 1 1 0 1 1 0 0 0 1 1 1 1 1 1 0 0 0 0 1 1 1 0 0 0 1 0 1 1 0 0 0 0 1
 1 1 0 1 1 0 1 1 1 1 0 1 0 1 1 1 1 1 1 1 1 0 1 1 1 1 1 1 0 1 1 1 1 1 1 1 1
 1 1 1 0 0 1 1 0 1 1 1 0 1 1 1 1 1 0 1 0 1 1 1 1 0 0 0 0 0 0 1 0 0 0 1 0 1]

========== Cluster 2 ==========

Labels: [0 0 0 1 0 1 1 0 0 0 1 0 1 0 0 0 0 1 0 0 1 0 0 0 0 0 0 0 1 0 0 1 0 0 0 1 1
 0 1 0 1 1 0 0 1 0 0 0 1 0 1 0 0 0 0 1 0 0 0 0 0 0 1 1 0 0 1 1 0 0 1 1 1 1
 1 1 1 1 1 1 1 1 0 1 0 0 0 0 0 1 0 1 0]

========== Cluster 3 ==========

Labels: [1 1 1 1 1 1 0 1 0 1 0 0 1 0 0 1 1 1 0 0 0 1 1 0 1 0 0 1 1 1 0 0 0 0 0 1 0
 1 1 0 1 0 1 1 1 0 1 0 1 1 1 0 1 1 1 1 0 1 0 1 0 0 1 0 0 0 1 0 1 0 1 0 1 0
 1 1 1 0 0 0 1 0 0 0 0 1 1 0 1 0 0 1 0 1 1 1 1 1 0 1 0 0 1 1 1 1 1 0 0 0 0
 1 0 1 0 0 0 1 0 0 1 1 1 0 1 0 1 1 0 0 1 1 1 0 1 1 1 1 1 1 1 0 1 0 1 0 0 0
 0 1 0 1 1 0 0 0 1 1 1 0 0 1 1 1 1 0 1 1 1 1 0 0 0 0 0 0 1 1 0 0 0 1 0 1 0
 1 1 1 0 1 0 0 0 1 0 1 1 1 1 1 0 0 1 0 0]

========== Cluster 4 ==========

Labels: [1 1 1 1 0 1 0 1 1 0 0 0 1 1 0 1 0 1 0 0 0 0 1 1 0 1 1 0 0 1 1 0 0 0 1 0 1
 1 1 0 0 0 1 0 1 0 0 1 1 1 0 1 1 1 0 1 0 0 0 1 1 1 1 0 1 0 1 0 0 0 0 1 1 1
 0 1 0 0 1 0 0 0 0 1 0 0 0 1 1 0 0 0 0 0 0 1 1 1 1 0 0 0 1 1 1 0 1 0 1 1 1
 0 1 0 0 1 0 1 1 0 1 0 0 0 1 0 0 0 1 0 0 0 1 0 0 0 1 1 0 1 0 0 1 1 0 1 1 1
 1 1 0 1 0 1 0 1 0 0 1 1 0 0 0 1 1 0 0 0 0 0 0 0 0 1 1 0 1 1 1 1 0 0 1 0 1
 0 0 1 0 1 0 0 1]

========== Cluster 5 ==========

Labels: [0 1 0 1 0 1 0 1 0 1 0 0 1 0 1 1 0 1 1 0 0 1 1 1 1 1 1 1 1 1 0 0 0 1 0 1 1
 0 0 1 0 0 1 0 1 1 0 1 0 0 0 0 1 0 1 1 0 0 1 0 0 1 0 0 0 0 1 0 0 0 0 1 0 1
 0 0 0 1 1 0 0 1 1 0 0 0 0 1 0 1 0 1 0 0 1 1 0 1 0 1 0 1 1 0 0 1 0 0 1 1 0
 1 1 1 1 1 0 1 1 1 1 1 1 1 1 0 0 0 1 0 0 0 1 0 0 1 0 1 0 0 1 0 0 0 1 1 1 0
 1 0 0 0 0 0 0]

