Clustering algorithm selected: spectral
=====================================

Clustering evaluation metric: rand
Clustering evaluation value: 0.005561401459756118

========== Cluster 0 ==========

Base classifier: DecisionTreeClassifier(max_depth=3, min_samples_leaf=2, min_samples_split=7)

Minority Class: 0

Selected Features: [0 1]

Labels: [1 1 0 1 1 0 0 0 1 1 1 0 0 1 0 1 0 1 1 0 0 1 1 1 1 0 0 1 0 1 1 0 0 0 1 0 1
 1 0 0 1 1 1 1 1 1 0 0 0 0 0 0 1 1 1 0 0 0 1 1 0 0 0 1 1 1 1 0 1 0 1 1 1 1
 1 1 1 0 0 0 0 0 1 0 0 0 0 0 1 0 0 0 1 1 0 1 1 0 1 0 1 0 0 1 1 1 0 0 1 1 1
 1 1 1 0 0 1 1 0 1 1 1 0 0 0 1 0 1 1 1 1 0 0 0 1 1 1 0 1 0 1 0 1 0 0 1 0 0
 0 0 1 0 0 1 0 1 1 1 0 0 0 1 1 1 1 0 1 1 1 0 1 0 0 1 0 0 1 1 1 0 0 1 1 0 1
 0 0 0 1 0 0 1 0 0 1 1 0 0 0 1 0 1 0 0 1 1 0 0 1 1 1 1 0 1 1 0 1 0 1 0 0 1
 1 1 0 1 1 1 0 1 1 1 1 0 1 0 1 1 1 1 0 1 0 1 0 1 0 1 0 1 0 1 0 0 1 0 0 0 0
 1 1 1 1 1 0 1 1 1 0 1 1 0 1 0 0 0 1 1 1 1 1 1 1 1 1 1 0 0 1 0 1 1 1 0 1 0
 0 0 1 1 0 1 0 0 1 0 1 1 1 1 0 1 1 1 0 0 1 0 1 1 0 0 1 0 1 1 0 0 0 1 0 0 1
 1 1 0 1 1 0 1 1 1 1 0 1 0 0 1 1 0 1 0 1 0 0 0 1 0 1 0 0 0]

========== Cluster 1 ==========

Base classifier: KNeighborsClassifier()

Minority Class: 1

Selected Features: [0 1]

Labels: [1 0 0 1 1 1 0 0 0 0 1 1 1 0 1 1 0 0 0 0 1 0 0 1 1 0 0 1 0 1 0 0 0 1 1 0 1
 0 0 0 1 0 0 1 1 1 0 0 1 0 1 0 0 1 0 0 0 0 1 0 1 1 0 0 0 0 0 0 1 1 0 1 0 1
 0 0 1 0 1 0 1 1 1 0 0 0 0 0 1 1 1 0 0 0 1 1 0 0 1 1 0 0 1 1 0 1 0 0 1 0 0
 0 1 1 0 0 1 1 0 1 0 1 0 1 1 0 0 1 1 0 0 0 0 0 1 0 1 0 0 0 1 1 0 0 1 0 0 1
 0 0 0 1 1 0 1 0 1 1 0 0 1 1 1 1 1 0 0 1 1 0 0 0 0 0 0 0 1 0 1 1 0 0 0 0 0
 1 1 0 0 1 1 1 0 0 0 1 0 0 0 0 1 1 1 1 1 0 0 0 1 1 1 1 0 1 0 1 0 0 1 1 0 0
 0 1 1 1 0 1 1 1 0 1 0 0 0 0 1 0 1 0 1 1 0 1 0 1 1 1 0 1 1 0 0 1 0 0 1 0 1
 1 0 1 1 0 1 1 1 0 1 0 1 1 0 0 0 1 0 0 1 0 1 1 1 0 1 0 1 1 0 1 1 1 0 0 1 1
 1 1 1 0 0 0 1 0 0 0 0 0 1 1 0 0 0 0 0 0 0 0 1 0 1 1 0 0 1 1 0 1 1 0 0 1 0
 1 0 0 0 0 1 1 1 1 0 1 1 0 0 0 0 0 1 0 0 1 0 1 0 1]

