Clustering algorithm selected: spectral
=====================================

Clustering evaluation metric: rand
Clustering evaluation value: 0.17375432569031818

========== Cluster 0 ==========

Base classifier: SVC(C=208.48045818543417, gamma=880.6899570354644, probability=True)

Minority Class: 0

Selected Features: [0 1]

Labels: [1 1 1 0 1 1 1 1 1 1 1 1 1 0 1 1 1 1 1 0 1 1 1 1 1 0 1 0 1 1 1 1 1 1 1 1 1
 1 1 0 1 1 1 1 1 1 1 0 1 1 1 1 1 1 1 1 1 1 1 1 1 1 1 1 1 1 1 0 1 1 1 1 1 1
 1 1 1 1 0 1 1 1 1 1 1 1 1 1 1 1 1 1 1 1 1 1 1 0 1 1 1 1 1 1 1 1 1 1 1 1 1
 1 1 1 0 1 1 1 1 1 1 1 0 1 1 1 1 1 1 1 1 1 1 1 1 1 1 1 1 1 1 1 1 1 1 1 0 1
 0 1 1 1 1 1 1 1 1 0 1 1 1 1 1 1 1 1 1 1 0 1 1 1 1 1 1 1 0 1 1 1 1 1 1 1 1
 1 1 0 1 1 1 1 1 1 1 1 1 1 1 1 1 1 1 1 0 1 1 1 1 1 1 1]

========== Cluster 1 ==========

Base classifier: KNeighborsClassifier(n_neighbors=7)

Minority Class: 1

Selected Features: [0 1]

Labels: [1 0 0 1 0 0 1 1 0 1 1 0 0 0 0 1 0 0 1 0 0 1 0 1 0 0 0 1 1 0 0 0 0 1 0 0 1
 1 0 0 1 0 0 0 0 0 1 1 0 0 0 0 0 1 0 0 1 0 0 1 0 0 1 1 1 0 0 0 0 0 0 0 0 1
 1 1 1 1 1 1 0 1 0 0 1 0 0 0 1 0 0 0 0 0 0 1 0 0 0 0 1 0 0 0 0 0 0 0 0 0 0
 0 0 1 0 0 1 0 0 1 0 1 0 0 0 1 0 0 0 0 1 1 1 0 0 1 1 0 0 0 0 0 0 0 0 1 1 0
 0 0 0 0 1 0 0 1 0 0 0 0 1 1 1 0 0 0 1 1 0 0 0 0 1 1 0 0 1 1 1 0 1 1 1 0 0
 0 0 0 1 0 0 0 1 1 0 1 0 0 0 0 1 0 1 0 1 0 0 1 0 1 0 0 1 0 1 1 1 0 0 0 1 0
 1 1 1 1 0 0 0 1 0 0 0 0 0 1 0 0 0 0 0 0 0 0 0 1 1 0 0 0 1 0 0 0 0 0 0 0 1
 0 1 1 0 0 0 0 0 1 0 0 0 1 0 1]

========== Cluster 2 ==========

Base classifier: KNeighborsClassifier()

Minority Class: 1

Selected Features: [0 1]

Labels: [1 0 1 1 0 0 0 0 1 1 0 0 0 0 1 0 0 1 0 1 0 0 0 0 1 0 1 0 0 1 1 1 0 0 0 0 0
 0 1 0 1 0 0 0 1 0 0 0 1 0 1 0 1 1 1 1 0 1 0 0 0 1 0 1 1 1 0 1 0 1 0 0 1 1
 0 0 0 0 1 1 0 1 1 0 0 0 0 0 1 0 1 0 0 0 1 0 1 0 1 0 0 0 1 0 0 0 0 0 0 1 0
 0 0 0 1 0 0 0 1 0 0 0 1 1 0 0 1 0 1 0 0 0 1 0 0 0 0 0 0 0 0 0 0 0 0 0 0 1
 0 0 1 0 1 0 0 0 0 1 1 1 1 0 0 1 1 1 0 0 1 0 1 0 0 0 0 0 0 1 0 0 0 0 1 1 0
 1 0 1 0 1 0 0 0 1 1 0 0 0 0 0 0 1 0 0 0 1 0 1 0 0 0 0 0 1 0 0 0 0 0 0 0 1
 0 0 0 1 0 0 0 0 0 0 0 0]

