Clustering algorithm selected: kmeans++
=====================================

Clustering evaluation metric: rand
Clustering evaluation value: 0.2630644450792268

========== Cluster 0 ==========

Base classifier: SVC(C=31.35127660852802, gamma=466.64687500229695, probability=True)

Minority Class: 0

Selected Features: [0 1]

Labels: [1 0 1 1 1 0 1 1 1 1 1 1 1 1 1 1 1 1 1 0 1 0 0 1 1 1 0 1 0 1 1 1 0 1 0 1 1
 1 1 1 1 1 0 1 1 1 0 1 0 0 1 0 0 1 1 1 1 1 1 0 1 1 1 1 1 1 1 1 0 1 0 1 0 1
 1 1 1 1 1 1 1 1 1 0 1 0 1 0 0 1 1 1 0 0 1 1 1 1 1 1 1 1 1 0 1 1 1 1 0 1 1
 0 1 1 1 1 0 1 0 1 1 1 1 1 1 1 1 1 1 1 0 1 1 1 1 1 1 1 1 1 1 1 0 1 0 1 1 0
 1 0 1 1 1 1 1 1 1 0 1 1 1 1 1 1 1 1 1 1 0 0 0 0 0 1 1 1 1 0 1 0 1 1 1 1 1
 0 1 1 1 1 1 1 1 0 1 1 1 1 1 0 1 0 1 0 1 1 1 1 1 1 1 1 1 1 1 1 0 1 1 1 1 0
 1 1 1 1 1 1 1 1 0 1 0 1 1 0 0 1 1 1 1 1 1 1 1 1 1 0 1 1 1 1 1 1 1 1 1 1 1
 1 0 1 1 1 1 1 1 0 1 1 1 1 1 0 0 1 1 1 0 0 0 1 0 1 1 1 1 1 1 1 1 1 0 0 1 1
 1 1 1 1 1 1 1 1 1 1 1 1 1 1 0 1 1 0 1 0 1 1 1 1 1 1 0 1 0 1 0 0 1]

========== Cluster 1 ==========

Base classifier: KNeighborsClassifier(n_neighbors=7)

Minority Class: 1

Selected Features: [0 1]

Labels: [1 1 0 0 1 0 1 0 0 0 0 0 1 1 0 0 0 0 0 0 0 0 1 0 1 0 0 0 0 1 1 0 0 0 1 0 0
 1 0 0 0 1 0 0 0 0 0 1 1 0 0 1 1 0 0 0 0 0 1 0 0 0 0 0 0 0 0 1 0 1 0 0 0 0
 1 0 1 0 0 0 0 1 0 1 0 1 0 0 0 1 1 1 0 1 0 0 0 0 0 0 1 0 0 0 1 1 0 0 1 1 1
 0 0 1 1 0 0 1 0 0 0 1 0 1 0 0 0 0 0 1 0 0 1 0 1 0 0 0 0 0 0 0 0 1 0 0 0 0
 0 0 0 0 0 0 0 0 1 0 0 1 0 0 0 1 0 1 0 0 1 0 0 0 1 0 0 0 0 1 0 1 1 0 0 0 0
 1 0 1 1 0 1 0 0 0 0 1 0 1 0 0 0 0 0 1 0 0 0 1 0 1 0 0 0 0 1 0 0 0 0 0 0 0
 1 0 0 0 0 0 1 1 1 1 0 0 0 0 0 0 0 0 0 0 0 0 0 0 0 0 1 0 0 0 0 1 1 0 0 0 0
 0 0 1 0 1 1 1 0 1 0 0 0 1 0 0 0 1 1 1 0 1 0 1 0 0 0 0 0 0 0 0 0 0 1 0 0 0
 0 0 0 1 1 0 1 0 1 0 1 0 1 0 0 1 1 0 0 0 0 1 0 1 1 1 0 0 0 0 0 0 0 0 0 0 1
 0 0 0 0 0 0 1 0 0 0 0 1 0 1 0 0 0 0 0 0 0 0 0 0 0 0 1 0 0 0 0 0 0 0 0 0 0
 0 1 0 0 1 0 0 0 0 0 0 1 0 0 0 0 0 0 0 0 0]

