Clustering algorithm selected: spectral
=====================================

Clustering evaluation metric: rand
Clustering evaluation value: 0.004240087302691727

========== Cluster 0 ==========

Base classifier: SVC(C=8.267852728173011, gamma=625.3888186258163, probability=True)

Minority Class: 1

Selected Features: [0 1]

Labels: [0 0 1 0 1 0 0 1 0 0 0 0 1 0 1 1 0 0 0 0 0 0 1 1 0 1 0 1 0 0 1 0 1 0 1 1 1
 1 0 0 0 0 0 0 0 1 1 0 1 1 1 1 1 1 1 0 1 0 0 1 0 0 0 1 0 0 0 1 0 1 0 0 0 1
 0 1 0 0 0 0 1 0 1 0 0 0 1 1 1 0 0 0 1 1 0 0 1 1 0 0 1 1 0 1 0 0 1 0 0 0 1
 1 0 0 1 1 0 1 0 1 0 1 1 0 0 1 1 0 0 0 0 0 1 0 1 0 0 0 1 1 0 0 1 0 0 1 0 0
 0 1 1 0 1 0 1 1 0 0 1 1 1 1 1 0 0 1 1 0 0 0 0 0 0 0 1 0 1 1 0 0 0 0 1 1 0
 0 1 1 1 0 0 0 1 0 0 0 0 1 1 1 1 1 0 0 0 1 1 1 1 0 1 0 1 0 0 1 1 1 0 0 0 1
 1 1 1 0 1 1 1 0 1 0 0 0 0 1 0 1 0 1 1 0 1 0 1 1 1 0 1 1 0 0 1 0 0 1 0 1 1
 0 1 1 0 1 1 1 0 1 0 1 1 0 0 0 1 0 0 1 0 1 1 1 0 1 0 1 1 1 0 1 1 1 0 0 1 1
 1 1 1 0 0 0 1 0 0 0 0 0 1 1 0 0 0 0 0 0 0 0 1 0 1 1 0 0 1 1 1 0 1 1 0 0 1
 0 1 0 0 0 0 1 1 1 1 0 1 1 0 0 0 0 0 1 0 0 1 0 1 0 1]

========== Cluster 1 ==========

Base classifier: KNeighborsClassifier(n_neighbors=7)

Minority Class: 0

Selected Features: [0 1]

Labels: [0 0 1 1 0 0 1 1 1 1 1 1 0 0 0 0 0 0 1 1 1 0 0 0 1 1 0 0 0 1 1 1 1 0 1 0 1
 1 1 1 1 1 0 1 0 0 0 0 1 1 0 1 1 1 1 1 0 1 1 1 0 0 1 0 0 1 1 0 0 0 1 1 1 1
 0 0 0 0 1 1 1 1 0 0 1 0 0 0 0 0 1 0 0 0 1 1 0 1 1 0 1 0 1 0 0 1 1 1 0 0 1
 1 1 1 1 1 0 0 1 1 0 1 1 1 0 0 0 1 0 1 1 1 1 0 0 0 1 1 1 0 1 0 1 0 1 0 0 1
 0 0 0 0 1 0 0 1 0 1 1 1 0 0 0 1 1 1 1 0 1 1 1 0 1 0 0 1 0 0 1 1 1 0 0 1 1
 0 1 0 0 0 1 0 0 0 1 0 0 1 1 0 0 0 1 0 1 0 0 1 1 0 0 1 1 1 1 0 1 1 0 1 0 1
 0 0 1 1 0 1 1 0 1 1 1 1 0 1 0 1 1 1 1 0 1 0 1 0 1 0 1 0 1 0 1 0 0 1 0 0 0
 0 1 1 1 1 1 0 1 1 1 0 1 1 0 1 0 0 0 1 1 1 1 1 1 1 1 1 1 0 0 1 0 1 1 0 1 0
 0 0 1 1 0 1 0 0 1 0 1 1 1 1 0 1 1 1 0 0 1 0 1 0 0 1 0 1 1 0 0 0 1 0 0 1 1
 1 0 1 1 0 1 1 1 1 0 1 0 0 1 1 0 1 0 1 0 0 0 1 0 1 0 0 0]

