Clustering algorithm selected: kmeans
=====================================

Clustering evaluation metric: dbc_ss
Clustering evaluation value: 0.3074872858509005

========== Cluster 0 ==========

Base classifier: SVC(probability=True)

Minority Class: 1

Selected Features: [32 33 37 31 34 36 20  4 35 12 30 29  6 10 23  8 11  5 15 22  3 17  9 25
 18 21 28 27 26 24 16 19 14]

Labels: [1 0 0 0 0 1 0 0 0 0 0 0 1 1 0 1 1 1 0 0 1 1 1 1 1 0 1 0 0 0 1 0 1 0 1 0 0
 0 1 1 1 0 0 1 1 1 1 1 1 0 1 1 1 1 1 1 1 0 0 0 1 0 0 0 1 0 1 0 1 1 1 0 1 0
 0 1 0 0 0 0 0 0 1 0 1 0 1 1 1 0 0 1 0 1 1 0 0 1 1 0 0 0 1 0 0 1 0 1 0 0 1
 0 0 1 1 0 1 0 1 1 1 0 0 0 0 1 1 0 0 0 1 0 1 0 1 1 0 1 0 1 0 0 1 1 0 1 1 0
 1 1 0 1 1 0 0 0 1 0 1 0 0 0 0 1 0 0 1 1 1 1 1 0 1 1 0 0 1 0 1 1 0 1 0 1 0
 0 0 0 1 0 1 1 1 1 0 1 0 1 0 1 0 1 1 0 1 0 1 1 0 0 1 1]

Synthetic samples indexes: [ 12  13  20  21  22  23  24  26  30  32  34  38  39  40  45  48  50  51
  53  56  60  64  66  69  72  75  86  88  91  94  97  98 102 107 110 114
 116 118 120 125 126 130 134 137 139 142 145 146 148 149 151 158 166 167
 169 172 173 179 190 191 193 195]

========== Cluster 1 ==========

Base classifier: LogisticRegression()

Minority Class: 1

Selected Features: [32 34 37 31 33 11 13  7  3 16 28 15 35 23 25 26 30  5 24 36 10 20 14 21
 17 19 29 18 22 27  8  9 12]

Labels: [0 1 1 1 1 0 0 1 1 0 1 0 0 1 0 1 1 1 0 1 1 1 1 1 0 1 0 0 1 1 1 0 1 0 0 0 1
 1 1 1 0 1 0 0 0 0 1 1 0 0 1 1 0 0 1 1 1 0 0 1 0 1 0 0 1 0 1 1 1 1 0 0 0 1
 0 0 0 0 1 0 0 0 0 1 1 1 0 0 1 0 1 1 1 0 1 1 0 1 0 0 1 1 1 1 0 0 0 1 0 0 0
 0 1 0 1 0 0 1 0 0 0 0 0 0 0 0 1 1 1 0 1 0 0 0 1 1 1 1 1 0 0 0 1 1 1 0 0 0
 1 0 1 0 0 0 1 0 0 0 1 1 1 1 1 1 1 0 0 1 0 1 1 1 0 0 1 0 0 0 1 0 0 1 1 1 1
 1 1 1 1 1 0 1 1 0 0 0 1 0 1 1 1 0 0 0 1 1 1 1 0 0 1 0 1 1 1 0 1 0 1 1 1 0
 0 1 0 0 0 1 1 0 1 0 1 0 0 0 0 1 1 0 0 0 1 1 0 1 1 0 0 0 1 1 0 1 1 1 1 1 1
 1 1 1 1 0 0 1 0 0 1 1 0 0 0 0 1 0 0 0 1 0 0 1 1 1 0 0 0 0 1 0 1 1 1 1 1 0
 1 0 1 0 0 1 0 0 0 1 1 0 1 0 0 0 1 0 0 1 0 0 0 1 0 0 1 0 0 1 0 1 1 1 1 0 1
 1 0 0 1 0 1 0 1 1 0 0 0 1 0 0 1 0 0 1 1 0 1 1 0 0 1 0 0 0 1 1 0 1 0 1 0 0
 1 1 0 1 0 1 0 1 0 1 0 1 0 1 0 1 0 1 0 1 1 0 1 0 1 1 1 1 0 0 0 1 0 1 0 1 1
 1 0 1 0 1 0 1 1 1 1 1 0 0 0 1 0 0 0 1 1 0 1 0 1 0 0 1 1 0 0 0 1 0 1 1 0 1
 0 1 0 1 1 1 1 0 0 1 1 0 1 0 0 0 0 1 0 1 1 1 0 0 0 0 0 1 0 1 0 0 1 0]

Synthetic samples indexes: [ 29 143 282 306 328 330 377]

