Clustering algorithm selected: kmeans++
=====================================

Clustering evaluation metric: rand
Clustering evaluation value: 0.05002593273077146

========== Cluster 0 ==========

Base classifier: RandomForestClassifier()

Minority Class: 1

Selected Features: [0 1 2 3 4 5 6 7 8]

Labels: [0 0 0 1 0 0 0 0 0 0 0 0 0 0 0 0 0 0 0 0 2 0 2 0 2 2 2 1 0 1 2 1 2 0 0 2 2
 2 0 2 0 2 1 1 0 0 0 2 0 2 0 0 1 0 2 2 1 0 0 0 2 2 0 0 2 2 0 0 1 0 2 1 0 0
 0 0 2 1 0 1 0 2 2 1 2 0 0 0 0 0 0 2 2 2 2 0 2 0 1 2 0 0 0 1 2 0 0 0 1 0 2
 1 2 0 0 0 2 0 2 0 2 1 2 0 2 1 0 2 0 1 1 2 0 2 0 0 0 0 2 2 1 0 0 2 2 2 0 0
 0 2 2 0 2 1 0 0 2 0 1 0 2 0 0 0 0 0 1 0 0 0 2 0 0 2 1 0 2 0 0 0 0 0 2 2 1
 0 2 0 0 0 2 0 0 0 0 2 0 1 2 2 2 2 0 2 0 2 0 0 1 0 0 2 0 0 2 0 2 2 2 0 0 2
 0 0 2 0 2 0 1 2 0 0 2 0 0 2 0 0 2 0 2 2 0 2 2 0 2 1 0 0 0 0 0 0 2 0 0 0 0
 2 2 0 2 2 0 2 2 2 0 2 0 0 0 1 0 0 2 0 2 0 1 0 0 2 0 2 1 0 0 1 0 0 2 1 0 2
 0 0 2 0 2 0 2 0 2 0 1 0 2 0 2 0 1 0 0 0 0 0 0 0 0 0 0 0 1 2 1 2 2 0 2 2 0
 2 0 0 0 0 0 0 0 2 2 0 2 0 0 1 2 0 2 1 0 0 0 1 2 0 0 0 2 0 2 2 0 0 0 2 1 0
 0 0 0 2 0 0 2 0 0 0 2 2 2 1 2 0 2 0 2 1 0 2 2 2 2 0 0 2 0 0 2 0 0 0 2 2 2
 2 0 0 1 0 2 2 0 2 2 0 0 2 0 0 2 0 0 2 0 1 0 0 0 1 0 0 2 2 2 0 0 2 0 1 1 2
 1 2 1 0 0 0 2 2 0 0 2 2 0 0 2 2 0 0 1 2 0 2 2 2 2 2 2 0 0 1 2 0 0 0 2 0 2
 1 0 0 0 0 0 0 1 1 0 0 0 0 2 0 2 1 2 0 2 0 2 0 0 0 0 2 2 1 0 0 2 1 2 2 2 0
 2 2 0 2 0 2 1 0 0 0 2]

========== Cluster 1 ==========

Base classifier: LogisticRegression()

Minority Class: 1

Selected Features: [0 1 2 3 4 5 6 7 8]

Labels: [0 1 2 2 2 0 2 2 2 2 2 0 0 0 0 2 0 2 2 2 0 0 1 2 1 0 0]

========== Cluster 2 ==========

Base classifier: GradientBoostingClassifier()

Minority Class: 1

Selected Features: [0 1 2 3 4 5 6 7 8]

Labels: [0 0 0 0 1 0 0 0 2 1 0 2 1 2 1 2 1 2 1 2 2 2 0 2 0 2 1 0 1 0 2 2 0 0 1 1 1
 2 0 2 0 0 2 2 0 2 2 0 1 1 0 2 1 0 2 2 2 2 0 2 1 1 0 2 0 0 2 1 2 2 0 1 1 0
 2 1 1 1 1 0 2 2 2 2 2 1 2 0 1 2 0 2 2 0 2 2 0 0 2 0 1 2 1 0 2 2 2 0 0 1 0
 2 0 1 2 0 0 0 2 1 1 0 2 1 0 0 0 2 0 0 2 0 1 2 1 2 2 2 0 0 2 1 0 1 0 2 0 0
 2 1 2 2 0 0 0 1 2 0 0 0 0 1 2 2 2 2 1 0 2 0 1 0 0 2 2 2 2 0 2 2 2 2 0 0 1
 2 0 1 1 0 2 2 0 2 0 1 1 0 0 2 0 1 2 1 2 1 2 2 1 0 1 1 1 0 2 0 2 2 2 1 0 1
 1 0 2 0 0 0 0 1 2 1 2 0 0 0 2 2 1 0 2 1 1 2 1 1 0 1 0 1 1 2 2 0 2 2 2 1 1
 2 0 1 0 0 0 2 0 0 1 0 1 2 2 2 2 0 2 0 1 2 2 2 0 0 2 0 1 2]

========== Cluster 3 ==========

Base classifier: GaussianNB()

Minority Class: 1

Selected Features: [0 1 2 3 4 5 6 7 8]

Labels: [0 0 0 2 2 2 1 2 2 0 0 2 1 2 0 2 2 1 1 0 0 1 1 0 2 2 2 1 0 0 0 2]

========== Cluster 4 ==========

Base classifier: AdaBoostClassifier()

Minority Class: 1

Selected Features: [0 1 2 3 4 5 6 7 8]

Labels: [1 2 0 1 2 1 1 2 0 2 1 1 1 1 2 2 0 2 0 0 2 2 0 1 0 1 2 1 2 2 0 2 2 2 0 0 0
 1 0 2 2 1 1 0 2 0 1 2 2 2 0 2 2 0 1 2 2 1 2 2 1 0 2 1 0 1 2 1 2 1 2 0 0 2
 2 1 2 0 2 1 0 0 2 1 0 2 0 2 1 0 2 2 0 1 2 1 0 0 0 1]

========== Cluster 5 ==========

Base classifier: SVC(probability=True)

Minority Class: 0

Selected Features: [0 1 2 3 4 5 6 7 8]

Labels: [0 1 1 0 1 0 0 1 1 1 0 2 1 2 1 2 1 1 0 1 2 0 1 2 2 0 1 0 0 2 1 0 1 0 1 1 1
 1 1 1 1 0 1 0 2 1 2 2 1 1 1 1 2 2 2 1 1 1 1 1 1 2 1 1 2 1 2 0 0 0 2 1 0 2
 1 1 2 1 0 1 1 1 0 1 2 2 2 2 2 1 1 1 2 2 1 1 1 2 2 1 1 1 1 1 0 1 0 1 2 2 2
 1 1 0 1 2 0 2 1 2 1 1 1 1 1 1 1 1 2 1 1 1 2 0 2 2 2 2 1 1 2 1 0 0]

========== Cluster 6 ==========

Base classifier: KNeighborsClassifier()

Minority Class: 1

Selected Features: [0 1 2 3 4 5 6 7 8]

Labels: [0 0 1 0 1 0 0 2 0 0 0 2 1 2 0 2 1 2 2 2 0 0 2 0 2 0 1 1 1 0 0 0 2 1 0 0 1
 2 1 1 2 1 0 0 1 0 1 1 0 2 1 0 2 0 0 0 2 0 1 0 2 1 2 0 2 0 0 0 0 0 1 0 0 0
 0 0 1 1 2 2 0 0 0 1 1 2 0 0 0 0 0 0 1 2 0 0 0 1 2 1 0 1 0 0 0 2 0 0 0 2 2
 1 2 0 2 0 0 2 2 2 0 1 2 1 0 0 2 1 2 1 1 1 2 2 1 0 0 0 2 2 0 0 0 0 2 1 1 1
 2 0 1 1 2 2 1 1 1 2 0 1 0 0 1 0 2 1 0 2 0 0 0 2 0 2 2 2 0 0 0 2 0 2 2 2 0
 2 0 0 0 1 0 0 2 0 0 0 0 0 1 0 1 2 0 2 0]

