Clustering algorithm selected: kmeans++
=====================================

Clustering evaluation metric: dbc_rand
Clustering evaluation value: 0.21171352921547398

========== Cluster 0 ==========

Base classifier: GaussianNB()

Minority Class: 0

Selected Features: [ 9  8 13 11 10  0  4 12  7  6]

Labels: [0 0 0 0 0 1 1 1 1 1 0 0 0 0 0 0 0 0 0 0 1 0 0 1 0 0 0 1 1 1 0 1 1 0 1 1 0
 1 1 0 0 1 0 1 1 1 0 1 0 0 1 0 0 0 1 1 0 0 0 0 1 1 1 1 0 1 1 0 1 1 1 0 1 0
 0 0 0 0 0 0 1 1 1 1 1 0 0 1 1 1 1 1 1 1 1 0 1 1 0 0 0 1 1 1 0 1 0 1 0 1 1
 0 0 1 1 0 1 0 1 0 1 0 0 1 0 0 1 1 1 0 0 1 1 1 0 0 0 0 0 0 1 0 1 0 1 1 1 1
 1 1 1 1 0 0 0 0 1 0 1 1 1 0 1 1 0 0 1 1 0 1 0 0 1 1 1 1 0 0 1 0 0 1 1 1 1
 1 0 0 1 1 0 1 1 0 0 1 0 0 1 0 1 1 1 0 0 1 0 1 0 0 1 1 0 1 1 1 1 0 0 0 0 0
 1 0 0 0 1 0 1 1 0 0 0 1 0 1 1 1 0 0 1 1 0 0 1 0 0 0 0 0 1 1 0 1 1 1 0 1 0
 1 1 1 0 0 1 0 1 0 0 0 0 0 0 1 0 0 1 1 0 1 0 0 0 1 0 1 0 0 0 1 1 0 0 0 0 0
 1 0 1 0 1 1 0 0 1 1 0 0 1 0 0 0 1 1 0 1 1 1 0 0 0 0 0 0 1 1 1 0 1 1 1 0 0
 0 0 0 1 0 0 1 0 1 0 1 0 1 0 1 0 0 1 1 0 1 1 1 1 0 1 0 1 1 1 1 1 0 1 0 0 1
 0 1 1 1 0 1 0 1 1 0 0 0 1 0 1 0 1 1 1 0 1 1 1 0 1 0 0 1 0 1 0 0 0 0 0 1 1
 1 0 0 1 0 1 1 1 0 1 1 0 0 0 0 1 0 0 1 1 0 0 0 1 1 1 0 0 0 0 0 0 0 0 1 0 1
 1 1 0 1 1 0 1 1 0 1 0 1 0 0 1 0 1 0 0 1 0 0 1 1 1 1 1 1 0 0 1 0 0 0 0 0 1
 0 1 0 0 1 1 1 1 0 0 0 1 1 0 0 1 0 1 1 1 0 1 0 0 0 1 1 1 0 1 0 1 0 1 1 1 1
 0 0 1 0 0 1 1 0 1 0 0 0 0 0 1 1 1 0 1 1 0 1 1 0 1 0 0 0 0 1 1 1 0 1 0 1 0
 1 1 0 0 1 1 0 1 0 0 1 1 1 0 0 1 0 1 1 0 1 0 0 0 1 1 0 1 0 1 1 1 0 1 1 1 1
 1 0 1 0 1 1 0 1 0 1 1 0 0 1 1 1 1 0 1 0 0 0 1 1 1 0 0 0 0 1 1 0 1 0 0 1 1
 0 1 0 0 0 0 0 1 1 1 1 0 1 1 0 1 1 0 0 1 1 0 0 1 1 0 1 0 1 1 1 0 0 1 1 1 1
 0 1 1 0 1 0 1 1 0 1 0 0 1 1 1 1 1 0 0 1 1 0 1 0 0 0 0 1 0 0 1 1 1 1 1 0 0
 1 0 0 0 0 0 0 1 0 0 1 1 0 0 1 0 1 1 0 0 0 1 0 1 1 0 0 1 0 1 1 1]

========== Cluster 1 ==========

Base classifier: GaussianNB()

Minority Class: 1

Selected Features: [ 9 10 11  7  8  2 13 12  1  3]

Labels: [1 0 1 0 0 0 0 1 1 1 0 1 1 1 0 0 0 0 0 1 0 1 0 0 1 1 0 1 1 1 0 1 0 1 0 0 1
 1 1 0 1 0 1 0 1 1 0 0 1 1 1 1 1 1 1 1 0 1 0 1 1 1 1 1 1 1 0 0 0 1 0 1 0 0
 0 0 0 0 1 0 0 1 1 1 0 1 1 1 0 1 0 0 1 0 0 0 0 1 0 1 0 1 0 1 0 1 1 1 0 0 1
 1 1 0 1 1 0 1 1 1 0 1 0 0 0 0 1 1 1 1 0 1 1 1 1 0 0 0 0 1 0 0 1 0 1 1 1 0
 0 0 0 1 1 0 0 0 0 0 0 1 1 1 0 0 1 0 1 1 1 0 1 0 0 1 1 1 1 0 0 0 0 1 0 1 0
 0 0 0 1 0 1 0 1 1 1 0 0 1 1 0 0 0 0 0 0 1 0 1 1 1 1 0 0 0 0 0 0 0 1 0 1 1
 1 1 0 0 1 1 0 0 1 0 1 1 1 0 1 1 0 1 1 0 0 0 0 1 0 1 0 1 1 1 0 1 1 1 0 1 1
 0 0 0 0 1 1 0 0 0 1 1 0 0 0 1 0 0 0 0 0 1 0 0 1 0 0 0 1 1 0 1 0 0 1 0 0 1
 0 0 0 1 0 0 0 1 0 0 1 1 0 1 1 0 1 0 0 1 1 1 0 1 1 1 1 0 0 0 1 0 1 0 1 1 1
 0 0 0 1 1 0 0 0 0 1 0 1 1 1 0 0 0 0 1 1 1 1 0 1 1 1 0 0 1 0 1 1 1 0 0 0 1
 1 0 0 1 1 1 0 1 0 1 1 0 1 1 1 1 0 1 0 1 1 0 0 0 0 1 0 0 0 1 1 0 0 0 0 1 0
 1 1 0 0 1 0 0 0 1 1 1 0 1 0 1 1 0 1 1 0 1 0 1 0 0 0 1 0 0 0 1 0 1 0 1 1 0
 1 0 0 1 0 0 1 1 1 0 0 0 1 1 0 0 0 1 1 0 1 1 1 0 0 1 0 0 0 0 0 0 0 0 1 0 0
 1 0 1 1 1 1 1 0 1 1 0 1 1 0 0 1 0 1 0 0 1 1 0 1 1 1 0 0 1 1 0 1 0 1 1 0 1
 1 1 0 0 1 1 1]

