Clustering algorithm selected: fcm
=====================================

Clustering evaluation metric: dbc_rand
Clustering evaluation value: 0.21891559308757574

========== Cluster 0 ==========

Base classifier: GaussianNB()

Minority Class: 0

Selected Features: [ 9  8  7 10 12  0 11  4  1 13]

Labels: [0 0 0 1 1 0 0 0 0 1 1 0 1 1 1 0 0 1 1 1 1 1 0 1 0 0 1 1 1 1 1 0 0 0 1 1 1
 1 1 1 1 1 1 1 1 0 1 0 0 1 1 1 1 0 1 0 1 1 1 1 0 1 0 1 1 1 0 0 0 0 1 1 1 1
 0 0 1 1 1 1 1 1 1 1 1 1 1 0 0 1 1 1 0 1 1 1 0 1 1 1 0 0 0 0 1 1 0 1 0 1 0
 1 1 0 0 1 0 1 1 0 1 1 1 1 0 1 1 1 1 0 1 0 0 1 1 0 0 0 0 1 1 1 0 1 0 0 1 0
 1 0 1 1 0 0 0 1 1 1 1 1 1 0 0 1 1 0 1 0 1 1 0 0 1 1 0 1 0 0 0 0 0 0 1 1 0
 0 0 1 0 1 1 0 0 0 1 1 0 0 1 0 0 0 1 1 0 1 0 0 0 1 0 0 0 0 1 1 1 1 0 1 1 0
 0 1 1 0 1 1 0 0 1 0 1 1 0 1 1 0 0 1 1 1 0 0 0 0 0 1 1 0 0 0 1 1 0 1 1 0 1
 1 1 0 0 1 1 0 1 1 1 0 0 0 1 1 1 0 0 0 1 0 0 1 0 1 1 0 0 0 1 1 1 0 0 1 0 0
 1 0 0 1 0 1 0 1 0 0 0 1 0 1 0 1 1 1 1 1 0 0 1 1 0 0 1 1 1 0 1 0 0 0 1 1 0
 1 0 1 0 0 0 0 1 0 0 0 1 0 1 1 0 0 1 1 1]

========== Cluster 1 ==========

Base classifier: GaussianNB()

Minority Class: 1

Selected Features: [ 8 10  9 12  7 11  5  6  1 13]

Labels: [0 0 0 0 0 0 0 0 0 0 0 0 0 0 0 1 0 1 1 1 0 1 0 0 1 0 0 1 0 1 1 1 0 0 1 0 1
 0 0 0 0 0 1 1 1 0 0 0 0 0 0 1 1 1 1 1 0 1 0 1 0 1 0 0 1 0 0 1 0 0 1]

========== Cluster 2 ==========

Base classifier: GaussianNB()

Minority Class: 1

Selected Features: [12  7  9  8 11  0  5 10 13  3]

Labels: [0 1 1 0 0 1 1 0 1 0 0 1 1 0 1 0 0 0 1 0 1 0 1 0 0 1 0 0 1 1 1 0 0 0 0 0 0
 1 1 0 0 0 1 1 0 1 0 0 1 0 0 1 0 0 1 1 0 1 1 1 0 1 0 0 1 1 1 0 0 0 0 1 1 0
 1 0 0 0 1 0 1 1 0 0 1 0 0 0 1 0 0 1 1 1 0 0 0 0 0 1 0 0 0 1 0 1 0 0 0 1 1
 1 0 1 0 1 0 0 1 0 1 1 1 0 0 1 0 1 1 0 1 1 0 1 1 0 0 1 0 1 0 0 1 1 0 1 1 1
 1 1 1 1 1 1 1 1 0 0 0 1 0 0 0 0 0 0 0 0 0 0]

========== Cluster 3 ==========

Base classifier: GaussianNB()

Minority Class: 0

Selected Features: [ 9  8 11 10 12  7  3 13  6  5]

Labels: [0 1 1 0 1 0 0 0 0 0 0 0 1 0 1 0 1 1 0 1 1 1 0 1 0 1 0 0 0 1 0 1 0 1 0 1 0
 1 0 1 0 1 0 1 0 0 0 1 0 1 1 1 0 0 1 1 1 1 1 1 0 0 0 0 0 1 1 1 0 0 1 1 1 0
 1 0 1 1 0 0 1 0 1 0 0 0 0 1 1 0 1 0 1 1 0 1 0 1 1 1 1 1 1 1 0 0 1 1 0 1 1
 0 1 1 1 0 0 0 0 0 1 1 0 1 1 1 0 1 0 0 1 0 0 0 1 1 0 0 1 1 1 0 0 0 0 0 1 0
 1 1 1 1 1 1 0 0 1 1 1 0 1 1 1 0 0 1 0 0 0 0 0 0 0 0 0 0 0 0 1 1 0 1 1 0 1
 1 1 0 0 1 0 1 0 0 1 0 1 1 0 1 1 1 0 1 0 1 0 1 0 1 1 1 1 0 0 0 0 0 1 1 1 1
 1 1 1 1 1 0 0 0 0 1 1 0 0 1 1 1 1 1 1 0 0 0 0 1 0 0 1 0 0 1 0 1 0 1 0 0 0
 0 0 0 1 0 0 0 1 1 1 0 1 1 0 1 0 0 1 1 0 0 1 1 0 1 0 0 0 0 1 1 1 0 0 0 0 0
 1 0 0 0 1 1 1 1 0 0 1 1 1 0 0 0 0 0 1 0 0 1 0 0 0 1 0 1 0 0 0 0 0 0 1 1 1
 0 1 1 0 1 0 1 0 1 1 0 1 1 1 0 1 1 1 1 1 1 0 0 0 0 0 0 0 0 0 0 1 0 0 1 1 1
 0 0 0 0 1 1 1 1 1 0 0 1 0 1 0 0 0 0 1 1 1 0 1 1 0 0 1 1 1 0 1 0 1 1 0 1 1
 0 1 0 0 0 1 1 0 0 0 0 0 1 0 1 1 1 1 1 0 0 0 0 1 0 1 0 0 0 1 1 0 1 1 0 0 1
 0 1 1 1 1 0 1 1 1 0 1 0 1 0 0 1 1 1 1 0 0 1 1 0 1 0 1 0 0 0 1 0 1 1 0 1 1
 1 0 1 0 1 1 0 1 0 0 0 0 1 1 1 0 1 0 1 0 1 1 1 1 0 1 1 0 1 0 0 0 1 0 1 1 0
 0 1 0 0 1 0 1 1 1 0 1 1 0 1 1 1 0 0 0 1 1 1 1 1 1 0 0 1 0 1 0 1 0 0 1 0 1
 1 0 1 0 0 1 1 1 0 0 0 0 1 0 0 0 0 1 0 0 0 1 1 0 0 0 1 1 0 1 1 1 1 0 0 1 0
 1 0 1 0 0 0 0 1 1 0 1 0 1 1 1 1 1 1 1 0 1 0 1 0 1 1 0 1 1 1 1 1 0 0 1 0 1
 1 1 1 0 0 1 1 1 1 1 0 1 0 1 0 1 1 0 0 1 0 1 1 1 1]

========== Cluster 4 ==========

Base classifier: DummyClassifier(strategy='most_frequent')

Minority Class: 0

Selected Features: [ 0  1  2  3  4  5  6  7  8  9 10 11 12 13]

Labels: [0 0 0 0 0 0 0 0 0 0 0 0]

