Clustering algorithm selected: kmeans++
=====================================

Clustering evaluation metric: dbc
Clustering evaluation value: 0.4387028299750296

========== Cluster 0 ==========

Base classifier: RandomForestClassifier()

Selected Features: [141   3  50 164  84  18  49  95  63 116 173  23 107  81 178  44  80  43
 108 192   0 214   5  37   4 216  30 191 128 179  56 166 112 206 205  14
 135  42  85 101  48  69  88  79 196 223 142  82 202 222  58 204 201 119
  61 217 149 168 209 207   6 131  64  93 122  86  72 197 203 100  52  91
 125  41   8  16 221  55 117  17  90 110  46 177  31 114 155  96  68  32
 147 163  24 158 212  38 130  21 132  40 215 185 194  53  62 118  13   1
 146 139 138 140 143 159 157 156 180 183 172 137 136 152 153 154 151 148
 150 145 144 190 189 188 184 186 187 182 176 181 210 211 200 199 198 195
 193 208 220 219 224 218 213 174 175 169 170 171 167 165 162 161 160 129
 133 134  66]

Labels: [0 0 0 0 0 0 0 0 0 0 0 1 0 0 0 1 0 0 1 0 0 1 1 1 0 0 0 0 1 1 0 0 0 0 0 1 0
 1 0 0 1 0 0 0 1 0 0 0 0 1 0 1 0 0 0 0 0 0 0 0 0 0 1 1 0 1 1 0 0 0 0 1 0 0
 0 1 1 0 1 0 0 0 1 0 0 1 1 0 0 1 0 0 0 0 1 0 1 1 0 0 0 0 0 0 0 0 1 0 0 0 1
 0 0 1 0 0 1 1 0 0 1 1 0 1 1 0 1 0 0 0 0 0 1 0 0 0 1 1 1 0 1 1 0 0 1 0 0 0
 0 1 0 0 0 0 0 0 0 0 0 0 0 1 0 0 1 1 1 1 0 0 0 1 1 0 0 0 0 0 0 0 0 1 1 1 1
 1 0 0 1 0 0 1 0 0 0 0 0 0 0 1 1 0 0 0 0 0 0 0 0 0 1 0 0 0 0 0 0 0 0 0 0 0
 0 0 0 0 0 0 1 1 0 1 0 0 0 0 0 1 0 1 0 0 0 1 1 0 0 0 0 1 0 0 1 0 0 0 0 0 0
 0 1 1 0 0 0 1 0 0 0 0 0 0 1 1 0 0 0 0 0 0 0 0 1 0 0 0 0 0 0 0 0 0 0 0 1 0
 0 1 0 0 0 1 0 1 0 0 1 0 1 1 0 0 1 0 0 1 1 0 0 0 1 0 0 1 0 0 0 0 0 0 0 0 0
 0 0 0 0 0 1 1 0 0 0 0 1 0 0 1 0 0 0 1 1]

========== Cluster 1 ==========

Base classifier: RandomForestClassifier()

Selected Features: [114 131   3 143 223  18  47  78 165 199  28  43 137  14 128  87  57  64
  86 214  55  46 182 173  62 175   0 107  24 141 209  82 127   5 213 104
  40 132   7 206 172 157  26 150  65   2 203 125 105 123  71 200  75 139
  16  84 134   4  59  20 212 221  80  70 164  51 161  96 167 159 222 121
  37  23 177 103  15 136  48 218 176  66  90 133  19  38  45 135 220  56
 156 162 181 170 102 192   1 126  22  21  76 196 171  13 194 129 130 140
 138 147 146 145 144 155 178 183 180 142 154 153 158 152 151 149 148 168
 166 163 160 190 191 179 215 217 219 216 207 201 202 205 204 197 198 195
 224 208 210 211 193 187 186 185 184 188 189 174 169 120]

Labels: [1 0 0 0 0 0 1 0 1 1 1 1 0 0 0 0 0 0 1 1 0 1 0 1 0 0 1 0 0 0 0 0 1 0 0 0 1
 1 0 0 0 0 0 1 0 0 0 0 1 1 0 1 0 0 1 1 0 1 1 0 0 0 1 0 0 1 1 0 0 0 1 0 1 0
 0 0 0 0 1 1 1 0 1 1 1 0 0 1 0 0 1 1 1 0 0 1 0 0 0 0 0 0 0 0 0 0 0 0 0 0 0
 0 0 0 0 0 1 0 0 1 1 0 1 0 1 0 0 1 0 0 1 0 0 1 1 0 0 0 1 0 1 0 0 1 0 0 0 0
 0 0 0 0 0 0 0 0 0 1 0 0 1 0 0 1 0 0 0 0 0 0 0 1 1 0 0 1 0 1 0 0 0 1 1 0 0
 0 1 1 1 0 0 0 0 1 1 1 1 1 1 1 0 0 1 0 0 0 1 0 0 0 1 0 1 0 1 1 0 1 0 0 1 0
 0 1 0 0 0 1 0 1 1 1 0 0 1 1 1 0 0 0 0 0 0 0 0 1 0 0 0 0 0 1 1 0 1 0 0 0 1
 0 0 1 1 0 1 0 0 0 0 1 0 0 1 0 1 0 0 0 1 0 0 1 0 0 0 0 0 1 1 0 0 0 0 0 1 0
 1 0 0 0 0 1 0 0 1 1 1 0 0 0 1 0 1 1 0 0 1 1 1 0 1 1 0 1 1 1 0 1 1 0 1 1 0
 0 1 1 0 0]

========== Cluster 2 ==========

Base classifier: GradientBoostingClassifier()

Selected Features: [214 170  63 221 117   3  27  50 206  80 202 132 179 134  15 213  14  58
 135 167 188  28 207  49 178  23   7  56 193 100  45  57  16 219 166 144
 205 111 116  91 103  70  19 181  36 102 105  38  12 196 165 186  22  77
  81 113 155 194  75 198  55  89  47 101  48 146 136  60  92  52  21   5
 148  83   6 204  44  66 156 131  78  86 142 164  85  13 191 192 140 187
  25 184 104 180  68 110 210 106  98  10  46  87 121 158  54 130  79  40
  72  94   4  95  34  73  17 153 157 189 177 182 183 152 154 159 151 149
 150 147 145 185 190 176 212 215 218 217 216 223 222 203 201 200 199 224
 220 208 209 211 195 197 175 173 174 168 169 171 172 163 162 161 160 128
 129 133 143 141 139 138 137  88  90  84  93 107  99  76  82 112 114 115
 119]

Labels: [0 0 0 1 0 1 0 0 0 0 0 1 0 0 1 0 0 0 1 0 0 1 0 0 0 0 1 0 0 0 0 1 0 0 0 0 1
 0 1 0 0 0 0 0 0 0 0 0 1 1 0 0 0 0 0 1 0 0 0 0 0 0 1 1 0 1 1 0 1 1 0 0 0 1
 0 1 0 0 0 0 0 0 0 1 0 0 0 0 0 0 0 0 0 0 0 0 0 0 0 0 0 0 0 1 0 0 0 1 1 0 0
 1 0 0 1 1 0 0 0 0 1 1 1 0 0 0 0 0 0 0 1 0 1 0 0 0 0 1 0 0 0 0 0 0 0 0 0 1
 0 0 0 1 0 0 0 0 0 0 1 1 0 1 1 0 0 0 1 1 0 1 0 0 1 1 0 0 0 1 0 0 0 0 0 1 0
 0 0 0 0 0 0 0 0 0 0 0 0 0 1 1 0 1 0 0 0 0 0 0 0]

