Clustering algorithm selected: kmeans
=====================================

Clustering evaluation metric: dbc_ss
Clustering evaluation value: 0.30713806612687655

========== Cluster 0 ==========

Base classifier: SVC(probability=True)

Minority Class: 0

Selected Features: [34 32 33 31 36 37 30 20 10 24 17 18 29  5 35 28 23  3  4 27 14  9  8 21
 13 11 22 12  0  6 16 19 26]

Labels: [0 1 1 1 0 1 0 1 0 0 0 1 0 1 0 0 0 1 1 0 0 0 1 0 0 1 1 1 1 0 1 1 1 0 1 0 1
 1 0 0 0 0 1 0 0 0 1 0 0 1 0 1 1 1 0 0 1 1 1 1 1 0 1 0 0 0 0 1 1 0 1 1 1 0
 0 1 1 0 0 0 1 1 0 0 1 0 0 1 0 0 1 1 1 1 0 1 0 1 1 0 0 1 1 0 1 1 1 1 1 1 0
 1 1 1 1 0 0 0 0 1 0 0 0 1 0 0 0 0 1 1 0 0 0 0 0 0 1 1 0 1 1 1 1 0 1 1 0 0
 0 0 0 0 0 0 0 0 0 1 1 1 0 1 0 1 0 0 0 1 1 1 0 0 1 1 1 1 1 1 0 1 0 0 1 1 0
 1 0 1 0 0 0 0 0 0 1 0 1 1 1 1 1 1 0 0 1 1 1 0 1 0 0 0 1 1 1 1 0 1 0 1]

Synthetic samples indexes: [  1   2   5   7  11  22  25  26  27  28  31  32  36  37  42  46  51  52
  57  60  68  70  71  72  76  81  84  87  91  92  93  97  98 101 102 104
 105 106 107 109 111 114 123 137 142 144 157 158 159 163 167 169 174 177
 182 183 187 194 196 197 198 200 201 204 205 206 208 212 214 215]

========== Cluster 1 ==========

Base classifier: LogisticRegression()

Minority Class: 0

Selected Features: [32 34 37 33 31  1 23 22  4 24  9 25 26 16  5 36  3 10 30  2 15  8 18 21
 29 35 28 19 20 27 17 14 13]

Labels: [0 1 0 0 1 1 0 1 1 1 0 1 0 0 1 0 1 0 1 1 0 1 1 1 1 1 1 1 1 0 0 0 0 0 1 0 0
 0 1 0 0 0 1 1 1 1 1 0 1 1 1 1 1 1 1 1 0 1 1 1 1 0 0 0 0 1 0 1 1 0 0 1 0 1
 1 0 0 0 0 0 1 1 1 1 0 0 0 0 1 0 1 1 0 1 0 0 1 1 1 0 1 1 1 0 0 0 0 0 1 1 1
 0 1 0 1 0 0 1 1 1 0 1 1 0 0 1 1 0 1 1 1 0 1 1 0 0 1 0 0 0 0 0 0 0 0 1 0 1
 1 1 1 0 0 0 0 1 0 0 0 1 0 0 1 0 1 0 1 0 1 0 0 1 1 0 1 1 0 0 0 0 0 0 1 1 0
 0 0 1 1 1 1 0 1 1 1 0 1 1 0 1 1 0 0 1 1 0 0 1 1 0 0 0 0 1 0 0 1 0 0 0 0 1
 1 0 1 0 0 0 1 1 1 1 1 0 0 0 0 1 0 0 0 1 1 1 0 1 0 1 0 1 0 0 0 0 0 1 1 1 1
 0 1 0 1 0 0 1 1 0 0 1 0 0 0 1 1 0 0 0 0 0 0 1 0 1 1 1 1 1 0 0 0 1 1 1 0 1
 1 1 0 0 0 1 1 1 1 1 0 0 1 1 0 0 0 0 1 1 0 1 1 1 1 0 1 0 0 1 1 0 1 1 0 0 1
 1 1 0 0 0 0 0 0 1 1 0 0 0 0 0 1 1 1 0 0 0 0 1 1 1 1 0 0 0 1 0 0 0 0 0 1 0
 1 0 1 1 0 1 0 0 0 0 0 0 1 0 1 0 0 1 1 1 1 1 0 0 1 0 1 0 1 0 0 0 1 1 1 1 1
 0 1 0 0 1 1 0 1 1 0 1 0 1 0 1 1 1 1 0 1 0 1 0 1 0 0 0 1 1 1 1 1 1 0 0 1 0
 1 1 0 1 1 1 1 1 0 0 0 1 0 0 0 1 0 0 1 1 0 1 1 0 0 1 1 1]

Synthetic samples indexes: [123]

