Clustering algorithm selected: kmeans
=====================================

Clustering evaluation metric: dbc_ss
Clustering evaluation value: 0.4376641701748208

========== Cluster 0 ==========

Base classifier: DummyClassifier(strategy='most_frequent')

Minority Class: 0

Selected Features: [ 0  1  2  3  4  5  6  7  8  9 10 11 12 13 14 15 16 17 18 19 20 21 22 23
 24 25 26 27 28 29 30]

Labels: [1 1 1 1 1 1 1 1 1 1 1 1 1 1 1 1 1 1 1 1 1 1 1 1 1 1 1 1 1 1 1 1 1 1 1]

Synthetic samples indexes: []

========== Cluster 1 ==========

Base classifier: SVC(probability=True)

Minority Class: 0

Selected Features: [24 21  0 23  3  4  1  8 14 22  2 28 10 27 20]

Labels: [0 1 0 0 0 1 0 1 0 0 0 1 1 0 0 1 1 0 1 0 0 1 1 0 0 0 0 0 0 1 1 0 1 0 0 1 0
 1 1 1 1 0 0 0 0 0 1 1 1 1 1 0 0 0 1 1 0 1 1 1 1 1 1 1 1 1 1 1 0 0 0 1 0 1
 0 0 1 1 1 0 1 1 0 1 0 0 1 0 0 0 1 1 0 1 1 1 0 0 1 0 0 0 1 0 1 1 1 1 1 1 1
 0 1 0 1 1 1 1 1 0 1 1 0 1 1 0 1 1 1 0 0 0 0 0 0 0 1 0 1 0 0 0 0 1 0 1 0 1
 1 1 0 1 1 0 1 1 0 1 0 0 0 1 1 0 0 0 0 1 0 1 1 1 0 0 0 1 0 1 1 0 1 1 0 1 1
 1 1 0 1 0 0 0 1 0 0 1 0 0 1 1 1 1 0 1 1 0 1 1 0 1 0 1 1 1 1 1 0 1 1 0 1 0
 0 0 1 1 0 1 1 0 0 0 1 1 0 1 1 0 1 0 0 0 0 1 0 1 1 1 0 0 0 0 1 0 0 0 1 0 1
 0 0 1 0 1 0 1 0 0 0 1 1 1 1 0 0 1 1 1 0 0 1 1 1 0 1 0 1 0 0 1 1 1 1 0 0 1
 1 0 1 1 0 0 1 1 1 0 0 1 1 1 1 1 1 1 0 0 0 1 1 1 0 0 0 0 1 0 1 0 0 0 0 0 1
 0 0 1 1 0 0 1 1 1 1 1 0 1 0 1 0 0 1 1 0 0 1 1 1 0 0 0 0 0 1 1 1 0 1 0 0 0
 0 0 0 0 0 0 0 1 1 0 0 0 0 1 1 0 1 1 0 1 1 0 0 1 0 1 1 1 0 1 0 1 1 0 0 0 0
 1 1 1 0 0 0 1 0 0 1 0 0 0 0 0 1 0 0 0 0 0 1 0 0 1 0 0 1 1 0 0 0 1 1 1 1 1
 1 0 1 0 0 0 1 0 1 1 0 1 0 1 1 1 1 0 1 1 0 0 1 0 0 0 0 0 1 1 0 1 0 0 1 1 1
 1 0 0 1 0 0 1 1 0 1 0 1 0 0 0 0 1 0 0 1 0 0 1 0 0 1 1 1 0 0 0 1 1 0 0 0 1
 0 0 0 0 0 1 1 1 1 1 1 0 1 0 1 1 1 1 1 0 0 0 1 1 1 1 0 1 0 1 1 0 0 1 0 0 0
 0 0 0 0 0 1 0 1 1 1 1 1 1 0 0 0 0 1 0 1 1 1 1 0 1 1 1 1 0 1 1 1 0 1 0 0 0]

Synthetic samples indexes: [  5  11  15  16  18  21  22  29  30  32  35  37  38  39  40  46  47  48
  49  50  57  58  60  61  62  63  64  65  66  67  71  73  76  78  80  81
  83  86  90  91  93  94  95  98 102 104 105 106 107 108 109 110 112 114
 115 116 117 118 120 121 123 124 126 127 128 136 138 143 145 147 148 149
 151 152 154 155 157 161 162 170 171 177 178 180 181 183 184 185 192 195
 198 199 200 201 203 204 206 207 209 211 212 213 214 215 217 218 224 225
 227 228 232 233 235 236 238 243 245 246 247 252 256 258 261 263 265 269
 270 271 272 275 277 280 281 282 284 286 289 290 292 295 296 298 299 302
 303 304 307 308 309 310 311 312 313 317 318 319 326 332 335 336 339 340
 341 342 343 345 347 350 351 354 355 356 362 363 364 366 377 378 383 384
 386 387 389 390 393 395 396 397 399 401 402 407 408 409 413 416 422 428
 431 434 439 440 441 442 443 444 446 450 453 455 457 458 459 460 462 463
 466 472 473 475 478 479 480 481 484 487 488 490 492 497 500 503 506 507
 508 512 513 517 523 524 525 526 527 528 530 532 533 534 535 536 540 541
 542 545 547 548 551 560 562 563 564 565 566 567 572 574 575 576 577 580
 581 582 584 585 586 588]

========== Cluster 2 ==========

Base classifier: SVC(probability=True)

Minority Class: 0

Selected Features: [21 28 24  8 23  3 20 25 18 29 22  4  7  1 14  5 19  2 15 27]

Labels: [0 1 0 0 1 0 0 0 1 1 1 1 0 1 1 0 0 1 0 1 1 1 0 1 0 0 0 0 0 0 0 1 1 0 0 0 0
 1 1 0 0 1 1 1 0 0 1 0 1 1 0 1 1 0 1 1 0 1 1 1 0 1 1 1 1 0 1 0 1 1 0 0 0 1
 1 1 0 0 1 1 0 0 1 0 0 0 0 1 0 1 1 0 1 0 1 0]

Synthetic samples indexes: [ 5  6 12 16 22 24 26 29 30 40 44 45 53 56 67 71 76 77 81 83 88 91 95]

========== Cluster 3 ==========

Base classifier: DummyClassifier(strategy='most_frequent')

Minority Class: 0

Selected Features: [ 0  1  2  3  4  5  6  7  8  9 10 11 12 13 14 15 16 17 18 19 20 21 22 23
 24 25 26 27 28 29 30]

Labels: [1 1 1 1 1 1 1 1 1 1 1 1 1 1 1 1 1 1 1 1 1 1 1 1 1 1 1 1 1 1 1 1 1 1 1 1 1
 1 1 1 1 1 1 1 1 1 1 1 1 1 1 1 1 1 1 1 1 1 1 1 1 1 1 1 1 1 1 1 1 1 1 1 1 1
 1 1 1 1 1 1 1 1 1 1 1 1 1 1]

Synthetic samples indexes: []

