Clustering algorithm selected: kmeans
=====================================

Clustering evaluation metric: dbc_ss
Clustering evaluation value: 0.40268846450182877

========== Cluster 0 ==========

Base classifier: DummyClassifier(strategy='most_frequent')

Minority Class: 0

Selected Features: [ 0  1  2  3  4  5  6  7  8  9 10 11 12 13 14 15 16 17 18 19 20 21 22 23
 24 25 26 27 28 29 30]

Labels: [1 1 1 1 1 1 1 1 1 1 1 1 1 1 1 1 1 1 1 1 1 1 1 1 1 1 1 1 1 1 1 1 1 1 1 1 1
 1 1 1 1 1 1 1 1 1 1 1 1 1 1 1 1 1 1 1 1 1 1 1 1 1 1 1 1 1 1 1 1 1 1 1 1 1
 1 1 1 1 1 1 1 1 1 1]

Synthetic samples indexes: []

========== Cluster 1 ==========

Base classifier: DummyClassifier(strategy='most_frequent')

Minority Class: 0

Selected Features: [ 0  1  2  3  4  5  6  7  8  9 10 11 12 13 14 15 16 17 18 19 20 21 22 23
 24 25 26 27 28 29 30]

Labels: [0 0 0 0 0 0 0 0 0 0 0 0 0 0 0 0 0 0 0 0 0 0 0 0 0 0 0 0 0 0 0 0 0 0 0 0 0
 0 0 0 0 0 0 0 0 0 0 0 0 0 0 0 0 0 0 0 0 0 0 0 0 0 0 0 0 0 0 0 0 0 0 0 0 0
 0 0 0 0 0 0 0 0 0 0 0 0 0 0 0 0 0 0 0 0 0 0 0 0 0 0 0 0 0 0 0 0 0 0 0 0 0
 0 0 0 0 0 0 0 0 0 0 0 0 0 0 0 0 0 0 0 0 0 0 0 0 0]

Synthetic samples indexes: []

========== Cluster 2 ==========

Base classifier: SVC(probability=True)

Minority Class: 0

Selected Features: [24  0 21 22 23  8 14  2  1 28  4  3 27  9  5]

Labels: [0 1 1 0 0 1 1 0 0 1 1 0 0 1 1 1 1 1 0 0 1 0 1 1 0 0 1 1 1 1 1 0 0 1 0 0 1
 1 1 1 0 0 0 0 1 1 0 0 1 0 1 1 1 1 1 1 0 1 0 0 1 0 0 0 0 1 1 1 1 0 1 0 1 0
 0 0 0 0 1 0 0 0 0 0 1 1 1 0 1 0 0 1 1 0 0 1 0 1 0 1 0 0 1 0 0 0 1 0 1 0 1
 1 0 0 1 1 1 0 0 0 1 1 1 1 1 0 0 1 1 0 1 1 1 0 0 1 1 0 0 1 1 0 0 1 0 1 1 0
 1 1 1 0 1 0 1 0 1 1 1 0 0 0 1 0 0 1 0 0 0 0 1 1 1 0 1 1 1 0 1 0 0 1 0 0 1
 1 1 0 0 0 0 0 0 0 1 1 1 1 1 0 0 0 0 1 1 1 1 1 0 0 0 1 1 0 1 0 1 0 1 1 1 0
 1 0 0 0 0 0 0 0 1 0 1 0 0 0 0 0 1 0 1 0 0 0 1 0 1 0 1 1 1 1 0 1 0 1 1 0 0
 1 0 1 1 1 0 1 1 1 1 0 1 1 1 0 1 1 1 1 0 0 0 0 1 0 1 0 0 1 1 1 1 1 1 0 0 1
 0 0 1 0 1 1 0 1 0 0 0 0 0 1 0 0 1 0 1 0 0 0 0 1 0 1 0 0 1 1 0 1]

Synthetic samples indexes: [  1   2   5   6   9  10  13  14  16  17  20  22  23  26  27  28  29  30
  33  36  37  38  39  45  50  51  52  57  60  65  66  67  68  70  72  78
  84  85  86  88  91  92  95  97  99 102 106 108 110 111 114 115 116 120
 121 123 124 127 128 130 131 132 135 136 139 140 143 145 146 148 150 152
 154 156 157 158 162 165 171 172 174 175 176 178 184 185 186 194 195 196
 197 203 204 205 206 207 211 212 214 216 219 220 230 232 238 240 244 246
 248 249 250 251 253 255 256 259 261 262 263 266 267 268 270 271 272 275
 276 277 282 284 287 288 289 291 292 295 298 301 303 312 314 319 321 324
 325]

========== Cluster 3 ==========

Base classifier: DummyClassifier(strategy='most_frequent')

Minority Class: 0

Selected Features: [30 29 28 27 26 25 24 23 22 21 20 19 18 17 16 15]

Labels: [1 1 1 1 1 1 1 1 1 1 1 1 1 1 1 1 1 1 1 1 1 1 1 1 1 1 1 1 1 1 1 1 1]

Synthetic samples indexes: []

========== Cluster 4 ==========

Base classifier: SVC(probability=True)

Minority Class: 0

Selected Features: [24 28 21 25 23  8  3 22 20  4  1  5 19  0  6 17  2 26 15 18]

Labels: [1 1 0 0 1 0 1 0 0 1 0 0 1 0 1 0 0 1 0 1 1 1 1 1 1 1 0 1 0 1 0 1 1 1 0 1 1
 0 0 1 0 1 1 1 0 0 0 1 0 0 1 1 0 0 1 1 0 1 0 1 1 0 1 0 0 1 0 0 0 1 0 1 1 1
 1 0 0 0 0 1 0 1 0 0 1 1 1 0 0 0 0 1 0 1 0 0 0 0 1 1 0 1 1 0 1 1 0 0 1 0]

Synthetic samples indexes: [  2   5  11  13  15  28  30  34  38  44  48  49  52  53  56  61  63  64
  66  67  68  75  77  78  82  83  88  89  90  95  97 100 103 107]

