Clustering algorithm selected: kmeans
=====================================

Clustering evaluation metric: dbc_ss
Clustering evaluation value: 0.44110740058072867

========== Cluster 0 ==========

Base classifier: KNeighborsClassifier(n_neighbors=7)

Minority Class: 0

Selected Features: [21 24  0 23  8  3  1  4 22  2 28 14  9 27  7]

Labels: [0 0 1 1 0 1 1 1 1 0 1 1 0 0 1 1 0 0 0 1 0 1 0 1 0 1 1 1 0 0 1 0 1 1 1 0 0
 1 1 0 1 0 0 1 0 0 0 1 0 1 0 1 0 0 1 1 0 0 0 0 1 1 0 1 1 0 0 1 1 1 1 1 0 0
 1 1 1 1 0 0 1 1 0 1 1 0 1 0 1 0 0 0 1 0 1 1 0 1 1 1 1 1 1 1 1 1 0 1 1 0 0
 1 1 1 1 1 0 0 1 1 0 1 1 1 0 0 1 0 1 1 1 0 1 1 0 1 1 1 0 0 0 0 0 1 0 1 0 0
 1 1 0 1 0 1 0 1 1 0 1 1 0 1 0 0 1 0 1 0 1 0 1 1 0 0 1 1 1 0 0 1 0 0 0 1 0
 0 1 1 0 1 1 1 1 0 1 1 1 0 0 0 1 1 1 0 0 1 0 0 0 1 0 1 1 0 0 0 0 0 0 1 1 0
 1 1 1 1 1 1 0 1 0 1 1 1 0 0 0 1 0 0 1 1 0 1 1 1 1 1 0 1 1 0 1 0 1 1 0 0 0
 0 0 1 0 1 1 0 1 0 0 0 1 1 0 1 0 0 0 0 1 0 0 0 0 1 0 0 1 0 1 0 1 0 1 0 1 0
 0 0 0 0 0 1 1 0 1 0 0 0 0 0 1 1 1 1 0 0 0 0 1 1 0 0 0 1 0 0 1 0 0 0 0 0 0
 0 1 0 0 1 0 1 1 0 1 1 1 1 1 1 1 0 1 0 0 1 1 1 0 0 0 0 0 1 1 1 0 0 0 1 0 1
 1 0 0 1 1 0 1 0 1 0 0 0 0 0 0 0 0 0 0 1 0 0 0 0 0 1 1 0 1 0 0 1 1 0 0 0 1
 0 1 0 0 0 1 0 0 1 0 0 0 1 1 1 1 0 1 1 0 0 1 1 1 0 1 0 1 1 1 0 1 1 1 0 1 0
 1 0 1 0 0 1 0 1 1 1 0 0 0 1 0 0 1 0 1 0 0 0 1 0 1 0 0 1 1 1 0 0 0 0 1 1 1
 0 1 1 0 0 1 1 1 0 0 0 1 1 1 0 0 1 1 0 1 1 0 0 0 0 1 1 0 1 0 1 1 1 1 0 0 1
 0 0 1 0 1 0 0 1 1 1 1 1 0 0 1 0 0 0 1 1 0 0 1 0 1 1 1 0 1 0 1 0 1 0 0 1 0
 1 0 1 1 1 0 1 0 1 1 1 0 1 0 0 0 1 1 0 1 0 0 1 0 1 0 0 1 1 0 0 1 1 0 1 1 0
 1 1 1 0]

Synthetic samples indexes: [  2   3   5   6   7   8  10  14  15  19  25  26  27  30  32  33  34  37
  38  40  43  47  49  51  54  55  60  61  63  64  67  68  69  70  71  74
  75  76  77  80  81  83  84  86  88  92  94  95  97  98  99 100 101 102
 103 104 105 107 108 111 112 113 114 115 118 119 121 123 126 129 130 132
 133 135 136 137 143 145 148 151 153 155 156 158 159 161 166 168 170 171
 174 179 183 186 187 189 190 191 192 194 195 196 200 201 202 205 209 211
 212 219 220 222 223 224 225 226 227 229 231 232 233 237 240 241 243 244
 245 246 247 249 250 252 254 255 261 263 264 266 270 271 273 278 283 286
 288 290 292 294 301 302 304 310 312 313 318 319 323 326 334 337 339 343
 344 345 346 347 348 350 353 354 355 361 362 363 367 369 373 374 376 378
 389 395 396 398 401 402 406 408 415 419 420 421 422 424 425 428 429 430
 432 434 435 436 438 439 440 442 444 446 449 451 452 453 457 460 462 466
 468 471 472 473 478 479 480 482 483 486 487 488 492 493 494 497 498 501
 506 507 509 511 512 514 517 520 522 525 526 527 528 529 532 536 537 540
 542 543 544 546 548 550 553 555 557 559 561 563 564 565 571 577 579 582
 583 586 587 589 590 592 593 594]

========== Cluster 1 ==========

Base classifier: DummyClassifier(strategy='most_frequent')

Minority Class: 0

Selected Features: [30 29 28 27 26 25 24 23 22 21 20 19 18 17 16 15]

Labels: [1 1 1 1 1 1 1 1 1 1 1 1 1 1 1 1 1 1 1 1 1 1 1 1 1 1 1 1 1 1 1 1 1]

Synthetic samples indexes: []

========== Cluster 2 ==========

Base classifier: SVC(probability=True)

Minority Class: 0

Selected Features: [28 21 24 25  3 23  8 22 14  1  4  2  0 19 18 20 29  7 27 12]

Labels: [0 1 1 1 0 1 0 0 1 0 0 0 0 0 1 1 1 1 1 1 1 0 0 0 0 0 1 1 0 0 1 0 1 0 0 1 0
 1 0 0 1 1 0 1 1 0 0 1 0 1 1 0 0 1 0 1 0 1 1 1 1 1 1 0 0 1 1 0 0 0 1 0 0 0
 0 0 1 1 1 0 0 0 0 1 0 1 1 1 0 1 1 0 1 0 1 1 1 0 1 0 1 0]

Synthetic samples indexes: [  0   4   6   9  11  21  22  23  24  25  28  29  31  36  39  45  48  51
  54  63  67  71  74  79  84  99 101]

========== Cluster 3 ==========

Base classifier: DummyClassifier(strategy='most_frequent')

Minority Class: 0

Selected Features: [30 29 28 27 26 25 24 23 22 21 20 19 18 17 16 15]

Labels: [1 1 1 1 1 1 1 1 1 1 1 1 1 1 1 1 1 1 1 1 1 1 1 1 1 1 1 1 1 1 1 1 1 1 1 1 1
 1 1 1 1 1 1 1 1 1 1 1 1 1 1 1 1 1 1 1 1 1 1 1 1 1 1 1 1 1 1 1 1 1 1 1 1 1
 1 1 1 1 1 1 1 1 1 1 1 1 1]

Synthetic samples indexes: []

