Clustering algorithm selected: kmeans++
=====================================

Clustering evaluation metric: silhouette
Clustering evaluation value: 0.37738845647553637

========== Cluster 0 ==========

Base classifier: SVC(probability=True)

Minority Class: 1

Selected Features: [24 21 23 22  3  4  1  0 28 20  8 14 16 10  2  6 17]

Labels: [1 1 1 0 1 1 1 0 1 0 0 0 1 0 0 0 1 0 1 0 0 0 0 0 1 1 1 1 0 1 1 0 0 0 0 0 1
 0 1 1 1 1 1 1 0 0 1 1 0 1 1 1 0 1 0 1 1 1 1 0 0 1 1 0 1 0 1 1 0 1 0 0 1 0
 0 1 1 1 0 0 1 0 0 0 0 0 1 1 1 1 0 0 1 1 1 0 0 0 1 0 1 0 0 0 1 1 0 0 0 0 1
 1 1 0 0 1 0 0 1 0 1 0 0 0 1 0 0 1 0 1 0 1 0 0 0 0 1 0 0 0 1 0 0 1 0 1 0 1
 1 0 0 1 0 1 0 0 0 1 0 0 0 0 0 0 1 0 1 1 1 1 0 1 1 0 0 1 0 1 0 1 1 0 1 1 1
 0 0 1 1 1 0 1 1 0 0 1 0 1 1 0 1 1 0 0 0 1 1 1 1 1 1 0 1 0 1 0 1 1 1 1 1 1
 1 0 1 0 1 0 1 0 1 0 0 0 1 1 0 1 1 0 0 0 1 1 1 1 0 0 0 0 1 1 1 0 1 0 1 1 1
 0 1 1 1 0 1 0 1 0 0 1 0 1 1 1 0 1 1 0 0 1 0 0 0 1 0 0 0 0 1 0 0 1 0 1 0 1
 0 0 0 0 1 0 1 0 1 0 1 1 1 0 0 0 1 1 1 0 1 1 0 0]

Synthetic samples indexes: [  3   7   9  10  11  13  14  15  17  19  20  21  22  23  28  31  32  33
  34  35  37  44  45  48  52  54  59  60  63  65  70  71  73  74  78  79
  81  82  83  84  85  90  91  95  96  97  99 102 103 106 107 108 109 113
 114 116 117 119 121 122 123 125 126 128 130 132 133 134 135 137 138 139
 141 142 144 146 149 150 152 154 155 156 159 161 162 163 165 173 174 176
 178 181 185 186 190 193 194 196 199 202 203 204 211 213 215 223 225 227
 229 231 232 233 236 239 240 241 246 247 248 249 259 263 265 267 268 270
 274 277 278 280 281 282 284 285 286 287 289 290 292 294 296 297 298 299
 301 303 305 309 310 315 318 319]

========== Cluster 1 ==========

Base classifier: SVC(probability=True)

Minority Class: 1

Selected Features: [23 24 21  0  3  8  4  1 28 14  2 22 27  7 11]

Labels: [0 0 1 1 0 0 1 0 0 0 0 1 0 0 0 1 1 1 1 1 1 0 1 0 1 0 0 1 0 1 0 0 1 0 0 1 0
 0 0 1 0 0 1 1 1 0 1 0 0 1 1 0 1 1 0 0 1 0 0 0 1 1 0 1 1 1 0 0 0 1 1 1 0 1
 1 0 0 0 1 1 1 0 1 1 0 0 0 0 1 1 0 1 0 0 1 0 0 0 1 0 1 1 1 1 0 1 0 1 0 1 0
 1 1 1 1 0 1 0 1 0 1 0 0 1 1 1 0 1 0 0 0 1 1 0 0 1 1 1 1 0 1 0 1 1 1 1 1 1
 1 1 0 0 1 0 0 0 1 1 0 0 0 1 0 1 1 0 0 0 1 1 0 1 1 0 1 0 1 1 0 1 0 0 1 1 0
 1 1 1 1 0 0 0 1 1 0 0 1 1 0 1 1 1 0 0 0 0 0 0 0 0 0 1 0 1 0 1 0 1 1 0 0 0
 1 0 1 0 1 1 1 1 0 0 0 1 1 1 0 0 1 1 1 0 0 1 0 1 0 1 1 0 1 0 1 0 0 0 0 1 1
 0 0 1 1 1 0 0 1 0 0 0 1 0 0 0 0 0 1 0 0 0 1 0 1 1 1 1 1 0 0 1 1 1 1 0 0 1
 1 1 1 0 0 0 0 0 0 1 0 1 0 1 0 0 1 1 0 1 0 1 1 0 1 1 0 1 1 0 0 0 1 0 1 0 1
 1 0 1 1 1 0 0 0 0 1 1 1 0 0 0 0 0 0 0 0 0 1 0 1 0 1 1 0 0 0 0 1 1 0 1 0 1
 1 0 0 0 0 1 0 1 1 1 0 1 0 1 1 0 1 0 1 0 1 0 1 0 1 1 1 0 1 0 1 0 1 1 0 1 1
 1 1 1 1 1 0 0 1 0 1 1 1 0 1 0 0 1 1 0 1 1 0 1 1 1 1 0 0 0 0 0 1 1 0 1 0 0
 0 1 0 1 0 1 0 0 0 0 1 0 1 0 0 1 1 1 1 0 0 1 0 1 0 1 1 1 0 1 1 1 0 0 0 1 1
 0 1 0 1 0 1 1 0 0 0 0 0 1 1 0 0 0 1 1 0 0 1 0 0 0 1 0 1 1 0 1 1 0 0 1 1 1
 1 1 1 1 0 0 0 0 0 1 1 1 0 0 0 1 0 1 1 1 0 1 0 0 1 0 1 1 1 1 0 1 0 0 0 1 0
 0 0 1 0 0 1 1 0 0 1 0 0 1 1 0 0 0 0 0 1 0 1 1 1 0 1 1 0 1 1 0 0 1 1 1 1 1
 0 0 1 1 1 1 1 0 0 0 1 0 0 1 1 1 0 0 0 0 1 1 0 0 0 1 0 1 1 0 0 0 1 1]

Synthetic samples indexes: [  2   3   6  11  15  16  17  19  20  22  24  27  29  32  35  39  42  43
  46  49  50  52  56  60  61  64  65  70  71  74  78  79  80  83  88  89
  91 100 101 102 105 107 109 111 112 113 114 116 118 120 123 125 127 131
 132 135 136 137 138 140 142 143 144 145 146 147 149 152 156 157 161 163
 164 168 169 171 172 174 176 177 179 182 183 185 186 187 188 192 193 196
 197 199 200 201 211 213 215 217 218 222 224 226 227 228 229 233 234 235
 238 239 240 243 245 247 248 250 252 258 261 262 263 266 270 276 280 282
 283 284 285 286 290 291 292 295 296 297 305 307 309 312 313 315 320 321
 323 324 328 330 332 333 335 336 337 343 344 354 356 358 359 364 365 367
 369 370 375 377 378 379 383 384 386 388 390 392 395 396 398 400 402 405
 406 407 408 409 410 411 414 416 418 420 423 424 426 427 429 431 432 439
 441 445 447 449 454 456 459 460 461 462 465 467 469 470 471 473 474 475
 479 480 482 484 486 487 493 498 499 502 506 508 509 511 515 516 517 518
 520 521 527 528 529 533 535 536 537 539 542 544 545 546 547 553 557 560
 561 564 567 568 574 577 578 580 581 583 587 588 590 591 594 595 596 597
 598 602 605 606 607 612 613 617 619 620 624 625]

