Clustering algorithm selected: kmeans
=====================================

Clustering evaluation metric: silhouette
Clustering evaluation value: 0.3836484138214458

========== Cluster 0 ==========

Base classifier: SVC(probability=True)

Minority Class: 0

Selected Features: [24 21 23  0  1  3  4 14  8 28 27  7  2 22 26]

Labels: [1 1 0 1 1 0 0 0 1 0 1 0 0 1 0 0 1 1 1 0 1 1 0 0 1 0 1 0 1 0 0 0 0 1 1 0 0
 1 0 1 1 0 1 1 1 1 1 1 0 1 1 0 1 1 0 0 0 0 0 1 0 1 0 1 1 1 1 0 1 0 0 0 1 1
 1 1 1 0 1 0 0 1 0 1 1 1 1 1 1 1 1 0 1 0 1 0 0 1 1 1 1 1 1 1 0 0 0 0 0 1 0
 1 0 1 0 1 0 0 1 0 0 0 0 0 1 0 1 0 1 0 1 1 0 0 0 0 0 1 0 1 0 1 1 0 1 0 0 1
 1 0 1 0 0 1 0 0 0 1 0 0 1 0 1 1 1 0 0 1 1 0 1 1 1 0 0 1 0 0 0 1 1 0 0 1 1
 1 0 1 0 1 1 0 0 0 1 1 1 0 1 1 0 1 1 1 1 0 0 1 1 0 0 0 1 1 1 0 0 1 0 0 0 1
 1 1 1 0 1 0 0 0 1 0 0 1 0 1 0 1 1 1 1 0 1 1 0 0 1 1 1 1 0 0 0 0 1 1 0 0 0
 0 0 0 1 0 0 0 1 0 1 0 0 0 0 1 1 0 1 0 1 1 1 0 0 0 0 1 0 0 1 1 0 1 1 0 0 0
 1 1 1 0 1 1 0 1 1 0 1 1 0 1 1 0 0 1 1 1 1 0 1 1 0 0 0 0 0 1 1 1 1 1 1 1 1
 0 1 0 0 1 1 0 1 0 1 1 1 1 0 0 1 1 0 1 1 0 1 0 1 0 1 0 1 0 0 1 1 1 0 0 1 1
 1 0 0 1 0 1 0 0 1 0 1 0 0 0 0 0 1 0 0 1 0 0 1 1 1 0 0 1 0 0 1 0 1 1 1 0 0
 1 1 0 0 1 1 0 0 1 0 1 0 1 0 1 1 1 0 0 0 1 1 0 1 1 0 1 1 0 1 0 0 0 0 1 0 1
 1 1 1 0 0 0 0 0 1 0 1 0 0 1 1 1 1 0 1 0 1 0 0 1 0 1 0 1 1 1 0 0 1 0 1 1 1
 0 0 0 0 0 0 1 0 0 0 0 1 1 1 1 0 1 1 1 0 0 0 1 1 1 1 0 0 0 1 0 0 0 1 0 1 0
 1 0 0 0 1 1 1 0 0 0 1 0 1 1 1 1 1 1 1 1 0 0 0 0 0 1 0 1 1 0 1 1 0 0 1 1 0
 0 0 1 0 0 0 0 0 0 0 0 1 1 0 1 0 1 0 0 0 0 1 0 0 0 0 0 0 1 1 0 1 0 1 1 0 1
 1 0 1 0 1 1 0 0 1 1 0 1 1 0 1 1 1 0 1 0 1 1 0 1 0 0 0 0 1 0 0 0 1 1 1 0 1
 0 1 0]

Synthetic samples indexes: [  0   1   3   4   8  10  13  16  17  18  20  21  24  26  28  33  34  37
  40  42  43  44  45  46  47  49  50  52  53  59  61  63  64  65  66  72
  73  74  75  76  78  81  83  84  85  86  87  88  89  90  92  94  97  99
 100 101 103 109 111 113 115 118 124 126 128 130 131 137 139 141 142 144
 147 148 153 157 160 162 163 164 167 168 170 171 172 179 180 183 184 185
 189 190 194 195 196 198 199 201 202 203 204 207 212 213 214 217 221 222
 223 224 226 230 233 235 237 238 239 240 242 243 246 247 248 249 255 266
 268 273 276 278 279 285 288 289 291 292 296 297 298 300 301 303 304 306
 313 315 316 318 319 325 326 327 328 329 330 331 332 334 337 338 340 343
 344 345 348 349 351 354 356 358 360 363 364 365 368 369 370 373 375 378
 380 386 389 392 393 394 397 400 402 404 407 408 411 412 417 419 421 422
 427 428 430 431 433 434 436 441 443 444 445 446 452 454 457 458 459 460
 462 464 467 469 471 472 473 476 478 479 480 487 492 493 495 497 498 499
 503 505 506 510 514 516 518 522 524 528 530 531 532 533 534 535 536 537
 543 545 546 548 549 552 553 557 566 567 569 571 576 583 586 588 589 591
 592 596 597 600 601 603 604 606 607 608 610 612 613 615 620 625 628 630]

========== Cluster 1 ==========

Base classifier: GaussianNB()

Minority Class: 0

Selected Features: [22 24 23 21  1  4  8  3  0 28 10 20 15 16 17  6  2]

Labels: [1 1 0 1 0 0 0 0 0 0 0 1 0 0 1 1 1 1 0 0 1 0 1 0 0 1 1 1 0 1 0 0 1 1 0 0 0
 0 0 0 0 0 1 0 0 0 1 0 0 1 0 0 0 1 0 1 0 1 1 0 0 1 1 1 0 0 1 1 0 0 1 1 1 1
 0 0 0 1 1 0 1 0 1 0 1 1 1 1 0 0 1 1 0 0 1 0 1 0 0 0 1 0 0 0 0 0 0 1 1 1 0
 0 1 0 1 1 0 0 1 1 0 1 1 0 1 1 0 0 1 0 1 1 1 1 1 1 0 0 0 1 1 0 1 0 0 1 0 0
 1 1 1 0 0 1 1 1 0 1 0 0 0 1 1 1 1 0 0 0 1 1 0 1 0 0 1 0 1 0 1 1 0 0 1 1 0
 1 1 0 0 0 1 0 1 0 0 0 1 0 1 1 1 0 0 0 1 0 0 1 0 1 1 0 1 0 0 0 0 0 0 1 0 1
 1 1 0 0 1 1 1 1 1 0 0 1 0 1 0 0 1 1 1 1 1 1 1 1 0 1 0 0 0 1 1 0 0 1 1 1 1
 0 0 1 0 0 1 1 1 0 0 0 1 0 1 1 1 1 1 1 0 1 0 1 1 0 1 0 0 1 0 1 0 0 1 1 0 1
 0 0 1 0 1 1 0 0 0 1 1 1 0 1 1 1 1 0 1 0 0 0 1 1 1 0 1 0]

Synthetic samples indexes: [  2   4   5   6   7   8   9  10  12  13  18  19  21  23  24  28  30  31
  34  35  36  37  38  39  40  41  43  44  45  47  48  50  51  52  54  56
  59  60  64  65  68  69  74  75  76  79  81  83  88  89  92  93  95  97
  98  99 101 102 104 105 106 110 111 113 116 117 120 123 126 127 129 136
 137 138 141 143 144 146 147 151 152 156 158 159 160 165 166 167 170 172
 173 175 177 180 181 184 188 189 191 194 195 197 202 203 205 208 211 213
 214 215 216 217 218 220 224 225 231 232 234 236 246 248 249 250 253 254
 259 260 262 263 267 268 269 271 278 280 283 285 286 288 290 291 294 296
 297 299 302 303 304 308 313 315 316 317 321 323]

