Clustering algorithm selected: kmeans++
=====================================

Clustering evaluation metric: dbc_ss
Clustering evaluation value: 0.22396466754838007

========== Cluster 0 ==========

Base classifier: GaussianNB()

Minority Class: 1

Selected Features: [0 1 2 3 4 5 6 7 8]

Labels: [2 0 1 2 1 0 0 1 2 1 0 2 0 2 1 0 0 2 0 0 2 0 1 1 0 1 2 0 2 2 0 2 2 2 2 2 1
 0 0 2 2 0 1 2 0 1 1 1 2 2 2 0 1 1 0 1 0 1 1 2 2 0 2 1 0 0 2 1 1 2 0 0 0 0
 1 2 2 2 2 2 0 1 1 0 2 2 1 2 2 1 2 2 1 1 2 1 0 2 0 0 0 1 0 1 2 1 2 0 2 2 1
 1 0 2 2 1 2 2 2 2 1 1 0 0 2 1 1 2 1 2 1 0 2 1 1 2 0 1 2 0 0 2 1 1 0 0 1 0
 2 0 1 1 2 2 0 1 2 1 1 1 2 1 1 0 0 2 1 0 1 0 1 1 1 2 2 2 1 2 1 0 2 2 0 1 2
 0 0 2 0 0 1 0 2 1 0 1 2 2 0 0 0 1 1 1 0 1 0 0 0 0 2 0 0 0 1 1 2 2 0 2 0 2
 0 1 0 1 2 0 1 2 2 1 2 1 2 1 0 2 2 0 0 0 1 0 1 2 0 0 1 0 0 1 2 2 1 2 0 0 1
 2 0 1 0 1 2 0 0 2 0 2 0 1 0 1 0 0 1 0 2 1 1 1 2 2 1 2 0 0 1 1 0 0 0 1 2 1
 2 2 2 2 2 0 0 0 0 0 2 0 0 2 0 0 1 1 1 0 0 0 1 1 0 1 2 0 1 2 0 1 1 1 1 0 0
 1 2 2 2 2 1 2 1 0 1 2 2 1 1 2 1 2 0 1 1 1 2 0 2 0 1 2 2 0 0 1 1 2 1 0 1 2
 0 1 2 1 1 0 2 0 2 2 2 0 0 1 2 2 2 2 1 1 1 0 0 2 1 1]

Synthetic samples indexes: [  2   7   8   9  14  17  20  22  23  26  31  32  35  36  43  45  47  48
  50  55  57  60  62  67  68  79  81  82  85  86  91  92  93  95  97 104
 105 108 109 110 111 113 114 115 116 121 124 125 126 127 132 133 134 135
 137 141 142 153 157 158 159 160 162 165 168 170 171 172 175 176 177 178
 190 192 193 195 205 214 217 221 226 228 231 234 237 245 258 261 263 267
 269 271 280 284 294 295 296 297 298 299 306 312 314 318 321 324 328 329
 330 335 338 339 343 345 346 348 349 351 353 358 359 366 371 373 376 385
 386 389 393 394 395]

========== Cluster 1 ==========

Base classifier: GaussianNB()

Minority Class: 2

Selected Features: [0 1 2 3 4 5 6 7 8]

Labels: [1 0 1 1 0 1 1 1 2 1 0 2 2 1 1 0 0 0 1 1 2 2 1 1 1 1 2 2 0 1 0 0 0 0 1 2 0
 0 1 2 1 1 0 0 2 1 2 0 2 0 1 1 1 1 2 1 0 1 1 1 1 0 2 2 2 2 0 0 0 1 0 0 1 0
 2 2 1 0 0 0 2 0 2 2 1 2 0 1 1 1 2 0 0 2 0 1 0 0 2 2 2 1 0 1 2 2 1 0 0 2 2
 1 2 1 1 0 0 1 0 2 0 0 2 2 2 0 1 1 2 2 1 0 1 2 1 2 2 0 1 2 1 0 1 1 0 2 2 0
 1 0 2 1 0 1 1 2 2 2 0 2 1 2 0 0 0 2 0 0 0 0 2 0 1 1 0 2 2 1 1 2 2 0 2 0 2
 0 0 0 1 2 0 0 1 0 1 2 2 2 2 2 1 2 1 2 2 2 1]

Synthetic samples indexes: [  6  21  83 100 142 201]

========== Cluster 2 ==========

Base classifier: GaussianNB()

Minority Class: 1

Selected Features: [0 1 2 3 4 5 6 7 8]

Labels: [0 1 2 ... 1 1 1]

Synthetic samples indexes: [   1    3    7   10   13   17   18   21   31   37   43   47   55   56
   69   71   83   85   86   87   91   95   97   98  121  124  127  129
  137  138  145  147  158  159  167  172  175  178  180  186  189  190
  193  194  196  200  202  207  213  215  216  218  219  221  231  236
  243  245  247  250  256  260  264  270  275  276  278  290  301  306
  311  312  315  319  321  330  331  334  335  344  345  348  355  358
  362  370  378  394  397  415  422  431  445  447  448  451  454  456
  458  462  463  475  485  501  508  510  516  529  535  538  545  557
  561  562  572  574  578  582  587  590  599  600  602  609  611  631
  632  634  637  642  643  651  653  667  672  676  677  678  679  680
  682  683  689  693  699  701  702  713  714  723  725  735  736  746
  758  760  763  765  768  775  782  783  786  789  790  795  802  817
  818  821  823  824  825  826  832  833  835  836  839  840  842  844
  846  847  849  850  851  852  854  855  858  860  878  883  892  894
  895  896  908  926  937  939  943  946  953  962  964  966  967  969
  970  985  993  997 1000 1006 1007 1020 1024 1026 1027 1032 1034 1035
 1052 1061 1070 1075 1078 1081 1084 1085 1089 1091 1093]

