Clustering algorithm selected: fcm
=====================================

Clustering evaluation metric: dbc
Clustering evaluation value: 0.492182859049504

========== Cluster 0 ==========

Base classifier: SVC(probability=True)

Minority Class: 1

Selected Features: [  0   1   2   3   4   5   6   7   8   9  10  11  12  13  14  15  16  17
  18  19  20  21  22  23  24  25  26  27  28  29  30  31  32  33  34  35
  36  37  38  39  40  41  42  43  44  45  46  47  48  49  50  51  52  53
  54  55  56  57  58  59  60  61  62  63  64  65  66  67  68  69  70  71
  72  73  74  75  76  77  78  79  80  81  82  83  84  85  86  87  88  89
  90  91  92  93  94  95  96  97  98  99 100 101 102 103 104 105 106 107
 108 109 110 111 112 113 114 115 116 117 118 119 120 121 122 123 124 125
 126 127 128 129 130 131 132 133 134 135 136 137 138 139 140 141 142 143
 144 145 146 147 148 149 150 151 152 153 154 155 156 157 158 159 160 161
 162 163 164 165 166 167 168 169 170 171 172 173 174 175 176 177 178 179
 180 181 182 183 184 185 186 187 188 189 190 191 192 193 194 195 196 197
 198 199 200 201 202 203 204 205 206 207 208 209 210 211 212 213 214 215
 216 217 218 219 220 221 222 223 224]

Labels: [0 1 0 1 1 1 0 1 0 0 1 0 1 0 1 0 0 1 0 0 1 0 0 1 0 1 1 0 1 1 1 0 0 0 0 0 0
 1 1 1 0 0 1 1 0 1 0 1 0 0 0 1 1 0 1 1 1 1 0 0 0 0 0 1 1 1 1 0 0 0 0 0 0 1
 0 1 0 0 0 0 1 1 1 0 1 1 1 1 0 0 1 1 1 0 0 1 0 1 1 1 1 1]

Synthetic samples indexes: [  1   4  10  12  14  17  25  26  30  37  38  39  42  45  47  51  55  56
  64  65  66  81  82  84  85  87  90  91 100 101]

========== Cluster 1 ==========

Base classifier: SVC(probability=True)

Minority Class: 1

Selected Features: [  0   1   2   3   4   5   6   7   8   9  10  11  12  13  14  15  16  17
  18  19  20  21  22  23  24  25  26  27  28  29  30  31  32  33  34  35
  36  37  38  39  40  41  42  43  44  45  46  47  48  49  50  51  52  53
  54  55  56  57  58  59  60  61  62  63  64  65  66  67  68  69  70  71
  72  73  74  75  76  77  78  79  80  81  82  83  84  85  86  87  88  89
  90  91  92  93  94  95  96  97  98  99 100 101 102 103 104 105 106 107
 108 109 110 111 112 113 114 115 116 117 118 119 120 121 122 123 124 125
 126 127 128 129 130 131 132 133 134 135 136 137 138 139 140 141 142 143
 144 145 146 147 148 149 150 151 152 153 154 155 156 157 158 159 160 161
 162 163 164 165 166 167 168 169 170 171 172 173 174 175 176 177 178 179
 180 181 182 183 184 185 186 187 188 189 190 191 192 193 194 195 196 197
 198 199 200 201 202 203 204 205 206 207 208 209 210 211 212 213 214 215
 216 217 218 219 220 221 222 223 224]

Labels: [1 1 1 1 1 1 0 0 0 1 1 0 1 1 0 0 1 1 1 1 0 0 0 0 0 1 0 1 1 0 1 1 1 1 0 0 1
 0 1 0 1 0 0 0 0 1 0 0 1 1 1 0 0 1 1 0 0 1 1 1 1 1 0 0 0 1 1 0 1 0 1 1 0 0
 1 1 1 1 0 0 0 1 0 0 0 0 0 0 1 1 0 0 0 0 0 1 0 1 0 0 1 1 1 1 0 0 0 0 1 0 1
 1 1 0 1 0 1 1 0 0 0 1 1 1 0 1 1 1 0 0 1 1 1 0 0 0 0 1 1 0 0 0 1 1 1 0 1 0
 0 0 0 1]

Synthetic samples indexes: [  1   4   5   9  13  18  19  25  27  30  31  32  33  38  40  45  48  49
  50  53  54  58  59  61  65  68  70  71  75  76  77  81  88  89  95  97
 100 101 102 103 110 111 112 116 117 121 122 123 125 126 127 130 131 137
 138 144 151]

========== Cluster 2 ==========

Base classifier: SVC(probability=True)

Minority Class: 1

Selected Features: [  0   1   2   3   4   5   6   7   8   9  10  11  12  13  14  15  16  17
  18  19  20  21  22  23  24  25  26  27  28  29  30  31  32  33  34  35
  36  37  38  39  40  41  42  43  44  45  46  47  48  49  50  51  52  53
  54  55  56  57  58  59  60  61  62  63  64  65  66  67  68  69  70  71
  72  73  74  75  76  77  78  79  80  81  82  83  84  85  86  87  88  89
  90  91  92  93  94  95  96  97  98  99 100 101 102 103 104 105 106 107
 108 109 110 111 112 113 114 115 116 117 118 119 120 121 122 123 124 125
 126 127 128 129 130 131 132 133 134 135 136 137 138 139 140 141 142 143
 144 145 146 147 148 149 150 151 152 153 154 155 156 157 158 159 160 161
 162 163 164 165 166 167 168 169 170 171 172 173 174 175 176 177 178 179
 180 181 182 183 184 185 186 187 188 189 190 191 192 193 194 195 196 197
 198 199 200 201 202 203 204 205 206 207 208 209 210 211 212 213 214 215
 216 217 218 219 220 221 222 223 224]

Labels: [1 0 1 1 0 1 1 0 0 0 1 0 0 0 1 1 0 0 0 1 0 0 0 1 0 0 1 1 0 1 1 0 0 1 0 1 1
 1 1 0 0 0 0 0 1 1 1 0 1 1 0 0 1 1 0 1 1 0 1 1 1 0 1 0 1 1 1 1 0 0 0 1 0 0
 0 0 0 1 1 1 0 1 1 0 0 1 1 1 0 0 1 1 0 1 0 0 0 0 1 1 0 1 1 0 0 1 0 1]

Synthetic samples indexes: [  0   3  10  15  29  44  46  49  53  56  59  62  64  65  66  67  71  77
  78  79  81  82  86  90  91  99 101 102]

========== Cluster 3 ==========

Base classifier: LogisticRegression()

Minority Class: 1

Selected Features: [  0   1   2   3   4   5   6   7   8   9  10  11  12  13  14  15  16  17
  18  19  20  21  22  23  24  25  26  27  28  29  30  31  32  33  34  35
  36  37  38  39  40  41  42  43  44  45  46  47  48  49  50  51  52  53
  54  55  56  57  58  59  60  61  62  63  64  65  66  67  68  69  70  71
  72  73  74  75  76  77  78  79  80  81  82  83  84  85  86  87  88  89
  90  91  92  93  94  95  96  97  98  99 100 101 102 103 104 105 106 107
 108 109 110 111 112 113 114 115 116 117 118 119 120 121 122 123 124 125
 126 127 128 129 130 131 132 133 134 135 136 137 138 139 140 141 142 143
 144 145 146 147 148 149 150 151 152 153 154 155 156 157 158 159 160 161
 162 163 164 165 166 167 168 169 170 171 172 173 174 175 176 177 178 179
 180 181 182 183 184 185 186 187 188 189 190 191 192 193 194 195 196 197
 198 199 200 201 202 203 204 205 206 207 208 209 210 211 212 213 214 215
 216 217 218 219 220 221 222 223 224]

Labels: [0 0 1 1 0 0 1 1 0 0 1 1 1 1 1 0 1 1 0 0 1 1 0 1 1 1 0 1 0 0 0 0 1 1 1 1 0
 1 1 0 0 0 0 1 1 0 1 0 1 1 0 0 1 0 0 0 0 0 1 0 0 0 1 0 1 1 0 1 0 0 1 1 1 0
 0 1 0 0 0 0 0 1 1 1 0 0 1 0 1 1 0 0 0 1 1 1 1 1 0 1 1 0 1 0 1 0 1 0 1 1 1
 1 0 1 1 1 0 0 1 1 0 1 0 0 0 0 1 0 0 0]

Synthetic samples indexes: [  3   7  10  11  12  13  16  17  20  21  25  27  33  38  44  46  48  49
  58  64  65  70  71  72  88  89  93  94  96 100 104 106 108 109 111 115
 119 121 126]

========== Cluster 4 ==========

Base classifier: SVC(probability=True)

Minority Class: 1

Selected Features: [  0   1   2   3   4   5   6   7   8   9  10  11  12  13  14  15  16  17
  18  19  20  21  22  23  24  25  26  27  28  29  30  31  32  33  34  35
  36  37  38  39  40  41  42  43  44  45  46  47  48  49  50  51  52  53
  54  55  56  57  58  59  60  61  62  63  64  65  66  67  68  69  70  71
  72  73  74  75  76  77  78  79  80  81  82  83  84  85  86  87  88  89
  90  91  92  93  94  95  96  97  98  99 100 101 102 103 104 105 106 107
 108 109 110 111 112 113 114 115 116 117 118 119 120 121 122 123 124 125
 126 127 128 129 130 131 132 133 134 135 136 137 138 139 140 141 142 143
 144 145 146 147 148 149 150 151 152 153 154 155 156 157 158 159 160 161
 162 163 164 165 166 167 168 169 170 171 172 173 174 175 176 177 178 179
 180 181 182 183 184 185 186 187 188 189 190 191 192 193 194 195 196 197
 198 199 200 201 202 203 204 205 206 207 208 209 210 211 212 213 214 215
 216 217 218 219 220 221 222 223 224]

Labels: [0 1 0 0 1 1 0 0 1 1 1 1 1 0 0 0 1 1 0 0 1 0 0 1 1 1 0 0 0 0 0 1 1 1 0 0 1
 0 1 0 0 0 1 0 0 0 1 1 1 1 0 0 0 1 0 1 0 1 0 1 1 1 0 0 1 1 1 0 1 0 0 0 0 1
 1 0 1 1 0 1 0 0 0 0 1 1 0 0 0 1 1 1 0 1 0 1 1 1 1 0 0 0 0 1 0 0 0 1 0 1 1
 0 1 0 1 0 1 1 1 1 0 0 0 1 0 1 1 1 1 1]

Synthetic samples indexes: [  4   5   8  11  16  20  23  24  25  32  36  42  47  53  55  59  60  61
  64  65  68  79  85  89  96  98 107 109 112 116 117 118 119 123 125]

========== Cluster 5 ==========

Base classifier: LogisticRegression()

Minority Class: 1

Selected Features: [  0   1   2   3   4   5   6   7   8   9  10  11  12  13  14  15  16  17
  18  19  20  21  22  23  24  25  26  27  28  29  30  31  32  33  34  35
  36  37  38  39  40  41  42  43  44  45  46  47  48  49  50  51  52  53
  54  55  56  57  58  59  60  61  62  63  64  65  66  67  68  69  70  71
  72  73  74  75  76  77  78  79  80  81  82  83  84  85  86  87  88  89
  90  91  92  93  94  95  96  97  98  99 100 101 102 103 104 105 106 107
 108 109 110 111 112 113 114 115 116 117 118 119 120 121 122 123 124 125
 126 127 128 129 130 131 132 133 134 135 136 137 138 139 140 141 142 143
 144 145 146 147 148 149 150 151 152 153 154 155 156 157 158 159 160 161
 162 163 164 165 166 167 168 169 170 171 172 173 174 175 176 177 178 179
 180 181 182 183 184 185 186 187 188 189 190 191 192 193 194 195 196 197
 198 199 200 201 202 203 204 205 206 207 208 209 210 211 212 213 214 215
 216 217 218 219 220 221 222 223 224]

Labels: [1 0 1 0 0 0 1 0 0 0 1 1 0 1 1 1 0 1 0 0 1 0 1 1 1 1 0 0 1 0 0 1 1 0 1 1 0
 0 1 0 1 0 0 0 0 0 0 0 1 1 0 1 0 1 1 1 0 1 1 0 1 0 1 1 0 0 1 1 0 1 1 0 0 0
 1 0 1 1 1 1 0 1 1 1 0 0 1 0 0 0 0 1 0 0 0 1 1 0 1 1 0 0 1 1 0 1 1 1 0 1 1
 0 0 0 1 0 1 0]

Synthetic samples indexes: [  2   6  11  13  20  22  23  24  25  28  31  34  49  51  54  55  58  60
  70  74  76  78  79  83  86  98 107 109 110]

========== Cluster 6 ==========

Base classifier: SVC(probability=True)

Minority Class: 1

Selected Features: [  0   1   2   3   4   5   6   7   8   9  10  11  12  13  14  15  16  17
  18  19  20  21  22  23  24  25  26  27  28  29  30  31  32  33  34  35
  36  37  38  39  40  41  42  43  44  45  46  47  48  49  50  51  52  53
  54  55  56  57  58  59  60  61  62  63  64  65  66  67  68  69  70  71
  72  73  74  75  76  77  78  79  80  81  82  83  84  85  86  87  88  89
  90  91  92  93  94  95  96  97  98  99 100 101 102 103 104 105 106 107
 108 109 110 111 112 113 114 115 116 117 118 119 120 121 122 123 124 125
 126 127 128 129 130 131 132 133 134 135 136 137 138 139 140 141 142 143
 144 145 146 147 148 149 150 151 152 153 154 155 156 157 158 159 160 161
 162 163 164 165 166 167 168 169 170 171 172 173 174 175 176 177 178 179
 180 181 182 183 184 185 186 187 188 189 190 191 192 193 194 195 196 197
 198 199 200 201 202 203 204 205 206 207 208 209 210 211 212 213 214 215
 216 217 218 219 220 221 222 223 224]

Labels: [0 1 0 1 0 1 1 0 1 1 0 0 1 0 0 1 0 0 1 1 0 1 1 1 1 0 1 0 0 0 1 0 1 0 0 0 0
 1 0 0 1 1 0 1 1 1 1 1 1 1 0 1 0 0 0 0 0 0 0 1 0 1 1 0 1 0 1 0 0 1 1 0 0 0
 1 1 1 0 1 1 1 0 0 1 1 1 0 1 1 0 0 0 0 0 1 0 0 0 1 0 0 0 0 0 0 0 1 0 1 0 0
 0 1 1 1 1 1 1 1 1 1 0 0 1 1 0 1 1 0 0 1 1 1 0 1 1]

Synthetic samples indexes: [  1   5   6   8  12  15  19  22  23  24  26  30  43  44  45  46  59  61
  69  74  75  78  83  88  94  98 108 112 115 116 117 118 119 123 126 130
 131 132 134 135]

========== Cluster 7 ==========

Base classifier: SVC(probability=True)

Minority Class: 1

Selected Features: [  0   1   2   3   4   5   6   7   8   9  10  11  12  13  14  15  16  17
  18  19  20  21  22  23  24  25  26  27  28  29  30  31  32  33  34  35
  36  37  38  39  40  41  42  43  44  45  46  47  48  49  50  51  52  53
  54  55  56  57  58  59  60  61  62  63  64  65  66  67  68  69  70  71
  72  73  74  75  76  77  78  79  80  81  82  83  84  85  86  87  88  89
  90  91  92  93  94  95  96  97  98  99 100 101 102 103 104 105 106 107
 108 109 110 111 112 113 114 115 116 117 118 119 120 121 122 123 124 125
 126 127 128 129 130 131 132 133 134 135 136 137 138 139 140 141 142 143
 144 145 146 147 148 149 150 151 152 153 154 155 156 157 158 159 160 161
 162 163 164 165 166 167 168 169 170 171 172 173 174 175 176 177 178 179
 180 181 182 183 184 185 186 187 188 189 190 191 192 193 194 195 196 197
 198 199 200 201 202 203 204 205 206 207 208 209 210 211 212 213 214 215
 216 217 218 219 220 221 222 223 224]

Labels: [0 1 0 0 0 1 0 0 1 0 1 1 1 0 0 0 1 1 0 1 1 1 1 1 1 0 0 1 0 0 1 0 0 1 1 1 1
 1 1 0 1 1 0 0 0 0 1 0 1 0 0 0 0 1 0 0 1 1 0 0 1 1 1 1 1 1 0 1 0 1 1 0 1 0
 1 1 0 0 1 0 0 0 0 0 0 1 0 1 1 1 1 0 0 0 0 1 0 0 1 1 0 1 0 1 1 0 1 0 1 1 0
 0 1 0 0 0 0 0 1 1 1 0 0 0 1 1 1 0 1 1 0 1 1 0 1 0]

Synthetic samples indexes: [  1   8  12  16  17  19  20  23  30  33  34  35  40  41  53  57  60  61
  62  63  64  65  67  69  75  78  87  89  90  98  99 101 103 108 112 118
 119 125 131 134]

========== Cluster 8 ==========

Base classifier: SVC(probability=True)

Minority Class: 1

Selected Features: [  0   1   2   3   4   5   6   7   8   9  10  11  12  13  14  15  16  17
  18  19  20  21  22  23  24  25  26  27  28  29  30  31  32  33  34  35
  36  37  38  39  40  41  42  43  44  45  46  47  48  49  50  51  52  53
  54  55  56  57  58  59  60  61  62  63  64  65  66  67  68  69  70  71
  72  73  74  75  76  77  78  79  80  81  82  83  84  85  86  87  88  89
  90  91  92  93  94  95  96  97  98  99 100 101 102 103 104 105 106 107
 108 109 110 111 112 113 114 115 116 117 118 119 120 121 122 123 124 125
 126 127 128 129 130 131 132 133 134 135 136 137 138 139 140 141 142 143
 144 145 146 147 148 149 150 151 152 153 154 155 156 157 158 159 160 161
 162 163 164 165 166 167 168 169 170 171 172 173 174 175 176 177 178 179
 180 181 182 183 184 185 186 187 188 189 190 191 192 193 194 195 196 197
 198 199 200 201 202 203 204 205 206 207 208 209 210 211 212 213 214 215
 216 217 218 219 220 221 222 223 224]

Labels: [0 1 1 0 0 0 0 1 1 0 0 1 0 1 0 1 1 1 0 0 1 1 0 0 0 1 0 0 1 1 1 0 0 1 1 0 1
 0 0 0 0 0 0 1 0 1 1 1 0 0 1 1 0 0 1 0 0 0 1 0 1 1 1 1 1 1 1 1 0 1 0 1 1 1
 1 1 0 1 1 0 1 1 0 0 0 0 0 0 0 1 1 0 1 1 1 1 0 0 0 0 0 1 0 0 1 0 0 1 1 1 0
 1 1 0 1 0 0 0 1 1 0 1]

Synthetic samples indexes: [  1   2   7  17  20  21  30  33  47  50  58  60  62  65  66  67  69  73
  75  78  80  90  92  93 101 104 109 112 114 118]

========== Cluster 9 ==========

Base classifier: SVC(probability=True)

Minority Class: 1

Selected Features: [  0   1   2   3   4   5   6   7   8   9  10  11  12  13  14  15  16  17
  18  19  20  21  22  23  24  25  26  27  28  29  30  31  32  33  34  35
  36  37  38  39  40  41  42  43  44  45  46  47  48  49  50  51  52  53
  54  55  56  57  58  59  60  61  62  63  64  65  66  67  68  69  70  71
  72  73  74  75  76  77  78  79  80  81  82  83  84  85  86  87  88  89
  90  91  92  93  94  95  96  97  98  99 100 101 102 103 104 105 106 107
 108 109 110 111 112 113 114 115 116 117 118 119 120 121 122 123 124 125
 126 127 128 129 130 131 132 133 134 135 136 137 138 139 140 141 142 143
 144 145 146 147 148 149 150 151 152 153 154 155 156 157 158 159 160 161
 162 163 164 165 166 167 168 169 170 171 172 173 174 175 176 177 178 179
 180 181 182 183 184 185 186 187 188 189 190 191 192 193 194 195 196 197
 198 199 200 201 202 203 204 205 206 207 208 209 210 211 212 213 214 215
 216 217 218 219 220 221 222 223 224]

Labels: [0 0 1 0 1 0 0 0 0 1 1 0 1 0 0 0 0 0 1 0 0 1 1 1 0 0 1 0 1 0 0 0 1 0 0 1 0
 0 1 1 1 0 1 0 0 1 0 0 0 1 0 1 1 1 0 1 1 1 0 0 1 0 1 0 1 0 1 0 0 1 1 0 0 0
 0 1 0 1 1 1 1 1 0 0 1 1 0 1 1 1 0 1 1 0 1 1 1 0 0 0 0 0 1 1 0 0 1 1 1 0 1
 0 0 1 1 1 1 1 1 1 0 1 0 1 0 1]

Synthetic samples indexes: [  4  18  22  26  32  39  40  51  52  55  57  60  62  64  69  70  75  78
  80  88  89  91  92  95 103 106 110 114 115 117 121 125]

