Clustering algorithm selected: kmeans++
=====================================

Clustering evaluation metric: dbc
Clustering evaluation value: 0.4310208254289616

========== Cluster 0 ==========

Base classifier: SVC(probability=True)

Selected Features: [32 34 33 37  5 36 27  2 16  1  4 28 35  0 26 11 24 22 19 29  8  9 31 17
 21 18 23 25 30 20 10 14 13]

Labels: [1 1 0 1 0 0 1 0 0 1 0 0 0 0 0 0 0 0 0 1 0 0 0 1 1 0 1 1 0 1 1 1 0 0 0 0 1
 0 1 1 0 1 1 1 0 0 1 0 0 1 0 0 0 0 1 0 1 0 0 0 1 0 1 0 0 1 0 0 0 0 1 0 1 0
 0 0 0 0 0 1 1 0 0 0 1 0 0 1 0 0 1 0 1 0 1 1 0 1 0 0 1 0 0 1 0 1 0 1 1 0 1
 0 0 0 1 1 0 0 0 1 0 1 0 0 1 0 1 0 1 1 1 0 0 0 1 0 0 1 0 1 0 1 0 0 1 1 1 1
 1 1 1 1 1 1 1 1 0 0 0 0 0 0 0 0 0 0 0 0 0 0 0 0 1 1 1 0 0 1 0 0 1 0 0 1 1
 1 0 0 0 1 0 1 1 0 0 1 1 0 0 1 1 1 1 1 0 1 1 0 0 1 0 1 1 0 0 1 1 1 1 0 1 0
 1 0 1 0 0 1 1 0 1 1 1 0 1 1 1 0 0 1 1 0 1 0 1 0 0 1 1 0 1 1 1 1 0 1 0 0 1
 1 0 0 1 1 0 0 1 1 0 0 0 1 0 1 1 0 1 0 1 1 0 1 1 1 0 0 1 1 1 1 0 1 1 1 1 1
 1 1 1 1 1 1 1 1 1 1 1 1 1 1]

========== Cluster 1 ==========

Base classifier: RandomForestClassifier()

Selected Features: [32 14 37 34 33 31 23 35 17 36  2 29  3 20 16 25 15  0 26  6  4 27 19 18
 22 21 28 30 24 13  8  9 10]

Labels: [1 0 1 0 0 1 0 0 0 0 1 0 1 0 0 0 0 0 1 0 1 1 0 0 1 1 0 0 1 1 0 0 1 0 1 0 0
 1 0 1 1 0 1 1 1 1 0 0 1 1 1 1 1 1 0 0 0 1 1 1 1 1 1 1 1 1 0 0 0 1 1 1 0 1
 1 0 1 0 0 1 1 0 0 0 0 0 1 1 0 1 1 1 1 1 1 1 1 1 1 1 1 0 1 1 1 1 1 1 1 1 0
 0 0 0 0 0 1 1 0 0 1 1 1 0 0 0 1 1 0 0 1 1 0 1 0 0 0 1 0 0 1 0 1 0 0 0 0 0
 0 0 1 1 1 0 1 0 0 0 1 1 1 1 1 0 0 1 1 1 1 0 0 1 0 1 1 0 1 0 1 0 1 1 0 1 0
 0 0 0 0 0 0 0 0 0 0 0 0 0 0 0]

========== Cluster 2 ==========

Base classifier: RandomForestClassifier()

Selected Features: [32 33 34 37 20 31 36 16 11 35 10 23  4 28 26 17 29 30  2  9  0 25  8  3
  6 18 19 13  5  1 15 21]

Labels: [1 0 1 1 0 0 0 0 0 1 1 0 0 0 0 0 0 0 0 0 0 1 0 1 0 0 0 0 0 1 1 1 0 0 0 0 0
 0 1 0 0 0 0 0 0 1 0 0 1 1 0 0 0 0 0 0 1 1 0 1 0 0 0 1 0 0 0 0 0 0 0 0 1 0
 0 0 0 1 1 0 0 0 0 0 0 0 0 0 0 0 1 0 0 1 1 1 1 0 0 0 0 0 0 1 0 1 1 0 0 1 0
 0 0 0 1 0 0 1 0 0 0 0 0 0 1 0 0 0 0 0 1 1 1 0 0 0 1 0 0 0 1 0 0 1 1 1 1 1
 1 1 1 1 1 1 1 1 1 1 1 1 1 1 1 1 1 1 1 1 1 1 1 1 1 1 1 1 1 1 1 1 1 1 1 1 1
 1 1 1 1 1 1 1 1 1 1 1 1 1 1 1 1 1 1 1 1 1 1 1 1 1]

