Clustering algorithm selected: kmeans
=====================================

Clustering evaluation metric: dbc
Clustering evaluation value: 0.6513786804825331

========== Cluster 0 ==========

Base classifier: GaussianNB()

Minority Class: 1

Selected Features: [ 0  1  2  3  4  5  6  7  8  9 10 11 12 13 14 15 16 17 18 19 20 21 22 23
 24 25 26 27 28 29 30]

Labels: [1 1 1 1 1 1 1 1 1 1 1 1 1 1 1 1 1 1 1 1 1 1 1 1 1 1 1 1 1 1 1 1 1 1 1 1 1
 1 1 1 1 1 1 1 1 1 1 1 1 1 1 1 1 1 1 1 1 1 1 1 1 1 1 1 1 1 1 1 1 1 1 1 1 1
 1 1 1 1 1 1 1 1 1 1 1 1 1 1]

Synthetic samples indexes: []

========== Cluster 1 ==========

Base classifier: GaussianNB()

Minority Class: 1

Selected Features: [ 0  1  2  3  4  5  6  7  8  9 10 11 12 13 14 15 16 17 18 19 20 21 22 23
 24 25 26 27 28 29 30]

Labels: [1 1 1 1 1 1 1 1 1 1 1 1 1 1 1 1 1 1 1 1 1 1 1 1 1 1 1 1 1 1 1]

Synthetic samples indexes: []

========== Cluster 2 ==========

Base classifier: GaussianNB()

Minority Class: 1

Selected Features: [ 0  1  2  3  4  5  6  7  8  9 10 11 12 13 14 15 16 17 18 19 20 21 22 23
 24 25 26 27 28 29 30]

Labels: [1 0 0 0 0 0 1 0 1 1 1 0 1 1 0 1 0 1 1 1 1 1 1 0 1 0 1 0 1 0 1 0 1 0 1 0 0
 1 1 0 1 0 0 0 1 1 0 0 1 0 0 0 1 1 0 1 0 0 0 0 1 1 0 1 1 1 0 0 0 1 0 0 0 1
 1 0 1 1 1 1 1 1 1 1 0 0 1 1 0 1 0 0 0 1 0 0 1 0 0 0 0 1 0 1]

Synthetic samples indexes: [ 1  2  4  5  7 11 16 27 31 36 41 42 43 46 47 54 57 58 59 62 66 67 68 70
 71 72 84 90 91 95 97]

========== Cluster 3 ==========

Base classifier: GaussianNB()

Minority Class: 1

Selected Features: [ 0  1  2  3  4  5  6  7  8  9 10 11 12 13 14 15 16 17 18 19 20 21 22 23
 24 25 26 27 28 29 30]

Labels: [1 1 0 1 1 0 1 0 1 1 0 1 1 0 1 0 1 1 1 1 0 1 1 0 0 0 0 0 0 0 1 0 1 0 0 0 0
 1 1 0 0 0 0 0 1 1 1 1 0 1 1 1 0 0 1 0 0 1 1 0 0 0 0 0 1 1 1 1 0 0 0 1 0 0
 1 1 1 0 0 0 0 0 1 1 1 0 0 1 1 1 0 1 1 0 0 0 0 0 0 1 1 0 0 1 1 1 0 1 1 0 0
 0 1 1 1 1 0 0 1 1 1 0 1 1 1 0 1 0 0 1 0 1 1 0 0 0 0 1 1 0 1 1 0 1 0 1 1 0
 0 0 1 1 0 0 1 1 1 0 0 0 1 1 1 0 0 0 0 0 1 0 0 1 0 0 0 1 0 0 1 0 1 0 1 0 1
 1 1 1 0 0 1 0 0 0 1 0 0 1 0 0 0 1 0 1 1 0 0 1 1 0 1 0 0 0 1 1 1 1 1 0 1 1
 1 1 0 0 0 1 0 1 1 0 0 1 1 1 0 0 0 0 0 0 1 0 1 1 1 1 0 1 1 0 1 1 1 0 1 0 1
 1 0 1 1 0 1 0 0 0 1 1 1 0 0 0 0 1 1 0 1 0 1 1 0 0 0 1 0 1 1 1 0 1 0 0 1 0
 0 0 1 0 0 1 0 0 1 0 1 1 0 0 1 0 1 0 1 1 0 1 1 1 0 0 0 1 1 1 0 1 0 1 1 1 1
 1 1 0 0 1 1 0]

Synthetic samples indexes: [  0   1   3   4   6   8   9  12  14  17  18  19  21  30  32  37  38  44
  45  46  49  50  51  54  58  64  65  66  71  74  75  76  82  83  84  87
  88  89  91  92 104 105 107 108 112 113 114 115 118 119 120 122 124 126
 129 131 132 137 140 141 143 145 146 150 151 154 155 156 160 161 162 171
 175 178 180 184 185 186 187 190 194 197 201 203 204 207 208 210 214 215
 216 217 220 221 222 223 227 229 230 233 234 235 242 244 245 246 247 249
 250 252 253 254 256 259 261 262 264 268 269 270 276 278 280 281 285 289
 294 298 301 304 306 307 310 312 314 315 317 318 319 323 324 325 327 329
 331 332 333 334 337 338]

========== Cluster 4 ==========

Base classifier: GaussianNB()

Minority Class: 1

Selected Features: [ 0  1  2  3  4  5  6  7  8  9 10 11 12 13 14 15 16 17 18 19 20 21 22 23
 24 25 26 27 28 29 30]

Labels: [0 0 0 0 0 0 0 0 0 0 0 0 0 0 0 0 0 0 0 0 0 0 0 0 0 0 0 0 0 0 0 0 0 0 0 0 0
 0 0 0 0 0 0 0 0 0 0 0 0 0 0 0 0 0 0 0 0 0 0 0 0 0 0 0 0 0 0 0 0 0 0 0 0 0
 0 0 0 0 0 0 0 0 0 0 0 0 0 0 0 0 0 0 0 0 0 0 0 0 0 0 0 0 0 0 0 0 0 0 0 0 0
 0 0 0 0 0 0 0 0 0 0 0 0 0 0 0 0 0 0 0]

Synthetic samples indexes: []

