Clustering algorithm selected: kmeans
=====================================

Clustering evaluation metric: dbc
Clustering evaluation value: 0.6487881933326375

========== Cluster 0 ==========

Base classifier: GaussianNB()

Minority Class: 0

Selected Features: [ 0  1  2  3  4  5  6  7  8  9 10 11 12 13 14 15 16 17 18 19 20 21 22 23
 24 25 26 27 28 29 30]

Labels: [1 1 1 1 1 1 1 1 1 1 1 1 1 1 1 1 1 1 1 1 1 1 1 1 1 1 1 1 1 1 1 1 1 1 1 1 1
 1 1 1 1 1 1 1 1 1 1 1 1 1 1 1 1 1 1 1 1 1 1 1 1 1 1 1 1 1 1 1 1 1 1 1 1 1
 1 1 1 1 1 1 1 1 1 1]

Synthetic samples indexes: []

========== Cluster 1 ==========

Base classifier: GaussianNB()

Minority Class: 0

Selected Features: [ 0  1  2  3  4  5  6  7  8  9 10 11 12 13 14 15 16 17 18 19 20 21 22 23
 24 25 26 27 28 29 30]

Labels: [0 0 0 0 0 0 0 0 0 0 0 0 0 0 0 0 0 0 0 0 0 0 0 0 0 0 0 0 0 0 0 0 0 0 0 0 0
 0 0 0 0 0 0 0 0 0 0 0 0 0 0 0 0 0 0 0 0 0 0 0 0 0 0 0 0 0 0 0 0 0 0 0 0 0
 0 0 0 0 0 0 0 0 0 0 0 0 0 0 0 0 0 0 0 0 0 0 0 0 0 0 0 0 0 0 0 0 0 0 0 0 0
 0 0 0 0 0 0 0 0 0 0 0 0 0 0 0 0 0 0 0 0 0 0 0 0 0]

Synthetic samples indexes: []

========== Cluster 2 ==========

Base classifier: GaussianNB()

Minority Class: 0

Selected Features: [ 0  1  2  3  4  5  6  7  8  9 10 11 12 13 14 15 16 17 18 19 20 21 22 23
 24 25 26 27 28 29 30]

Labels: [1 0 0 1 1 1 1 1 1 1 1 0 1 1 1 1 1 1 1 0 0 0 1 1 0 1 0 1 1 0 1 0 0 0 0 1 0
 1 0 0 0 1 1 1 1 1 1 0 1 1 1 0 0 1 0 0 0 0 1 1 0 0 0 0 1 1 1 1 1 0 1 1 0 0
 0 0 1 0 1 0 0 1 0 0 0 0 1 0 1 1 0 1 0 0 1 0 0 0 1 1 1 1 0 0 1 0 1 0 0 0 1
 0 1 1 0 1 1 0 0 1 1 1 0 0 1 0 0 0 1 0 1 0 0 0 0 1 0 1 1 0 1 1 1 1 0 0 0 1
 1 1 0 1 1 0 1 0 0 0 1 0 1 0 1 0 0 0 1 0 1 0 0 1 1 1 0 1 1 1 1 1 0 0 1 0 0
 1 1 0 0 0 0 1 1 1 0 0 0 1 0 0 0 1 1 0 1 1 0 0 1 0 0 1 0 1 0 0 0 0 0 0 1 1
 0 0 1 1 0 0 0 0 1 0 1 0 1 0 0 0 0 0 1 1 1 1 0 0 0 0 1 1 1 1 1 1 1 1 1 0 0
 1 1 0 0 1 1 1 1 1 0 1 0 1 0 1 1 1 0 1 1 1 1 1 1 0 1 1 0 0 0 1 0 1 0 0 1 1
 0 1 0 0 1 0 0 0 0 0 0 0 1 0 0 0 0 1 0 0 1 1 0 1 1 0 0 1 1 1 0 1]

Synthetic samples indexes: [  0   3   4   5   6   7   9  10  12  13  14  15  16  17  18  22  23  25
  27  28  30  35  37  41  42  43  44  46  48  49  50  53  58  59  64  66
  67  68  70  71  78  81  89  91  94  98 100 104 106 110 112 113 116 119
 120 121 124 128 135 137 140 141 142 143 148 149 151 152 154 158 160 162
 166 168 171 172 173 175 177 178 179 182 185 186 191 192 193 197 201 202
 204 205 208 211 213 220 221 224 230 232 234 240 241 242 248 249 251 252
 253 254 255 256 259 260 263 264 265 266 267 269 271 273 274 275 277 278
 279 280 282 284 285 289 291 294 297 300 308 313 316 317 319 320 323 324
 327]

========== Cluster 3 ==========

Base classifier: GaussianNB()

Minority Class: 0

Selected Features: [ 0  1  2  3  4  5  6  7  8  9 10 11 12 13 14 15 16 17 18 19 20 21 22 23
 24 25 26 27 28 29 30]

Labels: [1 1 1 1 1 1 1 1 1 1 1 1 1 1 1 1 1 1 1 1 1 1 1 1 1 1 1 1 1 1 1 1 1]

Synthetic samples indexes: []

========== Cluster 4 ==========

Base classifier: GaussianNB()

Minority Class: 0

Selected Features: [ 0  1  2  3  4  5  6  7  8  9 10 11 12 13 14 15 16 17 18 19 20 21 22 23
 24 25 26 27 28 29 30]

Labels: [0 1 1 1 1 1 1 0 0 0 0 0 0 0 1 0 1 1 1 1 0 1 0 0 0 1 1 1 0 1 1 0 1 1 0 1 0
 1 0 0 1 1 1 0 1 0 1 1 0 0 0 1 1 0 0 1 1 1 1 1 0 0 0 1 0 0 0 0 1 1 0 0 0 1
 0 1 0 0 1 0 0 0 0 1 0 0 0 1 1 0 1 1 1 1 1 0 1 0 1 0 0 0 1 0 1 0 1 1 1 0]

Synthetic samples indexes: [  0   7   8   9  11  12  13  15  22  23  24  28  31  38  39  45  49  50
  60  61  67  70  71  74  77  79  80  81  85  97  99 101 103 105]

