Clustering algorithm selected: kmeans
=====================================

Clustering evaluation metric: dbc_ss
Clustering evaluation value: 0.2658850739689016

========== Cluster 0 ==========

Base classifier: SVC(probability=True)

Minority Class: 1

Selected Features: [214 216 215 224   3 221 217 145 146 136 156   0 143 166 208 141   8   4
 213  74 138   7 139   1 188   5  91 219   6 124 134 168 157 107 135 205
  56  47 132  51 174 144  50 122 210  16 142  72  28  32  67 137  90 113
  77  31 177 109 201 212 162 110 218  71 223  25 165  43 209 151  95  57
 204  19 130 178 154 140 194 180 159  79 220  53  69  27 197  83  45  20
  29 181 211 163  33 167 175 106 150  93 190 206 147 200 149 128  26  17
 171  36  30 191 101  37 160  73 103 195 115  38  59 117 189 192 118 202
 127   2  66  22  34 112 111 104  52  24 158  21 125  70  54  60 170  14]

Labels: [1 0 0 1 1 1 1 0 0 0 0 0 1 0 0 0 0 1 0 0 0 1 0 1 1 1 1 0 0 1 1 0 1 1 1 1 1
 1 1 1 0 0 0 0 1 1 1 0 0 1 0 1 0 0 0 0 1 0 0 0 1 1 0 1 0 0 0 1 1 0 0 0 0 1
 1 1 1 1 1 0 1 1 0 0 1 1 1 1 0 0 1 1 0 1 0 1 1 0 0 0 0 0 1 0 0 0 1 1 0 0 0
 1 1 1 0 1 1 1 0 0 1 1 0 0 0 0 0 0 0 1 0 0 0 0 1 1 0 1 1 0 0 1 1 0 1 1 0 0
 0 1 1 1 1 0 1 1 0 0 0 1 1 0 0 0 1 1 1 0 1 0 1 1 0 0 0 1 1 0 0 1 0 1 1 1 0
 0 0 1 1 0 0 0 0 1 1 1 1 0 1 1 1 1 1 1 1 0 0 0 0 0 0 0 0 0 0 1 0 1 1 0 1 0
 1 1 0 1 1 1 1 1 0 0 1 0 0 0 1 1 1 0 1 0 0 1 1 0 1 1 1 0 1 1 0 1 0 1 0 1 1
 0 1 1 0 0 0 0 0 1 1 1 0 0 1 1 1 0 0 0 0 1 0 1 0 0 0 0 0 0 0 0 1 1 0 0 1 0
 0 0 1 1 1 1 1 1 0 0 0 0 1 0 1 1 1 1 0 1 1 0 0 1 0 1 0 0 0 1 1 1 1 0 1 0 1
 1 0 0 0 1 1 1 1 1 1 1 0 0 1 1 0 1 0 0 1 1 1 0 1 1 1 1 0 1 1 0 0 1 1 1 1 1
 0 0 1 0 0 1 1 0 0 0 0 0 1 1 0 0 0 0 1 0 1 1 0 0 1 1 1 1 0 1 1 1 1 1 1 1 0
 0 1 0 0 0 1 0 1 0 0 1 0 0 1 1 1 1 1 1 1 1 0 0 1 0 0 0 0 1 0 0 1 1 1 0 1 0
 0 1 1 1 1 0 1 0 1 1 0 0 1 0 0 1 0 0 0 0 1 0 0 0 1 0 1 1 1 0 1 1 1 0 1 1 1
 1 0 0 0 0 0 0 0 0 1 0 0 0 1 0 1 1 0 0 1 0 0 0 1 1 1 0 0 0 0 1 1 1 0 0 0 0
 1 1 0 1 1 1 0 0 1 0 1 0 0 0 1 1 1 1 1 0 1 0 0 0]

Synthetic samples indexes: [  0   3  12  21  23  24  25  26  29  30  33  34  35  36  37  38  39  45
  46  51  56  60  63  67  68  73  74  77  78  80  84  85  86  87  90  91
  93  95 102 106 107 112 113 116 121 129 134 135 138 141 142 144 145 149
 154 160 164 165 166 171 175 176 179 181 188 193 194 198 199 200 202 203
 204 215 217 218 220 223 225 226 228 237 238 240 243 246 248 250 253 257
 258 260 267 268 269 274 279 281 290 291 298 299 300 302 303 308 310 311
 312 313 315 316 319 326 328 330 332 338 339 340 341 342 346 349 357 358
 359 361 362 365 367 368 376 383 391 396 397 399 400 401 402 403 404 412
 414 417 420 425 435 438 439 440 442 445 447 450 452 453 459 464 470 471
 472 475 476 494 496 500 504 505 511 519 521 522 523 526 528 532 533 534
 535 538]

========== Cluster 1 ==========

Base classifier: SVC(probability=True)

Minority Class: 1

Selected Features: [215 214 216   3 143  48   6   0 217  21  40  88 151 137 109 140  44 158
 219  27 153 116 135 224 125 221 141 220 202 213  94 181 133  77 134 136
   7  33  53  25 165 114  84  81 212 138 194 131 162 204 122 201 130 107
 149 164 127  32 108  74 129  79 146 171  86   5  11  75  59  43 170 211
 169 208 120  55  80 205 144 218 139 175  51  22  54   2  42 119 147  71
 150 145  10  58  38 155  92 180  52 154  19   1  47  34  82 188 159  15
 121  41  87 198 200  39  50  66  99 210  85  64 187  12 190 189  63  35
 172 101  14 176 152  68 103   8   4 132]

Labels: [0 0 1 1 0 1 1 1 1 1 1 0 1 1 1 0 1 1 0 1 1 1 0 0 0 1 0 0 1 0 1 0 1 0 0 1 1
 0 1 0 0 1 1 0 1 1 1 0 0 1 1 0 0 0 0 0 0 1 1 0 1 1 1 1 0 1 0 1 1 0 1 1 1 0
 0 1 1 0 0 1 0 0 0 0 1 0 0 1 0 1 0 0 0 0 0 1 0 0 0 1 0 1 0 0 1 1 0 1 0 0 1
 1 0 1 0 0 1 1 1 0 1 0 1 0 1 0 0 1 0 0 0 1 1 0 1 0 0 1 1 1 0 0 1 0 0 0 1 1
 0 0 1 1 1 1 0 1 1 0 0 1 1 0 1 1 1 1 0 1 0 1 1 1 1 0 0 1 1 1 0 1 0 1 1 1 0
 1 1 0 1 1 1 0 0 0 1 0 0 0 0 1 0 0 1 1 0 0 1 0 1 0 0 1 0 0 0 0 1 1 1 1 1 0
 0 0 0 1 1 1 0 0 1 0 0 1 1 0 1 0 0 1 0 1 1 1 1 0 0 0 0 0 1 1 0 1 0 1 0 0 0
 0 1 0 0 0 1 0 0 0 0 0 1 0 1 1 0 1 0 1 1 0 1 0 0 1 1 0 0 1 0 1 0 0 1 0 1 1
 1 0 0 0 0 0 1 0 1 1 1 0 0 0 0 0 0 0 1 1 0 1 1 0 0 1 0 1 0 0 0 0 0 1 0 0 1
 1 0 1 0 1 0 1 0 1 0 0 1 0 1 0 1 0 0 1 0 0 1 0 1 1 0 0 1 1 1 0 1 1 0 1 0 0
 0 0 0 0 0 1 0 1 0 0 1 1 0 1 1 1 0 1 1 0 1 0 1 0 0 0 0 0 0 1 1 1 1 0 0 0 1
 0 0 1 0 1 1 0 0 0 0 1 1 1 0 0 1 1 1 0 0 0 0 0 0 0 0 1 1 1 0 1 1 1 0 1 1 1
 0 1 1 0 1 1 0 1 0 1 0 0 1 0 0 0 1 0 1 1 0 1 1 1 1 1 1 0 1 1 1 1 1 1 0 1 1
 1 0 0 0 1 1 0 0 1 0 1 0 1 0 1 0 1 1 0 0 0 1 1 1 1 0 1 0 0 1 1 0 1 1 0 0 0
 1 1 0 1 0 0 1 1 1 0 1 1 0 1 0 1 1 1 1 1 0 1 0 1 0 0 1 0 1 0 0 0 1 1 1 1 0
 1 0 0 1 1 0 0 0 0 0 1 1 0 0 1 1 0 0 1 1 1 1 1 0 1 1 1 0 0 1 0 1 0 1 1 1 0
 1 1 0 1 0 1 1 0 0 0 1 1 0 1 0 0 1 1 1 1 0 0 1 0 1 1 1 0 1 0 0 0 1 0 1 0 1
 1 0 0 0 0 0 0 0 1 1 1 1 1 1 1 1 1 0 0 1 1 1 1 0 1 1 1 0 1 1 1 0 1 0 0 1 1
 0 0 1 1 1 0 0 0 0 0 1 0 0 0 0 0 0 1 0 1 1 0 0 0 1 0 0 0 1 1 0 1 0 0 1 0 1
 1 0 1 1 1 1 0 0 1 0 0 0 1 0 1]

Synthetic samples indexes: [  2   6   7   8   9  10  14  21  25  28  30  35  36  41  44  46  50  58
  61  62  63  65  70  71  76  84  89  95 105 110 113 116 118 122 127 131
 138 147 151 152 153 155 159 162 164 171 172 176 177 181 182 183 186 199
 203 216 220 226 230 234 236 242 244 250 253 255 264 270 272 278 280 284
 287 289 294 295 296 305 314 318 323 329 332 335 337 346 351 354 356 357
 362 364 377 381 383 384 387 390 399 401 409 412 417 423 433 434 435 442
 448 451 453 460 462 467 468 469 472 474 475 480 485 486 491 497 502 503
 505 507 511 513 514 519 526 536 541 544 550 551 553 569 573 574 576 581
 586 588 590 598 602 603 609 610 614 618 637 638 639 640 641 644 650 651
 653 655 657 659 664 668 695 697 700 703 705 707 708 711 715 717]

