Clustering algorithm selected: kmeans
=====================================

Clustering evaluation metric: silhouette
Clustering evaluation value: 0.0746460643798168

========== Cluster 0 ==========

Base classifier: SVC(probability=True)

Minority Class: 1

Selected Features: [  0   1   2   3   4   5   6   7   8   9  10  11  12  13  14  15  16  17
  18  19  20  21  22  23  24  25  26  27  28  29  30  31  32  33  34  35
  36  37  38  39  40  41  42  43  44  45  46  47  48  49  50  51  52  53
  54  55  56  57  58  59  60  61  62  63  64  65  66  67  68  69  70  71
  72  73  74  75  76  77  78  79  80  81  82  83  84  85  86  87  88  89
  90  91  92  93  94  95  96  97  98  99 100 101 102 103 104 105 106 107
 108 109 110 111 112 113 114 115 116 117 118 119 120 121 122 123 124 125
 126 127 128 129 130 131 132 133 134 135 136 137 138 139 140 141 142 143
 144 145 146 147 148 149 150 151 152 153 154 155 156 157 158 159 160 161
 162 163 164 165 166 167 168 169 170 171 172 173 174 175 176 177 178 179
 180 181 182 183 184 185 186 187 188 189 190 191 192 193 194 195 196 197
 198 199 200 201 202 203 204 205 206 207 208 209 210 211 212 213 214 215
 216 217 218 219 220 221 222 223 224]

Labels: [0 1 0 0 1 0 1 1 0 0 1 1 1 1 1 0 1 1 1 1 1 1 0 1 0 0 0 0 1 1 0 1 1 0 1 1 1
 1 1 1 0 0 1 0 1 1 0 0 0 0 1 1 1 0 1 0 1 1 0 1 0 0 0 0 0 1 0 0 0 0 1 1 0 1
 0 0 1 1 1 1 0 0 1 1 1 1 0 0 0 1 1 0 0 0 0 0 0 0 1 1 1 0 0 0 0 1 0 1 0 1 0
 0 1 0 0 0 0 1 0 0 1 0 0 1 1 1 0 1 1 1 0 1 0 0 0 0 0 1 0 0 0 0 0 0 0 1 0 0
 1 0 0 1 1 0 1 1 1 1 0 1 0 1 0 1 1 0 1 0 0 1 1 1 1 0 0 0 0 1 0 0 1 0 1 0 1
 0 0 0 1 1 0 0 0 1 0 1 0 0 1 1 0 0 1 1 1 1 0 0 1 0 0 1 1 0 0 1 1 0 0 0 1 0
 1 1 1 0 1 0 0 1 0 1 1 0 0 0 0 0 0 1 1 0 0 0 1 0 1 0 0 1 0 1 1 1 0 1 1 1 0
 1 1 0 1 0 1 1 1 1 1 1 0 1 1 1 0 0 1 1 1 1 1 0 1 0 0 1 0 0 1 0 1 0 1 0 0 0
 0 1 1 1 0 1 0 0 1 0 0 1 1 0 0 1 0 0 0 1 1 1 1 0 0 0 1 0 0 1 1 1 0 0 0 0 0
 0 1 0 0 0 1 0 1 0 1 0 1 1 0 0 0 1 0 1 0 1 0 1 0 1 1 0 1 0 1 0 0 1 0 0 1 0
 1 1 1 1 0 1 1 0 0 1 0 1 0 1 1 1 1 1 1 0 0 0 1 0 1 0 0 1 1 1 0 1 0 1 1 1 1
 0 1 1 0 1 0 1 1 1 1 1 1 0 0 1 0 1 1 1 0 1 1 0 1 1 0 1 0 0 0 1 1 1 0 0 0 0
 1 1 1 0 0 0 0 1 0 0 0 0 1 0 1 1 1 1 1 0 0 0 0 0 1 1 1 1 1 0 0 1 1 1 0 0 1
 1 1 1 1 0 0 0 1 1 1 0 1 0 0 1 1 1 0 1 1 1 0 1 0 1 1 0 1 0 0 0 0 0 1 0 0 0
 1 1 1 1 0 1 0 1 0 0 1 1 0 0 1 1 0 0 1 0 0 0 1 1 1 1 1 0 0 1 0 0 1 0 0 0 1
 0 0 0 1 1 0 1 1 1 0 1 0 0 0 0 0 0 0 0 1 0 1 0 0 1 0 1 0 1 0 1 0 1 1 1 1 1
 0 0 0 1 0 0 0 1 0 0 0 0 1 0 0 1 0 0 0 0 0 1 0 1 1 0 0 0 1 1 1 1 0 0 0 1 0
 0 0 1 0 1 0 1 0 1 1 0 1 1 1 1 1 0 0 0 0 1 1 1 1 0 1 0 1 0 1 1 1 1 1 0 0 1
 1 1 0 1 1 1 1 1 0 0 1 1 1 1 1 0 1 0 0 0 0 1 0 1 0 1 0 0 0 0 1 1 0 0 1 0 0
 1 0 1 1 0 1 1 0 1 1 0 1 1 1 0 1 1 0 1]

Synthetic samples indexes: [  1   4   7  10  14  16  17  18  19  21  28  31  37  38  39  51  52  54
  59  65  70  73  77  78  79  83  84  90 100 105 112 131 145 151 154 155
 156 157 161 163 164 166 169 171 193 195 198 199 211 215 224 226 229 246
 253 255 259 262 265 266 268 269 273 277 279 282 290 292 298 301 316 317
 318 327 334 338 340 344 345 349 355 357 358 360 370 371 372 373 375 376
 379 385 392 397 399 404 405 408 411 413 414 415 416 417 428 430 437 438
 439 444 445 446 451 456 458 460 470 475 477 480 482 489 490 495 497 499
 500 501 505 508 520 521 529 541 542 558 559 583 585 587 589 591 595 607
 613 615 620 627 631 635 638 640 649 650 654 656 658 659 662 665 666 667
 670 672 673 677 678 679 680 689 691 696 700 711 714 718 719]

========== Cluster 1 ==========

Base classifier: SVC(probability=True)

Minority Class: 1

Selected Features: [  0   1   2   3   4   5   6   7   8   9  10  11  12  13  14  15  16  17
  18  19  20  21  22  23  24  25  26  27  28  29  30  31  32  33  34  35
  36  37  38  39  40  41  42  43  44  45  46  47  48  49  50  51  52  53
  54  55  56  57  58  59  60  61  62  63  64  65  66  67  68  69  70  71
  72  73  74  75  76  77  78  79  80  81  82  83  84  85  86  87  88  89
  90  91  92  93  94  95  96  97  98  99 100 101 102 103 104 105 106 107
 108 109 110 111 112 113 114 115 116 117 118 119 120 121 122 123 124 125
 126 127 128 129 130 131 132 133 134 135 136 137 138 139 140 141 142 143
 144 145 146 147 148 149 150 151 152 153 154 155 156 157 158 159 160 161
 162 163 164 165 166 167 168 169 170 171 172 173 174 175 176 177 178 179
 180 181 182 183 184 185 186 187 188 189 190 191 192 193 194 195 196 197
 198 199 200 201 202 203 204 205 206 207 208 209 210 211 212 213 214 215
 216 217 218 219 220 221 222 223 224]

Labels: [1 1 0 0 1 0 1 0 0 1 0 0 1 0 1 0 1 1 1 1 0 0 0 0 0 0 0 1 1 1 0 1 1 0 0 1 0
 1 0 1 1 0 1 1 0 0 1 1 0 0 0 0 1 1 1 1 1 1 1 0 0 1 1 1 0 1 1 1 1 0 1 0 1 1
 1 1 0 1 0 1 0 0 0 1 1 1 0 1 0 0 1 1 1 1 1 1 1 0 1 1 1 0 1 0 0 1 1 0 1 0 0
 1 0 0 0 1 1 1 1 1 0 0 0 0 1 1 0 1 0 0 1 0 0 1 1 1 1 1 0 0 1 1 1 1 0 0 0 1
 1 0 1 0 0 0 1 0 0 0 1 0 0 1 1 0 0 1 1 0 1 0 0 0 1 1 0 0 0 0 0 1 1 1 1 1 1
 0 1 0 0 0 1 1 1 0 1 1 1 1 1 0 1 1 0 0 1 0 0 0 0 0 1 0 0 1 0 1 1 1 0 1 1 0
 1 1 1 0 1 0 0 1 1 0 0 1 1 1 0 1 0 1 1 0 0 0 1 1 0 1 0 1 0 1 0 1 0 1 0 0 0
 0 0 0 1 1 0 0 1 0 1 1 1 1 0 1 1 1 1 0 1 1 1 1 0 0 0 0 0 0 0 1 0 1 0 1 1 0
 0 0 1 0 1 0 1 1 1 0 0 1 0 1 0 0 0 0 0 0 0 1 1 0 0 1 1 0 1 0 0 0 0 1 0 0 1
 0 1 0 0 1 0 0 1 1 1 0 0 1 0 1 0 1 0 1 0 1 0 0 1 0 0 1 0 1 1 1 1 1 0 1 1 1
 0 0 1 1 1 1 1 0 0 0 0 0 1 1 0 0 1 1 1 1 1 0 1 0 1 1 0 0 0 0 0 1 1 1 0 1 0
 1 0 0 1 0 1 0 1 0 0 0 0 0 0 0 1 1 0 0 0 0 0 0 0 1 1 1 1 0 0 1 0 0 0 0 0 1
 1 0 1 0 0 1 0 0 0 0 1 0 0 1 1 0 0 0 0 1 1 0 0 1 0 1 0 0 0 0 0 0 1 0 1 0 1
 1 1 1 1 1 0 1 1 1 1 1 1 0 0 1 1 0 1 0 0 1 1 0 0 0 1 0 0 1 0 0 1 1 0 1 0 1
 1 1 0 1 0 0 0 1 0 1 0 1 0 1 1 1 1 0 1 1]

Synthetic samples indexes: [  0  12  17  19  27  29  31  32  35  39  40  42  43  46  52  53  55  56
  58  61  63  65  68  74  75  77  79  83  84  85  91  92  93  94  95  98
 100 105 108 115 117 118 125 127 130 133 134 135 136 137 141 143 147 150
 154 158 162 165 166 168 181 182 184 186 190 191 194 196 197 201 210 213
 215 217 220 224 226 229 230 234 235 237 239 245 247 249 253 255 262 263
 266 269 270 271 273 275 276 278 279 280 289 291 293 294 298 300 302 304
 317 318 321 322 324 329 337 340 341 342 347 349 359 361 363 365 367 368
 372 374 376 386 387 388 389 390 392 394 401 403 405 407 410 414 423 431
 432 433 437 446 449 454 464 469 476 478 480 481 482 483 484 485 487 489
 490 491 495 496 498 501 502 506 509 512 513 515 517 521 525 527 529 533
 534 536 537]

