Clustering algorithm selected: kmeans++
=====================================

Clustering evaluation metric: dbc
Clustering evaluation value: 0.320396572252105

========== Cluster 0 ==========

Base classifier: GaussianNB()

Minority Class: 0

Selected Features: [ 0  1  2  3  4  5  6  7  8  9 10 11 12]

Labels: [1 0 0 0 1 1 1 0 1 1 0 1 1 1 0 0 0 0 0 0 1 0 1 1 1 1 0 1 0 0 0 0 1 0 0 1 1
 0 0 1 1 1 0 0 0 0 0 1 0 1 1 1 0 1 1 1 1 0 0 1 0 0 0 1 0 0 1 1 1 1 1 1 1 0
 1 1 0 0 0 0 1 1 1 1 1 0 1 0 0 0 1 0 1 0 1 1 1 0 1 0 0 1 1 0 1 0 0 0 0 0 1
 1 1 0 0 1 0 0 1 1 0 1 0 0]

Synthetic samples indexes: [  0   4   5   6   8   9  11  12  13  20  22  23  24  25  27  32  35  39
  40  41  47  49  50  51  53  54  55  56  63  66  67  70  71  74  75  80
  81  82  83  84  90  94  98 101 102 110 111 112 115 119 121]

========== Cluster 1 ==========

Base classifier: GaussianNB()

Minority Class: 0

Selected Features: [ 0  1  2  3  4  5  6  7  8  9 10 11 12]

Labels: [0 1 0 0 0 0 0 0 1 1 0 0 1 1 1 1 1 1 0 1 1 1 1 0 0 1 1 0 0 0 0 1 0 1 1 0 1
 1 1 0 0 1 0 0 1 1 1 0 1 0 0 1 0 1 1 0 0 1 0 1 0 0 1 0 0 1 1 0 0 0 0 1 0 1
 1 1 0 1 1 0 1 0 0 1 0 0 1 0 1 0 1 0 0 0 1 1 1 0 1 0 0 1 1 1 0 1 0 1 1 0 1
 1 0 1 1 0 0 1 0 1 0 1 0 1 1 1 0 0 1 0 0 1 0 0 1 0 1 1 0 0 0 0 1 0 0 1 0 1
 1 1 1 1 1 0 1 1 1 0 1 0 0 1 0 0 1 1 0 0 1 1 0 1 0 0 1 0 1 1 0 0 0 0 0 0 1
 1 0 0 1 0 1 1 0 1]

Synthetic samples indexes: [  6  11  29  32  39  49  61  68  69  70  87  92  99 112 115 116 118 129
 130 143 157 162 182 186]

