Clustering algorithm selected: fcm
=====================================

Clustering evaluation metric: dbc
Clustering evaluation value: 0.14488947622551793

========== Cluster 0 ==========

Base classifier: SVC(probability=True)

Selected Features: [0 1 2 3 4 5 6 7]

Labels: [0 0 1 0 1 1 0 0 0 0 0 0 1 0 0 0 0 0 1 1 1 0 0 0 0 1 1 1 0 1 1 0 0 0 1 0 0
 0 1 0 0 1 0 1 0 0 0 0 1 0 1 1 0 0 1 0 1 0 0 0 1 0 0 0 0 0 0 0 0 1 0 1 1 0
 0 0 1 0 0 0 1 0 0 1 1 0 1 0 0 0 1 1 0 0 0 1 0 0 0 0 1 0 1 0 0 1 1 0 1 0 1
 1 0 0 1 1 1 0 0 0 0 0 1 0 1 0 1 0 0 0 1 0 0 0 0 0 0 1 1 1 0 1 0 0 0 0 1 0
 0 0 0 0 0 0 0 0 1 1 0 0 0 0 0 0 0 1 0 1 1 1 0 0 0 0 1 1 0 1 1 0 1 0 0 1 0
 1 0 1 1 0 0 1 0 0 0 1 1 0 1 0 0 0 1 0 0 0 0 1 1 1 1 1 0 0 0 1 1 0 0 0 0 0
 0 0 0 1 0 1 0 0 0 1 0 0 0 0 0 0 0 1 0 0 1 0 1 0 0 0 1 0 0 0 1 0 0 1 0 0 1
 0 1 0 0 0 1 0 0 1 1 0 0 0 0 0 0 0 0 0 0 0 0 0 1 0 1 0 0 0 0 0 1 0 1 1 0 1
 0 0 1 0 0 0 0 1 1 0 1 0 0 0 0 1 1 0 1 1 0 0 0 1 0 0 1 0 0 0 0 1 0 1 0 1 0
 0 0 1 0 0 1 0 0 1 1 0 1 0 0 1 0 1 0 0 1 0 0 1 1 1 0 0 1 0 0 0 0 1 1 0]

========== Cluster 1 ==========

Base classifier: GradientBoostingClassifier()

Selected Features: [0 1 2 3 4 5 6 7]

Labels: [0 1 0 0 1 0 0 1 0 1 1 0 1 0 0 0 1 0 0 0 0 1 0 0 1 0 1 1 0 1 1 0 0 0 0 0 1
 0 1 0 1 0 0 1 0 0 0 1 0 1 1 0 0 1 0 0 0 0 1 0 0 1 0 1 0 0 1 1 0 0 0 0 0 1
 0 0 0 0 0 0 0 0 0 0 0 0 1 0 0 0 0 0 0 0 0 1 0 0 0 1 0 1 0 0 0 0 1 0 0 0 1
 0 0 1 1 0 1 0 0 0 1 0 0 1 1 1 0 0 0 1 0 0 0 1 1 0 0 0 1 1 1 1 1 1 0 0 1 1
 0 1 0 0 0 1 0 0 0 1 0 0 1 0 1 0 0 0 0 1 1 0 0 1 1 0 0 1 1 1 0 0 0 1 1 0 0
 0 1 1 0 0 1 1 0 1 1 0 0 1 1 1 0 0 0 0 0 0 1 1 0 0 0 1 0 0 0 1 0 0 0 1 0 0
 0 0 0 0 0 0 0 1 0 0 1 1 0 0 1 1 1 0 1 1 1 0 0 0 0 0 0 0 0 1 0 0 0 0 1 0 0
 0 0 1 0 1 1 0 0 1 1 0 0 0 1 0 0 1 1 1 1 0 0 0 0 0 1 0 1 1 1 1 0 0 1 0 1 0
 0 0 0 0 0 0 1 1 0 0 0 1 1 0 0 0 0 0 0 0 1 1 1 0 1 0 0]

