Clustering algorithm selected: kmeans
=====================================

Clustering evaluation metric: silhouette
Clustering evaluation value: 0.21209567386218528

========== Cluster 0 ==========

Base classifier: SVC(probability=True)

Minority Class: 1

Selected Features: [11  2  9  8  3 10  7 12  4  1  5]

Labels: [1 0 0 1 0 0 1 0 1 0 1 0 1 1 0 0 0 1 1 0 1 0 0 0 0 1 0 0 0 0 0 0 0 0 1 1 1
 1 1 1 1 0 1 1 1 1 1 0 1 1 1 1 1 0 1 0 1 1 0 1 0 0 0 0 0 0 1 1 0 1 1 0 0 0
 0 0 1 0 0 1 0 1 0 1 0 0 1 1 0 0 0 0 1 0 0 0 1 1 0 0 0 1 1 1 1 1 1 1 0 1 0
 0 1 1 0 1 1 0 1 1 1 0 1 0 1 1 1 1 0 1 0 1 0 0 1 1 1 1 1 1 1 0 0 0 1 0 0 0
 1 1 0 0 0 0 0 0 1 1 0 1 1 0 1 0 1 0 0 0 0 0 0 1 1 1 1 1 0 1]

Synthetic samples indexes: [  5   7   9  14  15  19  21  22  23  27  28  29  31  32  33  41  53  55
  60  61  64  65  71  72  73  74  75  77  78  82  84  88  89  90  93  94
  98  99 100 110 111 114 121 123 128 132 145 146 150 151 152 153 155 158
 161 163 165 166 167 168 169 170 176]

========== Cluster 1 ==========

Base classifier: SVC(probability=True)

Minority Class: 1

Selected Features: [ 2 11  9  0  7 10  3  6  1  5 12]

Labels: [0 1 1 1 1 1 1 1 1 1 1 1 0 0 1 1 1 0 1 0 1 1 1 0 0 0 1 1 0 0 0 1 1 1 0 1 0
 1 1 0 1 1 1 0 0 0 0 0 1 1 0 0 1 0 0 0 0 0 1 0 0 1 0 0 1 0 1 1 0 0 0 0 1 0
 0 1 0 1 0 0 1 0 1 0 0 0 1 0 0 1 1 0 0 0 1 1 0 0 1 1 1 1 0 0 1 1 1 0 1 1 0
 1 1 0 1 1 0 1 0 0 0 0 1 0 1 0 0 1 1 1 0 1 1 0 1 0 0 0 1 0 1 0 1 1 1 1 0 0
 1 1 1 0 0 1 0 1 1 1 0 0 1 0 0 1 0 0 0 0 1 0 0 0 1 0 0 1 0 1 1 0 1 0 0 0 0
 1 0 0 1 0 0 1 1 0 1 0 1 0 1 0 0 0 1 1 1 1 1 0 0 1 0 1 1 1 0 1 1 1]

Synthetic samples indexes: [  1   2   3   4   5   6   7   8  11  14  15  16  18  21  22  26  27  31
  32  35  37  40  41  42  49  52  58  61  64  72  75  77  80  82  86  89
  90  94  95  98  99 100 101 104 105 106 109 112 114 115 117 122 124 127
 128 129 131 132 134 138 140 142 143 144 150 155 156 157 160 163 168 172
 175 177 178 180 185 188 191 192 196 202 203 205 206 209 211 212 213 216]

