Clustering algorithm selected: kmeans++
=====================================

Clustering evaluation metric: dbc
Clustering evaluation value: 0.42552256715144066

========== Cluster 0 ==========

Base classifier: RandomForestClassifier()

Selected Features: [24 21 23 28  8  3  4  1 22 25  7 14 27  2  5 15  6 20 26 29 11 19  0 16
 12]

Labels: [1 1 1 1 1 1 1 1 1 1 1 1 1 1 1 1 1 1 1 1 1 1 0 0 0 1 1 0 1 1 1 1 0 1 0 0 0
 0 1 1 0 1 1 1 1 1 1 1 1 1 1 0 1 1 1 0 1 0 1 0 0 1 1 1 1 0 1 0 0 0 0 0 1 1
 1 0 0 1 1 0 0 0 1 0 0 0 0 0 0 0 1 0 1 0 1 0 0 0 1 0 0 0 1 0 0 0 1 1 0 0 0
 0 1 0 0 0 0 1 1]

========== Cluster 1 ==========

Base classifier: DummyClassifier(strategy='most_frequent')

Selected Features: [30 29 28 27 26 25 24 23 22 21 20 19 18 17 16 15 14 13 12 11 10  9  8  7]

Labels: [1 1 1 1 1 1 1 1 1 1 1 1 1 1 1 1 1 1 1 1 1 1 1 1 1 1 1 1 1 1 1 1 1 1 1 1 1
 1 1 1 1 1 1 1 1 1 1 1 1 1 1 1 1 1 1 1 1 1 1 1 1 1 1 1 1 1 1 1 1 1 1 1 1 1
 1 1 1 1 1 1 1 1 1 1 1 1 1 1 1 1 1 1 1 1 1 1 1 1 1 1 1 1 1 1]

========== Cluster 2 ==========

Base classifier: SVC(probability=True)

Selected Features: [24  4 21  1 23  3 14  8 22  2 28 11 10 27  0  9 13 20 16  7  6 18 30]

Labels: [1 1 1 1 0 0 0 0 0 0 0 0 0 0 0 1 0 0 0 0 1 0 0 1 0 0 0 0 0 0 0 0 0 0 0 0 0
 0 0 0 0 0 0 0 0 1 0 0 0 0 0 0 0 0 0 0 0 0 0 1 0 0 0 1 0 0 0 0 0 0 0 0 0 0
 0 0 0 0 0 0 0 0 0 0 0 0 0 1 1 0 0 0 0 0 0 1 0 0 1 0 0 0 0 0 0 0 0 0 0 0 0
 0 1 0 0 0 0 0 0 0 0 0 0 0 0 0 0 0 0 0 0 0 0 0 0 0 0 0 0 0 0 0 0 0 0 0 0 0
 0 0 0 0 0 0 0 0 0 0 0 0 0 0 0 0 0 0 0 0 1 0 0 0 0 0 0 0 0 0 0 0 0 0 0 0 0
 0 0 0 0 1 0 0 0 0 0 0 0 0 0 0 0 0 0 0 0 0 0 0 0 0 0 0 0 0 0 0 0 0 0 0 0 0
 0 0 0 0 0 0 0 0 0 0 0 0 0 0 0 0 0 0 1 0 0 0 0 0 0 0 0 0 0 0 0 0 1 0 0 0 0
 0 0 0 0 0 0 0 0 0 0 0 0 0 0 0 0 0 0 0 0 0 0 0 0 0 0 0 0 0 0]

