Clustering algorithm selected: fcm
=====================================

Clustering evaluation metric: dbc
Clustering evaluation value: 0.49071788010560735

========== Cluster 0 ==========

Base classifier: GaussianNB()

Selected Features: [ 18  67  27 159 204 193 179 132 118   3  66 183  59 167 143 105  22 152
  48 112 161   7 208  85  24 128  56 146  45 212 163 104  11 223  75  52
  69  94 139 110 115 180  76 222 209 165 138 130 205  65 126  83 142 200
 106  23 210 168 194  39 162 181   1 157 113 120  44  32  16  71 101  30
 192 151  90  63 108  35 117 202  40  42 150  58  78 124  57 129 176  61
 197  77 160   8 199 195 198 131 135 134 133 140 141 137 136 153 154 155
 149 148 147 145 144 158]

Labels: [0 0 0 0 0 1 0 0 0 1 0 1 0 0 1 0 0 0 0 0 0 0 0 0 0 0 0 0 0 0 0 1 0 1 0 0 0
 0 0 0 0 0 0 0 1 0 1 0 0 0 0 1 0 0 1 0 0 1 1 0 1 0 0 0 0 0 0 1 1 0 0 0 0 0
 0 0 1 1 0 0 1 0 0 0 0 0 0 0 1 1 0 0 0 0 0 0 0 1 0]

========== Cluster 1 ==========

Base classifier: GaussianNB()

Selected Features: [145 113  87  35 214 201  13 128  72 169 111 222  32 120  31 114  75 170
   5 184 118  43 203  57  39  97  91 107  23 119 116  40  29 209   8 221
  51 161 131 168 138 125 124 155  21  92  96  27 156 148 175   3 212 211
  11 171 205  62 157 210  30  77 166 112 134 158   6 135 100 191  67 167
 127  19 204 136 180  79  93 101  54  86 207 179  45   9  63 162  28   2
  90 153  36  41 200  70 144 165 108 196 163 117  37  99 215 129 130 133
 132 140 150 146 147 154 152]

Labels: [0 1 1 1 0 0 1 0 0 0 0 0 0 0 1 1 1 1 0 0 0 1 1 1 0 1 0 0 0 1 0 0 0 0 0 0 0
 0 0 1 0 0 1 1 0 1 0 0 1 0 1 0 0 0 0 1 0 1 0 0 0 1 0 0 0 0 0 1 0 0 1 0 1 0
 1 0 0 1 0 1 1 0 0 0 0 0 0 0 1 1 0 0 0 0 0 1 1 1 1 0 0 1 1 1 0 1 0]

========== Cluster 2 ==========

Base classifier: GaussianNB()

Selected Features: [ 64 164  26   2 154  87  49  40  23 206 224 216  34  85 187  44 197  76
 214  91 193  38  31 169  80  57  54 103   0 165 121   1 220 186 148  84
  72  93  43 133  90  82  21 219 181 119  15 200 161 205  35 132 208 120
  50 125 178  55 158 129 101  19   6 114 115 117  59 145  51 147  98 149
 185  74 108 143 138   5 135  79  18 189  69  11  68  12 177 126  58 174
 122 105 144 172]

Labels: [0 0 1 0 0 1 0 0 0 1 0 0 1 1 0 0 1 1 1 0 1 1 0 0 0 1 1 0 1 0 0 1 1 1 0 0 0
 1 1 0 1 0 0 0 1 0 1 0 1 0 1 1 0 0 0 0 0 0 0 1 0 1 0 0 1 1 0 0 0 1 0 0 1 0
 0 1 0 1 1 0 0 0 0 0 0 1 0 0 0 0 0 0 0 1 0 1 0 0 0 0 1 1 0 0 0 1]

========== Cluster 3 ==========

Base classifier: GaussianNB()

Selected Features: [175   3  47  52 171 140 164 219  24 107  91  46  99 211  14  26 102 112
 145 108  56 224 104  34 214  11 161 156  67  73 193 114 141  78  57 201
 142 194  84 215 212   4 116 136 179 203 199  81  82  35  65 191  55 163
  76 186 218  50 123  93 148 180  28  86 183 153 188 109 170  64 158 176
 168 190  88  89  18 103 220  62 138 106 154 121  27  45  21   9 173 144
 131  90 217  41  23 134  29 128  49  95 167  19 133 124 169  16  39  38
 129]

Labels: [0 1 0 0 0 0 0 1 0 1 1 0 1 1 0 1 1 0 0 0 1 0 0 0 0 0 0 0 0 1 0 0 0 0 0 0 1
 0 0 1 0 0 1 0 1 0 1 0 0 0 1 0 0 0 1 0 1 0 0 0 0 1 1 0 1 0 1 0 0 1 0 0 0 0
 0 0 0 0 0 0 0 0 0 0 1 0 0 0 0 1]

========== Cluster 4 ==========

Base classifier: GaussianNB()

Selected Features: [  8  72 119  44 149   1 163 169 212  37 131 182  22 210  61 214  73 143
 124  96  26 198  80 148 133 216 114 220 215 202  17 199  36   3  31 118
 113 134 156  69 173 111  65 107  12 189  10  23 204 191 185 139 193 160
  19  47  33 104 165  25   5  29  77  39 151 186 157 197 171 136  92 213
  63 102  57 132 130  94  51 200  28 178  50  43 209 116  54 167 211 121
 168  87  60  98 141  58 147 179 126 219  97 128 129 138 159 152 153 154
 155 150 146 145 144 158 177 135 137 140 142 187]

Labels: [0 0 1 0 1 0 1 1 0 0 0 1 0 1 0 1 0 0 0 0 0 1 1 0 1 0 0 0 1 1 1 0 0 0 0 1 0
 1 0 0 0 1 1 1 1 0 0 0 0 0 1 0 0 0 0 0 0 1 0 0 0 1 0 0 0 0 0 0 0 1 1 0 0 0
 0 1 0 1 1 0 0 0 0 0 0 0 1 0 0 0 0 0 0 0 0 0 1 0 0 1 0 0 0]

========== Cluster 5 ==========

Base classifier: GaussianNB()

Selected Features: [  3  10  29  62 130 101 152   4  45 221 219  89 195 215 211  98 135 162
  25 214 108  13 121  40   6 145 182 142 106 184   9 192  32  38  55 159
 166 141 100  79 191 123  75   1  68 109  83 148   7   0  85 131  21  61
 146 224  57  73  92 169 118 161 210  14 147 189 114 202 173  24 133 115
 180  94 137 204 170 208  88  37 157 207 167  17 144 174 134 172  58 111
  49  76 183 193  96  31  74  36 140  43 132 128 129 138 150 153 154]

Labels: [0 0 0 0 0 1 0 0 0 0 0 0 1 0 1 0 1 0 0 0 0 0 0 0 1 0 0 1 1 0 0 1 0 0 0 0 0
 0 0 0 1 1 0 1 1 0 1 0 0 0 1 1 0 0 1 0 1 0 0 1 1 0 0 1 0 0 1 0 1 0 0 0 1 0
 1 0 0 0 0 1 1 0 1 0 0 0 0 0 0 1 1 1 0 0]

========== Cluster 6 ==========

Base classifier: GaussianNB()

Selected Features: [183 161 109  29 122 114 101 164 120 130 146  66  64 133  63  50   7 213
  18 178   8 157  90 208 203  83 200 171  52  23  48 170 179 162 214  67
  86  25 207   0  95 180 196 219 110 188  98  26 135 117  45 223 156 151
  36 116  60  69  73 142 104   9 136  28  15 218  20  44 221 139 129   5
 190 108  55 202   4  97 111 102  13  40 195   3 115 187  16 174  93 182
  72 166   1 125 123 118 194 128 131 134 132 140 141 138 137 143 153 149
 150 148 147 145 144 159 158 154 155]

Labels: [1 0 1 0 0 0 1 0 0 0 0 0 1 0 0 1 1 0 0 0 0 0 0 0 0 0 0 0 0 1 1 0 0 1 0 0 0
 0 1 1 1 0 0 1 0 0 0 1 0 0 0 0 0 0 1 0 0 0 1 0 1 0 1 0 1 0 1 0 1 0 0 1 0 0
 1 0 0 1 1 0 0 0 1 0 1 0 0]

========== Cluster 7 ==========

Base classifier: GaussianNB()

Selected Features: [ 80 161  12  86   1 120  43  33  57  68  27  97 143  55  32 100  35  81
 205 214  74  71   5 202 175 160   0 102  91 203 216 197 206 185  15 151
 220 201 156 138  17 207 106 223  40  13  53 224 212  92  64  60 133 137
 105  36  70 142 124 139  11  95 110 193 131 208  65  90  52 217 180   2
  72 190 181  38 111  77 211 121  96 163 154  51  47 148 168 109 147 204
 162  26]

Labels: [0 0 0 0 0 0 1 1 0 0 0 0 1 1 0 0 0 0 0 0 1 0 0 0 1 1 0 0 0 0 0 0 0 0 1 1 0
 0 0 0 1 0 0 0 0 0 0 1 0 1 0 1 0 0 0 0 0 0 0 0 1 1 1 1 0 0 0 1 0 1 0 0 0 0
 0 0 0 0 0 0 1 0 0 0 0 0 0 0 1 0 1 0 0 0 0 0 1 1 1 0 0 0 0 0 0 1 0 1 0 0 1
 1 0 0 1 0]

========== Cluster 8 ==========

Base classifier: GaussianNB()

Selected Features: [ 97  42 104 177 219 114 215  89 149 141  52 128  45 142 205   3 221  62
  69  68  66 148  90 144  96  36 100  87  33  10  29 164 140 162  73 112
 123 133  79   8  86 147 218 160 196 150  71  55 122 213 211  67   0  41
 174 181 210 143 207 107  28 195  19 121 152  24 151 206  27   1 110 118
 157 193  30 197 198 108  12 180  75  40 190 203  11 101 131 179 156 126
 169 137  81 155 125 209 109  18  91 188   4 172  88 165 153  80 113 115
 111  50  32]

Labels: [1 1 0 0 0 0 1 0 1 0 0 0 0 0 1 0 0 0 0 1 0 0 0 0 1 0 0 0 0 1 0 0 0 0 0 0 0
 0 0 1 0 1 1 0 0 0 1 1 1 1 0 1 0 1 1 0 0 0 0 0 0 0 0 0 0 1 0 0 0 0 0 0 0 0
 1 0 0 0 0 0 0 0 0 1 0 0 1 1 1 1 0 1 1 0 1 0 1 0]

