Clustering algorithm selected: fcm
=====================================

Clustering evaluation metric: dbc
Clustering evaluation value: 0.6500920817625401

========== Cluster 0 ==========

Base classifier: GaussianNB()

Selected Features: [128  68 181 189 104 113  10  93  77  53 103  69  52 220 146  38   3 106
  60 175  19  65 118 143 145 180  23  31  81  35 166 138 144 135 208 206
 179 133 223   8 124 164 132 194  88  21  71  89  78 207 204 148 167 215
 202  40  36  33  26 212   0 183 209   1  28 184 105 125 140  51 117  24
 156  58  39 214 216 190  32  61 109  11 122 168 141  63 162 199 217  83
  94  29  70  48  99 192 158  44 134 119  76  37   9  34   7  66  67]

Labels: [0 0 0 0 0 0 1 0 0 0 0 0 0 0 1 0 0 0 0 1 0 0 0 0 1 0 0 0 1 0 0 0 1 0 0 1 0
 0 1 1 0 0 0 0 0 0 0 0 0 1 1 0 0 0 0 1 0 0 0 0 0 1 0 0 0 0 1 1 0 0 0 0 0 0
 0 0 0 0 0 1 1 1 0 0 0 0 1 1 0 1 0 0 0 0 1 0 1 0 0 1 0 0 0 0 0 0 0 1 0 0 1
 0 1 0 0 0 1 0 0 0 0 0 1 0 0 0 0 0 0 0 0 0 0 0 0 1 0 0 0 0 1 0 0 0 0 0 0 1
 0 0 0 0 0 0 0 0 1 0 0 1 1 0 0 1 1 1 1 0 0 0 1 1 1 1 0 0 0 0 0 0 0 1 0 0 0
 1 0 0 0 0 0 0 0 0 0 0 0 0 0 1 0 1 0 0 0 0 0 0 0 0 0 0 0 0 0 1 1 0 0 0 1 1
 0 1 1 0 1 0 0 0 0 1 1 0 0 0 0 0 1 0 0 1 1 0 0 1 0 0 0 0 0 0 0 0 0 0 0 1 1
 0 1 0 0 1 0 0 0 0 0 1 0 0 0 1 0 0 0 0 0 0 0 0 0 0 0 0 0 0 0 0 0 1 0 0 0 0
 0 1 0 0 0 0 1 0 1 0 0 0 0 0 0 0 0 1 1 0 1 0 1 0 0 0 0 0 0 0 0 0 1 1 0 0 1
 1 1 0 0 0 1 0 0 1 1 0 0 0 0 0 0 0 0 0 0 1 0 0 0 0 0 0 0 0 0 0 0 0 0 0 1 0
 0 0 1 0 0 0 0 1 0 0 0 1 0 0 0 0 0 1 1 0 1 0 0 0 0 0 0 1 1 0 1 0 0 1 0 0 0
 0 0 0 0 0 0 1 0 0 0 0 0 0 0 0 0 0 1 0]

========== Cluster 1 ==========

Base classifier: GaussianNB()

Selected Features: [ 42  36 100 145  29 160 217   5 191 171   0   1 201  25 196  40 215 172
   2 143 114  56 150 165 112  28  12 208  85   3  58  59 149 101  68 192
 219 179  45  27  44  39 126 166 189  74 210 182  41 138  62  81 136 116
 187 137  84  13  79 130 214 120  34  83 148 146  89  53  43 173 128  93
  71 221  78  17  19 123 202  14 194  86  61  16  11 206  69  38  76 209
 119 188  91 199 105  92 193  23 108 158 205]

Labels: [1 0 0 0 0 0 0 0 0 1 0 1 1 1 1 0 0 0 0 0 0 0 1 1 1 0 1 0 0 1 0 0 1 0 0 0 0
 0 1 0 0 0 1 1 0 1 0 0 0 0 1 1 1 0 0 0 0 0 0 1 1 0 0 1 1 0 0 0 1 1 0 1 1 0
 0 0 1 0 0 1 0 1 0 0 1 1 0 0 0 0 0 1 1 0 1 0 0 0 0 0 0 0 0 0 0 1 0 0 1 1 0
 1 1 0 1 0 0 1 0 0 1 0 1 1 0 0 0 1 0 1 0 0 1 0 0 0 1 0 0 1 0 1 0 1 0 0 0 0
 0 0 0 0 1 0 0 0 1 0 0 1 1 1 0 0 1 1 0 0 0 0 0 1 0 0 0 0 0 1 0 1 0 0 0 0 1
 0 1 0 0 0 0 1 1 1 0 0 0 0 0 0 1 1 0 1 0 0 0 0 0 1 0 1 0 0 1 1 1 1 1 0 1 0
 1 0 1 1 1 0 0 0 1 1 1 0 0 0 1 0 0 1 0 1 1 1 0 1 0 0 0 1 0 1 1 0 0 0 1 0 1
 1 1 1 0 0 0 0 1 0 1 0 0 0 0 0 1 0 0 0 0 1 0 1 0 0 0 1 1 0 0 0 0 1 0 0 1 0
 0 0 0 1 0 0 0 1 0 1 1 0 1 1 0 1 1 1 0 0 0 0 0 1 0 0 0 0 0 1 0 0 1 0 0 1 0
 1 0 1 0 0 0 0 1 1 1 0 0 0 1 0 0 0 0 0 1 0 0 1 1 0 1 0 0 0 0 0 0 1 0 0 0 1
 1 1 0 0 0 1 0 0 1 0 0 1 0 0 0 0 0 0 1 0 1 0 0 1 0 0 0 1 1 0 0 0 0 0 0 1 1
 0 1 1 0 0 0 0 0 1 0 1 0 0 0 1 0 0 1 0 1 0 1 0 0 0 0 1 1 0 0 1 1 1 0 0 0 1
 0 1 0 1 0 1 1 0 1 0 1 1 0 0 1 1 0 1 0 1 1 1 0 1 0]

========== Cluster 2 ==========

Base classifier: GaussianNB()

Selected Features: [208 224 204 217  88  98  97  94  93  92  91  90  87 106  86  84  83  82
  80  79  78  77 101 110 109  74 135 134 132 131 130 129 128 126 125 121
 120 119 118 116 115 114 113  76  69  71  44  38  35  34  33  32  27  25
  24  22  19  18  16  15  12   7   3   1  39  45 137  47  68  67  66  65
  64  63  62  61  59  56  55  54  53  52  51  50  48 136   0 138 173 183
 139 181 179 177 175 174 172 161 171 170 169 168 167 165 164 184 185 187
 188 222 221 220 213 211 210 209 206 202 201 197 195 194 191 190 162 182
 142 157 145 144 150 151 143 152 153 154 155 156 147 141 159 160 207  26
   2  28  29  30  31 140  10 146  36  37 203 127  40  41  42 205   4  11
   5 219  13  14 218 216  17 215 214   9  20  21  43  23   8 133   6 212
  99  49 200  85 178 223 176 111  81 158 108 107 105  73 104  89 103 166
 102 163  95  96  75  72  46 192 199 198 100]

Labels: [1 0 0 0 0]

