Clustering algorithm selected: kmeans
=====================================

Clustering evaluation metric: dbc_ss
Clustering evaluation value: 0.31079148438681625

========== Cluster 0 ==========

Base classifier: GaussianNB()

Minority Class: 0

Selected Features: [ 0  1  2  3  4  5  6  7  8  9 10 11 12 13 14 15 16 17 18 19 20 21 22 23
 24 25 26 27 28 29 30 31 32 33 34 35 36 37]

Labels: [1 0 0 1 0 0 1 0 0 1 1 0 0 0 0 0 1 0 1 0 0 1 1 1 1 0 0 0 0 1 1 1 0 1 0 1 1
 0 1 1 0 1 1 1 0 1 1 0 1 1 0 0 1 0 1 0 0 0 1 1 0 1 0 0 1 1 1 1 0 0 0 1 1 1
 1 1 0 1 0 0 0 1 1 1 0 0 1 1 0 1 1 0 1 0 1 1 1 1 0 0 1 1 0 1 0 0 1 0 1 0 0
 1 1 0 1 0 0 0 1 1 1 1 1 0 1 1 1 0 0 1 1 0 1 1 0 1 0 1 1 0 1 1 0 0 0 0 0 0
 0 0 0 0 1 1 1 1 0 0 0 1 0 0 0 1 0 1 0 1 0 0 1 1 0 1 1 1 0 0 1 0 1 0 1 0 0
 0 0 1 0 0 1 1 1 0 1 1 1 0 1 1 0 1 0 1 0 1 1 1 1 0 0 0 0 0 0 0 0 0]

Synthetic samples indexes: [  9  10  16  22  24  29  30  31  33  35  38  41  42  43  45  58  59  61
  64  67  72  73  75  81  82  83  87  89  90  92  94  95  96  97 100 101
 103 112 118 120 121 122 125 133 138 140 153 154 155 159 163 165 170 171
 173 174 178 182 190 191 192 194 195 198 199 201 206 207]

========== Cluster 1 ==========

Base classifier: GaussianNB()

Minority Class: 0

Selected Features: [ 0  1  2  3  4  5  6  7  8  9 10 11 12 13 14 15 16 17 18 19 20 21 22 23
 24 25 26 27 28 29 30 31 32 33 34 35 36 37]

Labels: [0 0 0 1 1 1 1 0 1 0 0 0 1 1 1 0 0 1 1 1 0 0 1 0 1 0 0 1 0 0 1 0 0 1 1 1 0
 0 0 0 0 0 0 0 1 0 1 0 0 1 0 0 0 1 1 0 0 1 0 1 1 1 1 0 0 1 1 0 0 0 0 0 0 1
 1 0 0 0 0 1 0 1 0 1 0 1 1 1 1 0 1 1 0 1 1 1 1 0 0 1 1 0 0 1 1 1 1 0 1 1 1
 0 0 0 1 1 0 0 1 0 1 1 0 0 1 0 0 1 0 1 0 0 0 0 1 1 0 0 0 1 1 1 1 1 1 0 0 1
 1 1 1 0 1 1 0 1 0 0 0 1 0 0 0 1 0 0 1 0 1 1 1 0 0 0 0 1 0 1 1 0 1 0 0 1 0
 0 1 1 0 1 1 1 1 0 1 1 1 1 0 0 0 1 0 0 0 0 0 0 0 1 0 1 0 1 1 0 0 0 1 1 1 1
 1 0 0 1 1 1 0 1 1 1 0 1 0 0 0 0 0 1 0 0 0 1 0 1 0 1 0 1 1 0 0 1 0 1 0 1 1
 1 1 0 1 0 1 0 0 0 0 1 0 1 1 1 0 0 0 1 1 1 0 0 0 1 1 1 0 1 0 1 1 0 0 0 1 1
 0 0 1 0 1 0 1 1 0 1 1 0 1 0 0 0 0 1 1 0 1 1 1 0 1 1 0 1 0 0 1 1 0 1 0 1 1
 0 0 1 1 1 0 0 1 0 1 0 1 1 0 0 0 1 0 0 1 1 1 1 1 1 0 1 1 0 0 0 0 0 0 1 0 0
 1 0 1 0 1 0 1 0 0 1 0 1 0 1 1 1 0 0 0 1 0 1 1 0 0 1 1 0 0 0 0 0 0 1 0 0 1
 0 0 1 0 1 1 1 1 1 1 1 0 1 1 1 1 1 0 0 0 1 1 1 1 1 1 0 0 0 0 0 0 1 1 0 0 1
 1 1 0 1 1 1 0 0 0 1 0 1 1 1 1 0 1 1 1 0 0 0 1 1 0 0 1 1]

Synthetic samples indexes: [210]

