Clustering algorithm selected: kmeans++
=====================================

Clustering evaluation metric: dbc_ss
Clustering evaluation value: 0.26590585696557345

========== Cluster 0 ==========

Base classifier: GaussianNB()

Minority Class: 1

Selected Features: [  0   1   2   3   4   5   6   7   8   9  10  11  12  13  14  15  16  17
  18  19  20  21  22  23  24  25  26  27  28  29  30  31  32  33  34  35
  36  37  38  39  40  41  42  43  44  45  46  47  48  49  50  51  52  53
  54  55  56  57  58  59  60  61  62  63  64  65  66  67  68  69  70  71
  72  73  74  75  76  77  78  79  80  81  82  83  84  85  86  87  88  89
  90  91  92  93  94  95  96  97  98  99 100 101 102 103 104 105 106 107
 108 109 110 111 112 113 114 115 116 117 118 119 120 121 122 123 124 125
 126 127 128 129 130 131 132 133 134 135 136 137 138 139 140 141 142 143
 144 145 146 147 148 149 150 151 152 153 154 155 156 157 158 159 160 161
 162 163 164 165 166 167 168 169 170 171 172 173 174 175 176 177 178 179
 180 181 182 183 184 185 186 187 188 189 190 191 192 193 194 195 196 197
 198 199 200 201 202 203 204 205 206 207 208 209 210 211 212 213 214 215
 216 217 218 219 220 221 222 223 224]

Labels: [0 1 1 1 0 1 0 1 1 0 1 0 0 0 1 1 1 0 0 1 0 0 0 1 0 0 1 0 1 1 1 0 1 1 0 1 0
 0 0 0 0 0 1 1 1 1 0 1 1 1 1 1 0 0 1 0 0 0 0 0 1 1 1 0 1 1 0 0 1 1 0 1 1 1
 0 0 1 0 1 0 0 1 1 0 0 0 0 0 1 1 0 0 1 1 1 1 1 1 0 0 0 1 1 0 0 1 1 1 0 0 0
 1 1 1 1 1 1 0 1 1 0 0 1 1 1 0 0 0 1 1 1 1 0 0 0 1 1 1 1 0 1 1 0 1 1 1 1 0
 1 1 0 0 1 1 0 0 0 0 0 1 0 1 1 0 1 1 1 1 0 0 1 0 1 0 1 0 0 1 0 1 1 1 1 0 1
 0 0 0 1 0 1 1 1 0 1 0 1 1 1 1 1 0 0 1 0 1 1 0 1 0 1 0 0 1 1 0 1 0 1 0 0 0
 0 1 1 0 0 1 1 1 1 1 1 1 0 1 0 0 1 0 1 1 0 0 1 1 0 1 0 0 0 1 1 1 0 1 1 0 0
 0 0 0 1 1 1 1 1 0 0 0 0 1 1 0 0 1 1 1 0 0 1 1 1 1 0 0 0 1 1 0 1 1 0 0 1 0
 0 1 0 0 1 0 0 0 1 1 1 0 1 0 0 0 1 0 0 1 0 1 0 0 0 1 0 0 0 0 0 1 1 1 0 0 0
 1 0 1 1 0 0 1 1 0 1 1 0 1 1 0 0 0 0 0 1 0 0 0 0 0 1 1 0 1 1 1 1 0 0 1 0 1
 0 0 1 1 0 0 1 0 1 0 0 0 1 0 1 0 1 0 0 1 0 0 0 1 0 1 1 1 1 1 0 0 0 1 0 0 0
 1 1 1 1 0 0 1 0 0 0 1 1 1 1 1 0 1 1 0 1 0 1 1 1 0 1 1 0 1 1 1 0 0 1 1 0 0
 0 0 0 0 1 1 0 1 1 0 0 0 1 1 1 1 1 0 1 0 0 1 1 0 0 1 0 1 0 1 0 0 1 1 0 1 1
 0 1 0 1 0 0 1 0 1 1 1 0 1 1 0 0 0 0 1 0 0 0 0 0 0 1 0 0 1 0 0 1 1 0 1 0 1
 0 1 0 1 0 0 1 0 0 1 1 1 0 1 1 0 1 0 0 0 0 0 0 1 1 0 1 0 0 1 0 0 0 0 1 1 1
 0 0 1 0 1 0 0 0 0 1 0 1 1]

Synthetic samples indexes: [  1   5   7   8  15  26  28  30  33  35  42  43  47  50  51  60  61  62
  68  71  72  73  81  89  92  95  97 101 102 106 112 113 114 118 119 122
 123 124 128 129 130 131 135 137 140 143 144 145 146 148 149 152 161 164
 165 166 170 179 182 184 188 190 191 192 194 196 197 198 199 200 203 205
 208 213 214 216 223 224 227 228 229 230 231 233 235 238 241 244 245 247
 251 253 256 262 263 264 265 271 275 276 277 280 281 283 287 288 290 294
 297 300 304 305 306 312 317 321 327 333 335 336 340 342 343 345 352 361
 362 363 364 367 369 372 376 378 382 384 386 389 395 396 397 398 399 403
 407 408 409 417 419 423 424 426 428 429 432 433 441 448 449 451 452 458
 460 465 466 471 473 476 482 484 490 491 494 506 509 512 513 515 517 519
 521 524 528 529 532 534 547 552 553 554 557 564 566 567]

========== Cluster 1 ==========

Base classifier: GaussianNB()

Minority Class: 1

Selected Features: [  0   1   2   3   4   5   6   7   8   9  10  11  12  13  14  15  16  17
  18  19  20  21  22  23  24  25  26  27  28  29  30  31  32  33  34  35
  36  37  38  39  40  41  42  43  44  45  46  47  48  49  50  51  52  53
  54  55  56  57  58  59  60  61  62  63  64  65  66  67  68  69  70  71
  72  73  74  75  76  77  78  79  80  81  82  83  84  85  86  87  88  89
  90  91  92  93  94  95  96  97  98  99 100 101 102 103 104 105 106 107
 108 109 110 111 112 113 114 115 116 117 118 119 120 121 122 123 124 125
 126 127 128 129 130 131 132 133 134 135 136 137 138 139 140 141 142 143
 144 145 146 147 148 149 150 151 152 153 154 155 156 157 158 159 160 161
 162 163 164 165 166 167 168 169 170 171 172 173 174 175 176 177 178 179
 180 181 182 183 184 185 186 187 188 189 190 191 192 193 194 195 196 197
 198 199 200 201 202 203 204 205 206 207 208 209 210 211 212 213 214 215
 216 217 218 219 220 221 222 223 224]

Labels: [1 1 0 0 1 0 0 1 1 0 0 0 0 0 1 0 1 0 1 0 0 1 1 1 0 1 0 1 1 1 1 1 1 1 1 1 1
 0 0 1 0 0 1 1 1 0 0 0 1 0 0 1 0 0 1 1 1 0 1 1 0 1 1 1 0 1 0 0 1 1 0 1 0 0
 1 1 0 0 0 1 0 1 1 0 1 1 1 0 1 0 1 0 0 0 0 0 1 1 1 1 0 0 1 1 1 1 0 0 0 0 1
 1 1 1 1 1 0 1 1 1 1 0 0 1 0 1 0 1 0 0 0 0 0 0 0 0 0 0 1 0 0 0 1 0 0 1 1 0
 0 1 1 1 1 0 0 1 0 0 0 0 1 1 1 0 0 1 0 0 0 0 1 0 0 0 0 0 0 0 1 1 0 0 0 0 1
 1 0 1 1 0 0 1 1 0 0 0 1 0 0 0 0 0 0 0 0 0 0 0 1 0 1 1 0 1 0 0 1 1 0 0 1 1
 0 1 0 1 0 1 0 1 0 1 1 0 0 0 0 0 1 0 1 0 0 0 0 1 0 1 1 0 0 1 1 1 1 1 0 0 0
 0 1 0 1 0 1 0 0 0 0 0 1 1 0 0 0 0 0 0 1 1 1 0 0 1 0 1 1 1 0 1 0 0 0 0 1 0
 1 1 0 0 0 1 0 1 0 1 0 0 0 1 0 0 0 1 1 0 0 0 1 1 1 0 0 0 0 1 1 1 1 0 0 1 1
 1 0 0 0 1 1 0 1 0 0 1 0 1 0 1 1 1 1 0 0 1 0 1 0 0 1 1 1 1 1 1 1 0 0 0 1 0
 0 0 1 1 0 1 1 0 1 0 0 1 0 1 0 1 0 1 0 0 1 0 0 0 0 1 0 1 0 0 1 0 1 1 1 1 0
 1 1 1 1 0 0 1 1 0 0 0 1 0 0 0 1 1 1 0 0 0 1 0 1 1 0 1 0 1 0 1 1 0 1 0 1 0
 1 1 0 0 1 0 1 0 0 0 1 1 1 1 1 1 1 1 1 0 0 0 0 1 0 0 0 0 1 1 1 1 1 1 1 0 0
 1 1 1 1 0 0 0 1 1 1 0 1 0 1 1 0 0 1 1 1 1 1 1 0 1 1 0 1 1 1 1 0 1 0 0 0 0
 1 1 1 0 0 0 1 0 0 0 1 1 0 0 0 1 0 0 1 0 1 0 0 0 1 1 1 1 0 1 1 1 0 1 0 0 0
 1 0 1 1 0 0 1 1 1 1 1 0 1 0 0 0 0 1 1 0 0 0 1 0 1 0 1 1 0 1 0 0 0 1 1 1 1
 0 1 1 1 0 1 0 0 1 1 1 0 0 1 0 0 1 1 1 1 0 1 0 1 1 0 1 1 1 1 1 0 0 0 1 0 1
 1 1 1 1 0 1 1 1 1 0 1 0 1 1 0 1 0 1 0 1 0 1 0 0 1 0 1 1 1 0 0 0 1 1 0 0 1
 0 1 0 0 1 1 0 1 0 1 0 1 0 1 0 0 1 0 1 1 1 1 1 1 1 1]

Synthetic samples indexes: [ 14  18  21  28  30  31  32  34  35  43  48  51  55  56  65  69  71  74
  75  82  84  85  86 103 112 113 115 117 142 146 149 150 151 152 155 160
 161 165 170 187 192 196 208 211 213 217 220 221 223 225 231 232 238 240
 245 247 248 254 260 262 264 270 271 278 286 287 289 296 301 313 314 326
 327 328 333 337 345 347 348 355 360 362 368 372 375 378 381 385 395 400
 402 407 408 410 413 423 424 431 435 437 440 442 450 456 460 461 462 467
 472 473 478 484 489 490 492 494 498 500 502 503 510 511 518 520 528 533
 536 542 543 544 545 548 549 551 564 565 567 572 577 579 581 589 593 594
 600 601 605 609 611 628 629 630 631 632 635 641 642 644 646 648 650 655
 667 685 687 690]

