============== Classifiers Parameters ==============
[{'cost': 176.1834609500286, 'gamma': 768.2341005556024}, {'cost': 681.3887896003785, 'gamma': 807.0016990225924}, {'cost': 983.3333163771965, 'gamma': 0.23421929505825112}, {'cost': 20.517215589161108, 'gamma': 246.01938368560434}, {'cost': 646.5459930711319, 'gamma': 323.953678987069}, {'cost': 498.3211972839938, 'gamma': 215.19418745751048}, {'cost': 185.5855021621682, 'gamma': 9.918249926362503}, {'cost': 895.6395283950332, 'gamma': 912.1126649841142}]

Optimal clusterer: kmeans

External clustering metrics:
adjusted_rand_score: 0.37339322153951665
normalized_mutual_info_score: 0.2897128212490266
v_measure_score: 0.2897128212490266
fowlkes_mallows_score: 0.688114197934983

Internal clustering metrics:
silhouette: 0.2092185028463215
davies_bouldin: 1.8671571750903062
calinski_harabasz_score: 66.19672944878278

Base classifier: svm
========== Cluster 0 ==========

Labels: [0 0 0 0 1 0 0 0 0 1 0 0 0 0 0 0 0 0 0 0 1 0 0 0 0 0 0 0 0]

========== Cluster 1 ==========

Labels: [1 1 1 1 1 1 1 1 1 0 1 1 1 0 1 1 1 1 1 1 1 1 1 0 1 1 1 1 1 1 1 1 1 0 1 1 1]

========== Cluster 2 ==========

Labels: [0 1 1 0 0 1 0 0 0 0 0 0 0 0 1 0 0 0 0 0 0 0 1 1 0 0 0 1 0 0]

========== Cluster 3 ==========

Labels: [0 0 0 0 0 0 0 0 0 0 0 0 0 0 0 0 0 0 0 1 0 0 0 0 0 0 0 1 0 0 1 0 0 1 0 0 0
 0]

========== Cluster 4 ==========

Labels: [1 1 0 1 1 1 1 1 1 1 1 1 0 1 1 1 1 1 1 1 0 1 0 1 0]

========== Cluster 5 ==========

Labels: [0 1 1 1 0 1 1 0 1 1 1 1 1 0 1 1 1 1 1 1 1 1 1 1 1 1 1 0]

========== Cluster 6 ==========

Labels: [0 1 0 0 1 0 1 1 0 0 1 0 1 0 0 0 0 1 1 0 1 1 1 1 0 0]

========== Cluster 7 ==========

Labels: [0 0 0 1 0 0 0 0 0 1 0 0 1 1 0 0 0 0 0 0 0 0 0 0 0 1 0 1 0 0]

