============== Classifiers Parameters ==============
[{'cost': 481.2726421902798, 'gamma': 402.3725584461408}, {'cost': 591.3494640719339, 'gamma': 474.05188910296965}, {'cost': 29.15950797033645, 'gamma': 136.5405093655977}, {'cost': 163.68127898443439, 'gamma': 923.9397618169505}, {'cost': 683.5811289007975, 'gamma': 734.8902183273597}, {'cost': 766.9119391859491, 'gamma': 738.3180450907319}, {'cost': 300.24715117641955, 'gamma': 582.2724126438778}, {'cost': 551.8993873723653, 'gamma': 502.5555328786508}]

Optimal clusterer: kmeans

External clustering metrics:
adjusted_rand_score: 0.4474239513360539
normalized_mutual_info_score: 0.3589976536003472
v_measure_score: 0.35899765360034724
fowlkes_mallows_score: 0.7325020064584924

Internal clustering metrics:
silhouette: 0.17338365769916905
davies_bouldin: 2.1026904210397923
calinski_harabasz_score: 49.062750896372464

Base classifier: svm
========== Cluster 0 ==========

Labels: [0 0 0 0 1 0 0 0 0 0 0 0 0 0 0 0 0 0 0 1 0 1 0 0 0 0 0 0 0 0 0 0 0 0 0 0 0
 0 0 0 0 0 1 0 0 0 0 0 0 0 0 0 0 0 0 0]

========== Cluster 1 ==========

Labels: [1 1 0 1 0 1 0 1 1 0 1 1 1 1 0 1 0 0 0 1 1 1 1 0 1 0 1 0 0 1 1]

========== Cluster 2 ==========

Labels: [1 1 0 1 1 1 0 1 0 1 0 1 1 0 1 1 0 1 1 0 0]

========== Cluster 3 ==========

Labels: [1 1 1 1 0 1 1 1 1 1 1 1 1 0 1 1 1 1 1 1 1 0 1 1 1 1 1 1 1 1]

========== Cluster 4 ==========

Labels: [0 1 0 0 0 1 0 0 0 0 0 1 1 1 0 0 0 0 1 1 1 1 0 1 0]

========== Cluster 5 ==========

Labels: [1 1 1 1 0 1 0 1 1 1 1 1 1 1 1 1 1 1 1 1 1 1 1 1 1 1 1 0 1 1 1]

========== Cluster 6 ==========

Labels: [0 0 0 0 0 0 1 0 0 0 0 0 0 0 0 0 0 0 0 0 0 0 0 0 1 0 1 0 0 0 1 0 0 0]

========== Cluster 7 ==========

Labels: [0 0 1 0 1 0 0 0 0 0 0 0 0 1 0]

