============== Classifiers Parameters ==============
[{'cost': 685.1167827086234, 'gamma': 971.590772452739}, {'cost': 439.4029689585068, 'gamma': 676.0566609782596}, {'cost': 95.32227406251343, 'gamma': 277.89919184864607}, {'cost': 318.46875807284925, 'gamma': 770.9241713203769}, {'cost': 743.5895094664577, 'gamma': 468.00698280963206}, {'cost': 843.0606709580353, 'gamma': 948.5924407484915}, {'cost': 915.2185574879634, 'gamma': 971.1173635562735}, {'cost': 160.15893465020852, 'gamma': 845.7515215893659}, {'cost': 548.9760399304316, 'gamma': 347.13043508669796}, {'cost': 747.6761833241957, 'gamma': 733.1203185692287}]

Optimal clusterer: kmeans

External clustering metrics:
adjusted_rand_score: 0.4813303864171911
normalized_mutual_info_score: 0.3892529325883505
v_measure_score: 0.38925293258835053
fowlkes_mallows_score: 0.7484114857149343

Internal clustering metrics:
silhouette: 0.1650894970645151
davies_bouldin: 2.176417076324611
calinski_harabasz_score: 45.98562851440916

Base classifier: svm
========== Cluster 0 ==========

Labels: [0 0 0 0 0 0 0 0 1 0 1 1 1 0 0 1 0]

========== Cluster 1 ==========

Labels: [1 1 1 1 1 1 1 1 1 1 1 1 1]

========== Cluster 2 ==========

Labels: [1 1 1 0 1 0 1 1 1 1 1 1 1 1 1 1 1]

========== Cluster 3 ==========

Labels: [1 1 1 1 1 1 1 0 1 1 1 1 1 1 0 1 1 1 1 1 1 1 1 0 1 1 1 1 1 1 1 1 1]

========== Cluster 4 ==========

Labels: [1 0 0 0 0 0 1 1 0 0 0 0 1 0 0 0 1 1 1 0 0 1 0 0 0]

========== Cluster 5 ==========

Labels: [0 0 0 0 0 0 0 0 1 0 0 1 0 0 0 0 0 0 0 0 0 0 0 0 0 0 1 0 0 1 1 0]

========== Cluster 6 ==========

Labels: [0 0 1 1 0 1 0 0 1 1 0 1 1 0 0 0 0 0 1 0 0]

========== Cluster 7 ==========

Labels: [0 0 0 0 0 0 0 0 0 0 0 0 0 0 0 1 0 0 0 0 0 0 0 0 0 0 0 0 0 0 0 0 0 0]

========== Cluster 8 ==========

Labels: [0 0 0 1 1 0 0 0 1 0 0 0 0 0 0 0 0 1 0 0 0 0]

========== Cluster 9 ==========

Labels: [1 1 0 1 0 1 1 1 1 0 1 1 1 0 1 1 0 1 0 0 0 1 1 1 0 1 1 0 1]

