Clustering algorithm selected: spectral
=====================================

Clustering evaluation metric: ext
Clustering evaluation value: 0.3352177285827394

========== Cluster 0 ==========

Base classifier: LogisticRegression()

Minority Class: 1

Selected Features: [0 1]

Labels: [0 2 0 0 0 1 0 0 0 2 0 0 0 0 0 0 0 0 0 0 0 1 0 0 1 1 0 0 0 1 0 2 0 2 1 0 0
 2 0 2 2 0 0 0 1 0 0 2 0 0 0 0 0 1 2 2 0 0 0 0 0 2 1 2 2 0 2 0 0 0 0 0 0 0
 0 0 0 2 0 0 2 0 0 0 0 1 1 0 0 0 1 0 0 0 0 0 0 0 0 0 0 0 0 0 0 2 0 0 0 2 0
 2 1 0 0 0 0 0 0 2 0 0 0 0 0 2 0 0 1 2 0 0 0 0 0 0 0 0 0 0 0 0 0 1 0 0 0 2
 0 1 0 0 0 0 0 0 0 0 2 0 0 0 2 1 0 0 2 1 0 0 2 0 2 0 0 0 0 1 0 1 0 2 0 2 1
 0 0 1 1 0 0 0 1 0 0 0 0 2 0 1 0 0 0 2 0 1 0 0 0 2 0 0 0 0 0 0 2 0 1 0 0 0
 1 0 0 0 1 0 0 2 0 0 0 1 0 0 0 1 0 0 0 0 2 0 0 2 0]

========== Cluster 1 ==========

Base classifier: RandomForestClassifier()

Minority Class: 2

Selected Features: [0 1]

Labels: [0 1 0 2 1 0 1 1 1 2 1 1 2 1 1 2 1 1 1 1 1 1 1 1 2 1 1 1 1 0 1 1 1 2 1 1 1
 2 1 1 0 2 1 0 1 1 0 0 0 2 1 2 1 1 1 0 1 0 1 1 1 0 0 1 1 1 1 1 0 0 1 1 1 0
 1 1 2 1 2 1 1 1 1 1 1 2 1 1 0 0 1 1 2 1 1 0 0 0 2 1 2 1 1 1 1 1 1 1 1 1 1
 1 1 1 1 0 0 1 1 1 1 1 1 1 1 1 1 1 1 0 1 0 1 0 1 0 0 1 1 0 0 0 0 1 1 0 0 0
 1 1 2 1 1 1 1 1 1 1 1 1 0 1 0 1 1 1 1 2 0 1 1 1 1 0 2 2 0 1 0 1 1 1 2 2 0
 1 1 0 0 2 1 1 0 2 1 1 2 2 0 2 0 0 1 1 1 1 1 1 0 0 1 1 0 2 1 1 0 1 0 1 2 1
 2 1 1 0 0 1 2 1 1 0 2 1 1 1 1 1 0 2 2 0 1 1 1 2 1 1 0 1 1 1 1 0 1 1 1 1 1
 2 0 1 1 1 2 1 1 0 2 1 1 1 1 0 1 1 1 1 1 1 2 1 0 1 0 1 1 1 1 0 1 0 1 1]

========== Cluster 2 ==========

Base classifier: GradientBoostingClassifier()

Minority Class: 0

Selected Features: [0 1]

Labels: [0 2 0 2 1 1 2 2 2 2 1 2 2 2 1 1 0 2 0 2 1 2 2 2 1 2 2 1 2 0 2 1 2 2 2 2 1
 2 0 2 1 2 2 2 2 2 2 1 2 1 2 1 0 2 2 0 1 1 2 2 2 1 1 2 2 0 2 2 2 2 2 2 2 2
 2 2 2 2 2 2 2 2 2 2 2 1 1 1 1 1 1 0 1 1 2 1 1 2 2 2 1 1 1 2 2 0 0 2 2 2 2
 2 2 2 2 2 2 2 2 2 0 2 2 2 2 2 2 2 2 2 2 2 2 2 2 1 2 0 2 2 2 2 2 0 2 2 2 1
 2 2 2 2 1 2 1 2 2 2 2 2 2 2 2 2 2 2 2 2 1 2 2 2 2 2 1 0 2 0 2 2 2 2 2 2 2
 2 2 2 2 2 2 2 2 2 2 2 2 2 2 2 2 2 2 2 2 2 2 2 0 1 1 2 2 2 2 1 2 1 2 2 2 2
 2 2 1 0 2 1 2 0 2 2 2 2 2 2 2 2 2 1 0 1 1 2 2 2 2 2 2 2 0 2 2 2 1 1 2 2 0
 1 2 2 2 2 2 1 1 2 0]

