Clustering algorithm selected: kmeans++
=====================================

Clustering evaluation metric: dbc_ss
Clustering evaluation value: 0.4487855706112278

========== Cluster 0 ==========

Base classifier: DummyClassifier(strategy='most_frequent')

Minority Class: 0

Selected Features: [30 29 28 27 26 25 24 23 22 21 20 19 18 17 16 15 14 13 12 11 10  9  8  7]

Labels: [1 1 1 1 1 1 1 1 1 1 1 1 1 1 1 1 1 1 1 1 1 1 1 1 1 1 1 1 1 1 1 1 1 1 1 1 1
 1 1 1 1 1 1 1 1 1 1 1 1 1 1 1 1 1 1 1 1 1 1 1 1 1 1 1 1 1 1 1 1 1 1 1 1 1
 1 1 1 1 1 1 1 1 1 1 1]

Synthetic samples indexes: []

========== Cluster 1 ==========

Base classifier: SVC(probability=True)

Minority Class: 0

Selected Features: [21 24 23  4  3  1  0 14  8 22 28  2 16 20 27  9  7 26 19 17 11  5 18  6]

Labels: [0 0 0 0 0 0 0 1 1 0 1 0 1 0 0 1 1 1 1 0 0 1 0 0 0 1 1 0 1 1 0 0 1 0 1 1 1
 0 0 1 1 0 0 0 0 0 0 0 1 0 1 1 0 1 1 1 0 1 1 1 0 1 0 0 1 1 0 0 1 0 1 0 1 1
 1 0 0 1 1 0 0 0 1 1 1 0 1 1 0 1 1 0 1 1 0 0 1 1 1 0 0 0 0 0 1 0 0 0 1 1 0
 1 0 0 1 1 0 1 1 0 1 1 1 0 1 0 0 1 1 1 0 1 0 0 0 1 1 0 1 0 0 1 0 1 0 1 0 1
 0 1 0 0 0 0 1 1 1 1 0 1 0 1 0 1 0 1 1 0 1 0 1 0 0 1 0 0 0 0 1 1 0 0 1 0 0
 0 1 0 1 0 1 0 0 1 0 1 0 0 0 0 0 0 1 0 1 0 1 1 0 1 0 1 0 1 0 0 0 1 1 1 0 0
 1 1 0 0 0 1 1 0 1 0 0 0 1 0 1 0 1 0 1 1 0 0 1 0 1 1 0 1 1 0 0 1 0 1 0 0 0
 0 1 0 1 0 0 0 0 1 0 1 1 0 1 1 0 0 1 1 0 1 1 1 1 1 0 1 1 1 0 1 1 0 1 0 1 0
 1 1 1 1 0 1 1 1 0 1 1 0 0 0 1 1 1 0 1 1 1 1 1 0 1 1 1 1 0 1 1 1 1 1 0 1 1
 1 0 1 0 1 0 0 1 1 1 1 1 1 1 1 0 0 1 0 1 1 0 0 1 1 1 1 0 1 1 0 0 1 1 0 1 0
 1 0 0 0 0 1 1 1 0 0 0 1 1 0 0 1 1 0 0 0 0 1 1 0 1 1 0 0 1 0 0 1 1 0 0 1 0
 0 1 0 1 0 1 1 0 1 1 1 0 0 1 0 0 0 1 0 0 0 1 0 1 1 0 0 0 0 0 1 1 0 1 0 1 1
 1 1 1 0 0 0 1 1 0 1 0 1 1 1 1 0 0 1 1 1 1 0 0 0 0 0 1 1 0 0 0 1 0 0 0 1 1
 0 0 0 0 0 1 1 1 0 1 0 0 1 1 0 1 1 0 1 0 1 1 1 0 1 0 0 0 0 0 1 1 1 1 0 0 1
 0 1 0 0 1 0 0 1 1 0 1 0 0 1 0 0 1 1 1 1 1 1 0 0 1 1 0 0 1 0 0 1 1 1 0 0 1
 0 0 0 0 0 1 1 0 0 0 0 0 1 0 1 1 1 0 0 1 0 0 0 0 0 1 0 0 1 0 1 1 0 0 1 1 1
 0 1]

Synthetic samples indexes: [  7   8  10  12  15  16  17  18  21  25  26  28  29  32  34  35  36  39
  40  48  50  51  53  54  55  57  58  61  64  65  68  70  72  73  74  77
  78  82  84  86  87  89  90  92  93  96  97  98 104 108 111 114 117 118
 120 121 122 124 127 128 129 135 136 138 141 143 145 149 154 155 156 157
 159 161 163 165 166 168 173 178 179 182 186 188 190 193 195 202 204 206
 207 209 211 213 217 218 219 222 223 228 230 234 236 238 240 241 244 246
 247 249 250 253 255 260 262 267 269 270 272 273 276 277 279 280 281 282
 283 285 286 287 289 290 292 294 296 297 298 299 301 302 303 305 306 310
 311 312 314 315 316 317 318 320 322 323 325 326 327 328 329 331 332 333
 335 337 341 342 343 344 345 346 347 350 352 353 357 358 359 361 362 365
 366 368 370 376 377 381 382 385 386 391 394 395 398 401 402 405 408 410
 412 415 416 417 420 424 428 430 431 437 438 440 443 444 445 446 450 451
 453 455 456 457 461 462 463 464 470 471 479 480 486 487 488 490 493 494
 496 497 501 503 505 511 512 513 514 517 519 522 525 526 528 531 534 535
 536 537 538 539 542 543 546 549 550 551 554 560 561 567 569 570 571 574
 580 583 585 586 589 590 593]

========== Cluster 2 ==========

Base classifier: DummyClassifier(strategy='most_frequent')

Minority Class: 0

Selected Features: [ 0  1  2  3  4  5  6  7  8  9 10 11 12 13 14 15 16 17 18 19 20 21 22 23
 24 25 26 27 28 29 30]

Labels: [1 1 1 1 1 1 1 1 1 1 1 1 1 1 1 1 1 1 1 1 1 1 1 1 1 1 1 1]

Synthetic samples indexes: []

========== Cluster 3 ==========

Base classifier: SVC(probability=True)

Minority Class: 0

Selected Features: [28 24 21 23 22 25  4  8  0 19  3 26 17  1 20 27 18 16 15  2 29  5  6 14
 12]

Labels: [0 0 0 0 0 1 1 1 0 1 0 1 1 0 1 1 1 0 0 1 0 1 1 0 1 1 0 1 1 0 1 1 1 1 0 1 1
 0 1 1 0 0 0 0 0 0 1 1 0 0 0 1 1 0 1 0 1 0 0 1 1 0 0 1 0 1 1 1 1 0 0 1 0 0
 1 0 0 0 1 0 1 1 1 1 0 1 0 0 0 1 1 1 0 1 0 0 1 0 0 0 0 0 0 0 1 1 1 1]

Synthetic samples indexes: [  1   2   3   4  17  18  20  23  26  29  34  37  45  49  50  53  57  58
  62  64  69  72  73  75  76  84  86  87  88  95  97  98 102 103]

========== Cluster 4 ==========

Base classifier: GaussianNB()

Minority Class: 0

Selected Features: [ 4  8  1  3 23 24 28  2 21 14 13 11 18 26  6  7 27  5 16 15 10 17 22 30]

Labels: [0 0 1 1 1 1 0 0]

Synthetic samples indexes: [2 5]

========== Cluster 5 ==========

Base classifier: DummyClassifier(strategy='most_frequent')

Minority Class: 0

Selected Features: [ 0  1  2  3  4  5  6  7  8  9 10 11 12 13 14 15 16 17 18 19 20 21 22 23
 24 25 26 27 28 29 30]

Labels: [1 1]

Synthetic samples indexes: []

