Clustering algorithm selected: kmeans
=====================================

Clustering evaluation metric: dbc_ss
Clustering evaluation value: 0.3778423121743061

========== Cluster 0 ==========

Base classifier: DummyClassifier(strategy='most_frequent')

Minority Class: 0

Selected Features: [30 29 28 27 26 25 24 23 22 21 20 19 18 17 16 15 14 13 12 11 10  9  8  7]

Labels: [1 1 1 1 1 1 1 1 1 1 1 1 1 1 1 1 1 1 1 1 1 1 1 1 1 1 1 1 1 1 1 1 1 1 1 1 1
 1 1 1 1 1 1 1 1 1 1 1 1 1 1 1 1 1 1 1 1 1 1 1 1 1 1 1 1 1 1 1 1 1 1 1 1 1
 1 1 1 1 1 1 1 1 1 1 1 1 1 1 1 1 1 1 1 1 1 1 1 1 1 1 1 1 1 1]

Synthetic samples indexes: []

========== Cluster 1 ==========

Base classifier: SVC(probability=True)

Minority Class: 0

Selected Features: [24 21 23  4  3  1  0 14  8 28 13  2 10 22  7 27 11  9  5 16 17 30  6 26]

Labels: [0 1 1 1 1 0 0 0 1 0 1 1 0 0 0 0 1 1 1 1 0 1 0 1 1 1 0 0 0 0 1 1 0 0 0 0 1
 1 0 0 1 1 1 1 1 0 0 1 1 1 1 1 0 1 1 1 1 1 0 0 1 1 0 1 1 1 1 0 0 1 1 0 1 1
 1 0 0 0 1 0 0 0 0 0 0 1 1 1 1 1 0 1 1 0 1 0 1 1 0 1 0 0 0 0 0 1 0 0 0 0 0
 0 0 1 0 1 1 1 1 1 0 1 1 1 0 1 1 0 1 1 1 0 1 1 1 0 1 0 0 0 1 1 0 0 1 1 1 1
 1 1 1 0 0 1 0 1 1 0 1 0 1 0 1 0 1 0 0 1 1 0 0 1 0 0 1 1 1 0 1 1 1 0 0 0 0
 1 0 1 0 0 1 0 0 0 1 1 1 0 1 0 0 0 0 0 0 0 1 0 1 1 1 0 0 1 0 0 1 1 0 0 1 1
 0 0 0 0 1 1 1 0 0 1 1 1 1 0 1 0 0 1 0 0 0 0 0 0 0 0 1 0 0 0 0 1 0 1 1 1 0
 1 0 1 1 1 1 0 1 1 1 1 0 0 1 1 1 0 0 1 1 0 0 1 0 1 0 0 0 0 1 1 1 1 0 0 1 1
 1 0 1 1 0 0 1 1 1 0 1 1 1 0 0 0 0 1 1 0 0 1 0 1 0 1 1 0 0 0 0 0 0 1 1 0 0
 0 0 1 1 0 0 0 1 1 1 1 1 1 0 0 0 1 0 1 0 0 1 0 0 0 0 0 0 1 1 1 0 1 0 0 0 0
 1 0 0 0 0 1 1 0 0 0 1 1 1 1 1 0 1 0 1 0 1 1 1 0 0 0 1 0 0 0 1 1 1 1 1 0 1
 1 0 0 0 0 0 0 1 0 1 1 1 0 1 0 1 0 1 0 1 0 0 1 1 0 0 1 0 1 0 1 1 0 0 1 0 0
 1 1 0 1 0 1 0 0 1 1 0 1 0 0 0 0 0 0 0 0 1 0 1 1 1 1 0 1 0 1 0 1 1 1 0 0 1
 0 1 1 1 0 1 1 0 0 0 0 1 1 0 1 0 1 1 0 1 1 0 0 0 0 1 1 1 1 1 0 1 1 1 0 1 1
 0 0 0 1 1 0 0 0 0 0 1 0 1 0 0 0 1 0 0 0 1 0 1 1 1 0 0 1 1 0 0 0 0 0 0 0 0
 1 1 1 1 0 0 0 1 0 1 1 1 1 1 0 1 0 1 0 1 0 1 1 1 0 1 0 1 1 0 1 1 1 1 0 1 1
 0 0 0 1]

Synthetic samples indexes: [  1   2   3   4   8  10  11  16  18  19  21  23  24  25  30  31  36  37
  40  41  42  43  44  47  48  49  51  53  54  55  56  57  61  63  64  65
  66  69  70  72  74  78  85  86  87  88  89  91  92  94  96  97  99 105
 113 116 117 118 119 121 122 123 125 128 129 130 133 134 136 141 144 146
 147 148 149 150 153 155 156 158 160 162 164 167 168 171 174 175 176 178
 179 180 185 187 190 194 196 198 206 208 209 210 216 217 220 221 226 227
 228 231 232 233 234 236 239 248 253 255 256 257 259 261 262 263 264 266
 267 268 269 272 273 274 277 278 281 283 288 289 290 291 294 295 296 298
 299 302 304 306 307 308 313 314 317 319 321 329 330 335 336 340 341 342
 343 344 345 351 354 361 362 363 365 370 375 376 380 381 382 383 384 386
 388 390 391 392 396 400 401 402 403 406 407 414 416 417 418 420 422 424
 426 429 430 433 435 437 438 441 445 447 449 452 453 455 464 466 467 468
 469 471 473 475 476 477 480 482 483 484 492 493 495 497 498 501 506 508
 509 510 512 513 514 516 517 521 522 528 530 534 538 540 541 546 555 556
 557 558 562 564 565 566 567 568 572 574 576 577 578 580 582 585 586 587
 588 590 591 595]

========== Cluster 2 ==========

Base classifier: SVC(probability=True)

Minority Class: 0

Selected Features: [24 21 28 23  4  3  1 22  8 25  0 19 26  2 14 29 20  7 17 16 27 11 18  6
 15]

Labels: [1 0 0 1 1 0 0 1 1 0 0 0 1 1 1 0 0 0 0 0 1 0 0 1 0 0 0 1 1 0 1 0 1 1 1 0 1
 0 1 1 1 1 1 1 1 0 1 0 1 1 1 1 0 1 1 1 0 1 0 1 0 1 0 0 0 0 0 1 0 1 0 1 1 1
 0 0 0 1 0 0 1 0 0 1 0 1 1 0 0 0 1 0 0 1 1 1 1 0 0 0 0 1 1 0 1 0 1 1 0 0 1
 0 1 1 1 1 0 0 0 0 0 0 1 0 1 1]

Synthetic samples indexes: [  2   5   9  10  11  16  18  22  24  26  29  31  35  47  52  56  58  60
  62  64  65  66  68  70  74  76  79  82  84  89  91  97  99 100 103 105
 108 111 117 118]

