Clustering algorithm selected: kmeans
=====================================

Clustering evaluation metric: dbc_ss
Clustering evaluation value: 0.26395773638645614

========== Cluster 0 ==========

Base classifier: SVC(probability=True)

Minority Class: 1

Selected Features: [ 2 11  3  1 10  7]

Labels: [1 1 1 0 0 1 1 0 0 1 0 0 1 1 0 1 1 1 0 0 0 0 1 1 1 1 0 0 1 1 1 1 1 0 1 1 0
 0 0 0 0 0 0 1 0 0 1 0 0 1 1 0 0 1 1 1 0 0 0 0 0 0 1 0 0 1 0 1 1 0 1 1 1 1
 0 0 0 1 0 1 0 1 0 0 1 0 1 1 0 0 1 0 0 1 0 1 1 1 1 1 0 1 0 1 1 0 1 1 1 0 0
 0 1 0 1 1 1 1 1 1 1 1 0 1 0 0 1 1 1 0 0 0 1 0 0 1 0 1 0 0 0 0 0 1 1 0 1 1
 0 0 1 0 0 0 0 0 1 1 1 1 0 0 1 0 0 0 1 0 0 0 1 1 1 1]

Synthetic samples indexes: [  3   4   8  10  14  18  19  21  26  27  33  36  38  39  40  41  42  44
  45  47  51  56  57  58  59  60  63  64  74  75  76  78  82  83  89  91
  92 100 102 105 113 125 131 133 134 138 139 140 141 145 149 151 152 153
 154 160 163 165 167 169]

========== Cluster 1 ==========

Base classifier: KNeighborsClassifier()

Minority Class: 1

Selected Features: [ 2  9  0 10  3  7]

Labels: [1 1 1 1 0 1 0 1 0 1 1 0 1 0 1 1 1 1 1 0 1 0 0 0 1 1 0 0 0 1 0 0 0 1 0 1 0
 0 0 1 1 0 1 1 1 0 0 1 0 1 1 0 0 1 1 1 0 1 1 0 1 0 1 1 0 0 0 1 1 1 0 0 0 1
 0 1 1 1 1 1 0 1 1 0 0 0 1 1 0 0 1 1 0 1 1 0 0 1 1 1 0 1 1 0 1 0 1 1 1 0 0
 1 0 1 1 1 0 1 1 1 0 1 1 0 0 0 1 0 1 1 1 0 0 0 0 0 1 0 1 0 0 1 1 0 0 0 1 1
 0 1 0 0 0 1 1 0 0 0 1 0 1 0 1 1 1 0 0 0 0 1 1 0 1 1 1 1 1 0 1 0 0 1 1 0 0
 0 0 1 0 0 1 0 0 0 0 1 1 0 0 1 1 0 1 1 0 1 0 0 0 0 0 0 0 0 0 0]

Synthetic samples indexes: [  0   1   2   3   7  12  16  17  20  24  25  29  33  35  39  40  42  43
  44  47  49  50  53  54  55  57  58  60  63  67  68  69  73  75  76  77
  79  82  86  87  90  91  93  97  98  99 101 102 104 106 107 113 115 118
 121 122 126 128 129 130 136 138 141 142 146 147 153 154 158 162 163 169
 172 173 174 175 181 182 187 190 195 196 199 200 202 203 205]

