============== Classifiers Parameters ==============
[{'cost': 653.0474749390936, 'gamma': 88.81398305394967}, {'cost': 329.390249747345, 'gamma': 227.89066866017222}, {'cost': 519.7524182194235, 'gamma': 277.85403725351784}]

Optimal clusterer: kmeans

External clustering metrics:
adjusted_rand_score: 2.6435298537179746e-05
normalized_mutual_info_score: 0.005834650248377836
v_measure_score: 0.005834650248377835
fowlkes_mallows_score: 0.5752292855063652

Internal clustering metrics:
silhouette: 0.4722770099068674
davies_bouldin: 8.739297647209863
calinski_harabasz_score: 0.5085022765492597

Base classifier: svm
========== Cluster 0 ==========

Labels: [2 0 0 1 1 2 2 1 0 2 2 2 1 2 0 0 0 2 2 0 0 1 1 1 0 1 2 0 1 0 1 2 0 1 0 1 1
 1 1 2 0 0 0 2 0 2 1 0 0 0 0 2 2 2 0 2 0 0 0 2 0 2 0 1 2 0 1 2 2 2 2 0 0 0
 2 0 2 1 0 2 0 0 2 0 0 2 1 2 2 0 1 2 1 0 1 2 2 0 1 1 0 0 0 0 2 0 1 2 2 2 1
 1 2 0 1 1 0 2 2 1 0 2 0 0 2 2 0 2 2 2 1 0 2 1 2 0 2 1 2 2 2 0 1 1 1 1 2 2
 1 1 2 0 0 2 1 1 2 0 1 0 1 2 2 0 0 0 2 1 1 1 1 0 1 1 0 1 0 2 2 2 2 2 2 0 2
 1 1 1 2 1 1 0 2 0 0 2 1 0 1 1 0 0 0 1 0 1 0 0 1 0 0 0 1 2 2 1 0 1 2 2 0 0
 1 0 0 1 0 2 1 2 0 1 1 2 2 1 1 2 0 2 1 0 0 1 2 2 2 2 2 2 1 1 1 1 2 0 2 2 2
 2 2 2 0 2 0 0 0 0 1 1 1 0 0 0 0 1 0 0 1 1 1 0 0 2 0 2 0 0 2 1 0 2 0 0 2 0
 0 1 2 0 0 1 1 1 1 1 2 0 1 0 0 1 2 0 2 0 2 0 1 1 0 2 2 2 1 2 1 1 2 2 0 0 1
 1 0 2 0 0 2 0 1 2 2 0 2 0 2 0 2 0 0 1 1 1 2 0 0 1 2 0 2 0 0 2 0 1 0 1 0 2
 2 0 2 0 2 2 0 0 1 0 0 2 1 1 2 2 0 1 0 2 2 2 0 1 2 0 1 0 0 0 0 2 2 0 1 0 2
 2 0 0 1 2 0 1 1 0 1 1 2 0 1 0 2 0 1 2 0 2 2 1 2 0 0 0 0 0 2 0 2 2 1 0 1 1
 1 2 0 1 0 0 1 1 2 1 2 0 2 0 2 0 2 1 2 0 0 0 1 1 1 1 0 2 0 0 1 1 1 2 2 1 2
 0 0 2 2 0 0 2 2 1 1 2 2 2 0 0 2 0 0 1 2 2 1 2 2 1 2 1 2 1 0 1 2 0 0 0 2 0
 2 0 2 0 2 1 1 0 2 0 0 1 2 1 0 2 2 0 0 0 2 0 1 2 0 0 0 1 2 0 2 2 2 2 2 1 1
 1 2 2 1 2 0 2 1 0 1 1 2 2 1 1 0 2 0 2 0 0 0 1 2 2 2 1 0 2 0 0 0 1 2 0 2 1
 1 0 2 1 2 2 2 2 0 0 1 2 0 0 2 1 0 1 2 1 1 0 1 1 2 0 1 0 2 2 0 1 0 2 0 0 0
 2 1 2]

========== Cluster 1 ==========

Labels: [2 2 0 1 2 1 0 2 2 2 2 0 0 0 1 1 0 1 1 0 0 0 1 1 0 0 2 2 0 1 2 0 0 2 1 0 0
 0 2 2 0 1 0 2 1 0 0 0 1 0 1 0 2 2 1 1 0 2 0 2 0 2 2 2 2 2 2 1 1 2 2 2 0 1
 2 1 1 1 0 1 0 1 2 0 1 0 2 1 2 2 0 1 2 1 1 1 2 2 2 1 1 2 1 2 1 2 2 2 1 0 0
 2 0 1 2 1 2 2 0 1 0 0 2 1 2 1 0 1 0 2 0 0 2 2 1 0 1 1 0 2 0 1 1 1 0 2 1 0
 0 1 0 1 0 1 1 1 0 1 2 0 1 0 0 2 2 1 1 0 0 2 0 2 0 0 2 0 1 2 2 1 1 1 2 1 2
 1 1 2 1 0 1 0 0 1 1 0 2 1 2 0 1 0 2 2 0 0 2 1 1 0 0 1 2 1 1 1 0 1 1 0 1 0
 1 0 2 1 1 0 0 1 0 2 1 2 1 0 1 0 0 1 1 2 0 2 1 1 0 1 2 2 2 1 1 2 1 2 1 1 1
 1 1 1 0 1 2 0 0 1 0 0 1 1 0 2 0 1 0 2 2 0 2 0 2 1 1 0 0 1 2 2 2 1 0 2 0 2
 2 0 2 2 0 0 1 0 0 2 2 2 2 1 2 0 1 1 2 1 2 2 1 2 1 2 1 1 1 1 1 0 1 0 2 1 1
 0 1 2 0 2 1 1 0 0 2 0 1 2 2 1 0 1 2 1 1 1 0 0 2 0 1 2 1 2 2 2 2 0 2 2 2]

========== Cluster 2 ==========

Labels: [0 2 2 0 2 2 0 2 2 2 2 0 1 1 2 2 1 0 0 0 2 1 1 0 2 1 0 2 1 0 1 1 2 2 1 0 2
 1 1 2 1 0 2 2 1 2 1 0 1 1 1 1 0 1 0 1 0 0 0 1 0 1 2 2 1 0 2 2 2 1 1 1 0 2
 2 2 0 2 1 2 1 0 2 2 0 0 1 0 1 1 0 2 1 2 0 2 2 0 1 2 0 0 2 2 1 1 0 1 1 1 2
 2 2 1 1 1 0 2 0 0 0 1 1 0 1 1 1 0 2 0 2 2 1 2 2 2 0 0 0 1 1 2 1 1 0 0 1 2
 2 0 1 1 1 0 1 0 1 1 1 1 1 0 1 0 0 1 1 1 2 1 1 2 0 2 2 1 1 0 2 0 1 1 1 0 1
 1 0 1 1 2 2 2 2 1 2 0 2 2 0 1 0 2 1 1 1 0 0 0 2 0 0 0 0 2 1 2 1 0 0 0 0 0
 1 0 1 2 0 1 2 0 1 0 1 2 2 1 1 2 1 2 2 0 0 1 2 1 1 0 1 2 2 0 1 1 2 2 0 1 0
 1 2 2 2 2 2 0 1 1 1 1 2 1 1 1 0 1 1 2 1 0 2 2 1 1 2 0 2 2 2 1 1 2 1 0 2 2
 1 0 1 1 1 0 2 0 2 0 2 1 1 1 2 2 1 1 2 1 2 1 2 0 1 1 2 0 0 2 1 2 0 0 0 2 1
 2 0 1 0 0 1 1 2 1 0 1 0 2 0 1 2]

