============== Classifiers Parameters ==============
[{'cost': 612.4933425490143, 'gamma': 220.31735019540088}, {'cost': 851.6193419039904, 'gamma': 75.6662939174023}]

Optimal clusterer: kmeans

External clustering metrics:
adjusted_rand_score: 2.6435298537179746e-05
normalized_mutual_info_score: 0.005834650248377836
v_measure_score: 0.005834650248377835
fowlkes_mallows_score: 0.5752292855063652

Internal clustering metrics:
silhouette: 0.4705547022722636
davies_bouldin: 8.876315364550711
calinski_harabasz_score: 0.49358419279214505

Base classifier: svm
========== Cluster 0 ==========

Labels: [2 0 1 2 2 1 0 2 2 2 0 2 2 2 2 0 2 0 0 1 1 2 2 1 1 0 0 1 0 0 2 2 0 1 1 0 2
 0 1 0 1 1 0 2 0 1 2 0 0 0 1 0 1 2 2 2 1 0 0 2 1 2 0 2 0 1 1 2 2 1 2 2 0 0
 2 2 2 1 2 1 2 0 1 1 0 1 1 2 1 0 1 0 0 1 0 0 2 0 1 2 0 2 1 1 0 2 0 1 2 1 0
 2 2 2 2 1 1 1 2 1 1 0 0 0 2 2 1 1 1 1 1 1 1 1 1 1 2 2 2 2 2 2 2 0 0 2 0 0
 0 1 1 0 1 1 1 0 2 1 0 1 2 2 1 2 2 1 0 0 2 1 2 2 0 0 0 2 2 1 1 2 2 1 2 1 0
 0 2 1 2 2 0 0 1 1 1 1 0 2 1 0 0 1 1 2 1 1 0 0 1 2 0 1 1 2 1 0 1 1 1 2 0 1
 1 2 0 0 1 1 0 1 2 2 1 2 1 2 1 0 0 2 0 1 1 1 1 0 0 0 0 1 1 0 1 2 2 1 0 1 0
 0 1 1 2 0 1 1 0 0 2 0 2 0 1 0 0 0 1 0 2 2 2 2 2 0 0 2 0 1 0 0 1 0 1 2 1 2
 1 1 1 1 2 0 1 2 2 0 1 1 0 2 0 0 2 1 1 0 1 2 1 0 1 1 1 1 0 1 1 2 0 1 2 2 2
 0 1 2 2 1 0 0 2 2 0 1 1 1 2 2 2 0 0 0 1 0 0 2 0 1 1 0 1 1 0 0 0 0 2 0 0 0
 0 0 0 2 1 2 0 0 1 2 1 2 1 0 0 0 2 0 2 0 0 1 2 2 0 1 2 0 1 2 0 1 0 0 0 1 0
 2 2 2 1 1 1 1 2 1 0 2 2 0 0 1 2 1 2 2 2 1 2 1 0 0 1 2 2 2 0 1 1 1 1 1 2 2
 0 1 0 1 0 1 0 1 0 2 2 2 2 2 2 0 0 1 1 2 1 0 1 1 2 1 0 2 1 0 1 1 1 0 1 2 1
 2 1 0 2 1 2 0 2 0 2 2 2 1 2 2 1 1 2 1 1 2 0 0 0 2 2 2 1 2 1 2 1 0 0 0 2 2
 1 2 2 1 1 2 1 0 1 1 0 1 0 2 0 0 2 0 2 1 0 1 0 1 2 2 2 2 1 1 1 2 1 2 2 1 2
 2 0 2 1 1 2 0 1 0 1 2 2 1 2 0 0 2 0 0 0 0 1 2 1 0 2 0 2 1 2 2 1 0 1 0 0 0
 1 2 2 2 0 1 2 1 1 0 1 0 1 0 1 2 1 0 2 1 0 2 1 0 0 1 2 0 0 2 2]

========== Cluster 1 ==========

Labels: [2 0 0 1 2 0 1 2 1 2 0 2 0 2 2 2 2 2 2 1 0 0 0 0 0 2 1 2 0 1 1 0 1 1 1 0 0
 0 1 1 0 1 2 1 0 1 1 1 2 0 0 2 2 0 0 1 2 0 2 0 1 0 2 1 0 0 0 2 2 0 0 2 2 2
 0 0 0 1 0 2 0 1 2 1 2 0 0 0 2 0 0 2 1 0 0 1 0 0 0 0 1 0 2 2 2 2 1 1 1 0 1
 1 0 2 0 0 2 0 2 1 0 0 0 2 2 2 2 2 2 2 2 1 2 1 1 1 2 0 2 1 0 2 0 1 2 2 0 2
 1 2 1 2 0 1 1 1 1 1 1 1 1 1 1 1 2 2 2 2 2 2 2 0 0 0 0 2 2 0 1 2 2 2 2 1 0
 0 2 1 0 2 0 0 2 2 2 2 2 1 1 1 1 1 0 1 2 0 2 1 0 2 2 0 2 0 1 1 0 0 1 0 2 0
 1 1 1 2 0 0 2 2 1 2 0 2 0 1 0 0 1 1 2 1 2 2 0 0 0 2 2 0 1 2 2 1 2 1 1 1 0
 1 2 2 0 1 0 0 1 2 2 0 2 2 1 1 1 0 0 0 0 1 0 2 1 0 2 1 2 1 1 0 2 2 2 1 1 0
 1 1 0 1 0 2 0 0 0 1 2 2 2 2 0 0 1 0 0 1 1 1 0 0 0 1 0 0 2 0 2 2 0 2 0 1 1
 0 0 0 0 1 1 2 2 0 1 2 1 1 0 1 2 0 0 0 2 0 2 2 0 0 0 1 2 2 2 0 2 1 2 2 1 1
 2 1 2 0 1 1 0 2 0 2 1 0 2 2 0 2 2 0 0 1 1 2 1 0 1 0 0 1 1 0 1 2 2 1 2 2 0
 0 2 1 0 2 2 0 1 2 0 2 0 2 1 2 1 0 2 0 1 2 1 0 0 1 1 1 0 1 1 0 1 0 1 0 1 0
 2 2 0 1 1 1 2 0 0 1 0 0 2 0 1 1 0 2 0 1 2 2 0 0 2 2 1 0 0 1 1 1 0 0 1 1 2
 0 1 2 1 0 0 2 1 1 0 0 0 2 1 2 1 0 0 2 0 0 2 0 2 1 1 2 2 1 2 0 1 1 1 2 1 0
 1 1 1 2 1 1 2 2 0 0 1 2 0 0 2 1 0 1 0 0 1 0 1 0 1 1 2 0 1 1 2 0 1 0 2 2 0
 0 2 2 0 2 0 2 1 1 2 2 1 2 1 0 0 0 2 0 0 1 0 1 2 2 2 2 1 0 2 0 2 1 2 0 1 2
 2 0 2 0 2 2 0 0 2 0 1 1 0 0 0 2 0 0 2 0 0 2 0 1 2 2 0 1 2 2 2 0 2 1 2 0 1
 1 2 1 2 2 2 2 2 1 1 1 2 1 2 1 0 1 2 1 0 1 2 1 1 1 1 0 1 0 1 2 1 1 0 2 0 2
 1 2 2 0 2 0 0 1 0 1 1 0 0 2 0 1 2 1 2 2 0 1 2 0 2 2 1 0 0 0 2 1 2 1 2 1 1
 1 1 0 1 0 0 2 0 1 2 0 2 1 2 2 2 2 0 0 2 2 1 2 2]

