Clustering algorithm selected: kmeans++
=====================================

Clustering evaluation metric: dbc
Clustering evaluation value: 0.1315988451024222

========== Cluster 0 ==========

Base classifier: SVC(probability=True)

Selected Features: [3 7 0 1]

Labels: [0 0 2 1 0 2 2 0 0 1 2 2 0 1 0 0 0 1 0 2 0 1 0 1 2 0 0 2 0 0 0 0 0 0 0 1 0
 0 1 0 2 2 1 0 0 1 2 0 0 0 1 0 0 1 2 1 1 2 1 0 2 2 2 1 0 1 2 2 2 0 0 0 2 2
 0 2 0 1 0 2 2 2 1 1 0 1 2 0 2 1 0 2 2 2 0 2 0 0 1 0 1 2 0 0 0 0 0 2 0 1 2
 0 2 0 0 1 0 0 0 1 0 0 2 1 0 0 0 1 2 1 1 1 2 0 2 0 0 0 2 0 0 0 2 0 1 0 2 0
 0 1 2 2 0 0 0 2 0 0 1 1 2 0 0 0 2 0 0 2 0 0 0 1 2 1 0 1 0 0 2 0 0 0 0 2 2
 1 1 1 2 2 0 1 0 0 0 0 1 2 2 0 0 0 2 0 0 1 1 0 1 2 0 0 0 1 2 0 1 2 0 0 0 1
 2 1 1 0 1 1 1 1 1 0 2 0 1 2 1 0 2 2 0 0 0 1 0 2 0 2 2 0 0 2 0 2 0 0 2 2 0
 2 0 0 1]

========== Cluster 1 ==========

Base classifier: GradientBoostingClassifier()

Selected Features: [3 0 1 2]

Labels: [2 0 0 1 1 0 0 2 2 1 0 2 2 2 0 0 1 0 0 0 2 1 0 1 2 2 2 2 0 0 2 1 0 2 0 1 1
 0 1 2 0 0 0 0 0 2 0 2 0 1 0 2 2 1 0 1 2 2 1 1 0 0 0 2 0 0 0 0 0 2 1 2 0 0
 0 0 2 2 1 0 0 0 1 2 1 1 2 0 0 1 2 2 0 0 2 1 2 2 0 0 0 2 0 2 2 0 1 0 0 2 0
 0 0 2 2 2 0 1 0 0 0 0 2 0 2 0 2 2 2 1 2 0 0 2 1 1 0 0 2 0 2 1 2 1 0 1 0 0
 0 2 1 2 2 1 0 1 2 2 2 2 1 2 1 0 2 1 0 0 0 0 2 2 0 1 2 0 2 2 0 1 1 2 1 2 1
 0 2 0 2 2 2 1 2 2 0 0 2 2 2 0 2 0 2 1 2 0 0 2 1 0 2 2 2 2 1 0 0 2 1 2 2 0
 2 0 0 0 2 0 0 0 0 2 2 1 0 2 0 2 1 1 0 2 1 2 1 0 0 1 0 0 2 0 0 2 0 2 0 1 2
 2 0 2 0 2 0 1 2 0 0 0 0 2 0 2 0 0 1 1 0 2 1 0 2 0 1 1 2 2 2 2 1 2 2 2 2 1
 1 1 1 1 0 2 0 0 2 1 0 0 0 0 2 0 1 0 0 1 2 2 1 0 2 1 2 0 2 0 0 0 0 0 2 0 0
 0 0 0 0 2 0 1 2 2 2 1 2 2 2 0 2 0 2 0 1 0 0 2 0 0 2 0 1 2 2 2 0 2 0 0 2 1
 0 0 0 1 0 0 2 1 2 0 1 0 0 0 2 0 2 0 0 2 0 0 2 2 0 0 2 1 2 2 0 2 1 0 2 0 0
 0 0 0 0 0 0 0 2 0 1 2 0 0 0 0 1 2 2 2 0 0 2 2 1 2 2 0 2 2 2 2 0 0 2 2 0 1
 0 0 1 0 2 0 2 1 1 0 0 0 0 2 1 0 2 2 2 0 1 0 0 2 2 0 1 2 0 0 0 2 1 0 1 1 0
 2 0 1 0 2 1 2 0 2 0 2 0 0 2 0 2 0 2 0 2 0 1 0 0 2 0 2 0 2 0 1 1 2 2 0 0 0
 0 0 0 0 2 0 0 1 2 2 2 0 2 0 2 1 2 1 2 1 0 0 1 0 0 0 0 2 1 0 1 0 0 2 0 0 2
 2 2 1 2 1 2 1 2 0 2 2 2 2 0 0 0 0 1 2 0 1 0 1 2 2 2 2 0 2 2 0 0 2 1 2 2 0
 0 0 1 0 2 1 0 1 1 2 0 0 0 2 0 1 2 1 2 1 1 2 0 1 2 2 2 0 2 1 0 0 2 2 0 2 2
 2 0 0 2 0 2 0 0 2 2 0 2 2 0 0 0 2 2 2 0 2 1 2 0 0 2 1 0 1 2 2 0 0 2 2 0 0
 2 1 1 1 1 1 0 0 0 1 0 0 1 2 2 0 1 0 0 2 0 1 1 2 1 0 1 2 2 0 2 2 1 2 2 0 2
 1 0 1 0 0 0 2 0 0 1 1 2 1 0 1 1 2 2 1 0 0 0 2 2 1 0 0 1 2 0 2 0 0 2 0 0 0
 2 2 2 0 0 1 2 0 0 2 2 2 2 2 2 2 2 1 1 2 1 2 2 2 0 2 0 1 1 0 0 2 2 0 0 1 1
 2 2 0 0 2 2 2 0 2 0 2 0 1 0 0 0 0 0 0 0 0 0 0 1 0 1 0 0 1 0 0 2 0 2 2 2 0
 0 1 2 2 0 2 0 0 1 0 0 0 0 2 2 0 2 2 1 2 2 0 1 0 2 2 1 1 2 2 2 0 2 1 1 2 2
 0 0 1 2 2 2 2 0 2 0 1 0 0 2 0]

========== Cluster 2 ==========

Base classifier: GaussianNB()

Selected Features: [3 2 5 8]

Labels: [1 0 1 0 1 0 1 2 1 0 0 2 0 0 1 0 0 0 2 2 1 0 2 1 1 0 0 0 0 1 2 0 1 1 2 2 1
 2 2 0 0 2 2 1 1 1 1 1 1 0 0 0 2 0 0 0 0 1 1 0 2 2 1 1 0 1 2 1 1 1 2 2 0 1
 0 0 1 1 1 0 2 0 1 1 1 2 0 2 0 1 2 2 0 2 2 0 0 2 2 2 2 0 1 1 2 2 1 0 0 1 2
 2 1 2 1 2 0 1 0 1 2 1 2 1 2 2 1 2 2 2 1 2 0 1 0 2 0 0 2 2 1 1 1 1 1 0 2 0
 1 2 2 1 1 1 2 2 2 2 0 0 0 2 1 0 2 2 1 0 2 1 0 1 1 1 1 0 2 1 2 2 2 2 0 0 0
 0 1 0 1 0 1 0 0 0 0 1 2]

