Clustering algorithm selected: fcm
=====================================

Clustering evaluation metric: dbc
Clustering evaluation value: 0.492182859049504

========== Cluster 0 ==========

Base classifier: LogisticRegression()

Selected Features: [ 77 100 185 167 148 177  90  60 215 106 156  38  62  86  33 178 189 219
  39 138 210 105 211 220  57 150  87 141   0  97  32 118 115  10 191 108
 188 165 222 183 127 166 128  34  83 132  72 121 198 192  67  75  55 126
 143 204 221  94 214  50  19  36   5 190 179 149  44 212  47 109  15  37
  74  80  66 223  35 224 159 110 208  88 125  23 153  81  43  48  63   4
 134  61 147 102 104 196 123  40 206 161 180   8 176 152  73  79 129 131
 130 151 146 145 144 154 155 186 133 135 139]

Labels: [0 0 0 1 1 0 0 1 0 0 0 0 1 0 0 1 0 0 0 1 0 0 1 0 1 1 0 1 0 0 0 1 0 0 1 0 0
 0 0 0 1 0 0 0 1 1 1 0 0 1 1 0 0 0 0 0 0 0 1 0 0 0 0 0 1 0 0 0 0 1 0 0]

========== Cluster 1 ==========

Base classifier: GradientBoostingClassifier()

Selected Features: [173 130 222  31  24  23 154  43  39 156   3  36 194  79  99 164  80 191
   0 221 103  53 133  91  73 135  63 127 136 105  89  58 109 176 178  64
 196 138  70 144 101  88 177 120  50  78  38 126  15 155 114 182 198 159
 208 210 124   7 224  97 148  42  21 204 140 108 132 141  98 195 169  32
 197  19 139  33 192 146 179  75 106 181  60 193 123  34 207 150  83  20
  61 116  62  37 223 199 202 128 129 131 134 143 142 137 145 152 153 158
 157 149]

Labels: [0 0 0 0 1 0 0 0 0 0 0 0 0 0 0 0 0 0 0 0 0 1 1 1 0 0 0 0 0 1 0 0 1 1 0 0 1
 0 0 0 0 0 0 0 0 0 1 0 1 1 0 0 0 0 0 0 1 0 0 1 0 0 1 0 0 0 0 1 0 0 0 0 0 0
 0 0 0 0 0 0 1 0 0 0 1 0 0 0 0 0 0 0 1 0 1]

========== Cluster 2 ==========

Base classifier: GradientBoostingClassifier()

Selected Features: [186 197  43  48   3  61 196  81 170 152  98 108  60 162 145 171  29 146
  83  24 214 175 222  65 134  56 223  22 215 218  90   5 119  76 187  94
 147 198 167   2 209 101 172 189 158   9  99 178  52 210 115  70 128 156
 205 148  97 149 120 124  44 195 220 122  55 202 190 138  93  47 105 194
 168 166  15  58 103 174  35 102 139  53 150 199  32 217 206  62  18  87
  69  17  74 137  13  50 143  45  40  12   1 212 113  68 153 140 131 125
 154 151 144 159 157 129 130 133 132 135 142 141 136 155 173 169 165 164
 163 161 160]

Labels: [0 1 1 1 0 1 0 0 1 0 0 0 0 1 1 0 0 0 1 1 0 0 1 0 0 0 1 0 1 0 0 0 1 0 0 0 0
 0 0 0 0 0 1 0 0 1 1 0 0 0 0 0 1 1 0 0 0 0 0 1 0 1 0 0 1 0 0 0 1 0 1 0 0 0
 1 0 1 0 0 1]

========== Cluster 3 ==========

Base classifier: GradientBoostingClassifier()

Selected Features: [ 98 131 161   2  12  93  29   3  62 152 137 198  33 140 101 219  36  43
  22  86 121  89 197 200 211 116 170 150  65  37  24  70  40  32 110 134
 212   0 218  56 167  19  72 204  76 168  57 169 171 125 207  17  18 109
  96  47 128 136 194 215 133  23 183  74  92 174  68  28 130 165  87 119
 141 222 120 214  64 142 184  85  52 220 166 188 146   5 159 153 213   4
  94  66 126 190 157 135  78  95  69]

Labels: [1 0 0 1 0 0 0 0 1 1 0 0 0 0 0 0 0 1 1 1 0 0 0 0 0 0 0 0 1 0 0 0 0 0 1 0 0
 0 0 0 1 0 0 0 0 1 0 0 0 1 0 1 1 1 0 0 1 0 0 1 1 0 0 0 0 0 0 0 0 1 0 0 1 0
 0 1 0 0 0 0 0 1 0 1 1 1 0 0 0 0 1]

========== Cluster 4 ==========

Base classifier: SVC(probability=True)

Selected Features: [ 94 157 209 108 128 139  68 143 181  97 176  59 206 159 109 148  27  51
  56  32 218 198 134 101 100 200   3 199 177  17  79  52 145  47 156 178
 172 127   0  63  50 123 144 216 187  77 120 124  20 155 186 189  13   9
  24 106 164   8 158  65   7 190  12 180 220 191 153 104 126 105  29 133
 214 130  92  90 154  34  31  88 193 202  55 102  87  14 194 201 141  38
 211 215  78 192  45 167 115  26  23 129  62   1  40  39  43  67 168 169
  19 152 207  85   5 110 184 131 142 140 132 135 136 149 150 146 151 147
 138]

Labels: [0 0 0 0 1 0 0 1 0 0 1 0 0 0 1 0 0 0 0 0 1 0 1 0 0 0 1 1 1 0 0 0 0 1 0 0 1
 0 0 1 1 0 0 0 0 0 1 1 0 0 0 0 1 0 1 0 1 0 0 0 0 0 0 0 1 0 1 0 0 1 0 0 1 1
 1 0 0 0 1 0 0 1 0 0 0 0 1 0 1 0 1 0 1 0 0]

========== Cluster 5 ==========

Base classifier: LogisticRegression()

Selected Features: [180  16 147  70  81  49 210 209   8   1  30  69 106 103 125  63 123 176
 174 200 198  86 159 177 203  28 135 219 223  42 168  57  96  36 172   2
  14 215 160 137 173 212 121  73  83  91 222 122 154  62 201 163 124 166
 162  85  88  94 108 110 104  45  11  43 100  67 126 144 190  77 187  97
 138  12  13 211 142   9  19  92  56  38   6 216  87 214 184  37 119 102
   0  74 213  89   7 109  41  20  32 196 115 181 113 112 194  59 146 118
  79 136]

Labels: [0 0 0 0 1 0 1 1 1 0 1 0 0 1 0 1 0 0 1 0 0 0 0 0 0 1 0 0 1 0 1 0 0 1 0 1 0
 1 0 0 1 1 0 0 0 1 0 1 0 1 0 1 1 1 0 0 1 0 1 0 0 1 1 1 1 0 0 0 1 0 0 0 0 0
 0 0 0 0 0 0 0 0 0 0 0 0 1 0 0]

========== Cluster 6 ==========

Base classifier: LogisticRegression()

Selected Features: [215 124 205 217  73 177  93 201   3  41  17  51 200  62  20 100 207  27
 108  64  19   0 114 187 129   5 142 151  84 147 209  26 216  29 156 123
 136  67 182  31 221  21 115  96 118 171  78 138 213  74 199 178  56 220
  60  75  25 211  71 198  59  88  36 161 179 133 153  47 139  28  70 180
 163  45  13 164 140 119 134  34 113 168  85  92 107 111  52 144 189 176
 214  30  89  12 158 183  44 204  68 210  82 128 152 172  40 121  55 102
 218 148 149 146 145 131 130]

Labels: [0 1 0 0 0 1 1 1 0 0 1 1 1 0 0 0 0 0 0 0 0 1 0 0 0 1 0 0 1 0 0 0 0 0 0 0 1
 0 0 0 1 0 1 0 0 1 0 0 0 0 0 0 0 1 1 0 0 0 0 0 1 0 0 1 0 0 1 0 0 1 0 0 0 0
 0 0 0 0 1 0 0 1 1 0 0 0 1 0 1 0 1 0 1 1 0 0]

========== Cluster 7 ==========

Base classifier: LogisticRegression()

Selected Features: [ 33 194 160 168 203 102 167 183  61   3  58  59 113 201  50 151  10 116
 217 220 149 206 121 163  99  57  17 196 179  65 169 124 221 111  18  40
 177  19 202 139 143 165  74 128  25  90 195  35  12 204 134 161 190 131
 141  27 172  49   5 174 184 122  41  78  72  98 112  95  94 193  73  21
 144  16 198 110 222 117 135 101 218 215 140 105 181 108 185  45 189  75
 192   6  91  56  88  71 175   4  64 187 104 125 156 129 136 152 153 154
 150 148 147 146 145 157 130 133 132 142 138 137 180 176 178 173 170 171
 166 164 162]

Labels: [1 0 0 1 0 0 0 1 0 0 0 0 0 1 0 1 0 1 1 0 1 1 0 0 0 0 0 0 0 0 0 0 0 1 0 0 0
 0 0 0 0 0 1 0 1 0 0 0 0 0 0 1 1 0 0 0 0 1 0 1 0 0 1 0 1 0 0 0 0 1 0 1 1 0
 0 1 1 0 0 0 1 0 0 0 0 0 1 0 0 0 0 1 0 1 0 1]

========== Cluster 8 ==========

Base classifier: RandomForestClassifier()

Selected Features: [153  84 100   3 215 190  32  62  41  43  46  37 148 155  30 199 110 185
 143 124 180 163  44   8  70  89 217 119  58 188 207 216 222 209 156 111
 186 166 158  65 101  53 223 159 219  21  33 164 195 182 194  23  82  40
  96 157  99 137  91 198  39 135  72 169  68 151  36 165 193 117   5 178
  27  66  17 126 191  56  55  49  87  28 146 172  61 205 147  79  22  90
 210 196 197 201 206 176  85  98 109 113   7 152  12  71  29 224  63  92
 134  74 208  80]

Labels: [0 0 0 0 0 0 0 1 0 1 0 0 0 0 0 1 1 0 0 0 0 1 1 0 1 0 1 0 0 0 1 0 1 0 1 0 1
 1 1 0 0 0 0 0 1 1 0 1 0 0 0 0 0 1 0 1 0 0 1 1 1 0 0 0 1 0 1 1 0 0 1 0 0 0
 0 1 1 0 0 0 0 0 0 1 0 0 0 0 0 1 0 1]

========== Cluster 9 ==========

Base classifier: LogisticRegression()

Selected Features: [212   3 166 211 150 165 128  37 143 148 106  49 118 152 209  26   9  58
   0  69 103 181 115  47 163  16 126  84  87 207  60 214 167 177 112 144
  52 179 204 146 129 161 131  94 222 188  90 119 116 120  27 191 153  32
   5 213 145  11  72  80 117 219  28 175  23 101  91  92   1  25 127 196
  40 107  97  53 124  14  44 176  74 187  83  56 180  55 185 208 218 221
  34  30 178 205   8 122 199   4  81  66 164  96  67 149  33 195  45  10
 216 130 134 133 147 156 157 154 132 135 138 137 136 140 141 142 139 158
 159]

Labels: [0 1 1 0 0 0 1 0 0 0 0 0 0 1 1 0 1 1 0 0 0 0 1 0 0 0 0 0 1 0 1 0 1 0 1 0 0
 1 0 0 0 0 1 0 0 0 0 1 0 1 0 1 1 0 0 0 0 1 0 1 0 0 1 0 1 0 0 0 0 0 0 0 1 0
 1 0 0 0 0 0 1 0 0 0 0 1 1 1 1 1 1 0 0 0]

