============== Classifiers Parameters ==============
[{'cost': 429.20277042915103, 'gamma': 842.374256622041}, {'cost': 751.3840980385152, 'gamma': 635.9719336003019}, {'cost': 899.676699432557, 'gamma': 404.8586633883401}, {'cost': 19.43397803843109, 'gamma': 356.10978454304825}, {'cost': 990.4016993072917, 'gamma': 4.170271009247838}, {'cost': 972.0121274265091, 'gamma': 899.5207529083497}, {'cost': 220.51626076582323, 'gamma': 44.203589035808875}, {'cost': 96.59316364666995, 'gamma': 165.24109236345407}, {'cost': 749.6664664196221, 'gamma': 913.4315676452848}]

Optimal clusterer: kmeans

External clustering metrics:
adjusted_rand_score: 0.7158982054593505
normalized_mutual_info_score: 0.6096975952525114
v_measure_score: 0.6096975952525114
fowlkes_mallows_score: 0.8708391721636328

Internal clustering metrics:
silhouette: 0.3773884564755364
davies_bouldin: 1.1661396312383938
calinski_harabasz_score: 306.03665703718514

Base classifier: svm
========== Cluster 0 ==========

Labels: [1 1 0 0 0 0 0 0 0 0 0 0 0 0 0 0 0 0 0 0 0 0 0 0 0 0 0 0 0 0 0 0 0 0 0 0 0
 0 1 1 0 0 0 0 0 0 0 0 0 0 0 0 0 0 0 0 0 0 0 0 0 0 0 0 0 0 0 0 0 0 0 0 0 0
 0 0 0 0 0 0 0 0 0 0 0 0 0 0 0 0 0 1 0 0 0 0 0 0 0 0 0 0]

========== Cluster 1 ==========

Labels: [0 0 0 0 0 0 0 0 0 0 0 0 0 0 0 0 0]

========== Cluster 2 ==========

Labels: [1 1 1 1 1 1 1 1 1 1 1 1 1 1 1 1 1 1 1 1 1 1 1 1 1]

========== Cluster 3 ==========

Labels: [0 1 0 0 0 0 1 0 0 0 0 0 0 0 0 0 0 0 0 1 0 0 0 0 0 0 0 0 1 0 0 0 0 0 0 0 0
 0 0 0 0 0 0 0 0 0 0 0 0 0 0 0 0 0 0 0 0 0 0 0 0 0]

========== Cluster 4 ==========

Labels: [1 1 1 0 1 1 1 1 1 1 1 1 1 1 1 0 0 1 1 1 0 0 1 0 1 0 1 1 0 1 1 0 0 0 0 0 1
 1 0 1 0 0 1 0 0 1 1 1 1 0 1 1 1 0 1 0 0 0 0 0 1 0 0 0 1 0 1 0 0 0 0 0 0 0
 0 1 0 0 0 0 1 0 0 0 0 1]

========== Cluster 5 ==========

Labels: [0 0 1 0 0 1 0 0]

========== Cluster 6 ==========

Labels: [0 0 0 0 0 0 0 0 0 0 0 0 0 0 0 0 0 0 0 0 0 0 0 0 0 0 0 0 0 0 0 0 0 0 0 0 0
 0 0 0 0 0 0 0 0 0 0 0 0 0 0 0 0 0 0 0 0 0 0 0 0 0 0 0 0 0 0 0 0 0 0 0 0 0
 0 0 0 0 0 0 0 0 0 0 0 0 0 0 0 0 0 0 0 0 0 0 0]

========== Cluster 7 ==========

Labels: [1 1 1 1 1 1 1 1 1 1 1 1 1 1 1 1 1 1 1 1 1 1 1 1 1 1 1 1 1 1 1 1 1 1 1 1 1
 1 1 1 1 1 1 1 1 1 1 1 1 1 1 1 1 1 1 1 1 1 1 1 1 1 1 1 1 1 1 1 1 1 1 1 1]

========== Cluster 8 ==========

Labels: [1 1 1 1 1 1 1 1 1 1 1 1 1 1 1 1 1 1 1 0 1 1 1 1 1 1 1 1 1 1 1 1 1 1 1 1 1
 1 1 1 1 1]

