Clustering algorithm selected: fcm
=====================================

Clustering evaluation metric: dbc
Clustering evaluation value: 0.024519897254756166

========== Cluster 0 ==========

Base classifier: SVC(C=594.5226971851225, gamma=12.970393622143092, probability=True)

Minority Class: 1

Selected Features: [0 1 2 3 4 5 6 7 8 9]

Labels: [0 0 0 0 0 2 2 0 0 0 2 0 0 2 0 0 0 0 0 0 0 2 2 2 2 1 1 1 0 1 1 0 2 0 0 2 0
 2 1 0 0 0 2 2 2 2 2 2 2 2 1 2 1 1 1 2 0 2 1 0 2 0 1 2 2 1 2 1 2 0 2 1 0 2
 1 1 2 0 1 2 0 1 0 0 2 1 1 1 0 2 2 1 0 1 1 1 2 2 2 1 0 1 0 2 1 1 2 2 0 1 2
 2 1 2 1 2 2 1 2 1 2 1 2 2 2 1 2 0 1 0 0 0 2 0 0 0 1 2 0 1 1 2 0 2 0 0 1 0
 1 0 0 2 2 2 0 0 0 0 1 2 2 0 1 2 2 2 2 1 0 0 2 1 0 2 0 0 2 2 2 2 2 1 1 1 1
 1 0 1 2 0 2 1 0 2 2 0 2 0 1 1 0 0 1 0 2 0 1 1 1 2 0 0 2 2 1 2 0 2 0 1 0 0
 1 1 2 1 2 2 0 0 0 2 2 0 1 2 2 1 2 1 1 1 0 1 2 2 0 1 0 0 1 2 2 0 2 2 1 1 1
 0 0 0 0 1 0 2 1 0 2 1 2 1 1 0 2 2 2 1 1 0 1 1 0 1 0 2 0 0 0 1 2 2 2 0 0 1
 0 0 1 1 1 0 0 0 1 0 0 2 0 2 2 0 2 0 1 1 0 0 0 0 1 1 2 2 0 1 2 1 1 1 2 0 0
 0 2 0 2 2 0 0 0 1 2 2 2 0 2 1 2 2 1 1 2 1 2 0 1 1 0 2 0 2 1 0 2 2 0 2 2 0
 0 1 1 2 1 0 1 0 0 1 1 0 2 2 1 2 2 0 0 2 1 0 2 2 0 1 2 0 2 0 2 1 2 1 0 2 0
 1 2 1 0 0 1 1 1 0 1 1 0 1 0 1 0 1 0 2 2 0 1 1 1 2 0 0 1 0 0 2 0 1 1 0 2 0
 1 2 2 0 0 2 2 1 0 0 1 1 1 0 0 1 1 2 0 1 2 1 0 0 2 1 1 0 0 0 2 1 2 1 0 0 2
 0 0 2 0 2 1 1 2 2 1 2 0 1 1 1 2 1 0 1 1 1 2 1 1 2 2 0 0 1 2 0 0 2 1 0 1 0
 0 1 0 1 0 1 1 2 0 1 1 2 0 1 0 2 2 0 0 2 2 0 2 0 2 1 1 2 2 1 2 1 0 0 0 2 0
 0 1 0 1 2 2 2 2 1 0 2 0 2 1 2 0 1 2 2 0 2 0 2 2 0 0 2 0 1 1 0 0 0 2 0 0 2
 0 0 2 0 1 2 2 0 1 2 2 2 0 2 1 2 0 1 1 2 1 2 2 2 2 2 1 1 1 2 1 2 1 0 1 2 1
 0 1 1 1 1 1 0 1 0 1 2 1 1 0 2 0 2 1 2 2 0 2 0 0 1 0 1 1 0 0 2 1 2 1 2 2 0
 1 2 0 2 2 1 0 0 0 2 1 2 1 2 1 1 1 1 0 1 0 0 2 0 1 2 0 2 1 2 2 2 2 0 0 2 2
 1 2 2]

========== Cluster 1 ==========

Base classifier: SVC(C=18.073522096732063, gamma=14.995262736519905, probability=True)

Minority Class: 0

Selected Features: [0 1 2 3 4 5 6 7 8 9]

Labels: [0 0 0 2 2 2 2 0 0 2 2 2 2 2 0 0 1 1 2 1 0 1 0 0 1 0 0 2 0 1 2 0 2 1 1 0 2
 0 1 2 1 0 2 2 2 2 1 1 1 2 1 1 0 2 0 0 0 2 2 2 2 2 1 0 2 0 2 1 0 2 1 2 1 2
 0 2 2 0 2 1 1 1 0 2 1 2 1 2 0 0 1 2 1 2 0 0 1 0 2 0 1 1 1 0 1 1 2 1 0 2 0
 2 2 2 0 2 1 0 2 0 2 1 1 0 1 0 2 2 1 1 1 2 0 1 1 0 1 0 1 1 1 0 0 1 2 2 0 2
 1 2 2 1 1 1 1 0 1 1 1 0 2 0 1 0 0 1 1 0 1 1 1 0 2 1 0 1 2 2 1 2 2 1 0 0 2
 1 2 2 0 0 0 2 2 1 1 2 2 1 2 1 0 0 2 1 2 2 0 0 1 1 1 1 0 2 1 0 0 1 1 2 1 1
 0 0 1 2 0 1 1 2 1 0 1 1 1 2 0 1 1 2 0 0 1 1 0 1 2 2 1 2 1 2 1 0 0 2 0 1 1
 1 1 0 0 0 0 1 1 0 1 2 2 1 0 1 0 0 1 1 2 0 1 2 1 0 0 2 0 2 0 1 0 0 0 1 0 2
 2 2 2 2 0 0 2 0 1 0 0 1 0 1 2 1 2 1 1 1 1 2 0 1 2 2 0 1 1 0 0 2 0 0 2 1 1
 0 1 2 1 0 1 1 1 1 0 1 1 2 0 1 2 2 2 0 1 2 2 1 0 0 2 2 0 1 1 1 2 2 2 0 0 0
 1 1 0 0 2 0 1 1 0 1 1 0 0 0 0 2 0 0 0 0 0 0 2 1 2 0 0 1 2 1 2 1 0 0 0 2 0
 2 0 0 1 2 2 0 1 2 0 1 2 0 1 0 0 0 1 0 2 2 2 1 1 1 1 2 1 0 2 2 0 0 1 2 1 2
 2 2 1 2 1 0 0 1 2 2 2 0 1 1 1 1 1 2 2 0 1 0 1 0 1 0 1 0 2 2 2 2 2 2 0 0 1
 1 2 1 0 1 1 2 1 0 2 1 0 1 1 1 0 1 2 1 2 1 0 2 1 2 0 2 0 2 2 2 1 2 2 1 1 2
 1 1 2 0 0 0 2 2 2 1 2 1 2 1 0 0 0 2 2 1 2 2 1 1 2 1 0 1 1 0 1 0 2 0 0 2 0
 2 1 0 1 0 1 2 2 2 2 1 1 1 2 1 2 2 1 2 2 0 2 1 1 2 0 1 0 1 2 2 2 1 2 0 0 2
 0 0 0 0 1 2 1 0 2 0 2 1 2 0 2 1 0 1 0 0 0 1 2 2 2 0 1 2 1 1 0 1 0 1 0 1 2
 1 0 2 1 0 2 1 0 0 1 2 0 0 2 2]

