Clustering algorithm selected: fcm
=====================================

Clustering evaluation metric: dbc
Clustering evaluation value: 0.027048541450135216

========== Cluster 0 ==========

Base classifier: SVC(C=589.8183633235144, gamma=65.28638067484803, probability=True)

Minority Class: 1

Selected Features: [0 1 2 3 4 5 6 7 8 9]

Labels: [2 0 0 1 2 0 1 2 1 2 0 2 0 2 2 2 2 2 2 1 0 0 0 0 0 2 1 2 0 1 1 0 1 1 1 0 0
 0 1 1 0 1 2 1 0 1 1 1 0 0 2 2 0 0 1 2 0 2 0 1 0 2 1 0 0 2 2 0 0 2 2 2 1 2
 1 1 1 1 1 2 0 2 2 2 0 2 0 0 0 2 0 2 2 0 1 1 2 2 2 1 0 1 0 2 1 1 2 2 0 1 2
 2 1 2 1 2 2 1 2 1 2 1 2 2 2 1 2 0 1 0 0 0 2 0 0 0 1 2 0 1 1 2 0 2 0 0 1 0
 1 0 0 2 2 2 0 0 0 0 1 2 2 0 1 2 2 2 2 1 0 0 1 0 2 0 0 2 2 2 2 2 1 1 1 1 1
 0 1 2 0 2 1 0 2 2 0 2 0 1 1 0 0 1 0 2 0 1 1 1 2 0 0 2 2 1 2 0 2 0 1 0 0 1
 1 2 1 2 2 0 0 0 2 2 0 2 2 1 0 2 1 1 1 0 1 2 2 0 1 0 0 1 2 2 0 2 2 1 1 1 0
 0 0 0 1 0 2 1 0 2 1 2 1 1 0 2 2 2 1 0 1 1 0 1 0 2 0 0 0 1 2 2 2 0 0 1 0 0
 1 1 1 0 0 0 1 0 0 2 0 2 2 0 2 0 1 1 0 0 0 0 1 1 2 2 0 1 2 1 1 1 2 0 0 0 2
 0 2 2 0 0 0 1 2 2 2 0 2 1 2 2 1 1 2 1 2 0 1 1 0 2 0 2 1 0 2 2 0 2 2 0 0 1
 1 2 1 0 1 0 0 1 1 0 2 2 1 2 2 0 0 2 1 0 2 2 0 0 2 0 2 1 2 1 0 2 0 1 2 1 0
 0 1 1 1 0 1 1 0 1 0 1 0 1 0 2 2 0 1 1 1 2 0 0 1 0 0 2 0 1 1 0 2 0 1 2 2 0
 0 2 2 1 0 0 1 1 1 0 0 1 1 2 0 1 2 1 0 0 2 1 1 0 0 0 2 1 2 1 0 0 2 0 0 2 0
 2 1 1 2 2 1 2 0 1 1 2 1 0 1 1 1 2 1 1 2 2 0 0 1 2 0 0 2 1 0 1 0 0 1 0 1 0
 1 1 2 0 1 1 2 0 1 0 2 2 0 0 2 2 0 2 0 2 1 1 2 2 1 2 1 0 0 0 2 0 0 1 0 1 2
 2 2 2 1 0 2 0 2 1 2 0 1 2 2 0 2 0 2 2 0 0 2 0 1 1 0 0 0 2 0 0 2 0 0 2 0 1
 2 2 0 1 2 2 2 0 2 1 2 0 1 1 2 1 2 2 2 2 2 1 1 1 2 1 2 1 0 1 2 1 0 1 2 1 1
 1 1 0 1 0 1 2 1 1 0 2 0 2 1 2 2 0 2 0 0 1 0 1 1 0 0 1 1 2 2 0 1 2 0 2 2 1
 0 0 0 2 1 2 1 2 1 1 1 1 0 1 0 0 2 0 1 2 0 2 1 2 2 2 2 0 0 2 2 1 2 2]

========== Cluster 1 ==========

Base classifier: SVC(C=876.0036754305869, gamma=24.89616628527531, probability=True)

Minority Class: 0

Selected Features: [0 1 2 3 4 5 6 7 8 9]

Labels: [2 0 1 2 2 1 0 2 2 2 0 2 2 2 2 0 2 0 0 1 1 2 2 1 1 0 0 1 0 0 2 2 0 1 1 0 2
 0 1 0 1 1 2 0 2 0 1 2 0 0 0 1 0 0 1 2 2 2 1 0 2 1 2 2 1 1 1 1 1 1 1 2 2 2
 0 0 2 0 2 2 2 0 2 2 0 2 0 2 2 2 0 0 2 2 0 0 1 0 2 0 1 1 1 0 1 1 2 1 0 2 0
 2 2 2 0 2 1 0 2 0 2 1 1 0 1 0 2 2 1 1 1 2 0 1 1 0 1 0 1 1 1 0 0 1 2 2 0 2
 1 2 2 1 1 1 1 0 1 1 1 0 2 0 1 0 0 1 1 0 1 1 1 0 2 1 0 1 2 2 1 2 2 2 1 0 0
 2 1 2 2 0 0 0 2 2 1 1 2 2 1 2 1 0 0 2 1 2 2 0 0 1 1 1 1 0 2 1 0 0 1 1 2 1
 1 0 0 1 2 0 1 1 2 1 0 1 1 1 1 2 0 1 1 2 0 1 1 0 1 2 2 1 2 1 2 1 0 0 2 0 1
 1 1 1 0 0 0 0 1 1 0 1 2 2 1 0 1 1 0 0 1 1 2 0 1 2 1 0 0 2 0 2 0 1 0 0 0 1
 0 2 2 2 2 2 0 0 2 0 1 0 0 1 0 1 2 1 2 1 1 1 1 2 0 1 2 2 0 1 1 0 0 2 0 0 2
 1 1 0 1 2 1 0 1 1 1 1 0 1 1 2 0 1 2 2 2 0 1 2 2 1 0 0 2 2 0 1 1 1 2 2 2 0
 0 0 1 1 0 0 2 0 1 1 0 1 1 0 0 1 0 0 2 2 0 0 0 0 0 0 2 1 2 0 0 1 2 1 2 1 0
 0 0 2 0 2 0 0 1 2 2 0 1 2 0 1 2 0 1 0 0 0 1 0 2 2 2 1 1 1 1 2 1 0 2 2 0 0
 1 2 1 2 2 2 1 2 1 0 0 1 2 2 2 0 1 1 1 1 1 1 2 2 0 1 0 1 0 1 0 1 0 2 2 2 2
 2 2 0 0 1 1 2 1 0 1 1 2 1 0 2 1 0 1 1 1 0 1 2 1 2 1 0 2 1 2 0 2 0 2 2 2 1
 2 2 1 1 2 1 1 2 0 0 0 2 2 2 1 2 1 2 1 0 0 0 2 2 1 2 2 1 1 2 1 0 1 1 0 1 0
 2 0 0 2 0 2 1 0 1 0 1 2 2 2 2 1 1 1 2 1 2 2 1 2 2 0 2 1 1 2 0 1 0 1 2 2 1
 2 0 0 2 0 0 0 0 1 2 1 0 2 0 2 1 2 2 0 2 1 0 1 0 0 0 1 2 2 2 2 0 1 2 1 1 0
 1 0 1 0 1 2 1 0 2 1 0 2 1 0 0 1 2 0 0 2 2]

