Clustering algorithm selected: spectral
=====================================

Clustering evaluation metric: dbc_rand
Clustering evaluation value: 0.1786383525120412

========== Cluster 0 ==========

Base classifier: SVC(C=297.99524337629856, gamma=568.1423881301139, probability=True)

Minority Class: 1

Selected Features: [0 1 2 3 4 5 6 7]

Labels: [0 0 1 0 0 0 1 1 1 0 0 0 0 0 0 1 0 0 0 0 0 1 1 1 0 1 0 0 1 0 1 0 0 1 0 1 0
 1 1 1 0 0 0 0 1 0 0 1 0 0 1 0 0 0 0 0 0 1 0 0 0 0 0 1 0 1 1 0 0 0 0 1 0 0
 0 0 0 1 1 0 1 0 0 0 0 1 1 0 0 1 0 0 1 0 0 0 1 0 0 0 0 0 1 0 0 0 1 0 0 0 0
 0 1 0 0 0 0 0 1 0 0 0 0 0 1 0 0 0 1 0 0 1 1 0 0 1 0 1 0 1 0 0 1 1 0 0 0 0
 0 0 0 1 0 0 0 1 0 0 0 0 0 0 0 1 1 0 0 1 0 0 1 0 0 0 1 0 0 0 0 0 1 0 0 0 0
 0 1 0 1 1 0 0 0 0 1 1 1 0 0 0 1 0 1 0 0 1 0 1 0 0 1 1 0 1 0 1 0 1 0 1 0 0
 1 0 0 0 1 0 1 0 1 1 0 1 0 0 1 1 1 0 0 1 0 1 0 0 1 1 0 1 1 1 1 0 0 0 0 1 1
 0 0 0 1 0 0 0 0 0 1 0 1 0 0 0 1 0 1 1 1 0 0 0 0 0 0 0 0 1 0 0 1 1 0 0 1 0
 1 0 0 0 0 1 0 0 0 0 0 0 0 1 0 0 0 0 0 0 0 1 1 0 0 0 1 0 0 1 0 1 0 0 0 1 1
 0 1 1 1 1 0 0 0 0 0 0 0 0 0 0 0 0 0 0 0 0 0 0 1 0 0 0 1 0 1 0 1 0 0 0 0 0
 1 0 1 0 1 0 1 1 0 0 1 0 0 0 0 0 1 0 1 1 0 0 0 0 0 0 1 1 0 0 0 0 0 1 0 0 0
 0 1 0 0 0 1 0 0 0 0 1 0 0 1 0 0 1 1 0 1 0 0 1 0 1 0 0 1 0 0 0 0 1 1 1 1 1
 0 0 1 1 0 0 0 0 0 1]

========== Cluster 1 ==========

Base classifier: LogisticRegression()

Minority Class: 1

Selected Features: [0 1 2 3 4 5 6 7]

Labels: [0 1 0 0 1 0 0 1 1 0 0 0 0 0 0 0 1 1 1 0 1 1 0 0 0 0 1 0 0 1 0 1 1 0 1 1 0
 1 1 0 0 1 0 1 0 0 0 0 1 0 0 0 0 1 0 1 0 1 0 0 0 1 0 0 1 0 0 0 0 0 0 1 0 1
 0 0 1 1 0 0 0 1 0 0 0 1 1 1 1 1 0 1 0 1 1 0 1 1 0 0 0 1 0 0 1 0 0 1 0 1 1
 0 0 1 1 1 0 0 1 0 0 0 0 1 0 1 1 0 0 1 0 0 0 0 1 1 1 0 0 0 0 1 0 0 0 0 1 0
 1 1 1 0 0 0 0 0 0 0 0 1 0 1 0 0 0 1 1 0 0 1 1 0 0 1 0 0 0 0 0 1 0 0 1 0 0
 0 1 1 0 1 0 0 1 0 1 1 0 1 1 0 1 0 1 1 0 0 1 1 1 0 0 1 1 0 0 0 0 1 1 0 1 1
 0 0 1 0 0 1 0 0 0 0 0 1 0 1 0]

