Clustering algorithm selected: fcm
=====================================

Clustering evaluation metric: dbc_rand
Clustering evaluation value: 0.10302209108306762

========== Cluster 0 ==========

Base classifier: LogisticRegression()

Minority Class: 1

Selected Features: [1 5 6 7 4 3]

Labels: [0 0 0 0 1 0 1 0 0 1 0 0 0 0 1 0 1 1 1 1 0 1 0 0 1 0 0 0 0 0 0 0 0 0 1 0 1
 0 0 0 1 0 0 0 1 0 0 0 0 0 0 0 0 1 0 0 0 0 1 1 0 0 0 0 0 1 0 0 0 0 0 0 0 1
 0 0 0 0 0 0 0 1 0 0 1 0 0 0 1 0 0 0 0 0 1 0 0 0 1 0 1 1 0 0 0 1 0 0 0 0 0
 1 1 0 0 0 0 0 0 0 0 0 0 0 1 0 0 0 1 1 0 0 0 0 1 0 0 0 1 1 0 0 0 0 0 0 0 1
 0 0 0 0 0 1 0 0 0 0 0 0 0 0 0 0 1 0 0 1 0 1 0 1 0 0 0 0 0 0 0 0 0 0 0 0 0
 1 0 0 0 0 0 0 0 0 0 0 0 1 0 0 0 0 0 0 0 0 0 0 1 0 0 0 0 0 1 0 1 1 0 0 0 1
 1 0 0 0 1 1 0 1 0 1 0 1 0 1 0 1 0 0 1 0 0 0 0 0 1 0 0 0 0 0 0 0 1 0 0 1 0
 0 0 1 1 1 0 1 0 0 1 0 1 0 0 1 1 1 0 0 0 0 0 1 1 0 0 1 0 0 0 0 0 0 1 0 0 1
 0 1 0 0 0 0 0 0 0 0 0 0 0 0 0 0 1 0 0 0 0 0 0 0 0 0 0 1 0 0 0 0 0 1 0 0 0
 0 1 0 1 1 0 0 0 0 1 1 0 0 0 1 0 0 0 0 0 0 0 0 0 1 0 0 0 0 1 1 0 0 0 0 0 1
 0 0 0 1 0 0 0 0 0 0 0 1 1 1 0 0 0 0 1 0 1 0 0 0 0 0 0 1 1 1 0 0 0 0 0 0 0
 0 1 0]

========== Cluster 1 ==========

Base classifier: SVC(probability=True)

Minority Class: 0

Selected Features: [1 4 3 5 6]

Labels: [0 0 0 0 0 0 1 0 0 1 0 0 0 1 1 1 0 1 1 0 0 0 1 0 1 0 0 1 1 0 1 1 0 1 1 0 0
 0 0 0 1 1 1 1 0 0 0 1 1 1 1 0 1 0 1 1 1 0 1 1 1 1 1 1 0 0 1 0 0 1 0 1 1 1
 0 1 0 1 0 0 1 0 0 1 0 1 0 0 1 0 1 1 1 1 0 0 0 0 0 0 1 0 0 1 0 0 0 1 0 0 0
 0 1 1 0 1 0 1 1 0 0 1 1 0 0 0 1 0 1 1 0 1 1 1 1 1 1 1 0 1 1 1 1 1 1 1 0 0
 1 0 1 0 0 1 0 0 1 0 0 1 1 1 0 1 0 1 0 0 0 1 0 0 1 1 0 1 1 0 1 1 0 1 1 1 1
 0 1 1 0 0 0 1 0 0 0 0 0 1 1 1 1 1 1 0 1 0 0 1 0 1 1 0 0 0 1 1 1 1 0 0 0 1
 1 0 1 0 0 0 0 1 0 1 0 1 0 1 1 1 1 1 1 0 0 0 0 0 0 1 1 1 1 1 0 0 0 0 0 1 0
 1 0 1 1 1 1 0 1 0 1 0 0 0 1 0 0 1 1 1 0 1 1 1]

