Clustering algorithm selected: kmeans
=====================================

Clustering evaluation metric: dbc
Clustering evaluation value: 0.6482657668430718

========== Cluster 0 ==========

Base classifier: DummyClassifier(strategy='most_frequent')

Minority Class: 0

Selected Features: [30 29 28 27 26 25 24 23 22 21 20 19 18 17 16 15]

Labels: [0 0 0 0 0 0 0 0 0 0 0 0 0 0 0 0 0 0 0 0 0 0 0 0 0 0 0 0 0 0 0 0 0 0 0 0 0
 0 0 0 0 0 0 0 0 0 0 0 0 0 0 0 0 0 0 0 0 0 0 0 0 0 0 0 0 0 0 0 0 0 0 0 0 0
 0 0 0 0 0 0 0 0 0 0 0 0 0 0 0 0 0 0 0 0 0 0 0 0 0 0 0 0 0 0 0 0 0 0 0 0 0
 0 0 0 0 0 0 0 0 0 0 0 0 0 0 0 0 0 0]

Synthetic samples indexes: []

========== Cluster 1 ==========

Base classifier: DummyClassifier(strategy='most_frequent')

Minority Class: 0

Selected Features: [30 29 28 27 26 25 24 23 22 21 20 19 18 17 16 15]

Labels: [1 1 1 1 1 1 1 1 1 1 1 1 1 1 1 1 1 1 1 1 1 1 1 1 1 1 1 1 1 1 1 1]

Synthetic samples indexes: []

========== Cluster 2 ==========

Base classifier: SVC(probability=True)

Minority Class: 0

Selected Features: [ 0 24  2 21 14 22  8 23  7 28 27  4  3  1 11]

Labels: [0 0 1 1 0 0 0 1 0 0 1 0 1 0 0 0 0 0 1 1 1 1 1 0 1 1 0 1 1 1 1 1 1 0 0 1 1
 0 0 0 0 0 1 1 1 0 0 1 1 0 1 1 1 1 1 0 1 0 0 1 1 0 1 1 0 0 1 1 1 1 0 0 1 1
 1 0 0 0 1 0 0 0 1 0 0 0 1 1 1 1 1 0 0 0 0 0 1 0 1 1 1 0 1 0 0 1 1 1 0 1 0
 0 1 0 0 1 0 1 1 0 1 0 1 1 0 0 0 1 1 0 0 0 0 0 1 0 1 1 1 0 0 1 0 1 1 0 0 0
 1 0 0 1 0 0 1 1 1 1 0 1 1 0 1 0 1 1 1 1 0 0 0 0 0 0 0 0 1 1 1 0 1 0 0 0 0
 1 1 1 0 0 1 1 0 1 0 1 1 1 1 0 1 1 1 1 0 1 0 1 0 0 0 1 1 0 1 0 0 1 0 0 0 0
 0 1 1 1 1 0 0 1 0 1 0 1 1 1 0 1 0 0 1 1 1 0 1 0 0 1 1 0 0 0 1 1 1 0 1 0 0
 0 1 1 1 1 1 0 1 0 0 0 0 1 1 0 0 1 1 0 0 1 0 1 0 1 0 0 1 1 0 1 1 1 0 1 0 1
 0 0 0 1 1 0 0 1 0 1 1 0 0 1 1 0 1 1 1 1 0 1 1 0 0 0 0 1 0 0 1 0 0 1 0 1 0
 1 0 0 0 1 1 0 0 0]

Synthetic samples indexes: [  2   3   7  10  12  18  20  21  22  24  25  27  28  29  30  31  32  35
  36  42  43  44  47  48  50  51  52  53  56  62  63  66  67  69  72  73
  74  82  86  87  88  89  90  96  98  99 102 105 106 107 109 112 115 117
 118 120 122 123 127 128 136 137 138 141 143 144 148 151 154 155 156 157
 159 160 162 165 166 167 176 177 178 180 185 186 187 190 191 195 196 197
 198 200 201 202 203 205 211 212 214 217 223 224 225 229 231 233 234 235
 237 240 241 242 244 247 248 252 253 254 256 260 261 262 263 264 271 272
 275 279 281 283 286 287 289 290 291 295 300 303 305 306 309 310 312 313
 314 317 323 326 331 333 337 338]

========== Cluster 3 ==========

Base classifier: LogisticRegression()

Minority Class: 0

Selected Features: [28 24 21 23  3  4  8 20 22  1 25  0 10 17 16 26  5 14 27 15  2]

Labels: [0 0 1 0 0 0 0 1 1 1 0 0 1 0 0 1 0 1 1 0 1 0 1 1 1 0 0 0 0 0 0 0 1 0 1 0 1
 1 1 0 0 1 0 1 0 0 0 1 0 0 1 0 0 0 1 1 1 1 1 0 0 0 0 1 1 1 0 1 1 0 1 1 0 1
 1 1 0 0 1 0 0 0 0 1 1 1 1 0 0 1 1 1 1 1 1 1 1 0 1 0 1 0 0 1]

Synthetic samples indexes: [  0   3   6  14  16  26  28  31  33  35  39  40  42  44  45  46  48  49
  51  53  61  62  66  76  77  81  87  97  99 102]

========== Cluster 4 ==========

Base classifier: DummyClassifier(strategy='most_frequent')

Minority Class: 0

Selected Features: [30 29 28 27 26 25 24 23 22 21 20 19 18 17 16 15]

Labels: [1 1 1 1 1 1 1 1 1 1 1 1 1 1 1 1 1 1 1 1 1 1 1 1 1 1 1 1 1 1 1 1 1 1 1 1 1
 1 1 1 1 1 1 1 1 1 1 1 1 1 1 1 1 1 1 1 1 1 1 1 1 1 1 1 1 1 1 1 1 1 1 1 1 1
 1 1 1 1 1 1 1 1 1 1 1 1 1]

Synthetic samples indexes: []

