Clustering algorithm selected: kmeans
=====================================

Clustering evaluation metric: dbc_ss
Clustering evaluation value: 0.4038986315404423

========== Cluster 0 ==========

Base classifier: GaussianNB()

Minority Class: 1

Selected Features: [ 0  1  2  3  4  5  6  7  8  9 10 11 12 13 14 15 16 17 18 19 20 21 22 23
 24 25 26 27 28 29 30]

Labels: [1 1 1 1 1 1 1 1 1 1 1 1 1 1 1 1 1 1 1 1 1 1 1 1 1 1 1 1 1 1 1 1 1 1 1 1 1
 1 1 1 1 1 1 1 1 1 1 1 1 1 1 1 1 1 1 1 1 1 1 1 1 1 1 1 1 1 1 1 1 1 1 1 1 1
 1 1 1 1 1 1 1 1 1 1 1 1 1 1]

Synthetic samples indexes: []

========== Cluster 1 ==========

Base classifier: GaussianNB()

Minority Class: 1

Selected Features: [ 0  1  2  3  4  5  6  7  8  9 10 11 12 13 14 15 16 17 18 19 20 21 22 23
 24 25 26 27 28 29 30]

Labels: [1 1 1 1 1 1 1 1 1 1 1 1 1 1 1 1 1 1 1 1 1 1 1 1 1 1 1 1 1 1 1]

Synthetic samples indexes: []

========== Cluster 2 ==========

Base classifier: GaussianNB()

Minority Class: 1

Selected Features: [ 0  1  2  3  4  5  6  7  8  9 10 11 12 13 14 15 16 17 18 19 20 21 22 23
 24 25 26 27 28 29 30]

Labels: [1 1 1 1 0 0 0 0 0 0 1 1 1 1 1 0 0 0 1 1 1 1 0 1 0 1 1 0 1 0 0 1 1 0 1 0 1
 1 1 1 1 0 1 1 1 0 1 1 1 0 1 1 1 0 0 1 0 0 1 0 1 0 0 0 0 1 0 1 1 1 1 0 0 1
 0 0 1 0 1 0 0 1 0 1 1 0 0 0 1 0 0 0 0 0 0 0 1 1 0 1 0 0 0 0]

Synthetic samples indexes: [  4   5   9  15  22  24  27  29  30  33  35  45  49  57  62  63  64  66
  71  75  79  82  85  86  87  90  94  95  98 102 103]

========== Cluster 3 ==========

Base classifier: GaussianNB()

Minority Class: 1

Selected Features: [ 0  1  2  3  4  5  6  7  8  9 10 11 12 13 14 15 16 17 18 19 20 21 22 23
 24 25 26 27 28 29 30]

Labels: [0 1 1 1 0 1 0 1 1 0 0 1 0 0 1 0 1 0 0 0 0 0 1 1 1 1 0 0 0 0 1 0 1 1 0 1 1
 0 1 1 1 1 0 1 0 1 1 0 0 0 0 1 0 1 0 1 1 0 0 0 1 0 1 1 0 0 1 1 0 0 1 1 1 0
 0 1 1 0 1 1 1 0 0 0 0 1 1 1 1 0 1 0 0 0 0 1 0 1 0 0 1 0 1 1 1 0 1 1 0 0 1
 0 1 1 1 1 1 0 0 0 0 1 0 0 1 1 1 0 1 0 1 0 0 1 1 0 1 1 1 0 0 1 0 1 0 0 0 0
 1 0 1 0 0 1 1 0 1 0 1 1 0 0 1 0 1 1 0 1 0 0 1 1 1 1 0 1 0 1 1 1 0 1 1 0 0
 1 1 0 0 0 1 0 0 1 1 0 0 1 1 1 1 0 1 0 0 1 0 0 1 1 1 0 1 0 0 1 1 1 1 1 1 0
 0 0 1 1 1 0 0 1 0 0 1 1 1 1 1 0 0 0 1 1 1 1 1 0 0 1 1 1 0 1 0 1 1 1 0 1 1
 0 1 0 0 1 1 0 1 0 1 1 0 0 0 0 1 1 1 0 0 0 1 0 0 0 0 0 0 0 0 0 0 1 0 1 0 1
 1 0 0 1 0 0 1 1 1 0 0 0 1 0 0 0 1 1 0 1 1 1 0 0 0 0 1 0 0 0 0 1 1 0 1 0 0
 0 1 0 1 0 1 0]

Synthetic samples indexes: [  1   2   3   5   7   8  11  16  22  23  24  25  30  32  33  35  36  38
  40  41  43  45  46  51  53  55  56  60  62  66  67  70  71  72  75  76
  78  79  80  85  86  87  95  97 100 102 103 104 106 107 110 112 113 114
 115 116 121 124 126 130 133 134 136 137 138 141 143 153 154 156 158 159
 162 164 170 171 172 173 175 177 178 179 181 182 185 190 193 197 198 199
 200 205 209 210 212 215 216 217 218 219 220 225 226 229 232 233 234 235
 236 240 241 242 244 247 248 249 251 253 254 255 257 260 263 264 266 268
 269 274 275 276 280 293 295 296 299 302 303 304 308 312 313 315 316 317
 322 328 330 334 336 338]

========== Cluster 4 ==========

Base classifier: GaussianNB()

Minority Class: 1

Selected Features: [ 0  1  2  3  4  5  6  7  8  9 10 11 12 13 14 15 16 17 18 19 20 21 22 23
 24 25 26 27 28 29 30]

Labels: [0 0 0 0 0 0 0 0 0 0 0 0 0 0 0 0 0 0 0 0 0 0 0 0 0 0 0 0 0 0 0 0 0 0 0 0 0
 0 0 0 0 0 0 0 0 0 0 0 0 0 0 0 0 0 0 0 0 0 0 0 0 0 0 0 0 0 0 0 0 0 0 0 0 0
 0 0 0 0 0 0 0 0 0 0 0 0 0 0 0 0 0 0 0 0 0 0 0 0 0 0 0 0 0 0 0 0 0 0 0 0 0
 0 0 0 0 0 0 0 0 0 0 0 0 0 0 0 0 0 0 0]

Synthetic samples indexes: []

