Clustering algorithm selected: fcm
=====================================

Clustering evaluation metric: dbc
Clustering evaluation value: 0.024563993193549787

========== Cluster 0 ==========

Base classifier: KNeighborsClassifier(n_neighbors=7)

Minority Class: 0

Selected Features: [0 1 2 3 4 5 6 7 8 9]

Labels: [2 0 1 2 2 1 0 2 2 2 0 2 2 2 2 0 2 0 0 1 1 2 2 1 1 0 0 1 0 0 2 2 0 1 1 0 2
 0 1 0 1 1 2 0 2 0 1 2 0 0 0 1 0 0 1 2 2 2 1 0 0 2 1 2 0 2 0 1 1 2 2 1 2 2
 0 0 2 2 2 1 2 1 2 0 1 1 0 1 1 2 1 0 1 0 0 1 0 0 2 0 1 2 0 2 1 1 0 2 0 1 2
 1 0 2 2 2 2 1 1 1 2 1 1 0 2 0 0 0 2 2 2 2 2 1 0 2 0 2 1 0 2 1 2 1 2 0 2 2
 0 2 1 1 1 0 2 1 2 1 2 0 0 1 2 1 2 0 0 1 0 2 0 1 1 1 0 1 1 2 1 0 2 0 2 2 2
 0 2 1 0 2 0 2 1 1 0 1 0 2 2 1 1 1 2 0 1 1 0 1 0 1 1 1 0 0 1 2 2 0 2 1 2 2
 1 1 1 1 0 1 1 1 0 2 0 1 0 0 1 1 0 1 1 1 0 2 1 0 1 2 2 1 2 2 1 0 0 2 1 2 2
 0 0 0 2 2 1 1 2 2 1 2 1 0 0 2 1 2 2 0 0 1 1 1 1 0 2 1 0 0 1 1 2 1 1 0 0 1
 2 0 1 1 2 1 0 1 1 1 2 0 1 1 2 0 0 1 1 0 1 2 2 1 2 1 2 1 0 0 2 0 1 1 1 1 0
 0 0 0 1 1 0 1 2 2 1 0 1 0 0 1 1 2 0 1 2 1 0 0 2 0 2 0 1 0 0 0 1 0 2 2 2 2
 0 0 0 1 1 0 0 0 1 1 0 1 1 0 0 0 0 2 0 0 0 0 0 0 2 1 2 0 0 1 2 1 2 1 0 0 0
 2 0 2 0 0 1 2 2 0 1 2 0 1 2 0 1 0 0 0 1 0 2 2 2 1 1 1 1 2 1 0 2 2 0 0 1 2
 1 2 2 2 1 2 1 0 0 1 2 2 2 0 1 1 1 1 1 2 2 0 1 0 1 0 1 0 1 0 2 2 2 2 2 2 0
 0 1 1 2 1 0 1 1 2 1 0 2 1 0 1 1 1 0 1 2 1 2 1 0 2 1 2 0 2 0 2 2 2 1 2 2 1
 1 2 1 1 2 0 0 0 2 2 2 1 2 1 2 1 0 0 0 2 2 1 2 2 1 1 2 1 0 1 1 0 1 0 2 0 0
 2 0 2 1 0 1 0 1 2 2 2 2 1 1 1 2 1 2 2 1 2 2 0 2 1 1 2 0 1 0 1 2 2 2 1 2 0
 0 2 0 0 0 0 1 2 1 0 2 0 2 1 2 2 0 2 1 0 1 0 0 0 1 2 2 2 2 0 1 2 1 1 0 1 0
 1 0 1 2 1 0 2 1 0 2 1 0 0 1 2 0 0 2 2]

========== Cluster 1 ==========

Base classifier: SVC(C=188.93754230093214, gamma=53.50212664757535, probability=True)

Minority Class: 1

Selected Features: [0 1 2 3 4 5 6 7 8 9]

Labels: [2 0 0 1 2 0 1 2 1 2 0 2 0 2 2 2 2 2 2 1 0 0 0 0 0 2 1 2 0 1 1 0 1 1 1 0 0
 0 1 1 0 1 2 1 0 1 1 1 0 0 2 2 0 0 1 2 0 2 0 1 0 2 1 0 0 2 2 0 0 2 2 2 0 0
 0 1 0 2 0 1 2 1 2 0 0 0 2 0 0 2 1 0 0 1 0 0 0 0 1 0 2 2 2 2 1 1 1 0 1 1 0
 2 0 0 2 0 2 1 0 0 0 2 2 2 2 2 2 2 2 1 2 1 1 1 2 0 2 1 0 2 0 1 2 2 1 2 1 2
 0 2 1 0 2 1 1 2 0 1 2 0 1 0 0 2 1 1 1 0 2 2 1 0 1 1 1 2 2 2 1 0 1 0 2 1 1
 2 2 0 1 2 2 1 2 1 2 2 1 2 1 2 1 2 2 2 1 2 0 1 0 0 0 2 0 0 0 1 2 0 1 1 2 0
 2 0 0 1 0 1 0 0 2 2 2 0 0 0 0 1 2 2 0 1 2 2 2 2 1 0 0 2 1 0 2 0 0 2 2 2 2
 2 1 1 1 1 1 0 1 2 0 2 1 0 2 2 0 2 0 1 1 0 0 1 0 2 0 1 1 1 2 0 0 2 2 1 2 0
 2 0 1 0 0 1 1 2 1 2 2 0 0 0 2 2 0 1 2 2 1 2 1 1 1 0 1 2 2 0 1 0 0 1 2 2 0
 2 2 1 1 1 0 0 0 0 1 0 2 1 0 2 1 2 1 1 0 2 2 2 1 1 0 1 1 0 1 0 2 0 0 0 1 2
 2 2 0 0 1 0 0 1 1 0 1 0 1 2 2 0 0 2 1 0 2 2 0 1 2 0 2 0 2 1 2 1 0 2 0 1 2
 1 0 0 1 1 1 0 1 1 0 1 0 1 0 1 0 2 2 0 1 1 1 2 0 0 1 0 0 2 0 1 1 0 2 0 1 2
 2 0 0 2 2 1 0 0 1 1 1 0 0 1 1 2 0 1 2 1 0 0 2 1 1 0 0 0 2 1 2 1 0 0 2 0 0
 2 0 2 1 1 2 2 1 2 0 1 1 1 2 1 0 1 1 1 2 1 1 2 2 0 0 1 2 0 0 2 1 0 1 0 0 1
 0 1 0 1 1 2 0 1 1 2 0 1 0 2 2 0 0 2 2 0 2 0 2 1 1 2 2 1 2 1 0 0 0 2 0 0 1
 0 1 2 2 2 2 1 0 2 0 2 1 2 0 1 2 2 0 2 0 2 2 0 0 2 0 1 1 0 0 0 2 0 0 2 0 0
 2 0 1 2 2 0 1 2 2 2 0 2 1 2 0 1 1 2 1 2 2 2 2 2 1 1 1 2 1 2 1 0 1 2 1 0 1
 1 1 1 1 0 1 0 1 2 1 1 0 2 0 2 1 2 2 0 2 0 0 1 0 1 1 0 0 1 1 2 2 0 1 2 0 2
 2 1 0 0 0 2 1 2 1 2 1 1 1 1 0 1 0 0 2 0 1 2 0 2 1 2 2 2 2 0 0 2 2 1 2 2]

