Clustering algorithm selected: fcm
=====================================

Clustering evaluation metric: rand
Clustering evaluation value: 0.29884882105319077

========== Cluster 0 ==========

Base classifier: DummyClassifier(strategy='most_frequent')

Minority Class: 0

Selected Features: [204 217 206 208 112 100 108 107 106  27  28 102 101  99 110  98  29  96
  95  94  93  30  31  89  25 113  24 122 131 130 129 128 127 126  22 123
 121  23 120 119 118 117 116 115 114  87  88  85  86  53  62  36  59  58
  57  56  38  39  52  41  51  49  48  47  46  45  44  43  63  64  65  66
  33  83  82  81  80  79  78  77  76  75  74  73  72  34  69  68  67 132
  20 134 175 195   6 193 192 191 190 189 188 187 186 185 184 183 182 181
 180 179 178 135 196 197 198 213 222 221 220   1 218 216 215 214   2 199
 211 210 209 207 205   3 202   5 176  42  15 150 155 174 153 152 138 151
  18 149  14 148  16 146 145  17 143 142 156  13 141 166   8 172   9 170
  10  11 167 165  19 164 163 162 161 136  12 159 140  32  21  40  37   4
  35  26   7 224  50 137 144 147 154 157 158 160 168 169 171 173 177 194
 200 201 203 212 219 139 133  54 125  55  60]

Labels: [0 0 0]

========== Cluster 1 ==========

Base classifier: GradientBoostingClassifier()

Minority Class: 1

Selected Features: [210 138 176   8   7 150 121 177 214  23  74 161 122   6 185  45  75 155
 194 206  40 223  32 111   4 162 113 124  22   0  44  13 101  86  39 179
 128 152 205 211 192 213  81 141  19  37 160 139 212 198   3 172 110 181
  98 118  66 164 175 222 132 107  56 163 149 146 105  16  53 129  36  68
 137  51 103  11 106 174  65  87 186 108 187  89 216  61 151  95  60  84
  28  63  54 183  42  72 221   9  91  76 184  57 100 136 191  15  46  97
 203 159 207  93 165 202  82  64  58  70  59  69  62  67  34  55  26   1
   2   5  10  12  14  17  18  20  21  24  25  27  52  29  30  31  33  35
  38  41  43  47  48  49  50  71 224  73  77 182 180 178 173 171 170 169
 168 167 166 158 157 156 154 153 188 189 190 208 220 219 218]

Labels: [0 0 0 0 1 0 0 1 0 0 0 0 0 0 1 0 0 1 0 0 0 0 1 0 0 0 1 0 0 0 1 0 0 1 0 0 1
 0 0 0 0 0 0 0 0 0 1 1 0 0 0 0 1 0 0 0 0 0 1 0 0 0 0 1 1 0 0 0 0 0 0 0 0 0
 1 1 0 0 1 1 1 0 0 0 0 1 1 0 0 1 0 0 0 1 0 0 0 1 0 1 0 0 1 0 0 0 0 1 0 0 0
 0 0 0 0 0 0 0 0 1 0 0 0 0 0 0 1 0 1 1 0 0 0 1 1 1 0 0 0 1 1 1 0 0 0 1 0 0
 0 0 0 0 0 0 0 0 0 0 0 0 0 1 0 0 0 0 0 0 0 0 0 0 0 1 1 0 0 1 1 0 1 0 1 0 0
 1 0 0 0 1 1 1 0 0 0 0 0 0 0 0 0 0 1 1 0 1 0 0 1 0 0 0 0 0 0 1 0 1 0 0 0 0
 0 0 0 0 0 0 0 0 0 0 0 0 0 0 1 0 0 0 0 0 1 0 0 0 0 0 0 0 1 1 0 1 0 1 0 0 0
 0 0 0 0 1 1 0 1 1 1 0 0 0 1 0 0 1 1 0 0 0 0 0 0 0 0 0 1 0 0 0 0 0 0 0 0 0
 0 0 0 0 0 0 0 0 1 0 0 0 0 1 0 1 0 0 0 0 0 1 1 0 0 1 0 0 0 0 0 0 0 1 0 1 0
 0 1 0 0 0 0 0 0 0 0 1 0 0 0 0 0 0 0 0 0 0 1 0]

========== Cluster 2 ==========

Base classifier: LogisticRegression()

Minority Class: 1

Selected Features: [164  73 183   0  44 143 141 137  71  52  47  85 115  76 175  83   7 180
 205   6 130  82 133 189  54  42 139 192  81  28  67  62 132  12 161  57
   5 111 173 120  66  94 171  91  60 201 184  13  65 224 214 168  36  55
  29   8 103 114  38 200   1 109  35  80  99  43 181 196 144 220 197  45
  95 213 179 222 215 216  64  58 105 159 202 191  92 150  46 194 112 126
  90   4  89  27 169  96 148 170  79 212 151 195 107 121 138  61 117  31
 204  33 135  16  11  10 210   9  56 211 221  59   3 209  63   2 208 207
 219  49  53  41 217  26  30  32  34  25  37  68  24  39  40  23 218  22
  21  20  19  18  17  48  15  50  51  14 206 174  69 185 147 146 145 142
 182 140 186]

Labels: [0 0 0 1 0 0 0 0 1 1 0 0 1 0 1 0 1 0 0 0 0 0 0 0 1 0 0 1 0 0 0 0 1 0 0 1 0
 0 0 1 0 0 0 0 0 0 0 0 1 1 0 0 0 0 0 1 0 0 1 0]

========== Cluster 3 ==========

Base classifier: SVC(probability=True)

Minority Class: 1

Selected Features: [206   6 220 212 216 146 200   0  32 140 174   3 153 115 138  45  53  18
  64  21  91 176 137  17  26  83 155 196 183 113   7 191   8 168 119  19
 159  60  40  69  13   5 188  88 141 131 125 170 123 122  92  28 145  52
 169  36  10  35 192 181 147  76 112 160  77  57  98 152  66 166 172  15
 121  54 202  80 187  29  27  22 171 157 219 211 133  42 136 154 161  74
  39 108 217  87 126  99  38 223 109  31  43 149 135  41 150 201  37 203
 204  44  47  46  55  61 197  59  58 165  56 148  33 198 199  51  50  49
  48  34  30 205 158   1   2 222   4 221 162 218   9 215  11  12 214  14
  16  63 213 156 210  20 209 163  23  24  25 208 164 207 151  62  67 195
  65 101 102 103 104 105 106 107 110 111 185 114 184 116 117 118 182 120
 173 180 179 124 178 127 128 129 130 177 132 175 100 139  97 143 167 134
  68 194  70]

Labels: [1 0 0 0 0 1 1 1 1 0 0 0 0 0 0 0]

========== Cluster 4 ==========

Base classifier: RandomForestClassifier()

Minority Class: 1

Selected Features: [121 143 189   3 150 198  46 129 119 149 132  62 169  67  70 211 108  89
  82 215 160  10  81 203 210 117  78 207 221  37   2 135  23  94 122 202
  98 114  41 183  64 123  22  93  83 171 156 182  68   5 216 161 136 187
 172 134  17 152  97 110 165 120 104 103 214 100 128  30  56  36  65  12
 109 199 138 217  11 208  29  16 179 178 177 148  40  50 141  96  95 197
  53 105 146 157 213 192   8  99 154 144  31   9  43 218 124 126  73 190
 102 168  42 130 118  20 174 125  35 158 212 201 155 147  80  52  58  63
  51  54  59  55  61  60  57 224  49  24   1   4   6   7  13  14  15  18
  19  21  25  48  26  27  28  33  34  38  39  44  45  47  32 112  66 151
 159 162 163 164 166 167 170 173]

Labels: [1 0 0 0 0 0 0 0 1 0 1 1 1 1 0 0 0 0 0 0 0 1 1 1 0 1 0 0 1 0 0 1 0 0 0 0 0
 1 0 0 0 1 1 0 1 0 0 0 0 1 1 1 0 0 0 0 0 0 1 1 0 0 1 0 0 0 1 1 0 1 1 0 0 0
 1 0 0 1 0 1 0 0 1 1 0 0 0 0 0 1 1 0 1 0 0 0 0 0 0 0 0 0 1 1 1 0 1 1 1 0 0
 1 0 0 1 1 1 0 0 0 1 0 0 0 0 0 0 0 0 0 0 0 0 1 0 0 0 0 0 0 0 0 0 0 1 0 0 1
 1 0 0 1 1 0 1 1 0 0 0 0 0 1 1 0 0 0 0 0 0 0 0 0 0 1 0 0 0 0 0 1 0 1 0 0 0
 0 1 0 1 0 0 0 0 1 1 1 0 0 0 0 0 0 1 1 0 1 0 0 0 0 0 1 0 1 0 0 1 1 1 1 1 0
 1 0 1 0 1 1 0 0 0 1 1 1 0 0 0 1 0 0 1 0 1 1 1 0 1 0 0 0 1 0 1 1 0 0 0 1 0
 1 1 1 1 0 0 0 0 1 0 1 0 0 0 0 1 0 0 0 0 1 0 1 0 0 0 1 1 0 0 0 1 0 0 1 0 0
 0 1 0 0 0 1 0 1 1 0 1 1 0 1 1 1 0 0 0 0 0 1 0 0 0 0 0 1 0 0 1 0 0 1 0 1 0
 1 0 0 0 0 1 1 1 0 0 0 1 0 0 0 0 0 1 0 0 1 1 0 1 0 0 0 0 0 0 1 0 0 0 1 1 1
 0 0 1 0 0 1 0 0 1 0 0 0 0 0 0 1 0 1 0 1 0 0 0 1 1 0 0 0 0 0 0 1 1 0 1 1 0
 0 0 0 0 1 0 1 0 0 0 1 0 0 1 0 1 0 1 0 0 0 0 1 1 0 0 1 1 1 0 0 0 1 1 0 1 0
 1 1 0 1 1 1 0 0 1 1 0 1 0 1 1 1 0 1 0]

========== Cluster 5 ==========

Base classifier: DummyClassifier(strategy='most_frequent')

Minority Class: 0

Selected Features: [  0   1   2   3   4   5   6   7   8   9  10  11  12  13  14  15  16  17
  18  19  20  21  22  23  24  25  26  27  28  29  30  31  32  33  34  35
  36  37  38  39  40  41  42  43  44  45  46  47  48  49  50  51  52  53
  54  55  56  57  58  59  60  61  62  63  64  65  66  67  68  69  70  71
  72  73  74  75  76  77  78  79  80  81  82  83  84  85  86  87  88  89
  90  91  92  93  94  95  96  97  98  99 100 101 102 103 104 105 106 107
 108 109 110 111 112 113 114 115 116 117 118 119 120 121 122 123 124 125
 126 127 128 129 130 131 132 133 134 135 136 137 138 139 140 141 142 143
 144 145 146 147 148 149 150 151 152 153 154 155 156 157 158 159 160 161
 162 163 164 165 166 167 168 169 170 171 172 173 174 175 176 177 178 179
 180 181 182 183 184 185 186 187 188 189 190 191 192 193 194 195 196 197
 198 199 200 201 202 203 204 205 206 207 208 209 210 211 212 213 214 215
 216 217 218 219 220 221 222 223 224]

Labels: [0 0]

