Clustering algorithm selected: fcm
=====================================

Clustering evaluation metric: rand
Clustering evaluation value: 0.2830549298644913

========== Cluster 0 ==========

Base classifier: SVC(probability=True)

Minority Class: 1

Selected Features: [212 220 200 205 210   6 206   3  20  43  59 148  55 123 109  39 137 110
 211   5 192 115  26  54  38 132 144  42 126  86 157  45  36 197 131 214
 154 219  79 122 160 224 113 138  10  33 183 139 158 185 147 216 118 149
 170 199  62 108 201 221 141 150  19 112 175 130  25 127  95 178 152  81
 111 156 208 135 177  27 180  11  51 136 145  29 217  24  80   0  44   1
 209  82 223 184 188 215 140  30  31 161  41 146  22  50  40 198 196   4
 222 195  46  47   2  48  49   9 203 166  52  53 194 193  56  57  58 191
  60  61 190 202 204  37 163  12  13  14  15  16  17  18 213   8  21   7
 162  23 155 164 153 151  28 165  64 218  32 207  34  35  63 174  65 100
 102 103 104 105 106 107 187 186 182 114 181 116 117 169 119 120 121 179
 143 124 125 142 171 128 129 176 172 133 134 101  99  66  98  67 173  69
  70  71  72  73  74  75  76  77  78]

Labels: [0 1 0 0 0 1 0 0 0 1 0 0 1 0 0 0 0 0 0 1]

========== Cluster 1 ==========

Base classifier: LogisticRegression()

Minority Class: 1

Selected Features: [  0 215 222 125   6  95 157 120  67 182 209 190 118 199 213 132 141 136
  54   1   8   3  70 121 158 177  94 207  23 156 201  69 162 223  65  44
  75  24 149  28 175 154 147  61 196 188 217 202 214 176 140  72  40 186
 200 119 221  37  16 152   7 113 106  58  22  85  21  43  84  87 193  13
  92  27  77  91  51  78  47  33 173 143 142  41 192 169  68  19  66  64
  99  35   4 205  56 185  50  30  46 167 148 117 116 219  25 131  60  71
  81 111  11   2 212  36  79   5  52  74  26  73  34  32  76  29  38  42
  39  45  53  14  31  49  48  12  57  17  20  59  10  18  62  63  15   9
  55 224  80 166 179 178 174 172 171 170 168 165 181 164 163 161 160 159
 155 153 180 183 150 204 220 218 216 211 210 208 206 203 184 198 197 195
 194 191 189]

Labels: [1 0 0 0 0 0 0 0 0 1 0 1 1 1 1 0 0 0 0 0 0 0 1 1 1 0 1 0 0 1 0 0 1 0 0 0 0
 0 1 0 0 0 1 1 0 1 0 0 0 0 1 1 1 0 0 0 0 0 1 1 0 0 1 0 0 0 1 1 0 1 1 0 0 0
 1 0 0 1 0 1 0 0 1 1 0 0 0 0 0 1 1 0 1 0 0 0 0 0 0 0 0 1 0 1 1 0 1 1 1 0 0
 1 0 0 1 1 1 0 0 0 1 0 0 0 0 0 0 0 0 0 0 0 0 0 1 0 0 0 0 0 0 0 0 0 0 1 0 0
 1 1 0 1 1 0 1 1 0 0 0 0 0 1 0 0 0 1 0 0 1 0 1 1 0 0 0 1 0 1 0 0 1 0 0 0 1
 0 0 1 0 1 0 1 0 0 0 0 0 0 0 0 1 0 0 0 1 0 0 1 1 1 0 0 1 1 0 0 0 0 0 1 0 0
 0 0 0 1 0 1 0 0 0 0 1 0 1 0 0 0 0 1 1 1 0 0 0 0 0 0 1 1 1 0 0 0 0 0 1 0 1
 0 0 1 1 1 1 1 0 1 0 1 0 1 1 0 0 0 1 1 1 0 0 0 1 0 0 1 0 1 1 1 0 1 0 0 0 1
 0 1 1 0 0 0 0 0 0 0 0 0 1 1 0 1 1 1 0 0 0 0 0 1 0 0 0 0 0 1 0 0 1 0 0 1 0
 1 0 1 0 0 0 0 1 1 1 0 0 0 1 0 0 0 0 0 1 0 0 1 1 0 1 0 0 0 0 0 0 1 0 0 0 1
 1 1 0 0 1 0 0 1 0 0 1 0 0 0 0 0 0 1 0 0 1 0 0 0 1 1 0 0 0 0 0 0 1 1 0 1 1
 0 0 0 0 0 1 0 1 0 0 0 1 0 0 1 0 1 0 1 0 0 0 0 1 1 0 0 1 1 1 0 0 0 1 1 0 1
 0 1 1 0 1 1 1 0 0 1 1 0 1 0 1 1 1 0 1 0]

========== Cluster 2 ==========

Base classifier: DummyClassifier(strategy='most_frequent')

Minority Class: 0

Selected Features: [  0   1   2   3   4   5   6   7   8   9  10  11  12  13  14  15  16  17
  18  19  20  21  22  23  24  25  26  27  28  29  30  31  32  33  34  35
  36  37  38  39  40  41  42  43  44  45  46  47  48  49  50  51  52  53
  54  55  56  57  58  59  60  61  62  63  64  65  66  67  68  69  70  71
  72  73  74  75  76  77  78  79  80  81  82  83  84  85  86  87  88  89
  90  91  92  93  94  95  96  97  98  99 100 101 102 103 104 105 106 107
 108 109 110 111 112 113 114 115 116 117 118 119 120 121 122 123 124 125
 126 127 128 129 130 131 132 133 134 135 136 137 138 139 140 141 142 143
 144 145 146 147 148 149 150 151 152 153 154 155 156 157 158 159 160 161
 162 163 164 165 166 167 168 169 170 171 172 173 174 175 176 177 178 179
 180 181 182 183 184 185 186 187 188 189 190 191 192 193 194 195 196 197
 198 199 200 201 202 203 204 205 206 207 208 209 210 211 212 213 214 215
 216 217 218 219 220 221 222 223 224]

Labels: [0 0]

========== Cluster 3 ==========

Base classifier: SVC(probability=True)

Minority Class: 1

Selected Features: [210 200 212 220 206 138 205   6 141 216 217 146 208 108   0  13  99 120
  20  40  92 159 134 193   4 137 140 213 157  52  69   3  80 152  64 203
  71  65 165 125 182 215 127  27  78  50 161 145 105 104  59  58   9 179
 156  35 117  62  68  67 130  17 143  51 124  37  46  93  30  86  29  75
 192 136  57 139 222  56 151   8  16  89 121 218 185  73 100 180 224 211
  43 184  15 181  41 102 142 154 183 191  36 178 195  38  39 194  63  42
  61  44  45  47 186  48  49 190  34 189  60 188  53  54  55 187 196 135
  33  32   1   2 221 219   5 214   7 209  10  11  12 207  14 204 202  18
  19 201  21  22  23  24  25  26 199  28 198 197 177  31 176  66 118 103
 160 158 106 107 155 109 110 111 223 113 114 115 116 119 175 153 150 122
 123 149 148 126 147 128 129 144 131 132 133 101 162 163  98 174  70 173
  72 172  74 171  76  77 170  79 169  81  82  83  84]

Labels: [0 1 0 0 0 0 0 0 0 0 1 1 1 1 0 0 0 1 0 0 1 0 0]

========== Cluster 4 ==========

Base classifier: DummyClassifier(strategy='most_frequent')

Minority Class: 0

Selected Features: [  0   1   2   3   4   5   6   7   8   9  10  11  12  13  14  15  16  17
  18  19  20  21  22  23  24  25  26  27  28  29  30  31  32  33  34  35
  36  37  38  39  40  41  42  43  44  45  46  47  48  49  50  51  52  53
  54  55  56  57  58  59  60  61  62  63  64  65  66  67  68  69  70  71
  72  73  74  75  76  77  78  79  80  81  82  83  84  85  86  87  88  89
  90  91  92  93  94  95  96  97  98  99 100 101 102 103 104 105 106 107
 108 109 110 111 112 113 114 115 116 117 118 119 120 121 122 123 124 125
 126 127 128 129 130 131 132 133 134 135 136 137 138 139 140 141 142 143
 144 145 146 147 148 149 150 151 152 153 154 155 156 157 158 159 160 161
 162 163 164 165 166 167 168 169 170 171 172 173 174 175 176 177 178 179
 180 181 182 183 184 185 186 187 188 189 190 191 192 193 194 195 196 197
 198 199 200 201 202 203 204 205 206 207 208 209 210 211 212 213 214 215
 216 217 218 219 220 221 222 223 224]

Labels: [0]

========== Cluster 5 ==========

Base classifier: GaussianNB()

Minority Class: 1

Selected Features: [224 111  81  80  79  78  77  76  75  74  73  72  71  70  69  68  67  66
  65  64  63  62  61  60  59  58  57  82  83  84  98 109 108 107 106 105
 104 103 102 101 100  99  97  85  96  95  94  93  92  91  90  89  88  87
  86  56  55  54  13  24  23  22  21  20  19  18  17  16  15  14  12  26
  11  10   9   8   7   6   5   4   3   2   1  25  27  53  41  52  51  50
  49  48  47  46  45  44  43  42  40  28  39  38  37  36  35  34  33  32
  31  30  29 110 112 223 113 194 193 192 191 190 189 188 187 186 185 184
 183 182 181 180 179 178 177 176 175 174 173 172 171 170 195 196 197 211
 222 221 220 219 218 217 216 215 214 213 212 210 198 209 208 207 206 205
 204 203 202 201 200 199 169]

Labels: [0 0 0 0 0 0 0 1 0 0]

========== Cluster 6 ==========

Base classifier: AdaBoostClassifier()

Minority Class: 1

Selected Features: [  8  49 214   0 217  17   4 114   6 116 169  14 104  92  68  41 140 207
 122 220  64 118   3 182 181 180 211 125 120  46  23  28  60  80  72  33
 154 171  29  56  24 200 215 197  69 206 170 164   2 187  79  19 136 173
  43 183 184  67  13 124  94 137  44 165 138  30  84  78 130 151  25  66
  36 119 141 100  90 190  87 148 201 202 133  96 129 101 223 167  81 199
 126 155  99 194  45 210 127 186  76   9  88  40 156  59  26  75 149  58
  31 176 153 139  47  97 147  50  12  86  11  27 166 123  65  10   7   5
  15   1  70  63  55  62  21  42  38  37  35  34  32  48  22  51  61  52
  53  54  39  57  20  18  16  71 224  73  74 189 188 185 179 178 177 175
 174 172 168 163 162 161 160 159]

Labels: [0 0 0 0 1 0 0 1 0 0 0 0 0 0 1 0 0 1 0 0 0 0 1 0 0 0 1 0 0 0 1 0 0 1 0 0 1
 0 0 0 0 0 0 0 0 0 1 1 0 0 0 0 1 0 0 0 0 0 1 0 0 0 0 1 1 0 0 0 0 0 0 0 0 0
 1 1 0 1 1 0 0 1 1 1 0 0 0 0 1 1 0 0 1 0 0 0 1 0 0 0 1 1 0 1 0 0 1 0 0 0 0
 1 0 0 0 1 1 0 1 0 0 0 1 0 1 0 0 1 0 0 0 0 0 0 0 1 0 0 1 0 1 0 0 0 1 0 0 0
 0 0 1 0 0 0 0 0 0 0 0 0 0 0 0 1 0 0 0 1 0 0 0 0 0 0 1 0 0 0 0 0 0 0 1 0 0
 1 1 0 0 0 1 1 1 0 0 0 1 1 1 0 0 0 0 0 1 0 0 0 1 0 0 0 0 0 0 0 0 0 0 0 0 0
 1 0 0 0 0 0 0 0 0 0 0 0 0 0 1 1 0 0 1 1 0 1 1 0 1 0 0 0 0 0 0 0 0 0 0 1 0
 0 0 0 0 1 0 0 0 0 0 0 0 1 1 0 1 0 1 0 0 0 0 0 0 0 1 1 0 1 1 1 0 0 0 1 0 0
 1 1 0 0 0 0 0 0 0 0 0 1 0 0 0 0 0 0 0 0 0 0 0 0 0 0 1 0 0 0 1 0 0 0 0 1 0
 0 0 1 0 0 0 0 0 1 1 0 0 1 0 0 0 0 0 0 0 1 0 1 0 0 1 0 0 0 0 0 0 0 0 1 0 0
 0 0 0 0 0 0 0 0 1 0]

