Clustering algorithm selected: fcm
=====================================

Clustering evaluation metric: rand
Clustering evaluation value: 0.33864454316977033

========== Cluster 0 ==========

Base classifier: DummyClassifier(strategy='most_frequent')

Minority Class: 0

Selected Features: [  0   1   2   3   4   5   6   7   8   9  10  11  12  13  14  15  16  17
  18  19  20  21  22  23  24  25  26  27  28  29  30  31  32  33  34  35
  36  37  38  39  40  41  42  43  44  45  46  47  48  49  50  51  52  53
  54  55  56  57  58  59  60  61  62  63  64  65  66  67  68  69  70  71
  72  73  74  75  76  77  78  79  80  81  82  83  84  85  86  87  88  89
  90  91  92  93  94  95  96  97  98  99 100 101 102 103 104 105 106 107
 108 109 110 111 112 113 114 115 116 117 118 119 120 121 122 123 124 125
 126 127 128 129 130 131 132 133 134 135 136 137 138 139 140 141 142 143
 144 145 146 147 148 149 150 151 152 153 154 155 156 157 158 159 160 161
 162 163 164 165 166 167 168 169 170 171 172 173 174 175 176 177 178 179
 180 181 182 183 184 185 186 187 188 189 190 191 192 193 194 195 196 197
 198 199 200 201 202 203 204 205 206 207 208 209 210 211 212 213 214 215
 216 217 218 219 220 221 222 223 224]

Labels: [0 0]

========== Cluster 1 ==========

Base classifier: AdaBoostClassifier()

Minority Class: 1

Selected Features: [  3  51 147  43  39 128 152  92 139 167  50  79  87  11 215   0 224 207
 191 154  55 109 103  48 129 186 117 212 192 198 114 107  84 110 132 127
 218 201  15  29 116  12   8  90  46 133  37 173 164 171 214 125 193 131
 101  47 115 157  91 181 223 197  65   9  35 166  16 203 121 170 208   4
 160  49  76 102  27  77 189 187  70  99   5  64 155 168  34 219  38  44
  75 105   1 180 206  10 123 111  68 150 165 149  58  59  60  13  61  62
  57  63  42   7 221  56  66  67   6  69 222  71  72  73   2  14 205  17
  25  40  74  36  33  32  45  31  30  28  26  24  18  23  22  21 217  20
  52  53  19  54  41 220 100  78 172 163 162 161 159 158 156 153 209 151
 148 210 146 145]

Labels: [1 0 0 0 0 0 0 0 1 0 1 1 1 1 0 0 0 0 0 0 0 1 1 1 0 1 0 0 1 0 0 1 0 0 0 0 0
 1 0 0 0 1 1 0 1 0 0 0 0 1 1 1 0 0 0 0 0 0 1 1 0 0 1 1 0 0 0 1 1 1 1 0 0 1
 0 0 1 0 1 0 0 1 1 0 0 0 0 1 1 0 1 0 0 0 0 0 0 0 0 0 0 1 0 1 1 0 1 1 0 1 0
 0 1 0 0 1 0 1 1 0 0 0 1 0 0 0 0 0 0 0 0 0 0 0 0 1 0 0 0 0 0 0 0 0 0 0 1 0
 0 1 0 1 0 0 0 1 1 0 1 1 0 0 0 0 0 1 1 1 0 0 0 1 0 0 1 0 1 1 0 0 0 1 0 1 0
 0 1 0 0 0 1 0 0 1 0 1 0 1 0 0 0 0 0 0 0 0 1 0 0 0 1 0 0 1 1 1 0 0 1 1 0 0
 0 0 1 0 0 0 0 0 1 0 1 0 0 0 0 1 0 1 0 0 0 0 1 1 1 1 0 0 0 1 0 0 0 1 1 0 1
 0 0 0 0 0 0 1 1 0 1 0 0 1 1 1 1 1 0 1 0 1 0 1 1 1 0 0 0 1 1 1 0 0 0 1 0 0
 1 0 1 1 1 0 1 0 0 0 1 0 1 1 0 0 0 1 0 1 1 1 1 0 0 0 0 1 0 1 0 0 0 0 0 1 0
 0 0 0 1 0 1 0 0 0 1 1 0 0 0 1 0 0 1 0 0 0 0 1 0 0 0 1 0 1 1 0 1 1 1 0 1 1
 1 0 0 0 0 1 0 0 0 0 0 1 0 0 1 0 0 1 0 1 0 1 0 0 0 0 1 1 1 0 0 0 1 0 0 0 0
 0 1 0 0 0 1 1 0 1 0 0 0 0 0 0 0 0 0 0 0 0 0 0 0 1 0 1 0 1 0 0 0 1 1 0 0 1
 1 1 0 0 0 1 0 1 0 1 0 1 1 0 1 0 1 1 0 0 1 1 0 1 0 1 1 1 0 1 0]

========== Cluster 2 ==========

Base classifier: DummyClassifier(strategy='most_frequent')

Minority Class: 0

Selected Features: [221 204 223 212 208 210 112  82  95  93  92  91  89  87  86  81 101  78
  76  75  74  72  71  69  68  65  98 105 102 117 127 126 125 124 123 122
 121 118 116 103 114 113 111 110 107 106  62 104  63  55  61  12  22  21
  20  18  16  15  14  13  11  25   9   8   7   6   5   4   3   1  24  26
  58  44 130  53  52  50  49  47  46  45  43  28  39  38  36  34  33  32
  31  30 128   0 131 177 192 190 188 187 186 184 183 182 176 163 175 174
 171 170 169 168 167 166 193 196 197 198 222 220 219 218 217 216 215 214
 213 211 207 206 205 203 202 201 200 165 173 150 154 145 155 143 142 141
 156 140 146 148 157 139 138 160 153 136 132 149  37  27 189 109 194  29
 195 191  35 108 147 161 199  23 144  40 115  17 209 119 120  10 137 135
 134 133   2  19 151  41  42  66  67 172  70  94  73 158 159  90  77  79
  80 164  88  83  84  85 129  64  96 180 162 152 185  48 100 181  51 179
  97  54 178  56  57  99]

Labels: [0 0 0 0]

========== Cluster 3 ==========

Base classifier: DummyClassifier(strategy='most_frequent')

Minority Class: 0

Selected Features: [  0   1   2   3   4   5   6   7   8   9  10  11  12  13  14  15  16  17
  18  19  20  21  22  23  24  25  26  27  28  29  30  31  32  33  34  35
  36  37  38  39  40  41  42  43  44  45  46  47  48  49  50  51  52  53
  54  55  56  57  58  59  60  61  62  63  64  65  66  67  68  69  70  71
  72  73  74  75  76  77  78  79  80  81  82  83  84  85  86  87  88  89
  90  91  92  93  94  95  96  97  98  99 100 101 102 103 104 105 106 107
 108 109 110 111 112 113 114 115 116 117 118 119 120 121 122 123 124 125
 126 127 128 129 130 131 132 133 134 135 136 137 138 139 140 141 142 143
 144 145 146 147 148 149 150 151 152 153 154 155 156 157 158 159 160 161
 162 163 164 165 166 167 168 169 170 171 172 173 174 175 176 177 178 179
 180 181 182 183 184 185 186 187 188 189 190 191 192 193 194 195 196 197
 198 199 200 201 202 203 204 205 206 207 208 209 210 211 212 213 214 215
 216 217 218 219 220 221 222 223 224]

Labels: [0]

========== Cluster 4 ==========

Base classifier: GaussianNB()

Minority Class: 1

Selected Features: [  0   1   2   3   4   5   6   7   8   9  10  11  12  13  14  15  16  17
  18  19  20  21  22  23  24  25  26  27  28  29  30  31  32  33  34  35
  36  37  38  39  40  41  42  43  44  45  46  47  48  49  50  51  52  53
  54  55  56  57  58  59  60  61  62  63  64  65  66  67  68  69  70  71
  72  73  74  75  76  77  78  79  80  81  82  83  84  85  86  87  88  89
  90  91  92  93  94  95  96  97  98  99 100 101 102 103 104 105 106 107
 108 109 110 111 112 113 114 115 116 117 118 119 120 121 122 123 124 125
 126 127 128 129 130 131 132 133 134 135 136 137 138 139 140 141 142 143
 144 145 146 147 148 149 150 151 152 153 154 155 156 157 158 159 160 161
 162 163 164 165 166 167 168 169 170 171 172 173 174 175 176 177 178 179
 180 181 182 183 184 185 186 187 188 189 190 191 192 193 194 195 196 197
 198 199 200 201 202 203 204 205 206 207 208 209 210 211 212 213 214 215
 216 217 218 219 220 221 222 223 224]

Labels: [1 0 0]

========== Cluster 5 ==========

Base classifier: DummyClassifier(strategy='most_frequent')

Minority Class: 0

Selected Features: [  0   1   2   3   4   5   6   7   8   9  10  11  12  13  14  15  16  17
  18  19  20  21  22  23  24  25  26  27  28  29  30  31  32  33  34  35
  36  37  38  39  40  41  42  43  44  45  46  47  48  49  50  51  52  53
  54  55  56  57  58  59  60  61  62  63  64  65  66  67  68  69  70  71
  72  73  74  75  76  77  78  79  80  81  82  83  84  85  86  87  88  89
  90  91  92  93  94  95  96  97  98  99 100 101 102 103 104 105 106 107
 108 109 110 111 112 113 114 115 116 117 118 119 120 121 122 123 124 125
 126 127 128 129 130 131 132 133 134 135 136 137 138 139 140 141 142 143
 144 145 146 147 148 149 150 151 152 153 154 155 156 157 158 159 160 161
 162 163 164 165 166 167 168 169 170 171 172 173 174 175 176 177 178 179
 180 181 182 183 184 185 186 187 188 189 190 191 192 193 194 195 196 197
 198 199 200 201 202 203 204 205 206 207 208 209 210 211 212 213 214 215
 216 217 218 219 220 221 222 223 224]

Labels: [0]

========== Cluster 6 ==========

Base classifier: RandomForestClassifier()

Minority Class: 1

Selected Features: [200 206 220 210  95   6 177  24  22   5  18 142 186   8 222  62  52 168
  26 193 101  88 172 185 137 136  32  15  79  54 179 212  73 196  69   3
 171 187 125  82   7 130 116  46 139 214  42  59  64 126  12 120  94  35
 223  49 189 163  56  83 224 180 140 158 110 128  84  28 133  70 174  99
  98  85  39 103 153  34 112 195 144  60 154  50 149 156 119 161 152  89
 117 207  68  63  76  47  37  38 201  40  41 199  65  43 188  44  45 198
 192  57 190  61  48 197  51 202 191  53 194  58  55  36 145 203 216  14
  13 215  11  10   9 217  33 218 219   4 221   2   1 213  16  17 211  19
  20  21 209  23 208  25  27 205  29  30  66 204  31  72  67 124 107 108
 109 111 160 113 114 115 159 118 157 121 122 123 155 105 127 129 131 132
 151 134 135 150 138 148 147 141 146 143 106 104 184  86 183  71 182  74
  75  77  78 181  80  81 178 176 175]

Labels: [0 0 1 0 0 0 1 0 0 0 0 0 0 1 0 0 0 0 0 0 1 0]

========== Cluster 7 ==========

Base classifier: AdaBoostClassifier()

Minority Class: 1

Selected Features: [ 64 187 136  47 138 199  99 168 135  84 169 194 158 162 101   3 221 214
  26 218 167 212 110  86  97  66 208 179 114  75   0   6 206  43 123 160
  63  41 188 200 215  23   7  72 149  90 197  53  20 148 203 195  49 125
 190 122  15   5 130  79 207  21  33  83  70 205 217  36 192 170 209 159
 150  57  11  65 137  94  93 117 193  22 154 102 180 184  13   8 147  59
  73 198  55  51 178 222 175   4 165  60 141   1  78 105 116 113  39  46
 103 176  12  62  10  67  68  61  69  14   9   2  71  32  16  58  40  30
  29  34  35  28  37  38  27  25  24  42  56  19  44  45  48  18  50  52
  17  31  54  74 224  76 157 173 172 171 166 164 163 161 156  77 155 153
 152 151 146 145 144 174 177 181 182 220 219 216 213 211 210 204 202 201
 196 191 189 186 185 183 143 142]

Labels: [0 0 0 0 0 0 1 0 0 0 0 0 0 1 0 0 0 1 0 0 0 0 1 0 0 0 1 0 0 0 1 0 0 1 0 0 1
 0 0 0 0 0 0 0 0 1 1 0 0 0 0 1 0 0 0 0 0 0 1 0 0 0 0 1 1 0 0 0 0 0 0 0 0 0
 1 1 0 1 1 0 0 1 1 1 0 0 0 0 0 1 1 0 0 1 0 0 0 1 0 0 0 1 1 0 1 0 0 0 1 0 0
 0 0 1 0 0 0 0 0 1 1 0 1 0 0 0 0 1 0 1 0 0 1 0 0 0 0 0 0 0 1 0 0 1 0 1 0 0
 0 1 0 0 0 0 0 1 0 0 0 0 0 0 0 0 0 0 0 0 1 0 0 0 1 0 0 0 0 0 0 1 0 0 0 0 0
 0 0 0 1 0 0 1 1 0 0 0 1 1 1 0 0 0 1 1 1 0 0 0 0 1 0 0 0 0 0 0 0 0 0 0 0 0
 0 0 0 1 0 1 0 0 0 0 0 0 0 0 0 0 0 0 1 1 0 0 0 1 1 0 1 1 0 1 0 0 0 1 0 0 1
 0 0 1 1 0 1 0 0 0 0 0 0 0 0 0 0 1 1 0 1 0 0 1 0 0 0 0 0 0 1 0 0 0 1 0 0 0
 0 0 0 0 0 0 0 0 0 0 0 0 0 1 0 0 0 0 0 1 0 0 0 0 0 1 0 0 0 0 0 0 0 1 1 0 1
 0 1 0 0 0 0 0 0 0 0 1 1 0 0 1 1 0 0 0 0 0 0 0 1 0 0 0 0 0 0 0 1 0 1 0 0 1
 0 0 0 0 0 0 0 0 1 0 0 0 0 0 0 0 0 0 0 1 0]

========== Cluster 8 ==========

Base classifier: DummyClassifier(strategy='most_frequent')

Minority Class: 0

Selected Features: [  0   1   2   3   4   5   6   7   8   9  10  11  12  13  14  15  16  17
  18  19  20  21  22  23  24  25  26  27  28  29  30  31  32  33  34  35
  36  37  38  39  40  41  42  43  44  45  46  47  48  49  50  51  52  53
  54  55  56  57  58  59  60  61  62  63  64  65  66  67  68  69  70  71
  72  73  74  75  76  77  78  79  80  81  82  83  84  85  86  87  88  89
  90  91  92  93  94  95  96  97  98  99 100 101 102 103 104 105 106 107
 108 109 110 111 112 113 114 115 116 117 118 119 120 121 122 123 124 125
 126 127 128 129 130 131 132 133 134 135 136 137 138 139 140 141 142 143
 144 145 146 147 148 149 150 151 152 153 154 155 156 157 158 159 160 161
 162 163 164 165 166 167 168 169 170 171 172 173 174 175 176 177 178 179
 180 181 182 183 184 185 186 187 188 189 190 191 192 193 194 195 196 197
 198 199 200 201 202 203 204 205 206 207 208 209 210 211 212 213 214 215
 216 217 218 219 220 221 222 223 224]

Labels: [0]

