Clustering algorithm selected: fcm
=====================================

Clustering evaluation metric: rand
Clustering evaluation value: 0.029281854346569512

========== Cluster 0 ==========

Base classifier: SVC(probability=True)

Minority Class: 1

Selected Features: [  8 161 124   5 155 156  66 158 208  78 209 213 191   4  93 214   3 131
  45 151 162 150   0  37  82 119  69 126 221  65 181 202 111  92 149  22
  47  79 146  11  14  41  84 203 183 105 198 106 127  38 218 120 115  58
 171 133  68  72   9  89 123 177 164 201 216 165  83 143 147  50 152 190
 114  55 107 176  81 157  31  17  42  76  99 109 173 154 139  74 184 169
  43   1 159 153 200 122  53 210 144  10  63  26  96 166  44 206 148 168
  60  70   6  59  71  61  57   2  62  67  64   7  18  56  15  20  21  23
  24  25  27  28  29  30  32  16  33  13  54  12  34  35  36  39  40  19
  46  48  49  51  52  73 224  75 189 187 186 185 182 180 179 178 175 174]

Labels: [0 0 0 0 1 0 0 1 0 0 0 0 0 0 0 1 0 0 0 0 1 0 0 0 0 1 0 0 0 1 0 0 0 1 0 0 1
 0 0 1 1 0 0 0 0 0 0 0 0 0 1 1 0 0 0 0 1 0 0 0 0 0 1 0 0 0 0 1 1 0 0 0 0 0
 0 0 0 0 0 0 1 1 1 0 0 0 0 1 1 0 1 0 0 0 0 1 0 1 0 0 1 0 0 0 0 0 0 0 1 0 0
 1 0 1 0 0 0 1 0 0 0 0 0 1 0 0 0 0 0 0 0 0 0 0 0 0 1 0 0 0 1 0 0 0 0 0 0 1
 0 0 0 0 0 0 0 0 1 0 0 1 1 0 0 0 1 1 1 0 0 0 1 1 1 0 0 0 0 0 1 0 0 0 1 0 0
 0 0 0 0 0 0 0 0 0 0 1 0 1 0 0 0 0 0 0 0 0 0 0 0 0 0 0 1 1 0 0 0 1 1 0 1 1
 0 1 0 0 0 0 1 0 0 0 0 1 0 0 1 1 0 1 0 0 0 0 0 0 0 0 0 0 1 1 0 1 0 0 1 0 0
 0 0 0 1 0 0 0 1 0 0 0 0 0 0 0 0 0 0 0 0 0 0 0 0 1 0 0 0 0 0 1 0 0 0 0 0 1
 0 0 0 0 0 0 0 1 1 0 1 0 1 0 0 0 0 0 0 0 0 1 1 0 0 1 1 1 0 0 0 1 0 0 1 1 0
 0 0 0 0 0 0 0 0 0 1 0 0 0 0 0 0 0 0 0 0 0 0 0 0 1 0 0 0 1 0 0 0 0 1 0 0 0
 1 0 0 0 0 0 1 1 0 0 1 0 0 0 0 0 0 0 1 1 0 1 0 0 1 0 0 0 0 0 0 0 0 0 1 0 0
 0 0 0 0 0 0 0 0 1 0]

========== Cluster 1 ==========

Base classifier: SVC(probability=True)

Minority Class: 1

Selected Features: [177 193  28 129  10 166 133   6 124  43 105  56 111 115  68 224 160 150
 218  66   0  65  35 202  24 126 180 134   8 113  80 173   7 168  75  39
 192 186 122  38  70   2 114  94  81  90 164 216 153 127 118 207  16  34
 189  72 108  48 219 155 214  51  69 178  25   1 132  37 209  77 147  78
 188  89  74 112 136 162  73 215  55 184 116 143  45 144 106  26 148  41
  98  54  23 217 170  40 161 142  47  31 210  22  59  82 149 179   5 175
  92  97  44  58 159  11  30  13  12  67  36  71 221  15   9  32 222  33
   4   3  14  50  64  57  20  49  52  19  46  42  18  27  63  17 220  60
  61  62  29  21  53 203  76 176 172 171 169 167 206 165 163 158 157 156
 154 152 151 208 146]

Labels: [1 0 0 0 0 0 1 0 1 1 1 1 0 0 0 0 0 1 1 0 1 0 1 0 0 1 0 0 0 0 0 1 0 0 0 1 1
 0 0 0 0 0 1 0 0 0 0 1 1 0 1 0 0 1 1 1 1 0 1 0 0 1 0 0 0 1 1 0 0 0 0 1 0 1
 0 0 0 0 0 1 1 1 1 1 1 0 0 1 0 0 1 1 0 0 0 1 0 1 0 0 1 0 0 0 0 0 0 0 0 0 0
 0 0 1 0 0 1 0 1 0 1 0 0 0 0 0 0 0 0 1 0 1 0 0 1 0 1 0 0 0 1 1 1 0 0 0 1 1
 1 0 0 0 0 1 0 1 0 0 1 1 1 1 1 1 0 1 1 0 0 0 1 0 0 0 1 1 1 0 1 0 0 1 1 0 0
 1 1 1 0 0 0 0 1 0 0 0 0 1 0 0 0 1 0 1 0 0 1 1 0 1 0 0 1 0 0 1 0 0 0 1 0 1
 1 0 0 1 1 1 0 0 0 0 0 0 0 0 1 0 0 0 0 0 1 1 0 0 1 0 0 0 1 0 0 1 1 0 1 0 0
 0 0 1 0 0 1 0 1 0 0 0 1 0 0 1 0 0 0 0 0 0 1 1 0 0 0 0 1 0 1 0 0 0 1 0 1 0
 0 1 1 0 1 0 0 0 0 1 1 0 0 1 1 1 0 1 1 0 1 1 1 0 1 1 0 1 1 0 0 1 1 1 0 1 0]

========== Cluster 2 ==========

Base classifier: SVC(probability=True)

Minority Class: 0

Selected Features: [ 10  60 138   3  25 132 214  53  13  57 161 203 174 207  68  26 123 136
 181 131  42  54 208  83  35 141 122 140 209  45  24   7  56 198 176  65
 221 152 110 166  23 213  95 102  22 186 216 224 153  71 188 104 144 137
 162   0 103 179  28  82  30  21 149  49 218 126  88 146  84 201 108  86
  38  72  92 129  85 118 113 130 163 128 150  81  78 107  15 168 222 200
 135  39  94 206 204  11  18 120 156 151 197  14 133 187 117 178  50  59
  36  37 160  61  40  41 205  43  44  47  46 158  48 159  58  51 199  52
 202  55 182 171  34  17   1   2   4   5   6 220   8   9 219  12 169 165
  16  19  33  20 164 217 215 212 211 210  27 170  29  63  31  32  62 195]

Labels: [0 1 1 0 0 0 1 0 0 0 0 1 0 0 1 1 1 1 1 1]

========== Cluster 3 ==========

Base classifier: SVC(probability=True)

Minority Class: 0

Selected Features: [ 13 222 213  12 200  18 148 136 167   7 215   0  37 135  33 116 197 131
  59 158 144 130  19 212 170  83 198 129  50  58 107   8 214  43   4 221
 156  17  86 162 117  53  47  16 123 218 114 168 100 132 201  27 142  68
  88 204  32 160  45 139 101 104  10  84 153  93  72 219 205  34 109   3
  22 137 164 134 211 185 216 182 192  54   1 113  14  78 141 138  30 159
  26  61  51 102  96  29  91  31  81 190 210  28 174 161  35 140  73  67
  63  74  69  64  65  70  75  66  71  76  39  62  36   2   5   6   9  11
  15  20  21  23  24  25  38  60  40  41  42  44  46  48  49  52  55  56
  57  77 224  79 173 181 180 179 178 177 176 175 172 184 171 169 166 165
 163 157 155 183 186  80 202]

Labels: [0 0 0 0 0 1 0 0 1 0 1 0 1 0 1 1 1 1 1 1]

========== Cluster 4 ==========

Base classifier: SVC(probability=True)

Minority Class: 1

Selected Features: [  3 182 215  44  66 199 130 214 105  17  54  35 112 190  57 175  73  72
 189 133 122 108 135 132 172  14 200  41 217 223 202  68 197 136  26 191
  58  75  28  69  40 139 218 126  67  49 165 213   6 153 138 101  10 104
  27 144 143  24  63  38 184  91 103 224 179 109  31  59 211 124 142 210
   4 161 123 176 188  50 148  45  82  65 159 111 201 131 160 156 212   9
  23 168 170  36 158 207 164  46 155  12  79   0  70   1 171   2  48 174
  39  42 205 206 162 204  37 145 208  34  33  43 141 163 146  47 203 140
  51  52  53 166  55  56 198  32  30 137  15 222 157   5 221   7   8 154
 220  11 152  13 219  16  29 216  18  19  20  21  22 151 150  25 149 147
 209 196  61  60 121  94  95  96  97  98  99 100 181 102 180 128 178 106
 107 177 127]

Labels: [0 0 0 0 1 0 1 1 1 0 0 0 1 0 0 1 1 0 0 0 0 0 0 0 0 0 1 0 1 1 0 1 0 0 0 1 1
 0 1 0 1 0 0 0 0 0 0 0 0 1 0 0 1 1 1 0 0 1 1 0 0 1 0 0 0 1 1 0 1 0 0 0 0 0
 0 0 1 0 0 1 0 0 0 1 1 0 1 1 0 0 0 0 0 0 1 1 0 0 0 1 0 0 0 1 0 0 1 1 0 0 0
 0 0 1 0 0 0 0 0 1 0 1]

