============== Classifiers Parameters ==============
[{'cost': 793.7144393951023, 'gamma': 829.1488213899474}, {'cost': 812.9103863280786, 'gamma': 101.17297154052483}, {'cost': 644.4169724568072, 'gamma': 24.92289522134479}, {'cost': 629.8312401593415, 'gamma': 721.8538525349386}, {'cost': 914.8480338713293, 'gamma': 178.6136051894105}]

Optimal clusterer: kmeans

External clustering metrics:
adjusted_rand_score: 0.7499096215388179
normalized_mutual_info_score: 0.6431198411014726
v_measure_score: 0.6431198411014726
fowlkes_mallows_score: 0.8854424895147797

Internal clustering metrics:
silhouette: 0.36839288061612674
davies_bouldin: 1.1813705055598707
calinski_harabasz_score: 300.1101084424855

Base classifier: svm
========== Cluster 0 ==========

Labels: [1 1 1 1 1 1 1 1 1 1 1 1 1 1 1 1 1 1 1 1 1 1 1 0 1 0 1 1 1 0 1 1 0 1 0 0 1
 0 1 1 1 1 1 1 1 0 1 1 1 1 0 0 0 0 1 1 0 1 1 1 1 0 0 1 0 1 0 0 1 1 1 0 0 1]

========== Cluster 1 ==========

Labels: [1 1 0 1 1 0 0 0 0 1 0 0 0 0 0 0 0 1 0 0 0 0 1 1 0 0 0 0 0 0 0 1 0 0 0 1 0
 0 0 0 0 0 0 0 0 0 0 0 0 0 0 0 0 0 0 0 0 0 0 0 0 0 0 0 0 0 0 0 0 0 0 0 0 0
 0 0 0 0 0 0 0 0 0 0 0 0 0 0 0 0 0 0 0 1 1 0 0 0 0 0 0 0 0 0 0 0 0 0 0 0 0
 0 0 0 0 0 0 0 0 0 0 0 0 0 0 0 0 1 0 0 0 0 0 0 0 1 0 0 0 0 0 0 0 0 0 0 0 0
 0 0 0 0 0 0 0]

========== Cluster 2 ==========

Labels: [1 1 1 1 1 1 1 1 1 1 1 1 1 1 1 1 1 1 1 1 1 1 1 1 1 1 1 1]

========== Cluster 3 ==========

Labels: [0 0 0 0 0 0 0 0 0 0 0 0 1 0 0 0 0 1 0 0 0 0 0 0 0 0 0 0 0 0 0 0 0 0 0 0 0
 0 0 0 0 0 0 0 0 0 0 0 0 0 0 0 0 0 0 0 0 0 0 0 0 0 1 0 0 0 0 0 0 0 0 0 0 0
 0 0 0 0 0 0 0 0 0 0 0 0 0 0 0 0 0 0 0 0 0 0 0 0 0 0 0 0 0 0 0 0 0 0 0 0 0
 0 0 0 0 0 0 0 0 0 0 0 0 0 0 0 0 0 0 0 0 0 0 0 0 0 0 0 0 0 0 0 0 0 0 0 0 0
 0 0 0 0 0 0 0 0 0 0 0 0 0 0 0]

========== Cluster 4 ==========

Labels: [1 1 1 1 1 1 1 1 1 1 1 1 1 1 1 1 1 1 1 1 1 1 1 1 1 1 1 1 1 1 1 1 1 1 1 1 1
 1 1 1 1 1 1 1 1 1 1 1 1 1 1 1 1 1 1 1 1 1 1 1 1 1 1 1 1 1 1 1 1 1 1 1 1 1
 1 1 1 1 1 1 1 1 1 1 1 1 1 1 1 1 1 1]

