Clustering algorithm selected: kmeans++
=====================================

Clustering evaluation metric: silhouette
Clustering evaluation value: 0.37747055230579873

========== Cluster 0 ==========

Base classifier: SVC(probability=True)

Minority Class: 0

Selected Features: [21 24 23  0  3  1  4  8  2 14 28 22 27  7 26 17 13  6  9 19 11 16 20 10]

Labels: [1 0 1 0 0 1 1 0 0 0 0 0 0 0 0 0 1 0 0 0 0 1 0 0 0 1 1 1 0 1 0 1 1 0 0 0 1
 1 0 1 0 1 0 1 1 0 0 1 1 0 0 0 1 0 1 0 1 1 0 0 0 0 0 1 1 1 0 1 1 0 1 1 1 0
 1 1 0 0 1 1 0 0 1 1 0 1 0 0 1 1 1 0 0 0 1 1 1 1 1 0 0 0 1 0 1 1 1 0 1 1 1
 0 0 1 1 1 1 0 0 1 1 0 0 0 0 0 0 1 1 1 1 1 1 1 1 0 1 0 1 1 0 0 0 0 1 1 1 0
 0 1 1 1 0 1 0 1 1 0 1 1 1 1 1 1 0 0 0 1 0 0 0 1 0 1 1 1 1 1 0 0 1 0 0 1 1
 0 0 1 1 0 1 1 0 0 1 0 1 1 0 1 1 1 1 0 1 0 1 0 1 0 0 1 1 1 0 1 0 1 1 1 1 0
 0 0 0 1 1 1 1 1 1 1 0 1 0 0 0 0 1 0 1 0 0 0 1 1 0 1 1 1 0 0 1 0 1 0 1 1 1
 0 0 1 0 0 1 1 0 1 0 1 0 1 0 1 0 0 1 1 1 1 1 1 0 1 0 1 1 1 0 0 0 0 1 0 0 0
 0 1 0 0 0 0 1 1 0 1 0 1 0 0 1 0 0 1 0 1 0 0 1 0 0 0 1 0 1 1 0 1 1 0 0 1 0
 0 0 0 0 1 1 1 0 1 0 1 0 0 1 1 1 0 0 0 1 1 1 1 1 0 1 1 1 1 0 0 0 0 0 1 0 1
 1 1 1 0 0 1 1 1 0 0 0 0 0 1 0 1 0 1 1 0 0 1 1 0 1 0 1 0 0 1 0 0 1 0 0 1 0
 0 1 1 1 0 0 0 0 0 1 1 0 1 1 0 1 0 1 0 1 0 0 1 1 1 0 1 1 1 1 1 1 1 0 0 1 0
 1 1 0 1 0 1 0 0 1 0 1 1 1 0 1 1 0 0 0 1 0 1 0 0 0 0 1 1 0 0 0 1 1 1 1 1 1
 1 0 1 0 0 1 1 1 1 1 0 0 1 0 0 1 0 1 0 1 0 0 1 0 0 1 1 0 0 0 1 0 0 0 1 1 0
 0 1 1 0 0 0 0 1 0 0 1 0 0 0 1 0 1 0 0 0 0 1 0 0 0 1 0 0 1 1 1 0 1 1 0 0 1
 0 0 1 0 0 0 1 0 0 0 0 1 1 0 1 0 0 1 0 1 0 1 1 0 0 0 0 0 0 1 1 1 1 0 1 1 0
 0 0 0 0 1 1 0 1 1 1 1 1 0 1 0 0 0 1 1 1 1 1 1 0 1 0 1 0 0 1 1 0]

Synthetic samples indexes: [  0   2   5   6  16  21  25  26  27  29  31  32  36  39  41  43  44  47
  48  52  54  56  57  63  67  68  70  74  75  79  82  83  85  88  89  90
  94  95  96 102 104 105 106 108 109 110 113 114 115 116 119 120 127 128
 129 130 131 133 136 138 139 145 146 149 150 151 153 155 156 159 160 161
 162 167 171 173 174 175 177 180 183 184 187 188 190 191 194 196 197 199
 200 201 202 206 208 211 212 213 215 217 218 219 220 225 226 227 228 229
 230 231 233 238 240 244 245 247 248 252 254 256 257 258 261 265 267 269
 271 273 276 278 279 280 281 283 285 286 287 292 297 302 303 305 307 310
 313 315 318 322 324 325 327 328 331 337 339 341 343 346 347 348 352 353
 354 355 356 358 359 361 367 369 370 371 372 375 376 377 383 385 387 391
 392 396 399 405 408 409 410 416 419 420 422 424 426 429 430 431 433 434
 435 436 437 438 439 442 444 447 449 452 454 455 456 458 459 463 465 470
 471 476 477 478 479 480 481 483 486 487 488 489 490 493 496 498 503 506
 507 511 515 516 519 520 525 528 532 534 539 543 546 547 548 551 554 557
 561 566 567 569 572 574 576 577 584 585 586 589 590 596 597 599 600 601
 602 603 609 610 611 613 614 616 618 621 622]

========== Cluster 1 ==========

Base classifier: GaussianNB()

Minority Class: 0

Selected Features: [22 21 24 23  3  1  0  4 20 16 28  8  2 19 10 17  6 14 18 25 12 26 15]

Labels: [0 1 0 1 1 0 1 1 0 0 1 1 1 1 0 0 0 0 0 1 0 1 1 0 0 0 1 1 0 0 1 1 1 0 0 1 1
 0 1 0 0 0 1 0 1 1 1 1 1 1 0 0 0 0 1 1 1 0 0 1 0 1 1 0 1 1 1 0 0 0 1 0 0 0
 0 1 1 0 0 1 1 1 1 0 0 0 1 1 1 1 1 1 0 1 0 0 1 0 0 1 1 0 0 0 0 0 0 1 1 0 1
 0 0 1 1 0 0 1 0 1 0 0 0 1 1 1 1 1 1 0 0 1 1 1 1 0 0 1 0 1 0 1 0 0 0 1 1 0
 0 1 0 1 0 0 0 0 0 1 1 0 0 1 1 0 0 0 1 0 1 1 1 0 1 0 1 0 0 1 1 1 1 1 1 1 0
 1 1 1 0 1 0 0 0 0 1 1 0 0 1 1 0 0 1 0 1 0 0 0 1 1 1 0 1 1 1 1 0 0 1 0 1 0
 1 1 0 0 0 0 1 0 0 0 1 0 0 0 1 1 0 0 1 0 1 1 0 1 0 0 0 1 1 1 1 1 0 0 0 0 0
 0 1 0 1 1 0 1 1 1 0 1 0 0 1 0 0 0 1 0 0 1 0 1 0 1 1 1 1 0 1 0 0 1 1 0 1 0
 1 1 0 0 1 1 1 0 0 0 0 1 1 1 0 0 0 1 0 1 1 1 1 0]

Synthetic samples indexes: [  0   2   5   8   9  14  16  17  18  20  23  24  25  28  29  33  34  39
  40  41  50  51  52  53  57  58  60  63  68  69  71  72  73  74  77  78
  83  84  85  92  94  95  97  98 101 102 103 104 105 106 109 111 112 115
 116 118 120 121 122 129 130 135 136 138 140 143 144 147 148 150 153 155
 156 159 160 163 164 165 167 171 173 175 176 184 188 190 191 192 193 196
 197 200 201 203 205 206 207 211 216 217 219 221 224 225 226 227 229 230
 231 233 234 235 238 239 241 244 246 247 248 254 255 256 257 259 261 264
 270 271 273 274 275 277 278 280 282 287 289 290 293 295 298 299 303 304
 305 306 310 311 312 314 319]

