Clustering algorithm selected: kmeans
=====================================

Clustering evaluation metric: silhouette
Clustering evaluation value: 0.3748750821730473

========== Cluster 0 ==========

Base classifier: SVC(probability=True)

Minority Class: 0

Selected Features: [21 24 23  0  4  3  1  2 22  8 28 14 27  7 11 13  9 17 16 10  5 18  6 19]

Labels: [0 0 1 1 1 0 0 0 0 0 1 1 1 0 0 1 1 1 1 1 0 1 1 0 1 1 1 0 1 0 1 1 0 0 0 1 0
 1 0 1 0 1 0 0 0 1 0 1 0 1 0 1 0 1 0 0 1 0 1 1 0 0 1 0 0 0 0 1 0 1 1 1 1 1
 0 1 0 1 1 1 0 1 1 0 0 0 1 1 0 0 0 1 0 1 1 0 0 1 1 0 1 0 0 0 1 1 1 0 1 1 0
 1 0 1 0 1 1 1 1 0 0 1 1 1 1 1 0 1 0 1 1 0 0 0 0 1 1 1 1 1 0 1 1 1 1 0 0 1
 1 1 1 1 1 1 0 1 1 1 1 0 1 1 0 0 1 0 0 1 1 0 0 0 1 0 1 0 1 1 0 1 0 1 0 1 0
 1 1 1 0 1 0 0 0 0 1 1 0 1 0 1 0 1 1 1 0 0 0 0 0 0 0 1 0 0 0 0 1 0 1 0 1 0
 1 1 0 0 1 0 1 1 0 0 1 1 0 0 1 0 0 1 0 0 0 1 0 0 0 1 0 0 1 0 1 1 0 0 1 0 1
 0 1 0 0 0 0 1 0 0 1 1 1 0 0 0 1 1 1 1 1 0 0 0 0 1 0 0 1 1 1 0 1 0 1 1 1 1
 0 1 1 1 0 1 1 0 0 1 0 0 0 1 0 0 1 1 0 1 1 0 0 0 1 0 0 0 1 0 0 0 0 0 1 1 1
 1 1 0 0 0 1 0 0 1 0 1 1 1 1 0 0 1 0 0 0 0 0 1 1 0 1 1 0 1 0 0 0 1 1 1 1 1
 1 1 0 0 0 0 0 0 1 1 0 1 1 0 0 1 1 1 0 1 1 0 0 1 1 1 0 1 1 1 0 0 0 0 0 1 0
 0 0 0 0 1 1 0 0 1 1 1 1 0 1 1 0 0 0 0 0 0 1 0 1 0 0 0 1 1 0 0 1 1 0 0 0 0
 0 1 1 1 1 0 0 1 1 1 1 1 1 0 1 1 1 0 1 0 1 0 0 0 0 1 1 0 0 1 1 1 0 0 0 1 0
 1 1 1 0 0 1 0 0 1 1 0 0 0 0 0 1 1 1 1 1 1 0 0 1 1 0 0 0 1 0 0 0 1 0 1 0 1
 0 0 1 1 1 0 1 1 1 1 1 1 0 0 1 1 1 0 0 0 0 0 1 0 0 1 0 1 0 0 1 0 0 0 1 0 1
 0 1 1 1 0 1 1 0 0 1 1 0 1 1 0 1 1 0 0 1 0 1 1 1 0 1 1 0 1 0 1 0 0 1 1 0 1
 0 0 0 1 1 1 1 1 0 1 1 0 0 0 1 0 0 0 0 0 0 1 0 1 1 0 1 0 0 1 0 1 0 0]

Synthetic samples indexes: [  2   3  10  11  12  15  16  17  18  19  21  22  24  25  26  28  30  31
  35  37  39  41  47  49  51  53  56  58  59  67  69  70  71  72  73  75
  77  78  79  81  82  86  91  93  94  97  98 100 104 105 106 108 109 111
 113 115 116 117 118 121 122 123 124 125 127 129 130 135 136 137 138 139
 141 143 144 147 148 149 150 151 152 153 155 156 157 158 160 161 167 168
 172 174 176 179 181 183 185 186 187 189 194 197 199 201 202 211 216 218
 220 222 223 226 228 229 232 233 236 239 243 247 250 252 253 256 268 269
 270 274 275 276 278 283 286 287 288 290 292 293 295 297 298 299 301 302
 305 312 313 315 316 320 324 330 331 332 333 334 338 341 343 344 346 349
 355 358 365 366 367 368 369 370 371 378 379 381 382 385 386 387 389 393
 394 395 397 398 399 405 411 412 415 416 417 418 420 428 430 434 435 438
 445 446 447 448 451 452 453 454 455 456 458 459 460 462 464 469 470 473
 474 475 479 481 482 483 486 490 496 498 499 500 501 504 505 509 513 515
 517 520 521 522 524 526 527 528 529 532 533 534 540 543 545 548 552 554
 556 557 558 561 564 565 567 568 570 571 574 576 577 578 580 581 583 588
 589 595 596 597 598 599 601 602 613 615 616 618 621 623]

========== Cluster 1 ==========

Base classifier: GaussianNB()

Minority Class: 0

Selected Features: [24 21 23 22  3  4  1 20  0 28 10  8 16  2 19  6 17 18 14 26 25 12 15]

Labels: [1 0 0 1 1 1 0 1 1 0 0 0 0 1 1 0 0 0 0 1 0 1 0 0 1 0 1 1 0 1 1 0 0 0 1 1 1
 1 0 1 0 1 1 0 1 1 0 1 0 1 1 1 0 1 1 0 0 0 0 0 0 0 1 1 1 1 0 0 0 1 0 0 1 1
 0 1 0 1 0 0 0 0 0 0 1 0 0 1 1 1 1 0 0 1 0 0 0 0 0 0 1 1 1 1 1 0 0 0 1 1 0
 0 0 1 1 1 0 1 1 0 0 1 0 1 0 1 0 1 1 0 1 0 0 1 0 0 0 0 1 0 0 0 1 1 1 1 1 1
 1 1 0 1 1 1 1 1 1 0 0 1 1 0 0 0 1 0 0 1 1 1 0 1 1 0 0 0 0 0 0 1 1 1 1 0 1
 0 1 0 0 1 1 1 1 0 1 0 0 1 1 0 1 1 1 0 0 1 0 0 0 0 1 0 0 0 1 1 0 1 1 0 0 1
 1 1 0 1 0 1 0 0 0 0 1 0 1 0 1 1 0 1 1 1 1 0 0 0 1 1 1 0 0 0 1 0 1 1 1 0 0
 1 1 1 0 0 0 0 1 1 0 0 1 1 0 0 0 1 1 0 0 1 1 1 0 1 0 1 1 0 0 0 1 0 1 1 0 0
 1 0 1 0 1 1 0 1 0 1 0 0 1 1 0 0 1 0 1 1 1 0 0 1 1 0 0 1]

Synthetic samples indexes: [  1   2   6   9  10  11  12  15  16  17  18  20  23  25  28  31  32  33
  38  40  43  46  48  52  55  56  57  58  59  60  61  66  67  68  70  71
  74  76  78  79  80  81  82  83  85  86  91  92  94  95  96  97  98  99
 105 107 110 111 112 116 119 120 122 124 126 129 131 132 134 135 136 137
 139 140 141 150 157 158 161 162 163 165 166 170 173 176 177 178 183 185
 187 188 193 195 196 199 203 204 206 207 208 209 211 212 213 216 219 220
 224 226 228 229 230 231 233 238 243 244 245 249 250 251 257 258 262 263
 264 265 268 269 272 274 277 278 282 287 288 289 294 295 297 299 302 304
 306 307 310 311 313 317 318 321 322]

