Clustering algorithm selected: kmeans
=====================================

Clustering evaluation metric: dbc
Clustering evaluation value: 0.6482657668430718

========== Cluster 0 ==========

Base classifier: DummyClassifier(strategy='most_frequent')

Minority Class: 0

Selected Features: [30 29 28 27 26 25 24 23 22 21 20 19 18 17 16 15 14 13 12 11 10  9  8  7]

Labels: [0 0 0 0 0 0 0 0 0 0 0 0 0 0 0 0 0 0 0 0 0 0 0 0 0 0 0 0 0 0 0 0 0 0 0 0 0
 0 0 0 0 0 0 0 0 0 0 0 0 0 0 0 0 0 0 0 0 0 0 0 0 0 0 0 0 0 0 0 0 0 0 0 0 0
 0 0 0 0 0 0 0 0 0 0 0 0 0 0 0 0 0 0 0 0 0 0 0 0 0 0 0 0 0 0 0 0 0 0 0 0 0
 0 0 0 0 0 0 0 0 0 0 0 0 0 0 0 0 0 0]

Synthetic samples indexes: []

========== Cluster 1 ==========

Base classifier: DummyClassifier(strategy='most_frequent')

Minority Class: 0

Selected Features: [30 29 28 27 26 25 24 23 22 21 20 19 18 17 16 15 14 13 12 11 10  9  8  7]

Labels: [1 1 1 1 1 1 1 1 1 1 1 1 1 1 1 1 1 1 1 1 1 1 1 1 1 1 1 1 1 1 1 1]

Synthetic samples indexes: []

========== Cluster 2 ==========

Base classifier: SVC(probability=True)

Minority Class: 0

Selected Features: [ 0 24 21  2 22 14  8  7 23  9 28 27 11  3 16  6 17 13 25  4  1  5 20 18]

Labels: [1 0 0 1 0 1 1 0 1 1 0 1 1 0 0 0 1 0 1 1 0 1 1 0 1 0 0 1 1 0 0 1 1 1 0 0 1
 1 1 0 1 1 0 1 1 1 1 1 1 1 0 0 1 0 0 0 1 0 1 1 1 1 1 0 1 1 1 1 1 1 1 1 0 1
 0 1 0 0 0 1 1 0 0 1 1 0 0 0 0 1 1 0 0 0 1 0 1 0 1 1 0 1 1 0 1 0 1 0 1 0 0
 0 1 0 1 1 0 1 0 0 0 1 1 0 1 0 0 1 1 0 0 1 0 0 0 0 0 1 0 0 1 0 0 0 1 0 0 0
 0 1 0 0 1 1 1 1 0 0 0 0 1 1 0 0 1 1 1 0 1 0 1 0 1 0 1 1 0 0 1 1 1 1 0 0 1
 0 0 0 0 1 1 1 0 0 1 0 0 1 0 0 0 1 1 0 1 0 1 0 1 0 0 0 1 1 0 1 1 1 1 1 0 0
 1 1 1 1 0 1 1 0 1 1 0 0 1 1 1 0 0 0 1 0 0 0 1 1 0 1 1 0 0 0 0 0 0 1 0 0 1
 1 0 0 0 1 0 1 0 0 1 0 1 0 0 0 0 1 1 0 1 0 1 0 1 0 1 0 0 0 1 1 1 1 1 1 1 1
 0 0 0 1 0 1 1 0 0 1 0 0 0 1 1 1 0 0 0 1 1 0 1 0 0 0 0 0 1 1 0 1 1 1 1 0 0
 0 1 1 0 1 1 0 0 1]

Synthetic samples indexes: [  0   5   6   8  11  12  16  18  19  21  22  24  27  28  32  33  36  37
  38  40  41  43  44  45  46  47  48  49  52  56  58  60  61  62  64  66
  67  68  69  70  71  73  79  80  84  89  90  94  98  99 101 102 106 108
 112 114 117 121 122 124 127 131 137 140 144 152 153 154 155 160 161 164
 165 166 168 170 172 174 175 178 179 180 181 184 189 190 191 194 197 201
 202 204 206 208 212 213 215 216 217 219 222 223 224 225 227 230 231 234
 235 236 240 244 245 247 248 255 258 259 263 265 268 276 278 282 284 288
 289 291 293 294 295 299 301 302 305 309 310 311 315 316 318 324 325 327
 328 329 330 334 335 337 338 341]

========== Cluster 3 ==========

Base classifier: SVC(probability=True)

Minority Class: 0

Selected Features: [28 21 24 23 20  4  3  1 22  8 25 16 18  2  5 26  0 10 29 13  9 12 27 17
  7]

Labels: [1 0 1 0 1 0 1 1 1 0 0 1 0 1 0 1 1 0 0 1 1 0 0 1 0 0 0 0 0 1 1 1 1 1 1 0 0
 0 1 0 1 1 1 1 0 1 0 1 0 0 1 1 1 1 1 1 1 0 0 0 0 0 0 0 0 1 0 0 1 1 0 0 1 0
 1 0 1 1 0 0 0 0 0 1 0 1 0 1 1 1 1 1 1 1 0 1 0 0 0 1 1 0 0 0]

Synthetic samples indexes: [  1   5   9  12  18  21  22  24  25  27  35  37  44  46  48  49  62  63
  64  66  71  73  78  82  86  94  96 101 102 103]

========== Cluster 4 ==========

Base classifier: DummyClassifier(strategy='most_frequent')

Minority Class: 0

Selected Features: [30 29 28 27 26 25 24 23 22 21 20 19 18 17 16 15 14 13 12 11 10  9  8  7]

Labels: [1 1 1 1 1 1 1 1 1 1 1 1 1 1 1 1 1 1 1 1 1 1 1 1 1 1 1 1 1 1 1 1 1 1 1 1 1
 1 1 1 1 1 1 1 1 1 1 1 1 1 1 1 1 1 1 1 1 1 1 1 1 1 1 1 1 1 1 1 1 1 1 1 1 1
 1 1 1 1 1 1 1 1 1 1 1 1 1]

Synthetic samples indexes: []

