Clustering algorithm selected: spectral
=====================================

Clustering evaluation metric: dbc
Clustering evaluation value: 0.03237770751995058

========== Cluster 0 ==========

Base classifier: SVC(probability=True)

Minority Class: 1

Selected Features: [2 0 1 7 4 5]

Labels: [1 1 1 1 1 1 0 1 1 1 0 1 1 1 0 1 0 0 0 1 0 0 0 1 0 1 0 1 0 1 0 1 0 0 1 1 0
 1 0 0 1 0 0 1 0 0 0 1 0 1 0 1 0 1 0 0 1 1 0 1 1 1 0 0 0 0 1 1 1 0 1 1 0 0
 0 0 0 0 1 0 0 1 0 1 1 0 1 0 0 1 0 1 1 1 1 1 0 0 0 0 1 0 0 1 0 1 1 0 0 1 0
 0 0 0 1 0 1 0 1 1 1 0 0 0 0 1 1 1 0 0 1 1 0 1 0 0 1 0 0 0 0 0 0 0 1 1 0 0
 0 1 0 0 0 1 1 0 0 1 0 0 1 1 0 0 1 1 1 0 1 1 1 1 1 0 1 0 1 0 0 0 0 0 0 0 1
 0 1 1 1 1 1 1 0 0 1 0 0 1 1 0 0 0 1 0 0 0 1 1 0 0 0 1 1 1 0 0 0 0 1 1 0 1
 1 1 0 1 0 1 0 0 1 0 1 0 1 1 1 1 0 0 0 1 0 1 0 0 0 0 0 1 1 0 0 1 1 0 0 0 0
 1 1 0 1 0 1 0 0 0 0 0 0 1 1 1 1 1 0 1 0 0 1 0 1 1 0 1 0 1 1 0 0 1 0 0 1 0
 0 0 0 1 0 1 1 1 0 1 0 0 0 1 1 1 0 0 0 1 0 1 1 1 1 0 1 1 1 1 0 0 0 1 1 0 1
 0 1 1 0 1 0 0 0 0 1 1 1 1 1 0 1 1 1 1 1 1 1 0 1 0 1 1 0 1 1 1 1 0 1 0 0 1
 1 1 0 0 0 1 1 0 0 1 1 1 1 1 1 1 1 1 0 0 0 0 1 1 1 1 0 1 0 1 1 0 1 1 1 1 1
 0 1 1 0 0 1 0 1 0 1 0 0 0 0 0 1 0 1 1 1 0 1 0 0 0 0 0 1 0 1 0 0 0 0 0 1 1
 0 1 0 0 1 1 0 0 0 0 1 0 0 0 1 0 0 1 1 1 1 1 1 0 1 1 0 1 0 1 1 0 0 0 1 0 0
 0 1 1 0 1 0 0 0 1 0]

========== Cluster 1 ==========

Base classifier: SVC(probability=True)

Minority Class: 0

Selected Features: [6 4 3 8 0 7 1]

Labels: [0 1 1 0 1 1 0 0 1 1 0 1 0 0 0 1 1 1 0 0 0 1 1 1 0 0 0 1 1 1 1 0 1 0 1 0 1
 0 1 1 1 0 0 0 1 1 1 1 0 1 1 1 0 0 1 1 0 1 0 1 1 1 1 0 1 1 1 0 1 1 0 1 0 0
 0 1 0 1 0 1 0 0 0 0 0 0 0 0 1 1 1 1 1 0 0 0 1 0 1 1 1 0 0 1 0 0 1 1 0 0 1
 1 0 0 0 0 0 0 0 0 1 0 1 0 0 0 0 0 1 1 1 0 1 1 0 1 0 0 1 1 0 1 1 0 1 1 0 0
 1 0 0 0 0 0 1 1 1 0 1 1 0 1 1 0 0 0 0 0 1 1 1 1 1 1 0 0 0 0 0 0 1 0 1 1 0
 0 0 0 0 1 1 0 0 1 0 0 1 1 0 0 1 0 1 0 0 0 1 1 0 1 0 0 1 0 0 0 1 1 1 0 1 1
 0 0 1 1 0 0 1 0 1 1 1 1 1 0 1 0 1 0 1 1 1 0 1 0 1 1 1 1 1 1 1 1 1 0 1 1 0
 1 0 1 0 1 0 0 0 0 1 1 0 1 1 1 0 0 1 1 1 0 0 0 0 1 0 0 0 0 0 0 1 0 1 0 1 1
 1 1 1 0 0 0 1 0 1 1 1 0 0 1 0 1 1 1 1 1 0 1 1 1 1 1 0 1 1 1 0 1 1 0 0 1 0
 1 1 1 1 0 1 1 0 0 0 0 0 1 1 0 1 0 1 0 1 1 1 0 1 1 0 1 1 1 0 0 1 1 0 1 0 1
 1 1 0 0 0 1 0 1 0 1 0 1 1 1 0 1 1 0 1 0 0 0 1 0 0 0 1 0 0 0 0 0 0 1 0 1 0
 0 0]

