Clustering algorithm selected: fcm
=====================================

Clustering evaluation metric: dbc
Clustering evaluation value: 0.5206640727492908

========== Cluster 0 ==========

Base classifier: RandomForestClassifier()

Selected Features: [32 34 23 37 33 35  3  5 29 24 36 31 15  1 17 16  6 11 20 10  2 27  8 13
 18 21 28 30 26 25 19 22 14]

Labels: [0 1 0 1 0 0 0 0 0 0 0 1 0 1 1 0 0 1 0 1 1 0 0 1 0 0 0 1 1 1 1 1 1 0 1 0 1
 0 0 1 0 1 0 0 0 1 1 0 0 1 0 1 1 0 0 1 1 1 1 0 0 1 0 1 1 1 0 1 1 0 1 0 0 0
 1 0 1 0 1 0 1 1 0 0 1 1 1 1 1 1 1 0 1 0 1 1 1 0 0 0 0 0 0 0 0 0 1 0 0 1 1
 1 0 0 1 0 1 0 0 0 1 1 0 1 1 1 1 1 0 1 0 0 0 1 0 0 0 1 1 0 0 0 0 0 1 0 0 1]

========== Cluster 1 ==========

Base classifier: SVC(probability=True)

Selected Features: [32 34 33 36 31 13  0 37 11 21 28 16 17 26 18 12 20  1 25  4 27 15 35 23
 19 24 29 30 22 14  8  9 10]

Labels: [1 0 1 0 0 0 0 0 0 1 0 1 0 0 0 1 0 0 1 0 1 0 1 0 1 1 1 0 0 0 1 1 0 1 0 0 0
 0 1 0 0 0 1 0 0 0 0 0 0 0 0 0 0 1 1 0 1 1 0 0 0 0 0 1 0 0 0 0 1 0 0 0 0 0
 1 1 1 0 0 1 1 0 0 0 1 0 0 0 0 0 0 0 1 0 0 0 0 1 1 1 1 1 1 1 1 1 1 0 0 0 0
 0 0 0 1 0 1 1 1 1 1 1 0 1 1 1 1 1 0 1 1 0 1 1 0 1 0 1 0 1 0 0 1 0 0 0 1 0
 1 1 1 1 1 0 0 0 0 0 1 1 1 1]

========== Cluster 2 ==========

Base classifier: RandomForestClassifier()

Selected Features: [32 34 17 37 33  2 29 15 26 14 20 36 19 16  5  3 21 23  0 22 25  4 31 18
 10 35  7 11  9 24]

Labels: [0 1 1 0 0 1 0 1 0 1 0 1 0 0 0 1 0 0 0 0 0 1 0 0 1 0 0 1 0 0 0 0 0 0 0 0 1
 1 0 1 1 1 1 0 0 0 0 0 1 0 0 1 1 0 1 1 1 1 1 0 0 1 1 1 1 1 0 0 0 0 1 0 0 0
 1 0 0 0 1 1 0 1 1 0 1 1 0 0 0 0 0 0 1 1 0 1 1 1 0 0 0 1 0 1 1 1 1 0 0 0 1
 1 1 1 1 0 0 0 1 1 0 0 1 0 0 1 0 0 0 0 1 1 1 1 0 0 0 0 0 0 0 0 1 1 0 0 0 1
 0 0 0 1 1 0 1 0 1 0 1 0 1 1 1 0 1 1]

========== Cluster 3 ==========

Base classifier: RandomForestClassifier()

Selected Features: [32 34 33 31  8 18 37  4 11  0 29 15 30 16  9 28 26 10  1 17 22 36  3 25
 27  7 21 35 23 24 19 20]

Labels: [1 1 1 0 0 0 0 0 0 0 0 0 1 0 0 1 1 0 1 0 0 0 0 1 1 0 1 1 0 1 0 1 0 0 1 0 0
 1 0 1 0 1 1 0 1 0 0 0 1 1 0 0 1 0 0 0 1 1 1 0 1 0 0 1 1 1 0 0 1 1 0 1 1 1
 1 0 1 1 1 1 0 0 0 0 1 0 0 0 0 0 0 1 1 1 1 0 0 0 0 0 0 0 1 0 1 0 0 0 1 0 0
 0 1 0 1 0 0 0 1 1 0 0 1 1 0 1 1 0 0 1 0 1 0 1 1 0 1 1 1 1 0 0 1 0 0]

