Clustering algorithm selected: kmeans
=====================================

Clustering evaluation metric: silhouette
Clustering evaluation value: 0.3702488414509102

========== Cluster 0 ==========

Base classifier: SVC(probability=True)

Minority Class: 0

Selected Features: [ 0  1  2  3  4  5  6  7  8  9 10 11 12 13 14 15 16 17 18 19 20 21 22 23
 24 25 26 27 28 29 30]

Labels: [0 1 1 1 1 1 1 1 0 1 0 1 0 0 0 0 0 1 0 0 0 1 1 0 0 1 1 0 0 0 1 1 0 1 0 0 0
 0 0 0 0 1 0 0 1 1 0 1 1 1 1 0 1 1 0 1 1 0 0 0 1 1 0 0 0 0 0 0 1 1 0 1 1 0
 0 0 0 1 0 0 0 0 1 1 0 0 0 1 1 1 0 0 0 1 1 0 1 1 1 0 0 1 0 1 1 1 0 0 0 0 1
 0 1 0 0 1 0 1 0 1 0 0 0 0 1 0 1 1 0 0 1 1 1 1 0 1 0 1 0 0 0 0 0 1 1 1 0 1
 0 0 1 1 1 0 0 0 0 0 0 1 0 0 0 1 1 0 0 0 1 1 1 1 0 0 0 1 0 0 0 1 0 1 1 1 0
 0 0 1 1 0 1 1 0 0 1 1 0 0 1 1 1 1 1 1 0 1 1 0 1 0 1 1 0 0 1 0 0 0 0 0 1 1
 1 1 0 1 0 1 1 0 1 1 1 1 1 1 0 1 0 0 0 1 1 0 1 1 1 1 1 1 0 1 0 0 0 1 0 1 0
 0 0 1 0 0 0 1 0 1 1 0 0 1 0 1 0 0 1 1 0 0 0 0 1 0 0 0 1 1 1 0 0 1 1 1 1 1
 1 1 1 0 0 1 0 0 1 0 0 1 1 0 0 1 1 0 0 0 1 1 1 1 0 1 0 1 1 0 0 1 0 0 1 1 0
 1 1 0 1 0 1 1 1 1 1 1 1 1 1 0 0 0 1 1 1 1 1 0 1 0 0 0 1 0 0 1 1 0 0 1 1 0
 1 1 0 0 1 0 1 0 0 0 0 0 0 0 0 0 0 1 1 1 0 1 1 0 1 0 1 0 0 0 0 1 0 1 1 0 1
 0 1 0 1 0 0 0 1 0 1 0 0 1 1 1 0 1 0 1 1 1 1 1 0 0 1 1 0 0 0 0 0 1 1 1 1 0
 0 0 1 0 1 1 1 1 0 1 0 1 1 0 0 1 0 1 0 1 0 1 0 0 0 1 0 1 1 0 0 0 1 0 0 1 1
 1 1 0 1 0 1 1 0 1 1 1 0 0 0 0 1 1 1 1 0 0 0 0 1 0 0 0 0 1 1 0 1 1 1 1 0 0
 1 0 0 1 1 1 0 0 0 1 1 1 1 1 1 0 0 1 1 1 1 0 0 1 1 0 1 1 0 0 1 0 1 1 0 1 0
 0 1 0 0 1 1 0 1 0 1 1 0 1 0 1 1 0 0 1 0 1 1 1 0 0 0 1 0 1 0 1 0 0 1 1 0 1
 1 0 0 1 0 0 0 0 1 0 0 1 0 1 1 0 1 1 1 0 0 1 0 0 1 1 1 0 1 1]

Synthetic samples indexes: [  2   3   4   6   7   9  11  17  21  22  25  30  31  33  41  44  45  47
  48  49  50  52  55  56  60  61  69  71  72  77  82  83  87  89  94  96
  97  98 103 104 105 110 112 115 117 119 124 126 127 130 131 133 135 137
 143 144 145 147 150 151 152 159 163 164 168 169 170 171 175 179 182 183
 187 188 190 191 194 195 198 199 200 201 202 203 205 206 210 211 220 221
 222 223 225 227 228 230 231 232 233 234 235 237 241 242 244 245 247 248
 249 251 255 261 265 267 268 271 273 276 277 282 286 287 288 291 292 293
 294 295 296 297 298 301 304 307 308 312 316 317 318 319 321 323 324 327
 330 331 333 334 336 338 339 341 342 345 346 350 351 352 353 354 356 360
 363 364 367 368 370 371 374 376 387 388 391 392 394 396 401 403 404 406
 408 410 414 416 419 420 421 423 425 426 427 428 429 439 440 441 442 446
 448 449 450 451 453 455 456 459 461 463 465 469 471 472 476 479 480 481
 482 486 487 489 490 491 496 497 498 504 509 510 512 513 515 521 527 528
 529 530 531 532 535 536 537 538 541 542 544 545 548 550 551 553 556 559
 560 562 564 565 567 569 570 573 575 576 577 581 583 585 588 591 592 595
 603 605 606 608 609 610 613 616 617 618 620 621]

========== Cluster 1 ==========

Base classifier: GaussianNB()

Minority Class: 0

Selected Features: [ 0  1  2  3  4  5  6  7  8  9 10 11 12 13 14 15 16 17 18 19 20 21 22 23
 24 25 26 27 28 29 30]

Labels: [0 0 0 0 1 0 1 1 1 1 1 1 1 1 1 1 1 1 1 0 1 0 0 1 1 0 0 1 1 0 1 0 0 1 1 1 0
 1 0 1 1 0 0 0 0 0 0 0 1 0 1 1 1 0 0 0 1 1 0 1 0 1 0 0 0 0 0 0 0 0 1 0 0 1
 0 0 1 1 0 1 0 1 0 1 1 1 1 0 0 1 1 1 1 1 0 0 1 1 0 0 1 1 0 1 0 1 1 0 0 1 1
 0 0 1 0 0 1 1 1 1 1 1 0 0 0 1 0 0 0 0 1 1 1 0 0 1 1 1 0 0 1 0 1 0 0 1 1 0
 1 1 1 0 0 1 0 0 1 0 1 0 0 1 0 0 0 1 0 1 1 0 1 0 0 0 1 1 1 1 0 1 0 1 1 1 0
 1 0 1 1 1 1 1 1 1 0 1 1 1 1 0 0 1 0 0 0 0 0 1 1 0 1 0 1 1 0 0 1 0 1 0 1 0
 0 0 0 1 1 1 1 0 1 0 1 0 1 1 1 0 1 0 1 0 0 0 0 1 0 1 0 1 0 0 1 0 1 0 0 1 1
 0 0 0 1 0 0 0 0 0 0 1 1 1 0 0 1 1 0 1 1 0 0 0 0 0 0 0 0 1 1 1 1 1 0 1 1 0
 0 0 1 0 0 0 0 0 1 0 0 0 1 1 1 1 1 1 0 1 0 0 0 1 1 1]

Synthetic samples indexes: [  0   1   2   3   5  19  21  22  26  29  31  36  38  41  42  43  44  46
  47  49  53  54  55  58  60  62  63  64  65  66  67  68  69  71  74  75
  78  80  82  87  88  95  98  99 102 104 107 108 111 112 114 115 122 123
 124 126 127 128 129 133 134 138 139 141 143 144 147 151 152 154 155 157
 159 160 162 163 164 166 169 172 178 180 184 186 194 199 200 202 203 204
 205 206 209 211 214 217 219 221 222 223 224 229 231 237 239 241 242 243
 244 246 248 250 251 253 255 256 259 260 261 263 264 265 266 267 268 272
 273 276 279 280 281 282 284 285 286 292 295 297 299 300 301 302 303 305
 306 307 314 316 317 318]

