Clustering algorithm selected: kmeans
=====================================

Clustering evaluation metric: silhouette
Clustering evaluation value: 0.37703277173628635

========== Cluster 0 ==========

Base classifier: SVC(probability=True)

Minority Class: 0

Selected Features: [ 0  1  2  3  4  5  6  7  8  9 10 11 12 13 14 15 16 17 18 19 20 21 22 23
 24 25 26 27 28 29 30]

Labels: [1 0 1 1 1 0 1 1 1 1 1 1 0 1 0 0 1 0 0 1 0 1 0 1 1 0 0 0 1 0 1 1 1 0 0 0 0
 1 1 0 0 1 0 0 0 0 0 0 1 1 0 0 1 0 0 1 0 0 1 0 0 0 1 1 1 1 1 1 0 1 1 1 0 0
 1 0 0 0 1 0 0 1 0 1 1 0 1 0 1 0 0 1 0 0 1 0 0 1 1 0 1 1 1 1 1 1 1 1 1 0 0
 0 1 1 0 0 0 1 1 1 0 1 1 1 1 0 0 0 1 1 1 1 1 1 0 1 1 1 0 1 1 1 0 0 0 1 1 1
 1 1 0 1 0 1 0 0 1 0 1 1 0 1 0 0 0 1 1 0 1 0 1 1 0 0 0 1 1 0 0 1 0 0 0 1 0
 1 0 0 0 0 0 0 1 0 1 1 1 1 1 0 0 1 1 0 0 0 1 0 0 0 1 1 0 0 0 1 0 0 0 0 0 0
 0 0 1 0 0 1 0 1 1 0 0 1 0 0 0 0 0 0 1 0 0 0 0 1 1 0 0 1 1 1 1 1 0 1 1 0 1
 0 1 1 1 1 1 0 1 0 1 0 0 1 1 1 1 1 0 0 0 1 0 0 1 0 0 0 0 1 0 1 1 1 0 1 0 1
 0 0 1 1 1 0 1 1 0 1 1 0 1 0 0 1 0 1 0 0 0 0 0 1 0 1 1 1 0 1 1 1 1 0 1 1 0
 1 0 0 0 1 1 0 0 0 0 0 1 0 1 1 1 1 0 1 0 1 0 0 0 0 0 0 1 0 1 0 0 1 0 0 0 0
 0 1 1 0 0 0 1 1 0 1 0 1 1 1 0 1 1 0 0 1 1 1 0 1 1 1 1 1 0 1 1 1 0 0 1 1 0
 1 1 0 0 1 0 0 0 0 0 0 0 1 0 0 1 1 0 1 0 1 0 0 0 0 1 1 0 0 0 1 1 1 1 1 1 1
 0 0 1 0 1 1 0 1 0 1 1 1 0 1 1 1 0 1 0 1 1 0 0 1 0 0 0 1 1 1 1 1 0 0 0 0 0
 0 1 1 1 0 1 0 0 1 1 0 0 0 1 0 1 1 1 0 0 1 1 1 1 1 0 0 0 0 1 0 1 0 1 1 1 0
 1 1 0 0 1 1 0 1 1 0 1 1 1 0 1 1 1 1 1 1 0 1 0 0 1 0 1 0 0 1 0 1 0 1 0 0 0
 0 0 0 1 1 0 0 0 0 0 0 0 1 0 0 0 0 0 1 1 1 0 1 0 0 1 1 0 1 1 1 0 0 0 1 0 0
 0 0 1 1 1 0 1 0 1 1 1 0 0 1 1 1 1 0 0 0 0 1 1 1 1 1 1 0 0 1]

Synthetic samples indexes: [  0   2   3   4   7   8   9  11  13  16  19  21  23  24  28  30  31  32
  37  38  41  55  58  62  63  65  66  67  69  70  71  74  78  81  83  84
  86  88  91  97  98 100 101 102 103 104 105 106 108 112 113 117 118 119
 122 123 124 128 129 130 131 132 133 137 139 140 141 145 146 147 148 149
 151 153 156 158 159 161 165 166 168 170 171 175 176 179 183 185 192 195
 196 197 198 201 202 206 210 211 215 224 227 229 233 240 245 246 249 250
 251 253 255 256 258 260 261 262 263 264 266 268 271 272 274 275 279 282
 287 289 293 295 299 300 302 303 305 306 308 311 313 319 321 322 323 325
 326 327 328 330 331 337 344 346 347 348 349 351 353 360 362 365 371 372
 376 377 379 383 385 386 389 390 391 393 394 395 396 399 400 401 404 405
 407 408 419 422 423 425 427 432 437 438 439 440 441 442 443 446 448 449
 451 453 454 455 457 458 459 461 463 464 467 471 472 473 474 475 482 483
 484 486 489 490 494 497 498 501 502 503 504 505 510 512 514 515 518 519
 522 523 525 526 528 529 530 532 533 534 535 536 539 542 544 549 551 558
 559 567 573 574 575 581 583 584 585 589 594 595 596 598 600 601 602 605
 606 607 608 613 614 615 616 617 618 621]

========== Cluster 1 ==========

Base classifier: GaussianNB()

Minority Class: 0

Selected Features: [ 0  1  2  3  4  5  6  7  8  9 10 11 12 13 14 15 16 17 18 19 20 21 22 23
 24 25 26 27 28 29 30]

Labels: [1 0 1 1 0 0 0 0 1 0 0 1 1 0 1 0 1 0 1 0 0 0 1 0 0 0 0 1 0 1 0 0 1 1 1 1 1
 1 1 0 0 1 1 1 0 1 1 1 0 1 0 0 0 0 1 1 0 0 0 1 0 0 0 1 0 1 1 0 1 1 0 1 1 1
 0 1 0 1 0 0 0 0 0 1 0 0 1 1 0 1 0 0 0 1 0 0 0 1 0 1 0 0 1 1 1 0 0 1 0 0 0
 0 1 1 1 1 0 1 1 0 1 0 0 1 0 1 1 1 1 1 1 0 0 1 1 1 0 1 0 0 0 1 0 0 1 1 1 0
 1 0 1 0 1 0 0 0 0 1 0 1 1 0 0 0 1 0 0 0 1 0 0 0 1 1 0 0 0 1 1 0 1 0 0 1 0
 0 0 0 1 1 1 1 1 0 1 1 1 0 0 1 1 1 0 0 0 0 0 1 0 0 0 1 1 1 1 1 0 0 1 0 0 0
 0 0 1 1 1 1 1 0 1 0 0 1 0 0 1 0 0 1 0 0 0 1 1 0 0 0 0 1 0 1 1 1 1 0 0 1 0
 0 0 0 0 1 1 1 1 1 1 0 0 1 1 1 1 0 1 1 1 0 0 1 0 1 0 0 1 0 1 1 0 0 0 1 1 1
 1 0 1 1 1 1 1 1 0 1 0 1 0 0 1 1 1 0 1 1 1 1 1 1]

Synthetic samples indexes: [  1   4   5   6   7   9  10  13  15  17  19  20  21  23  24  25  26  28
  30  31  39  40  44  48  50  51  52  53  56  57  58  60  61  62  64  67
  70  74  76  78  79  81  82  84  85  88  90  91  92  95  96  98 100 101
 105 106 108 109 110 111 116 119 121 122 124 131 132 139 140 142 143 147
 149 151 153 154 155 156 158 161 162 163 165 166 167 169 170 171 174 175
 176 179 181 182 184 185 186 187 197 198 202 203 204 205 206 209 210 216
 217 219 220 221 222 223 229 231 232 234 235 237 238 240 241 242 245 246
 247 248 255 256 258 259 262 269 270 275 280 282 284 285 287 290 291 292
 297 304 306 308 309 313]

