Clustering algorithm selected: kmeans
=====================================

Clustering evaluation metric: silhouette
Clustering evaluation value: 0.36839288061612674

========== Cluster 0 ==========

Base classifier: SVC(probability=True)

Minority Class: 1

Selected Features: [23 24 21 22 20  1  3  4  0 16 17 18  8  2 19 10 28  6]

Labels: [1 0 0 1 0 1 0 1 0 0 1 0 1 1 1 0 0 0 1 1 1 1 1 1 1 1 1 0 0 0 0 1 0 1 1 0 0
 0 1 1 1 1 0 0 0 0 0 1 0 0 1 1 0 1 0 1 0 1 0 0 0 0 1 1 0 1 0 0 1 1 0 1 0 0
 0 0 0 0 1 1 1 0 0 0 0 0 0 0 1 1 1 1 0 0 0 1 1 0 0 0 1 0 1 0 0 1 1 0 0 1 1
 1 1 1 0 1 0 1 1 1 0 1 0 0 0 1 1 1 1 0 1 1 0 1 1 0 0 1 0 0 0 1 0 1 0 0 0 1
 1 0 0 1 1 1 1 0 1 1 1 1 1 0 1 1 0 1 0 1 0 0 1 0 0 0 0 0 0 0 0 1 1 1 1 0 1
 1 0 1 0 0 0 1 1 1 1 1 0 1 1 1 1 1 0 0 0 0 0 0 1 0 1 1 0 1 0 1 0 0 0 0 1 1
 1 1 1 0 0 1 0 0 0 1 0 0 0 1 0 1 1 0 1 1 0 1 1 1 1 1 0 1 0 0 0 1 0 1 0 1 0
 0 1 0 0 1 0 0 1 1 1 0 1 0 1 1 0 1 0 0 0 0 1 1 0 1 0 0 1 0 0 0 1 1 1 0 0 1
 1 1 1 1 1 0 1 1 0 0 0 0 0 0 0 1 0 1 0 1 1 1 0 1 1 1 1 0 1 1 0 0 1 0]

Synthetic samples indexes: [  1   2   4   6   8   9  11  15  16  17  27  28  29  30  32  35  36  37
  42  43  44  45  46  48  49  54  56  58  60  64  66  67  70  72  73  74
  75  76  77  81  82  83  84  85  86  87  93  94  97  98 101 103 104 107
 108 114 116 120 122 123 124 129 132 135 136 138 142 144 145 146 149 155
 161 164 166 168 169 171 172 173 174 175 176 177 178 183 186 188 189 190
 196 202 203 204 205 206 207 209 212 214 216 217 218 219 225 226 228 229
 230 232 233 234 236 239 242 248 250 251 252 254 256 258 259 261 262 264
 265 269 271 274 276 277 278 279 282 284 285 287 288 289 293 294 301 304
 305 306 307 308 309 310 312 314 318 323 326 327 329]

========== Cluster 1 ==========

Base classifier: SVC(probability=True)

Minority Class: 1

Selected Features: [24 21  0 23  4  2 28  3  1 27  7 22  8 14 26]

Labels: [1 1 0 1 1 0 1 0 1 0 1 1 1 0 0 1 1 0 1 0 1 0 1 1 0 1 1 1 1 0 0 0 1 0 1 0 1
 1 0 1 1 0 1 0 0 1 1 0 0 1 0 1 1 0 1 1 0 0 0 1 0 0 0 0 1 1 1 1 1 0 0 0 1 0
 0 1 1 1 0 1 0 1 1 0 0 0 0 1 0 1 1 1 0 1 0 1 1 1 0 0 0 1 0 1 1 0 1 0 1 1 0
 0 1 1 1 1 0 1 0 1 0 1 1 1 1 0 0 0 1 0 1 0 0 0 1 0 0 1 1 0 0 1 1 0 0 0 0 1
 1 0 0 1 0 1 1 0 1 1 0 0 1 0 1 1 0 1 0 0 1 1 0 1 0 0 1 0 1 1 1 1 0 1 0 1 0
 1 1 1 0 0 0 1 1 1 1 1 1 1 0 1 1 0 1 1 1 0 0 1 0 1 0 0 0 0 1 1 1 0 0 0 0 0
 0 1 0 0 1 1 1 0 1 1 1 1 0 1 0 0 0 0 0 0 1 0 0 1 0 0 1 0 0 0 0 0 0 1 1 0 0
 0 1 0 0 0 1 0 1 0 0 0 1 0 0 1 1 0 1 0 1 1 0 1 1 1 0 1 0 0 0 0 0 0 1 0 0 1
 1 0 0 0 0 1 1 1 1 0 1 1 0 1 1 0 0 0 0 1 0 0 1 1 0 1 0 0 0 0 0 0 1 1 0 1 1
 0 0 0 1 1 1 0 0 1 1 0 0 0 1 0 0 1 1 0 0 0 0 1 1 1 0 0 0 1 0 1 0 0 0 0 1 1
 1 1 0 1 0 0 0 0 0 1 0 0 1 1 0 1 0 1 0 0 1 0 1 0 0 1 1 1 1 1 0 0 0 1 0 0 1
 0 1 1 1 0 0 0 0 0 0 1 1 1 0 1 1 0 0 1 1 1 0 1 0 0 1 0 1 0 0 1 1 0 1 1 0 1
 1 0 0 0 0 1 1 1 0 1 1 1 0 0 1 1 1 0 1 1 1 1 1 1 1 1 0 1 1 0 0 0 1 0 1 1 0
 1 0 0 1 1 1 0 1 1 1 0 1 1 0 0 1 0 1 1 1 1 0 1 1 1 1 1 0 1 0 1 0 0 1 0 1 0
 1 1 1 0 1 0 0 0 1 0 1 1 1 0 1 0 0 1 1 0 0 1 1 0 0 0 0 0 1 1 0 1 0 1 1 0 0
 1 1 0 1 1 1 1 1 0 0 0 1 1 1 0 0 0 0 1 0 1 0 1 1 0 1 0 0 0 1 1 0 1 0 1 1 0
 1 1 1 0 0 0 0 0 0 1 1 0 1 1 0 1 0 0 0 0 1 0 0 1 1 1 1 0 0 0 0 0 1 0]

Synthetic samples indexes: [  0   1   3   4   6   8  10  11  12  15  16  18  20  22  23  25  27  28
  34  36  37  39  40  42  45  46  49  51  52  54  55  59  64  65  66  68
  72  75  76  77  79  81  82  89  90  91  93  95  96  97 101 103 104 106
 108 109 112 113 115 117 119 121 122 123 124 128 130 137 138 141 142 148
 151 153 154 157 160 162 163 165 168 169 174 176 177 178 179 181 183 185
 186 187 191 192 193 194 195 196 197 199 200 202 203 204 207 209 214 215
 216 223 226 227 228 230 231 232 233 235 242 245 255 256 260 264 266 270
 273 274 278 279 282 283 285 292 295 296 301 303 304 306 307 310 318 319
 321 328 329 331 332 336 337 338 342 346 349 350 356 357 361 363 368 369
 370 371 373 379 382 385 387 390 392 395 396 397 398 399 403 406 408 409
 410 417 419 421 422 425 426 427 429 432 434 437 438 440 441 443 444 449
 450 451 453 454 455 458 459 460 462 463 464 465 466 467 468 469 471 472
 476 478 479 481 484 485 486 488 489 490 493 498 499 500 501 503 504 505
 506 507 509 511 516 518 519 520 522 526 528 529 530 532 535 536 539 546
 547 549 551 552 555 556 558 559 560 561 562 566 567 568 573 575 577 580
 584 585 589 590 592 593 594 601 602 604 607 612 615 616 617 618 624]

