Clustering algorithm selected: kmeans
=====================================

Clustering evaluation metric: silhouette
Clustering evaluation value: 0.3836484138214458

========== Cluster 0 ==========

Base classifier: SVC(probability=True)

Minority Class: 0

Selected Features: [24 21 23  0  4  3  1 14  8 28 27  2  7 22 11]

Labels: [0 1 0 0 1 1 1 0 1 1 0 1 0 1 0 1 0 0 1 1 1 1 1 0 0 0 1 1 0 1 1 0 1 1 0 1 0
 1 0 1 0 1 1 1 1 0 0 0 1 1 1 0 0 0 1 0 0 0 0 0 1 1 0 0 1 1 0 0 1 1 0 0 0 0
 0 0 0 0 1 1 0 1 1 1 1 0 0 1 0 0 0 0 1 0 0 1 1 0 1 1 1 1 0 1 1 1 1 1 1 0 1
 1 1 0 1 1 1 0 1 0 1 1 1 0 1 0 1 0 0 0 1 0 0 0 1 1 1 1 0 0 0 1 1 1 0 1 0 1
 0 1 0 1 1 1 1 0 0 0 0 0 0 0 1 0 1 1 1 0 0 1 1 0 0 0 1 1 1 1 1 0 0 0 1 1 1
 0 1 0 1 1 1 0 1 0 0 0 1 0 1 0 1 1 0 1 0 1 0 0 0 1 1 1 0 0 1 1 1 1 0 1 0 0
 0 1 0 0 0 0 0 0 1 0 1 1 1 0 0 1 1 0 1 1 1 0 0 1 0 1 0 1 1 1 0 0 0 0 1 0 1
 0 0 0 0 1 1 0 0 0 1 0 1 1 0 1 1 1 0 0 1 0 0 0 1 0 0 1 1 0 0 0 0 0 0 0 0 1
 1 0 1 1 0 0 1 0 1 0 1 1 1 1 0 0 1 0 0 0 0 0 1 0 1 1 1 1 1 0 1 0 0 0 1 0 0
 0 0 1 1 0 0 0 1 1 1 0 1 0 1 1 0 1 0 0 0 0 1 1 0 0 1 1 1 0 0 0 1 0 0 0 1 1
 1 0 0 0 1 0 0 0 1 1 1 0 1 1 0 0 0 1 1 0 0 1 0 1 0 0 1 1 1 1 0 0 0 0 1 1 0
 0 0 1 0 0 1 0 0 0 1 0 1 0 0 0 0 1 0 1 0 0 1 1 0 1 0 1 1 1 0 1 1 0 0 0 0 1
 1 1 1 1 0 1 0 1 0 1 0 0 1 0 0 1 1 1 0 1 0 1 1 0 1 1 1 0 1 0 1 0 1 0 0 1 1
 0 1 0 0 1 0 1 1 0 1 0 1 1 1 0 0 0 0 1 1 1 0 0 1 1 1 0 1 0 1 1 0 0 0 0 0 1
 1 0 0 0 1 1 0 1 0 1 0 0 0 0 0 0 0 0 1 1 0 1 0 1 0 1 1 1 1 1 1 1 1 0 0 0 1
 1 1 1 1 0 1 1 1 1 1 0 1 0 1 1 1 0 1 1 0 1 0 1 1 1 0 1 0 1 1 1 0 0 0 1 1 0
 1 1 0 1 0 1 0 0 1 1 1 0 0 0 1 1 1 1 0 1 0 0 0 0 0 0 1 1 1 1 0 0 0 1 1 0 1
 0 0 0]

Synthetic samples indexes: [  1   5   6  11  13  15  18  19  20  21  22  26  27  29  30  32  33  35
  37  39  41  42  44  48  49  50  60  61  64  65  68  69  79  81  82  83
  84  87  92  95  96  98  99 100 101 103 104 105 106 107 108 110 112 115
 116 118 120 121 122 124 126 130 134 135 136 137 141 142 143 145 147 151
 152 153 154 162 164 165 166 169 174 175 176 182 183 184 186 188 190 192
 196 198 200 201 203 205 209 210 211 214 215 216 217 219 223 232 233 234
 237 238 240 241 242 245 247 249 250 251 256 258 263 264 268 270 271 273
 274 275 278 282 285 286 295 296 298 299 302 304 306 307 308 309 312 318
 320 321 322 323 324 326 330 336 341 342 344 346 347 349 354 355 358 359
 364 368 369 370 374 378 379 380 382 383 387 388 391 393 396 397 398 399
 404 405 409 412 416 418 423 425 428 429 431 433 434 435 437 438 443 444
 445 446 447 449 451 453 456 459 460 463 465 466 468 469 472 476 479 480
 487 490 492 493 494 499 500 501 504 505 506 508 510 511 517 518 522 523
 525 527 536 537 541 543 544 545 546 547 548 549 550 554 555 556 557 558
 560 561 562 563 564 566 568 570 572 573 575 577 578 579 581 583 584 589
 590 592 595 597 600 601 602 606 607 608 609 611 618 619 620 621 626 628]

========== Cluster 1 ==========

Base classifier: GaussianNB()

Minority Class: 0

Selected Features: [22 24 21 23  1  4  3  8 20 16 10 15  0 28 17  2]

Labels: [0 0 0 1 0 0 1 0 1 0 0 0 1 0 0 1 1 0 1 1 0 0 0 1 1 0 0 1 0 1 0 0 1 1 1 1 1
 1 1 0 0 0 1 0 1 0 1 1 1 0 1 0 0 0 0 1 0 0 1 0 1 1 0 0 1 0 1 0 1 1 0 0 0 0
 0 1 1 0 1 0 0 1 0 0 1 0 0 1 1 0 1 1 1 1 0 1 1 0 1 1 0 1 0 1 1 1 1 0 0 1 1
 1 1 1 0 0 0 0 0 1 0 1 1 0 0 1 0 1 1 1 1 1 1 0 1 0 0 1 1 0 0 0 1 1 1 0 0 0
 0 0 1 1 0 1 1 1 0 0 1 1 0 0 1 1 0 1 0 0 0 0 0 1 1 0 1 1 1 1 1 1 1 0 0 0 1
 0 1 1 1 1 0 0 0 0 0 1 1 1 0 1 1 0 0 0 1 0 0 0 0 1 1 1 1 1 1 1 0 1 1 0 1 0
 0 0 0 1 0 0 0 0 1 1 1 0 1 1 1 0 1 1 0 0 1 0 0 0 0 1 0 0 0 0 0 1 1 1 0 0 0
 1 0 1 1 1 1 1 0 0 1 0 1 0 1 1 1 0 1 0 1 1 1 0 1 0 1 0 0 0 1 0 0 0 0 0 1 0
 0 1 1 1 1 0 0 0 0 1 0 0 1 1 0 1 0 0 1 1 0 1 1 0 1 0 1 1]

Synthetic samples indexes: [  0   1   2   4   5   7   9  10  11  13  14  17  20  21  22  25  26  28
  30  31  39  40  41  43  45  51  52  53  54  57  59  62  63  67  70  71
  72  73  74  77  80  82  83  85  86  89  94  97 100 102 107 108 114 115
 116 117 118 120 123 124 126 133 135 136 139 140 145 146 147 148 149 152
 156 157 160 161 164 166 167 168 169 170 173 181 182 183 185 190 191 192
 193 194 198 201 202 203 205 206 207 208 216 219 221 222 223 224 226 227
 228 229 233 237 240 241 243 244 245 246 248 249 250 251 252 256 257 258
 260 266 267 271 275 277 281 283 285 286 287 289 290 291 292 293 295 296
 301 302 303 304 306 307 310 312 313 316 319 321]

