Clustering algorithm selected: spectral
=====================================

Clustering evaluation metric: silhouette
Clustering evaluation value: 0.5129341962738323

========== Cluster 0 ==========

Base classifier: LogisticRegression()

Minority Class: 1

Selected Features: [0 1 2 3]

Labels: [0 0 0 0 0 0 0 0 0 1 1 0 0 0 1 0 1 0 0 0 0 1 0 0 1 0 0 0 0 0 0 0 0 0 0 0 0
 0 1 1 0 1 1 0 0 0 0 1 1 0 1 0 0 0 1 1 0 0 0 0 0 0 0 1 0 0 0 1 0 0 0 1 0 0
 0 0 0 0 0 1 1 0 0 0 1 0 1 0 0 0 0 0 0 1 0 0 0 0 0 1 1 1 0 0 0 1 0 1 0 0 0
 0 1 0 0 1 0 0 0 1 1 1 1 1 1 1 0 0 0 0 0 1 1 1 0 0 0 0 0 0 0 0 0 1 1 0 0 0
 0 0 1 0 0 0 1 0 1 0 1 0 0 0 1 0 0 0 0 0 0 1 1 0 1 1 1 0 1 0 0 0 0 0 1 1 0
 0 0 0 0 0 0 0 0 0 1 0 0 0 0 0 0 1 0 0 0 1 0 1 0 1 0 0 0 1 0 0 0 0 1 0 0 0
 0 0 0 0 0 0 0 0 0 0 0 1 0 0 0 1 1 0 0 1 1 0 0 0 0 0 0 0 1 1 0 0 0 1 0 1 1
 0 0 1 1 1 0 0 0 0 0 0 1 0 1 0 1 1 1 0 0 0 0 0 1 1 0 0 0 0 1 0 0 0 0 0 0 1
 0 0 1 0 0 0 1 0 0 0 0 1 0 0 0 0 0 0 0 0 1 1 0 0 0 0 0 0 0 1 0 0 0 1 1 0 1
 0 0 0 0 0 0 0 0 0 0 0 0 1 0 1 0 0 0 0 0 0 0 0 0 0 1 0 0 0 0 0 1 0 0 0 0 0
 1 1 0 1 0 0 0 0 0 0 0 0 0 0 1 0 0 0 0 0 0 0 0 0 0 0 0 0 0 0 0 1 0 0 0 0 0
 0 0 0 0 0 0 1 0 0 1 1 0 0 0 0 0 1 0 0 0 0 0 0 1 1 1 0 0 0 1 0 1 0 0 0 1 0
 0 0 0 0 0 1 0 1 1 1 0 0 0 0 0 0 0 0 0 0 0 1 0 1 0 0 0 0 0 0 0 0 0 0 0 0 0
 1 0 1 0 1 0 1 0 0 0 0 0 0 0 0 0 1 0 0 0 0 0 0 1 0 1 0 0 0 0]

========== Cluster 1 ==========

Base classifier: LogisticRegression()

Minority Class: 1

Selected Features: [0 1 2 3]

Labels: [0 0 0 0 0 0 0 0 0 0 0 0 0 0 0 0 1 0 1 0 1 1 0 0 0 0 0 1 1 0 0 1 1 0 0 0 0
 0 0 0 0 0 0 0 0 0 0 1 0 1 0 0 0 0 1 0 0 0 1 0 0 1 0 0 1 0 0 0 0 0 0 0 0 1
 1 0 0 0 0 1 0 0 0 0 1 1 0 0 0 0 0 0 1 0 0 1 0 1 0 0 0 0 1 1 1 0 0 0 0 0 0
 0 0 0 0 1 0 1 1 0 0 0 0 1 0 0 0 0 1 0 0 0 0 0 0 0 0 0 0 0 0 1 0 0 0 0 0 0
 0 1 1 1 0 0 1 0 0 0 0 0 0 0]

