Clustering algorithm selected: kmeans
=====================================

Clustering evaluation metric: dbc_ss
Clustering evaluation value: 0.44110740058072867

========== Cluster 0 ==========

Base classifier: SVC(probability=True)

Minority Class: 0

Selected Features: [24 21  0 23  1 22  4  8  2  3  9 28 14  7 27 20 10 11 19 16  5 17 13]

Labels: [1 1 0 1 0 1 1 1 0 0 0 1 0 0 0 0 1 0 1 1 1 1 0 1 1 1 1 1 1 0 0 1 1 1 1 0 0
 1 0 0 1 0 0 0 0 1 1 0 1 1 0 1 0 0 0 0 1 0 0 0 1 1 1 1 0 0 0 0 0 1 1 1 1 1
 1 1 1 0 0 1 0 1 1 1 0 1 1 0 0 1 0 1 0 0 0 1 1 1 1 0 0 0 0 1 1 1 1 0 0 0 0
 0 1 0 0 1 0 1 1 0 0 0 0 0 0 0 0 0 1 0 0 0 1 0 1 1 0 1 1 0 1 1 0 0 1 1 1 1
 0 1 1 1 0 1 0 1 0 0 1 1 1 0 1 1 0 1 0 1 1 1 1 1 0 1 0 0 1 0 0 1 1 0 0 1 1
 1 0 0 1 1 0 1 0 1 1 1 0 0 0 0 1 0 0 1 1 1 0 1 1 0 1 0 0 0 0 1 1 1 0 0 1 1
 0 1 0 0 1 0 0 0 1 1 0 0 0 0 1 1 0 1 0 1 0 0 1 1 0 0 0 0 1 1 0 1 1 0 1 1 0
 0 1 1 1 0 0 0 1 0 1 0 0 0 0 0 0 1 0 0 0 1 1 1 1 1 0 1 0 0 1 0 1 0 1 0 1 0
 0 1 0 1 1 0 0 1 1 1 0 1 1 0 0 1 1 0 1 1 0 0 1 0 1 0 1 1 0 0 1 1 0 1 1 1 0
 0 0 0 1 1 0 0 1 0 0 0 1 1 1 1 1 0 0 1 0 1 1 0 0 1 1 1 1 0 0 1 0 1 0 0 1 1
 0 1 0 0 1 0 0 1 1 1 0 0 1 0 0 1 1 1 1 0 0 0 0 1 1 1 0 1 1 1 0 0 1 1 0 0 0
 1 0 0 1 0 1 0 0 1 0 0 0 1 1 0 1 0 0 1 0 1 0 1 0 1 1 0 0 0 0 1 1 1 0 1 1 1
 1 1 1 1 0 0 1 1 0 0 0 0 0 1 1 1 1 0 0 1 1 1 1 0 1 0 0 1 0 0 1 1 0 0 0 1 0
 1 0 0 0 1 0 1 1 0 1 1 0 1 1 1 0 1 0 0 1 0 0 1 0 0 0 0 0 0 0 0 0 0 0 0 1 1
 1 0 0 0 1 1 0 0 1 0 0 0 1 0 0 1 1 1 0 0 1 0 0 1 0 0 1 0 0 1 1 0 1 1 1 0 1
 0 1 1 0 1 0 1 1 1 1 1 0 1 0 1 1 1 1 0 1 1 0 0 0 1 0 0 1 0 1 1 0 1 1 1 1 0
 1 0 0 1]

Synthetic samples indexes: [  0   1   3   5   6   7  11  16  18  19  20  21  23  24  25  26  27  28
  31  32  33  34  37  40  45  46  48  49  51  56  60  62  63  70  71  72
  73  74  75  76  79  81  82  83  85  86  89  91  95  96  97  98 103 104
 105 106 112 117 118 128 132 135 137 138 140 141 144 145 146 147 153 155
 158 159 160 162 165 167 168 169 170 171 173 176 179 180 183 184 185 188
 189 191 193 194 195 200 203 204 205 207 208 210 215 216 217 220 221 223
 226 231 237 239 241 244 245 250 251 253 254 256 257 260 261 262 266 268
 275 279 280 281 282 283 285 288 290 292 294 297 299 300 303 304 305 307
 308 311 312 314 315 318 322 323 326 327 329 330 336 337 340 344 345 347
 348 351 353 357 358 359 360 365 368 369 371 374 378 379 382 385 386 387
 388 393 394 395 397 398 399 402 403 407 410 412 415 419 422 425 427 429
 431 432 437 438 439 441 442 443 444 445 446 447 450 451 457 458 459 460
 465 466 468 471 474 475 479 481 485 487 488 490 491 493 494 495 497 500
 503 516 517 518 522 523 526 533 534 535 538 541 544 547 548 550 551 552
 554 556 557 559 561 562 563 564 565 567 569 570 571 572 574 575 579 582
 584 585 587 588 589 590 592 595]

========== Cluster 1 ==========

Base classifier: DummyClassifier(strategy='most_frequent')

Minority Class: 0

Selected Features: [30 29 28 27 26 25 24 23 22 21 20 19 18 17 16 15 14 13 12 11 10  9  8  7]

Labels: [1 1 1 1 1 1 1 1 1 1 1 1 1 1 1 1 1 1 1 1 1 1 1 1 1 1 1 1 1 1 1 1 1]

Synthetic samples indexes: []

========== Cluster 2 ==========

Base classifier: SVC(probability=True)

Minority Class: 0

Selected Features: [28 21 24  8  3 23 25 22  4 20 29 18  2  1  0  5 27 16 15  9 12 10 11 17
 14]

Labels: [0 1 1 1 1 1 1 1 0 1 0 0 0 0 1 0 0 1 0 1 0 1 0 1 0 1 1 1 0 1 1 1 1 0 1 0 0
 0 0 0 0 0 0 0 0 0 0 1 1 1 1 0 1 1 1 0 0 0 0 1 1 1 1 0 0 1 0 1 1 1 1 1 1 0
 0 0 0 0 0 1 0 0 1 1 1 1 1 0 0 0 0 1 0 0 1 1 1 1 0 0 1 0]

Synthetic samples indexes: [ 8 12 15 16 18 22 28 35 36 37 38 39 40 41 43 44 55 57 63 74 80 81 87 88
 89 90 92]

========== Cluster 3 ==========

Base classifier: DummyClassifier(strategy='most_frequent')

Minority Class: 0

Selected Features: [30 29 28 27 26 25 24 23 22 21 20 19 18 17 16 15 14 13 12 11 10  9  8  7]

Labels: [1 1 1 1 1 1 1 1 1 1 1 1 1 1 1 1 1 1 1 1 1 1 1 1 1 1 1 1 1 1 1 1 1 1 1 1 1
 1 1 1 1 1 1 1 1 1 1 1 1 1 1 1 1 1 1 1 1 1 1 1 1 1 1 1 1 1 1 1 1 1 1 1 1 1
 1 1 1 1 1 1 1 1 1 1 1 1 1]

Synthetic samples indexes: []

