Clustering algorithm selected: kmeans
=====================================

Clustering evaluation metric: dbc_ss
Clustering evaluation value: 0.4038986315404423

========== Cluster 0 ==========

Base classifier: DummyClassifier(strategy='most_frequent')

Minority Class: 1

Selected Features: [ 0  1  2  3  4  5  6  7  8  9 10 11 12 13 14 15 16 17 18 19 20 21 22 23
 24 25 26 27 28 29 30]

Labels: [1 1 1 1 1 1 1 1 1 1 1 1 1 1 1 1 1 1 1 1 1 1 1 1 1 1 1 1 1 1 1 1 1 1 1 1 1
 1 1 1 1 1 1 1 1 1 1 1 1 1 1 1 1 1 1 1 1 1 1 1 1 1 1 1 1 1 1 1 1 1 1 1 1 1
 1 1 1 1 1 1 1 1 1 1 1 1 1 1]

Synthetic samples indexes: []

========== Cluster 1 ==========

Base classifier: DummyClassifier(strategy='most_frequent')

Minority Class: 1

Selected Features: [ 0  1  2  3  4  5  6  7  8  9 10 11 12 13 14 15 16 17 18 19 20 21 22 23
 24 25 26 27 28 29 30]

Labels: [1 1 1 1 1 1 1 1 1 1 1 1 1 1 1 1 1 1 1 1 1 1 1 1 1 1 1 1 1 1 1]

Synthetic samples indexes: []

========== Cluster 2 ==========

Base classifier: LogisticRegression()

Minority Class: 1

Selected Features: [28 24 21 23  3  8  4  1 20 25 22 19 16  2 26 29 18  6  5 17 14 27  0 13
 10]

Labels: [1 1 0 1 0 0 1 0 0 0 0 0 1 1 0 1 0 0 1 0 1 1 1 0 0 1 0 1 0 0 1 0 1 1 1 1 0
 1 0 0 0 1 0 0 0 1 1 0 1 1 0 0 1 1 0 1 1 0 0 0 1 0 1 1 1 0 1 1 1 0 0 0 0 1
 1 1 0 0 1 1 0 1 1 1 0 0 1 1 1 1 1 0 1 0 0 0 1 0 0 0 0 1 1 0]

Synthetic samples indexes: [  4   5   9  16  17  19  26  28  29  31  36  38  39  42  43  58  69  70
  71  72  77  80  85  91  93  94  95  97  98  99 103]

========== Cluster 3 ==========

Base classifier: SVC(probability=True)

Minority Class: 1

Selected Features: [ 0 21 24 23 14 22  8  2 13  9  1  7 11  4  3 28 27 16 17  6 25  5 18]

Labels: [0 0 0 1 0 1 0 0 0 1 1 1 0 1 1 1 1 0 1 1 1 0 1 1 0 1 1 1 0 1 1 1 0 1 1 1 0
 1 1 0 0 0 1 1 0 0 0 0 0 1 0 0 1 0 0 1 0 0 1 0 1 0 1 1 0 0 1 0 1 1 1 1 0 0
 1 0 0 1 1 0 1 1 1 0 1 1 1 0 0 0 0 0 1 0 0 1 0 1 0 0 1 1 0 1 1 1 0 1 1 0 0
 0 0 0 1 1 0 0 1 1 0 0 0 1 0 0 1 1 1 1 1 1 1 0 1 1 1 1 0 0 1 0 0 0 1 1 0 1
 1 0 0 0 1 0 0 0 1 0 1 1 1 1 0 1 1 1 1 0 1 0 0 0 0 1 1 0 1 0 1 0 0 1 0 0 0
 1 0 1 1 1 0 0 0 1 0 0 1 1 1 1 1 0 1 0 0 1 0 0 0 0 0 1 1 0 1 0 0 1 0 1 1 0
 0 1 1 1 1 0 0 1 1 0 0 0 0 0 0 1 1 0 1 1 1 0 0 0 0 1 0 1 0 1 0 0 1 1 1 0 0
 1 1 0 1 1 0 1 0 1 0 0 1 1 1 0 0 0 1 0 1 1 0 1 1 1 0 0 0 0 1 1 0 1 0 1 1 1
 0 1 0 0 0 0 0 0 0 1 0 1 1 1 1 1 0 0 1 0 0 1 0 0 1 0 0 1 1 1 1 0 0 0 0 0 0
 1 1 1 1 0 0 1]

Synthetic samples indexes: [  3   5  11  13  14  15  16  18  19  23  25  26  27  29  30  31  33  34
  35  37  38  42  43  49  52  55  58  60  62  63  68  69  70  71  74  77
  78  80  81  82  84  85  86  92  95  97 100 103 104 105 107 108 114 115
 118 119 126 127 128 129 130 131 132 135 136 140 144 145 147 148 156 158
 159 160 161 163 164 165 166 168 173 174 176 178 181 185 187 188 189 193
 196 197 199 200 202 205 211 212 217 219 220 223 224 225 226 229 230 237
 238 240 241 242 247 249 254 255 256 259 260 262 263 265 270 271 272 276
 278 279 282 288 291 293 294 295 297 305 308 309 311 314 317 323 324 325
 326 333 334 335 336 339]

========== Cluster 4 ==========

Base classifier: DummyClassifier(strategy='most_frequent')

Minority Class: 1

Selected Features: [30 29 28 27 26 25 24 23 22 21 20 19 18 17 16 15 14 13 12 11 10  9  8  7]

Labels: [0 0 0 0 0 0 0 0 0 0 0 0 0 0 0 0 0 0 0 0 0 0 0 0 0 0 0 0 0 0 0 0 0 0 0 0 0
 0 0 0 0 0 0 0 0 0 0 0 0 0 0 0 0 0 0 0 0 0 0 0 0 0 0 0 0 0 0 0 0 0 0 0 0 0
 0 0 0 0 0 0 0 0 0 0 0 0 0 0 0 0 0 0 0 0 0 0 0 0 0 0 0 0 0 0 0 0 0 0 0 0 0
 0 0 0 0 0 0 0 0 0 0 0 0 0 0 0 0 0 0 0]

Synthetic samples indexes: []

