Clustering algorithm selected: kmeans
=====================================

Clustering evaluation metric: rand
Clustering evaluation value: 0.26689828569794377

========== Cluster 0 ==========

Base classifier: RandomForestClassifier()

Minority Class: 1

Selected Features: [173 191   3 107 221  82  33  61   0  18   6 210 202 208 114 138  56  19
  21 110 176 142 131  28 217  20  29   8  63 158  86  92 119 108 204 159
  83  68 194 216  88 134 223 174 201 123 178 151  60  44  94 120 148  48
  27  46  84  53   4  31  23  34 156 135  69 105 101 115  40 146 122 117
  43  71 196 214  52 175 212 161 200   7 172 152 100  64  90  12 188  77
 157 209 149 153 199 130  37 213 111 164 125 129 224 183 132 140  62  26
  59  65 141  38  96  11 128  13 147 163  47 182  32 190 189  35  36 187
 180  39 181 186  41  42 185 184  45  30  51  50  49 192 121 193 195   1
   2 222 220   5 219 218 215   9  10 211  14  15  16  17 207 206 205 203
  22 198  24  25  55 197  54 177 179 103 150  91]

Labels: [0 0 0 0 0 1 0 0 1 0 0 0 0 0 0 1 0 0 1 0 0 1 0 0 1 0 0 0 1 0 0 1 0 0 1 0 0
 0 0 0 0 0 0 0 1 1 0 0 0 0 1 0 0 0 1 0 0 1 0 0 0 0 1 1 0 0 0 0 0 0 0 1 0 0
 0 1 1 0 0 0 1 0 1 0 1 0 0 0 0 0 0 0 0 1 0 0 1 0 0 1 0 0 0 0 1 0 0 0 0 0 0
 0 0 0 0 0 0 1 0 0 0 0 0 0 0 0 0 1 0 0 0 0 0 0 1 0 1 1 0 0 1 1 1 0 0 0 1 1
 1 0 0 0 1 0 0 0 0 0 0 0 0 0 0 0 0 0 0 0 1 0 0 0 0 0 0 0 0 0 0 1 1 0 0 1 1
 0 1 0 1 1 0 1 0 0 0 1 1 1 0 0 0 0 0 0 0 0 0 0 1 1 0 1 0 0 1 0 0 0 0 0 0 1
 0 1 0 0 0 0 0 0 0 0 0 0 0 0 0 0 0 0 1 1 0 0 0 0 0 1 0 0 0 0 0 0 0 0 1 1 0
 1 0 1 0 1 0 0 0 0 0 0 1 1 0 1 1 1 0 0 0 1 0 0 1 1 0 0 0 0 0 0 0 0 1 0 0 0
 0 0 0 0 0 0 0 0 0 0 0 0 0 0 1 0 0 0 0 1 0 1 0 0 0 0 0 1 1 0 0 1 0 0 0 0 0
 0 1 0 1 0 0 0 0 0 0 0 0 0 0 1 0 0 0 0 0 0 0 0 0 0 1 0]

========== Cluster 1 ==========

Base classifier: GradientBoostingClassifier()

Minority Class: 1

Selected Features: [  3  50  37  79  23   0  76 106  68 205  57 151  11 214  21  49 140 208
  83  22 166 104 158 164 215 155  69 189 178  59 177  92 207  18 138 224
  65  45 142  71 120  82 116  15 143  90 148 150 221 105 175 163 176 184
  88 115 111  54  95 169 141 112  60 194  24 139 133 135  38 119  28  77
 103 180 145 170  86 114   9 182 213 195  48 183 200 187 199 160 202  66
  44 152  74 206  42  51  97 118  41  75  39 125 172  16 101 217 222  53
  52  14  55  56 211  58  61   2  62  63  64   1  67 209 210   8 212   4
  17 220  19  20 219 218  13  12  25  26  10  27  29  30  31  32  33  34
  36 216  40  43   7   6   5  46  47  35 188  70 146 156 154]

Labels: [1 0 0 0 0 0 0 0 1 0 1 1 1 1 0 0 0 0 0 0 0 0 0 0 0 0 1 1 1 0 1 0 0 0 1 0 0
 1 0 0 0 0 0 1 0 0 0 1 1 0 1 0 0 0 0 1 1 1 0 0 0 0 0 0 1 1 1 0 0 1 1 0 0 0
 1 1 0 1 1 0 0 0 0 0 1 0 1 0 0 1 1 0 0 0 0 0 1 1 0 1 0 0 0 0 0 0 0 0 0 0 1
 0 0 0 1 1 0 0 0 1 0 1 1 1 0 1 0 0 1 0 0 0 1 0 0 1 1 0 0 0 1 1 0 1 0 0 1 0
 0 0 0 1 0 0 1 0 0 1 1 0 1 0 0 0 0 0 0 0 0 0 0 1 0 0 0 1 0 0 1 1 1 0 0 1 1
 0 0 0 1 0 0 0 1 0 0 0 0 0 0 0 1 0 1 0 0 0 0 0 1 0 0 1 0 0 0 0 1 1 1 1 0 0
 0 1 0 0 0 0 0 1 1 0 1 0 0 0 0 0 0 0 1 1 0 0 1 0 0 1 1 1 1 1 0 1 0 1 0 0 1
 0 1 1 1 0 0 0 0 1 1 0 1 0 0 0 1 0 0 0 1 0 1 1 1 0 0 1 0 0 1 0 1 0 0 1 0 0
 0 0 1 0 1 0 1 0 0 1 1 0 1 0 0 0 0 1 0 1 0 0 0 1 0 0 0 0 0 0 1 0 0 0 0 1 0
 1 0 0 0 1 1 0 0 0 1 0 0 0 0 1 0 0 0 0 0 0 0 0 0 1 0 0 0 1 0 1 0 1 1 0 1 1
 0 1 1 1 0 0 0 0 0 1 0 0 0 0 0 1 0 0 1 0 0 0 0 1 0 1 0 0 0 0 1 1 1 0 0 0 1
 0 0 0 0 0 1 0 0 0 1 1 0 1 0 0 0 0 0 0 0 1 0 0 0 1 1 1 0 0 0 0 0 1 0 0 1 0
 0 0 1 0 0 0 0 0 0 1 0 1 0 1 0 0 0 1 1 1 0 0 0 0 0 0 0 0 1 1 0 1 1 0 0 0 0
 0 1 0 1 0 0 0 1 0 0 1 0 1 0 1 0 0 0 0 1 0 1 1 0 0 1 1 1 1 0 0 0 1 0 1 0 1
 0 0 1 1 0 1 0 1 1 0 0 1 1 0 1 0 1 1 1 0 1 0]

