Clustering algorithm selected: kmeans++
=====================================

Clustering evaluation metric: dbc
Clustering evaluation value: 0.03169261225019922

========== Cluster 0 ==========

Base classifier: GaussianNB()

Minority Class: 1

Selected Features: [2 0 8 5 4 1]

Labels: [1 1 1 1 1 1 0 0 0 1 1 1 0 1 0 0 0 0 1 0 0 1 0 1 1 0 1 0 0 1 0 1 1 1 1 0 0
 0 0 1 0 0 1 0 1 1 0 0 1 1 0 0 1 0 1 1 1 1 0 1 0 1 1 1 0 1 1 0 1 0 1 0 0 1
 0 0 0 1 0 0 0 0 1 1 0 0 0 1 0 0 0 1 0 1 0 1 1 0 1 0 1 1 0 0 0 0 1 0 0 1 0
 0 0 0 1 1 1 0 0 1 1 0 1 0 0 1 0 0 0 0 0 0 0 1 1 0 0 0 0 0 0 1 1 0 0 1 0 0
 1 1 0 0 1 1 1 0 1 1 1 1 1 0 1 0 1 0 0 0 0 0 0 0 1 0 1 1 1 1 1 1 0 0 1 0 0
 1 1 0 0 1 0 0 0 1 1 0 0 0 1 1 1 0 0 0 0 1 1 0 1 1 1 0 1 0 1 0 0 1 0 1 1 1
 1 0 0 0 1 0 1 0 0 0 0 0 1 1 0 0 1 1 0 0 0 0 1 0 1 0 1 0 0 0 0 0 0 1 1 1 1
 1 0 1 0 0 1 0 1 1 0 1 0 1 1 0 0 1 0 0 1 0 0 0 0 1 0 1 1 1 0 1 0 0 0 1 1 1
 0 0 0 1 0 1 1 1 1 0 1 1 1 1 0 0 0 1 1 0 1 0 1 1 0 1 0 0 0 0 1 1 1 1 1 0 1
 1 1 1 1 1 0 1 0 1 1 0 1 1 1 1 0 1 0 0 1 1 1 0 0 0 1 1 0 0 1 1 1 1 1 1 1 1
 1 0 0 0 0 1 1 1 1 0 1 0 1 1 0 1 1 1 1 1 0 1 1 0 0 1 0 1 0 1 0 0 0 0 0 1 0
 1 1 1 0 1 0 0 0 0 1 0 0 0 0 0 0 1 1 0 1 0 0 1 0 0 0 0 1 0 0 0 1 0 0 1 1 1
 1 1 1 0 1 1 0 1 0 1 1 0 0 0 1 0 0 0 1 1 0 1 0 0 0 1 0]

========== Cluster 1 ==========

Base classifier: GaussianNB()

Minority Class: 0

Selected Features: [6 3 7 8 4 1 0 2]

Labels: [1 1 1 1 0 1 1 1 0 0 1 1 0 1 0 1 1 1 0 1 1 0 0 0 1 1 1 0 1 1 1 0 1 0 0 0 1
 0 1 0 1 1 1 0 0 0 0 1 1 0 1 0 0 1 1 0 1 0 1 0 1 0 1 0 0 1 0 0 0 1 1 0 0 1
 1 1 0 0 1 1 0 0 0 1 1 0 0 0 0 1 1 0 1 0 0 0 1 1 1 1 1 1 1 1 0 0 0 1 0 1 1
 1 0 0 1 0 0 1 1 0 0 1 1 0 0 0 0 0 0 0 0 1 0 1 0 0 0 0 0 1 1 1 1 0 1 1 0 1
 0 0 1 1 0 1 1 0 1 1 0 0 1 0 0 0 0 0 1 1 1 0 1 1 0 1 1 0 0 0 0 0 0 1 1 1 1
 1 1 0 0 0 0 0 0 1 0 1 1 0 0 0 1 0 0 0 1 1 0 0 1 0 0 1 1 0 0 1 0 1 1 0 0 0
 1 1 0 1 0 0 1 0 0 0 1 1 1 0 1 1 0 0 1 1 0 0 1 0 1 1 1 1 1 0 1 0 1 0 1 1 1
 0 1 0 1 1 1 1 1 1 1 1 1 0 1 1 0 1 0 1 0 1 0 0 0 0 1 1 0 1 1 1 0 0 1 1 1 0
 0 0 0 1 0 0 0 0 0 0 1 0 1 0 1 1 1 1 1 1 0 0 0 1 0 1 1 1 0 0 1 0 1 1 1 1 1
 0 1 1 1 1 1 0 1 1 1 0 1 1 0 0 1 0 1 1 1 1 0 1 1 0 0 0 0 0 1 1 0 1 0 0 1 1
 0 1 1 1 0 1 1 0 1 1 1 0 0 1 1 0 1 0 1 1 1 0 0 1 0 1 0 1 0 1 0 1 1 1 0 1 1
 0 1 0 0 0 1 0 0 0 1 0 0 0 0 0 0 1 0 1 0 0 0]

