Clustering algorithm selected: kmeans
=====================================

Clustering evaluation metric: dbc_ss
Clustering evaluation value: 0.25776130923469986

========== Cluster 0 ==========

Base classifier: SVC(probability=True)

Minority Class: 1

Selected Features: [ 0  1  2  3  4  5  6  7  8  9 10 11 12]

Labels: [1 0 1 1 1 0 1 1 1 0 1 0 1 0 0 0 0 1 0 1 1 1 1 1 1 0 1 0 1 1 0 1 0 0 0 1 1
 1 0 1 0 0 0 0 0 0 1 1 1 0 1 0 1 1 1 1 1 0 0 0 1 0 0 0 1 1 0 0 0 0 0 0 0 0
 1 1 1 1 1 0 1 0 1 1 1 1 1 1 1 0 0 1 0 0 1 1 1 0 0 1 0 1 0 1 0 0 1 1 0 0 1
 1 1 0 1 0 1 1 0 0 0 0 1 0 0 1 0 0 0 0 1 1 0 0 0 1 1 1 0 1 1 1 0 0 0 0 0 0
 1 0 0 1 1 0 0 1 0 1 1 0 1 0 1 1 0 0 0 1 1 1 1 0 0 0 0 1]

Synthetic samples indexes: [  1   5  13  14  15  18  27  32  33  38  40  44  45  49  51  58  61  62
  63  66  67  68  69  70  72  73  79  81  90  93 100 108 118 119 120 121
 124 126 128 129 132 133 134 138 142 144 145 146 147 149 150 153 156 159
 161 166 171 173 174]

========== Cluster 1 ==========

Base classifier: SVC(probability=True)

Minority Class: 1

Selected Features: [ 0  1  2  3  4  5  6  7  8  9 10 11 12]

Labels: [1 1 1 1 1 0 1 0 0 0 0 0 0 0 1 1 0 1 1 0 0 0 0 1 1 1 0 1 0 1 1 1 1 1 1 0 1
 1 0 0 1 1 1 0 1 0 1 1 1 1 0 1 0 0 0 1 0 1 0 1 0 1 0 0 1 1 1 1 0 0 0 0 0 0
 0 1 1 1 0 0 0 1 1 1 1 1 0 1 0 1 1 0 0 0 1 0 1 1 0 1 1 1 0 1 1 1 0 1 1 1 1
 1 0 0 0 0 0 1 0 1 1 1 0 1 0 1 0 0 1 1 0 0 1 1 1 0 1 0 0 0 1 0 0 0 1 0 1 0
 1 1 0 0 0 0 1 1 0 0 1 1 1 1 0 0 0 0 0 1 1 0 1 1 0 1 0 0 1 0 0 0 0 1 1 0 1
 1 1 0 1 0 1 0 0 0 0 0 1 1 0 0 0 1 0 0 1 0 1 0 1 0 0 0]

Synthetic samples indexes: [  0   1   2   3   4   6  17  23  24  29  31  32  33  34  36  37  40  41
  42  44  46  48  49  51  55  59  61  64  65  66  76  77  81  82  83  84
  85  87  89  90  94  97  99 100 101 105 107 108 109 110 117 119 120 123
 125 128 129 133 134 136 140 144 148 149 155 158 159 160 161 167 168 171
 173 176 181 182 184 185 186 188 190 196 201 204 206 208]

