Clustering algorithm selected: fcm
=====================================

Clustering evaluation metric: dbc
Clustering evaluation value: 0.5206640727492908

========== Cluster 0 ==========

Base classifier: GradientBoostingClassifier()

Selected Features: [32 34 33 25 23 31 35 37 24  1 30 36 26  6 19  0 17 28  7  3 11 20  9  8
 13 29 16 21 27 22 18 15]

Labels: [1 1 0 0 1 0 1 0 1 0 0 0 0 1 1 0 1 0 0 0 1 0 1 0 0 0 0 1 0 1 0 0 0 0 0 1 0
 1 1 1 0 1 0 1 0 0 0 0 1 1 1 1 1 0 0 1 1 0 0 1 1 0 1 0 0 0 1 1 0 0 0 1 0 1
 0 1 1 0 1 1 0 0 0 0 0 1 0 1 0 0 1 0 0 0 1 1 0 1 0 1 1 0 0 1 1 0 1 1 1 1 0
 0 0 0 0 0 0 1 0 0 1 0 0 0 0 1 0 1 0 1 0 0 1 1 1 0 1 0 0 0 0 0 1 0 1 0 0 0
 0 1 0 1 1 0 1 0 0 1 1 1 1 1 1 1 1 1 1 1 1 1 1 1 1 1 1 1 1 1 1 1 1 1 1 1]

========== Cluster 1 ==========

Base classifier: SVC(probability=True)

Selected Features: [32 34 33 31 10 26 23 35 37 13 15 21  3  7 16 36 12 18 28 27  9 30 29  0
  4  8  5 19 25 24 17 20 22]

Labels: [0 1 1 0 1 0 0 0 0 0 0 0 0 0 0 1 0 0 1 0 0 1 0 0 1 0 1 0 0 0 0 0 0 1 1 0 0
 0 0 0 0 0 1 1 0 0 1 0 0 1 0 0 1 0 1 0 1 0 1 1 0 0 0 1 0 0 0 1 0 1 0 1 1 0
 1 0 1 1 1 0 1 1 0 0 1 0 0 0 1 0 0 0 1 1 1 1 1 1 0 0 0 1 0 1 1 1 1 1 0 1 1
 1 1 1 0 1 1 0 0 0 0 1 0 0 1 0 0 0 1 1 1 1 0 0 1 1 0 1 1 0 1 0 0 1 0 0 1 0
 1 1 0 1 1 1 1 1 1 1 1 1 1 1 1 1 1 1 1 1 1 1]

========== Cluster 2 ==========

Base classifier: RandomForestClassifier()

Selected Features: [32 33 30 34 37 35 31  0 13  8  1  6 20 11 24  2 28 16 17 18 29  4  5 10
  3 23 15 36 25 26 19]

Labels: [1 0 0 0 0 0 0 1 0 0 0 1 0 0 1 1 1 0 1 1 0 1 1 0 1 1 0 0 1 0 0 0 0 1 0 0 0
 0 0 1 1 0 0 0 0 1 1 1 1 0 1 0 0 0 1 0 0 0 0 1 1 1 1 0 1 1 0 0 1 0 1 1 0 0
 0 1 0 1 0 1 0 0 0 1 1 0 1 0 1 0 0 0 1 1 1 1 1 0 0 0 0 0 0 0 0 1 1 0 1 0 0
 0 0 0 0 0 1 1 0 0 1 0 1 1 0 1 0 0 1 1 0 0 1 0 0 0 1 1 1 0 1 1 0 0 1 1 1 1
 1 1 1 1 1 1 1 1 1 1 1 1 1 1 1 1 1 1 1 1]

========== Cluster 3 ==========

Base classifier: GradientBoostingClassifier()

Selected Features: [32 34 37 33 16  1  9 17 20  0  2 15 31 35  3 29 11 24 36 25 28 30 19 18
 22 21 23 27 26 14  8 10 13]

Labels: [1 1 0 0 0 0 0 1 0 1 1 0 0 1 0 0 1 0 0 0 1 0 1 1 1 1 0 0 1 0 1 0 1 0 1 1 0
 1 0 0 1 0 1 0 1 1 1 0 0 0 1 1 0 0 1 0 0 1 0 0 1 0 1 0 0 1 1 1 0 0 0 0 0 0
 0 1 1 1 1 0 1 0 1 1 1 0 1 1 1 0 0 0 1 0 1 0 1 1 1 0 1 0 0 1 1 1 1 1 1 0 0
 0 0 0 0 1 1 0 0 1 1 0 1 1 0 0 1 0 1 0 0 0 1 0 1 0 1 0 0 1 1 1 0 1 0 0 1 0
 1 0 1 1 1 0 0 1 0 0 1 1 1 1 1 1 0 0 1 1]

