Clustering algorithm selected: fcm
=====================================

Clustering evaluation metric: dbc_rand
Clustering evaluation value: 0.20036643588655276

========== Cluster 0 ==========

Base classifier: GaussianNB()

Minority Class: 0

Selected Features: [ 9 11  8 10  2 12  7  3  4 13  1]

Labels: [0 1 1 1 1 1 1 0 1 0 0 0 1 0 0 1 1 0 1 1 0 1 1 0 1 0 1 1 0 0 1 0 0 0 1 0 1
 1 0 0 0 1 1 1 0 0 0 0 0 1 1 1 1 1 0 0 1 0 1 1 1 1 1 1 1 1 1 1 1 0 1 1 1 0
 0 0 1 1 0 1 0 1 1 1 0 1 1 1 0 0 0 0 1 1 1 1 0 1 0 1 1 0 1 1 0 0 1 1 1 1 0
 1 1 1 0 0 1 1 0 1 1 1 1 0 1 1 1 1 1 0 1 0 0 0 0 0 0 1 1 1 0 0 0 0 1 1 1 1
 0 1 0 0 0 0 1 1 1 1 0 0 0 1 0 1 1 0 0 0 1 1 1 1 0 0 1 1 1 0 0 1 1 0 1 1 0
 0 1 1 0 1 1 0 0 0 1 1 0 1 0 0 0 0 1 0 0 0 0 0 1 1 0 1 0 0 0 1 1 0 1 1 0 0
 0 0 0 1 1 1 1 0 1 0 0 0 1 1 0 0 0 1 1 1 0 0 0 1 1 0 1 0 0 1 1 1 0 0 0 1 0
 1 1 0 1 0 0 1 1 1 0 1 1 1 1 0 1 0 1 0 1 0 1 1 0 0 1 1 1 0 1 0 1 0 0 0 1 1
 0 0 1 1 0 1 0 0 0 1 1 0 0 1 1 1 1 1 0 0 1 0 0 0 0 0 0 0 1 0 0 1 0 0 1 0 0
 0 1 0 1 0 1 1 0 0 1 0 1 0 1 1 0 0 1 1 0 1 1 0 1 1 0 1 1 0 1 0 0 1 0 1 1 0
 1 1 0 0 0 0 1 0 1 1 1 0 0 0 1 1 0 0 1 1 0 1 1 0 1 0 0 0 0 1 1 0 1 1 0 1 1
 0 0 1 1 1 0 0 0 1 1 1 1 0 1 1 1 1 0 0 0 1 1 0 1 0 0 1 1 0 0 0 0 1 0 1 0 0
 0 1 0 1 0 1 1 0 1 1 1 0 0 1 1 1 1 0 0 1 1 1 0 1 1 0 1 0 0 0 1 0 1 0 1 0 0
 0 1 0 1 0 1 0 0 0 0 1 1 1 1 0 1 1 0 0 1 0 1 1 0 1 1 1 1 0 1 1 1 0 1 1 0 0
 1 0 0 1 0 1 1 1 0 1 0 1 1 1 1 0 0 0 0 1 0 0 0 1 1 1 1 0 1 1 1 0 0 0 1 0 1
 1 0 0 1 1 1]

========== Cluster 1 ==========

Base classifier: GaussianNB()

Minority Class: 1

Selected Features: [ 9  8 11 12  1  7 10  2 13  6  5  4]

Labels: [0 0 0 0 0 0 0 0 1 1 0 0 0 0 1 1 0 0 0 0 1 0 1 0 1 1 1 1 0 1 1 1 0 0 0 1 1
 1 1 0 0 0 1 0 1 1 1 1 1 1 0 1 1 1 0 0 1 1 1 1 0 1 0 1 0 1 0 0 0 1 0 1 0 0
 0 1 1 0 0 1 1 1 0 0 0 0 0 1 1 1 1 1 0 1 0 0 1 0 1 0 1 0 1 1 0 1 1 0 1 0 0
 1 0 0 1 0 0 0 0 0 0 0 0 0 0 0 0 0 1 1 0 1 0 1 1 0 1 0 0 1 1 0 0 1 1 0 1 1
 0 0 0 1 0 1 0 1 0 1 0 0 0 0 1 0 1 1 0 1 1 0 1 1 1 1 1 1 1 1 1 1 0 0 0 0 1
 0 1 0 1 0 1 1 0 0 0 1 0 0 1 0 0 1 0 0 1 1 1 0 0 0 0 0 1 0 0 0 0 0 1 1 1 1
 0 0 1 0 0 1 0 0 0 1 1 1 0 1 1 0 1 0 0 0 1 1 0 1 1 1 0 0 0 1 0 0 0 0 1 1 0
 1 0 1 1 0 0 1 1 0 0 0 0 0 1 0 0 0 1 0 1 0 1 0 1 0 0 0 0 0 0 0 1 0 0 1 1 1
 0 1 0 1 1 0 1 1 0 0 1 0 1 0 1 0 0 1 1 1 1 0 0 0 0 0 0 1 0 0 1 0 0 1 1 0 0
 1 1 1 0 1 1 0 1 1 0 0 1 1 1 0 1 1 0 0 1 0 0 0 1 1 0 0 1 0 0 0 0 0 1 1 0 1
 0 1 0 0 1 1 1 0 1 0 0 1 1 0 0 1 0 1 0 0 0 1 1 1 0 0 0 0 1 1 1 0 1 0 1 1 0
 0 0 0 0 1 1 0 1 1 0 0 1 1 1 0 0 1 0 1 0 1 0 0 1 0 0 0 1 1 0 0 0 1 0 1 0 1
 1 1 1 1 0 0 0 0 0 0 1 1 0 1 0 0 1 1 1 0 1 1 0 1 0 1 0 1 1 0 1 1 0 0 1 1 0
 1 1 0 1 1 0 1 0 0 1 1 0 0 0 0 1 1 0 1 1 0 1 0 1 0 0 1 0 0 0 0 0 1 0 1 0 1
 1 1 0 0 1 1 0 0 1 1 1 1 0 1 1 0 1 0 0 0 1 1 1 0 0 0 0 0 1 1 0 1 1 1 1 0 1
 1 1 0 1 1 1 0 0 0 0 1 0 1 1 0 0 1 1 1 0 0 1 1 0 1 0 1 0 1 0 1 0 1 0 0 1 0
 1 0 1 1 1 0 0 1 0 0 0 1 0 1 1 1 1 0 0 0 1 0 1 1 0 0 1 0 1 1 1 1 1 0 1 0 1
 1 1 0 0 1 0 0 0 1 0 0 0 0 0 0 1 1 0 0 1 0 0 0 1 0 1 1 1 1 0 1 0 0 0 1 0 1
 1 1 0 1 0 0 0 1 0 1 0 0 0 0 0 1 1 0 1 1 0 1 0 1 1 0 1 0 0 1 1 1 1]

