Clustering algorithm selected: spectral
=====================================

Clustering evaluation metric: rand
Clustering evaluation value: 0.13041223230138022

========== Cluster 0 ==========

Base classifier: SVC(probability=True)

Minority Class: 2

Selected Features: [9 1 7 0 5 3]

Labels: [1 2 0 0 0 0 1 2 1 1 0 0 1 0 0 0 0 0 0 1 1 2 0 1 0 2 2 0 0 2 1 2 1 1 1 1 1
 1 0 0 1 1 0 2 1 0 2 2 1 1 1 1 0 0 1 0 1 1 0 1 2 1 1 2 1 1 1 2 2 0 2 1 2 1
 1 0 1 1 1 1 1 1 1 0 1 1 0 2 0 0 1 1 1 1 0 1 0 2 0 2 1 2 1 1 0 2 1 1 1 0 1
 1 1 1 0 2 1 0 0 0 1 1 1 1 1 0 1 1 1 1 1 1 1 0 1 0 1 2 2 0 0 0 1 1 2 0 0 1
 1 0 0 0 0 0 0 1 1 2 0 0 0 1 0 0 1 1 0 0 1 0 2 1 1 0 2 1 0 1 1 0 1 2 0 1 1
 1 1 1 1 0 0 1 1 2 1 1 1 2 1 1 0 0 0 0 1 1 1 2 1 2 0 0 1 2 1 0 2 0 1 2 0 1
 1 0 0 1 0 1 1 2 1 0 0 1 2 0 0 0 2 2 1 0 1 0 1 1 0 1 1 2 1 1 0 1 0 0 0 0 2]

========== Cluster 1 ==========

Base classifier: SVC(probability=True)

Minority Class: 2

Selected Features: [1 6 4 3 5]

Labels: [0 1 2 1 2 1 1 0 1 0 1 1 1 0 1 0 1 0 1 1 2 0 0 1 0 0 1 0 0 1 0 0 1 0 0 0 1
 2 0 1 1 2 0 0 1 1 1 1 1 0 1 0 0 1 1 1 0 0 1 0 0 0 1 0 0 0 1 0 1 1 0 1 1 0
 1 1 1 1 1 0 1 1 0 0 0 0 1 1 1 1 1 1 0 0 0 1 2 0 1 1 1 0 0 1 1 0 0 1 1 0 0
 0 1 0 0 1 1 0 1 1 1 1 0 0 0 0 2 0 1 1 0 1 0 1 2 1 1 1 0 0 2 1 1 2 2 1 0 0
 0 1 1 0 0 0 1 2 0 1 0 1 2 0 1 0 1 1 2 1 0 1 2 1 1 1 0 1 0 0 1 0 2 1 1 1 2
 1 1 0 1 1 0 1 2 2 0 2 0 0 0 1 2 1 2 1 2 1 2 1 1 0 2]

========== Cluster 2 ==========

Base classifier: GaussianNB()

Minority Class: 1

Selected Features: [1 9]

Labels: [2 0 1 0 1 2 2 1 2 2 2 2 1 2 0 2 1 2 0 0 0 2 2 0 2 0 0 1 1 0 1 1 0 2 0 0 0
 0 0 1 0 2 1 1 2 0 2 2 1 2 2 2 0 2 2 2 0 1 2 1 1 1 0 2 2 1]

========== Cluster 3 ==========

Base classifier: KNeighborsClassifier(n_neighbors=7)

Minority Class: 2

Selected Features: [9 5 1 7 8 4]

Labels: [0 0 0 0 1 0 0 0 0 1 0 1 0 0 0 1 1 0 1 0 0 0 0 0 0 0 0 0 0 0 0 0 1 0 0 0 0
 0 1 0 0 0 0 0 1 0 1 0 0 2 0 1 0 0 0 0 0 0 0 0 0 0 0 0 0 0 0 0 0 1 0 0 0 0
 0 1 0 1 0 0 0 0 0 0 0 1 1 1 0 0 0 0 0 0 0 1 0 0 0 0 0 0 0 0 0 0 0 1 1 0 0
 0 1 0 2 0 0 0 0 0 0 0 0 0 0 0 0 0 0 0 0 0 0 1 0 0 0 0 1 0 0 0 0 0 0 0 0 0
 0 1 0 0 1 0 0 0 0 0 0 0 1 1 0 0 0 0 0 0 0 0 0 0 1 0 0 0 0 0 1 0 0 0 0 0 0
 0 0 1 0 0 2 0 0 2 2 2 2 2 2 2]

========== Cluster 4 ==========

Base classifier: LogisticRegression()

Minority Class: 1

Selected Features: [4 0 6 5 1]

Labels: [2 2 2 2 2 2 2 2 2 0 2 2 2 2 0 0 2 2 0 2 0 2 2 2 2 2 2 2 2 2 2 2 2 2 2 2 2
 2 2 2 2 2 2 2 2 2 0 2 2 2 2 2 2 2 2 2 0 2 2 2 0 0 2 2 0 1 2 2 2 1 0 2 2 2
 1 2 0 2 0 2 2 2 1 0 2 2 2 2 2 2 2 2 2 2 2 2 1 2 2 2 2 1 2 2 2 2 2 2 1 2 0
 1 0 0 2 2 2 0 1 2 0 2 2 0 2 2 2 0 2 1 2 2 2 2 2 2 2 2 0 2 2 2 2 2 2 2 2 2
 2 2 2 2 0 2 2 2 1 2 2 2 2 2 0 2 2 2 0 2 2 2]

========== Cluster 5 ==========

Base classifier: SVC(probability=True)

Minority Class: 0

Selected Features: [6 7 9 4 8 2 3]

Labels: [1 1 2 2 2 1 1 1 2 1 2 1 1 1 2 0 1 2 2 1 1 1 1 2 2 1 2 1 2 1 1 1 1 1 2 2 1
 1 1 1 1 1 1 2 1 1 1 2 1 2 1 2 1 1 1 2 2 2 2 1 2 2 1 1 1 2 1 1 1 1 1 1 1 2
 2 1 1 2 1 1 1 1 1 1 1 2 1 1 2 2 2 1 1 1 1 2 0 2 1 1 1 1 1 1 1 1 2 1 1 1 1
 1 2 1 1 1 2 0 1 2 1 2 1 2 1 1 1 1 1 1 2 1 1 1 1 2 2 2 1 1 1 1 1 1 1 2 1 2
 1 1 1 2 1 0 2 2 2 1 2 1 2 1 2 2 1 1 1 1 1 2 1 1 1 1 1 1 1 1 1 1 1 1 1 2 1
 2 1 1 1 2 2 1 2 2 0 0 0 0 0 0]

========== Cluster 6 ==========

Base classifier: SVC(probability=True)

Minority Class: 1

Selected Features: [5 2 1 9 7 4]

Labels: [2 2 2 2 2 2 2 2 0 2 1 0 2 2 0 0 2 1 2 2 0 2 2 2 2 2 0 2 0 1 2 0 2 2 1 2 2
 2 0 0 0 2 0 2 2 2 2 2 2 1 0 1 2 0 2 2 2 0 2 2 2 2 2 1 0 1 2 0 0 0 2 0 2 2
 2 2 1 0 2 2 2 1 0 2 1 0 2 2 2 2 2 0 2 2 2 2 2 2 2 2 2 0 0 0 0 0 2 0 2 2 0
 2 2 2 2 2 2 2 2 0 2 2 2 2 2 2 0 2 0 2 2 2 2 2 0 2 2 2 2 0 2 0 2 2 2 0 2 2
 0 2 2 2 0 2 2 2 2 2 2 1 2 2 2 0 2 2 2 2 0 2 2 2 2 0 2 2 2 2 2 2 2 2 2 2 0
 2 2 2 0 0 2 0 0 2 0 0 2 1 0 2 0 2 2 1 2]

========== Cluster 7 ==========

Base classifier: SVC(probability=True)

Minority Class: 0

Selected Features: [2 4 5 0 3]

Labels: [0 0 1 1 1 2 2 1 1 1 2 1 1 0 2 1 2 1 1 0 2 2 0 2 0 0 1 0 1 2 1 2 1 1 0 2 1
 2 2 0 2 0 2 2 1 2 1 1 0 1 2 2]

