Clustering algorithm selected: kmeans++
=====================================

Clustering evaluation metric: dbc
Clustering evaluation value: 0.4754299577766323

========== Cluster 0 ==========

Base classifier: RandomForestClassifier()

Selected Features: [32 37 34 33  3  4  1 31 17  9 11 18  0 15  5 20 36 13 16 29 35 23 22  7
 28 25 27 26 24 30 19 21 14]

Labels: [1 0 1 0 1 0 0 1 0 0 0 0 0 1 0 1 1 0 0 1 0 0 0 0 0 1 0 0 0 1 0 0 1 0 0 0 1
 1 0 0 1 0 0 1 1 0 0 1 0 1 0 1 0 1 0 1 0 1 1 0 1 0 1 1 1 0 0 0 1 0 1 1 1 1
 1 1 1 0 0 0 0 0 1 0 1 1 0 1 1 1 1 1 1 1 0 0 0 1 1 1 0 1 1 0 0 1 0 0 1 1 0
 1 1 1 1 1 1 1 1 1 1 0 0 0 0 0 0 0 0 0 1 0 0 0 0 1 1 1 0 0 0 1 0 0 1 0 1 0
 0 0 1 1 1 0 0 0 1 1 0 1 0 1 1 1 1 1 0 1 1 0 0 1 1 1 0 0 0 1 1 0 0 1 0 1 0
 1 0 0 0 0 1 0 0 0 0 0 1 0 1 1 0 0 0 0 1 0 0 0 0 0 1 1 0 1 0 1 1 0 0 0 0 1
 1 1 1 1 0 1 0 0 0 0 1 1 0 1 1 0 0 1 1 0 0 1 1 0 1 1 0 1 0 0 1 1 0 1 0]

========== Cluster 1 ==========

Base classifier: LogisticRegression()

Selected Features: [32 34 37 33 31 27 25 36  7 23 20 16 35  1  5 22 14  8 21 26 17 24 19 18
 30 29 28 12 13 15  9 10 11]

Labels: [1 1 0 1 0 1 1 0 1 0 0 1 0 0 0 0 0 0 0 0 0 0 0 0 0 1 0 0 0 0 1 0 1 0 0 1 1
 0 0 1 1 1 1 0 0 0 0 0 0 1 0 1 1 0 1 1 1 1 0 0 1 0 0 0 0 1 0 0 0 0 0 0 0 1
 0 0 1 1 0 0 0 0 1 0 0 1 0 0 0 1 1 0 0 0 0 0 0 1 0 1 0 0 0 0 0 0 0 0 1 1 0
 1 0 0 0 1 0 0 1 0 1 0 1 0 1 0 1 0 1 0 1 0 0 1 0 0 1 0 1 0 1 0 1 0 1 1 1 1
 1 1 1 1 1 1 1 0 0 0 0 0 0 0 0 0 0 0 0 1 1 1 0 0 0 0 1 0 0 1 0 0 1 0 1 0 1
 0 0 0 0 0 0 1 0 1 0 0 0 0 1 1 1 0 0 0 0 0 0 0 0 0 0 1 1 1 0 0 1 0 0 1 1 0
 0 1 1 1 0 0 0 1 0 1 1 0 0 1 1 0 0 1 1 1 1 1 0 1 1 0 0 0 1 1 1 0 1 1 1 0 0
 1 1 0 1 1 0 1 0 0 1 0 1 0 1 1 0 0 1 1 0 1 1 1 1 0 1 1 1 0 0 1 0 1 0 1 0 0
 1 0 0 0 1 1 0 0 1 1 1 1 0 1 0 0 0 0 1 1 0 0 0 1 0 1 1 0 0 1 1 0 0 0 0 0 0
 1 1 0 1 1 0 1 1 0 1 0 0 1 0 0 0 1 0 1 1 1 0 0 1 1 1 1 0 0 1 1]

