============== Classifiers Parameters ==============
[{'n_estimators': 36, 'max_depth': 1, 'min_samples_split': 6, 'min_samples_leaf': 3, 'learning_rate': 0.5365060081100511}, {'n_estimators': 52, 'max_depth': 10, 'min_samples_split': 8, 'min_samples_leaf': 7, 'learning_rate': 0.21988057437896283}]

Optimal clusterer: kmeans

External clustering metrics:
adjusted_rand_score: 0.2930241829486008
normalized_mutual_info_score: 0.285017845990456
v_measure_score: 0.28501784599045593
fowlkes_mallows_score: 0.5384898631387277

Internal clustering metrics:
silhouette: 0.3411445453149944
davies_bouldin: 0.9528101253753228
calinski_harabasz_score: 447.3434169550034

Base classifier: gb
========== Cluster 0 ==========

Labels: [2 1 1 1 2 1 2 1 1 1 1 2 1 0 1 0 0 1 1 1 1 1 0 0 1 0 2 2 1 0 2 1 1 2 0 1 0
 1 2 2 1 1 1 1 1 2 1 1 0 2 0 1 2 1 2 2 1 1 1 2 2 0 2 1 2 2 0 2 1 2 1 2 0 1
 2 2 2 1 2 1 0 2 2 1 1 2 2 0 1 1 1 1 2 1 1 2 2 1 2 1 1 2 1 2 2 1 0 1 1 1 1
 2 2 2 0 1 1 0 1 2 1 1 1 1 0 1 1 2 2 2 1 1 0 2 2 0 1 2 2 2 1 1 1 1 1 1 1 1
 1 1 1 0 2 2 2 1 1 1 2 1 1 2 1 2 2 1 2 1 2 2 1 1 1 1 2 2 1 1 1 2 2 2 1 2 0
 2 1 1 2 1 1 1 2 2 2 2 1 2 1 1 2 1 1 2 1 0 2 1 1 1 0 1 1 1 1 2 0 2 0 2 2 2
 2 2 2 1 1 2 1 1 0 2 1 0 2 1 1 0 0 2 2 2 2 2 1 0 1 2 1 1 2 2 2 2 0 0 1 1 0
 1 2 2 0 1 1 2 2 1 1 1 0 2 2 1 1 1 1 1 1 1 2 1 2 2 2 2 1 2 2 1 2 1 2 1 1 2
 1 1 1 1 2 2 1 1 2 2 2 2 2 0 2 2 2 2 2 0 2 2 2 1 1 2 1 2 0 0 0 1 1 1 1 1 2
 1 2 1 1 1 1 1 1 1 1]

========== Cluster 1 ==========

Labels: [0 0 2 0 2 0 0 0 1 1 1 0 2 1 0 0 0 2 2 1 1 1 0 0 0 0 2 1 2 0 0 1 0 2 0 0 2
 2 0 0 0 0 0 0 2 0 2 1 0 2 0 0 1 0 0 0 0 1 1 0 0 1 0 0 0 0 2 0 2 0 0 0 0 2
 0 0 0 0 2 0 1 2 0 0 0 0 2 1 0 2 1 0 0 0 2 2 2 0 2 0 2 0 0 2 0 2 0 1 0 1 1
 0 1 0 2 0 2 2 2 0 2 2 0 1 1 0 0 1 0 0 2 1 0 0 0 2 0 0 2 0 0 0 2 2 0 0 1 1
 0 2 0 0 0 0 0 0 0 0 0 0 2 0 0 2 1 2 0 2 2 1 0 1 0 2 0 0 2 0 1 2 1 0 1 1 0
 2 0 2 0 0 1 0 0 0 0 0 0 0 2 2 0 1 0 0 2 0 2 0 2 2 0 2 0 1 2 2 2 0 2 0 1 0
 0 0 0 2 1 2 0 1 0 1 0 1 0 0 0 1 1 2 2 2 0 2 2 2 2 0 0 0 2 1 0 0 2 2 0 0 2
 0 2 0 1 2 0 0 2 2 2 1 0 0 2 0 2 0 1 0 0 0 0 0 2 2 0 2 1 0 0 1 0 2 1 0 2 2
 2 0 0 0 0 2 0 1 0 2 0 0 2 2 2 0 0 0 0 2 0 0 1 0 0 0 0 0 1 0 0 0 1 1 0 1]

