============== Classifiers Parameters ==============
[{'n_estimators': 298, 'max_depth': 6, 'min_samples_split': 3, 'min_samples_leaf': 9, 'learning_rate': 0.17974892806507764}, {'n_estimators': 118, 'max_depth': 5, 'min_samples_split': 8, 'min_samples_leaf': 7, 'learning_rate': 0.17794156293486296}, {'n_estimators': 77, 'max_depth': 9, 'min_samples_split': 6, 'min_samples_leaf': 5, 'learning_rate': 0.1284789236528587}]

Optimal clusterer: kmeans

External clustering metrics:
adjusted_rand_score: 0.3001503487833536
normalized_mutual_info_score: 0.25900397510527073
v_measure_score: 0.25900397510527073
fowlkes_mallows_score: 0.53457545391137

Internal clustering metrics:
silhouette: 0.34169021462666205
davies_bouldin: 0.9191475877418357
calinski_harabasz_score: 472.00709977263983

Base classifier: gb
========== Cluster 0 ==========

Labels: [0 0 2 0 0 0 1 1 0 1 0 0 0 1 0 0 0 1 0 0 1 0 2 0 0 0 0 0 1 0 2 0 0 1 0 0 0
 1 0 1 0 0 2 0 0 0 0 0 0 2 0 1 0 0 0 1 0 1 0 0 0 0 0 0 0 0 2 0 1 1 0 0 2 0
 0 1 0 0 2 0 0 2 0 2 2 2 1 1 0 0 0 0 0 0 0 0 0 0 0 0 0 0 2 0 1 0 0 0 0 2 0
 0 1 0 1 2 0 2 0 0 0 0 2 0 0 2 0 1 2 0 0 2 2 1 0 0 0 1 0 0 0 0 0 1 0 0 1 0
 2 0 0 0 0 2 0 1 0 0 0 2 2 0 0 0 2 0 0 0 0 0 0 1 0 0 1 0 2 0 0 0 1 0 0 0 2
 2 0 2 0 0 1 1 0 0 0 0]

========== Cluster 1 ==========

Labels: [1 1 1 1 1 1 1 1 0 1 1 1 1 0 0 0 1 2 1 1 0 0 0 1 1 1 1 1 1 0 0 1 1 1 1 1 0
 2 2 0 1 2 1 1 1 0 1 1 0 0 1 1 1 0 1 2 1 1 2 0 1 1 1 1 1 0 1 0 1 0 1 1 1 1
 0 1 1 1 1 2 1 1 0 2 1 1 1 1 1 1 1 1 2 1 1 0 1 1 1 1 1 1 1 1 1 1 0 1 1 1 0
 0 1 1 1 1 0 0 0 2 2 1 2 0 2 1 1 1 1 1 1 0 1 1 0 1 1 1 0 2 1 1 1 1 1 0 0 1
 0 1 0 1 1 2 1 1 0 2 1 1 1 1 1 1 1 1 1 1 1 1 1 1 1 1 0 2 0 2 1 1 2 0 0 0 1
 1 1 1 2 1 1 1 1 1 1 1 1 1 1 1 1 0 1 2 1 1 1 1 1 1 1 1 1 1 1 1 0 1 1 0 1 0
 1 1]

========== Cluster 2 ==========

Labels: [2 2 2 1 2 0 1 2 2 0 1 0 1 1 2 2 2 2 1 0 1 2 1 2 2 1 2 2 2 1 0 2 2 2 2 0 2
 2 2 0 0 2 2 1 2 2 2 2 1 2 0 1 2 2 0 2 2 2 0 2 2 0 0 1 2 0 1 2 2 2 2 0 2 2
 2 1 2 1 2 2 2 1 2 2 2 2 0 2 2 2 1 1 2 2 2 2 2 2 1 2 2 0 0 0 2 0 2 0 2 2 2
 2 2 2 2 2 2 2 2 2 2 0 1 1 0 2 2 1 2 2 2 2 2 2 2 2 2 2 2 0 2 2 2 0 2 0 0 2
 2 0 2 2 2 2 2 2 2 2 0 2 2 2 2 0 2 2 2 1 2 2 2 0 2 1 2 2 2 2 0 0 2 2 2 2 2
 2 2 2 2 2 1 2 2 0 2 1 2 1 1 2 2 2 2 2 2 2 2 2 2 2 2 2 2 2 1 2 2 2 0 1 1 2
 2 2 0 0 1 2 0 0 2 0 2 2 2 1 2 2 2 2 2 2 2 2 2 0 0 2 0 2 1 2 2 0 0]

