============== Classifiers Parameters ==============
[{'n_estimators': 434, 'max_depth': 5, 'min_samples_split': 8, 'min_samples_leaf': 2}, {'n_estimators': 168, 'max_depth': 8, 'min_samples_split': 4, 'min_samples_leaf': 10}, {'n_estimators': 339, 'max_depth': 4, 'min_samples_split': 10, 'min_samples_leaf': 9}]

Optimal clusterer: kmeans

External clustering metrics:
adjusted_rand_score: 0.2916808274911163
normalized_mutual_info_score: 0.2769645620219037
v_measure_score: 0.2769645620219037
fowlkes_mallows_score: 0.5362807104594537

Internal clustering metrics:
silhouette: 0.3402526399789381
davies_bouldin: 0.9482746066393846
calinski_harabasz_score: 448.5102986486142

Base classifier: extra_tree
========== Cluster 0 ==========

Labels: [2 2 2 1 2 0 1 2 2 0 1 0 1 1 2 2 2 2 0 1 2 1 2 2 1 2 2 2 1 0 2 2 2 2 2 2 0
 0 2 2 1 2 2 2 1 2 0 1 2 2 0 2 2 2 0 2 2 2 2 2 2 0 1 1 2 2 2 0 2 0 2 2 2 1
 1 2 2 2 2 1 2 0 1 0 2 2 2 2 1 2 2 2 2 2 2 2 0 2 2 2 2 2 2 2 2 2 2 1 2 2 2
 2 1 2 2 2 2 2 2 2 2 2 2 2 2 0 2 2 2 2 0 2 0 2 2 2 2 2 2 2 0 2 2 2 2 2 2 2
 1 2 2 2 0 2 1 2 2 2 0 2 2 2 2 2 2 2 2 2 2 1 2 2 2 1 2 1 1 2 2 2 2 2 2 2 2
 2 2 2 2 2 2 2 1 2 2 2 1 1 2 2 1 2 0 0 2 2 2 1 2 2 2 2 2 2 2 2 2 0 0 2 0 1
 2 2 0]

========== Cluster 1 ==========

Labels: [1 1 1 1 1 1 1 1 0 1 1 1 1 0 0 0 1 2 1 1 0 0 0 1 1 1 1 1 1 0 0 1 1 1 1 1 0
 2 2 0 1 2 1 1 0 0 1 0 1 0 1 1 1 1 0 1 1 1 1 2 1 1 0 2 1 1 1 1 1 1 1 1 1 1
 0 1 1 1 1 1 1 2 1 1 1 1 1 1 1 2 1 1 2 0 2 1 1 1 1 1 1 1 1 1 1 0 1 1 1 0 0
 1 1 1 1 0 0 0 2 2 1 0 2 1 1 1 1 1 0 1 1 0 1 1 1 0 2 1 1 1 1 0 0 1 0 1 0 1
 1 2 1 1 0 2 1 1 1 1 1 1 1 1 1 1 1 1 1 1 1 1 0 2 0 1 1 2 0 0 0 1 1 1 1 2 1
 1 1 1 1 1 1 1 1 1 1 1 0 1 2 1 1 1 1 1 1 1 1 1 1 1 1 0 1 1 0 1 0 1 1]

========== Cluster 2 ==========

Labels: [0 0 2 0 0 0 1 1 0 1 0 0 0 1 1 0 0 0 1 0 0 1 0 0 2 2 0 0 0 0 0 2 1 0 2 0 0
 1 0 0 0 0 2 2 0 0 0 0 0 1 0 0 0 0 1 1 0 0 0 0 2 0 0 0 2 0 0 0 0 2 0 0 1 0
 2 0 0 0 0 0 0 0 0 2 0 0 1 0 1 0 1 0 2 0 2 0 1 0 1 1 0 2 0 0 0 1 0 0 0 0 0
 0 0 2 0 0 0 0 2 0 1 0 0 0 0 2 0 1 0 0 1 0 0 1 2 2 0 2 2 0 0 0 1 0 0 2 0 0
 2 0 1 2 0 0 2 2 1 0 0 0 2 0 1 0 0 0 0 0 1 0 0 1 0 0 2 2 0 0 0 0 2 0 1 0 0
 0 2 2 0 0 0 0 2 0 0 0 2 0 0 0 0 1 0 0 0 1 2 0 0 2 0 0 0 1 0 0 0 2 2 0 2 0
 0 1 1 0 2 0 0 0 0]

