============== Classifiers Parameters ==============
[{'n_estimators': 274, 'max_depth': 10, 'min_samples_split': 6, 'min_samples_leaf': 6}, {'n_estimators': 434, 'max_depth': 6, 'min_samples_split': 8, 'min_samples_leaf': 1}, {'n_estimators': 370, 'max_depth': 10, 'min_samples_split': 5, 'min_samples_leaf': 5}]

Optimal clusterer: kmeans

External clustering metrics:
adjusted_rand_score: 0.3234576158746161
normalized_mutual_info_score: 0.2844175801890652
v_measure_score: 0.28441758018906516
fowlkes_mallows_score: 0.5488426501354128

Internal clustering metrics:
silhouette: 0.339051897307045
davies_bouldin: 0.9661326789120347
calinski_harabasz_score: 462.1994017252329

Base classifier: extra_tree
========== Cluster 0 ==========

Labels: [2 2 2 1 2 0 1 2 2 0 1 0 1 1 2 2 2 2 1 0 1 2 1 2 2 1 2 2 2 1 0 2 2 2 2 0 2
 2 2 0 0 2 2 1 2 2 2 2 1 2 0 1 2 2 0 2 2 2 0 2 2 0 0 1 2 0 1 2 2 2 2 0 2 2
 2 1 2 1 2 2 2 1 2 2 2 2 0 2 2 2 1 1 2 2 2 2 2 2 1 2 2 0 0 0 2 0 2 0 2 2 2
 1 1 2 2 2 2 1 2 0 1 0 2 2 0 2 0 2 1 2 2 2 2 2 2 2 0 2 2 2 0 2 2 2 2 2 1 2
 2 1 0 2 2 2 2 2 1 2 2 2 2 2 2 2 2 2 2 2 2 0 2 2 2 0 2 0 0 2 2 0 2 2 2 2 2
 2 2 2 2 0 2 2 2 2 0 2 2 2 1 2 2 2 0 2 2 1 2 2 2 2 0 0 2 2 2 2 2 2 2 2 2 2
 1 2 2 0 2 1 2 1 1 2 2 2 2 2 2 0 2 0 2 2 2 1 2 2 2 2 2 2 2 2 2 0 0 2 0 2 1
 2 2 0 0]

========== Cluster 1 ==========

Labels: [0 0 2 0 0 0 1 1 0 1 0 0 0 1 0 0 0 1 0 0 1 0 2 0 0 0 0 0 1 0 2 0 0 1 0 0 0
 1 0 1 0 0 2 0 0 0 0 0 0 2 0 1 0 0 0 1 0 1 0 0 0 0 0 0 0 0 2 0 1 1 0 0 2 0
 0 1 0 0 2 0 0 2 0 0 0 0 2 0 0 1 0 2 0 0 0 0 0 0 2 0 0 1 0 0 1 0 2 0 2 0 1
 1 1 0 2 0 0 0 0 0 0 0 0 0 0 0 0 0 2 0 1 0 0 0 0 2 0 0 1 0 1 2 0 2 0 0 0 0
 2 0 0 2 0 1 2 0 0 2 2 1 0 0 0 1 0 0 0 0 0 1 0 0 1 0 0 0 0 2 0 0 0 1 0 0 0
 2 2 0 2 0 0 1 1 0 0 0 0]

========== Cluster 2 ==========

Labels: [1 1 1 1 1 1 1 1 0 1 1 1 1 0 0 0 1 2 1 1 0 0 0 1 1 1 1 1 1 0 0 1 1 1 1 1 0
 2 2 0 1 2 1 1 1 0 1 1 0 0 1 1 1 0 1 2 1 1 2 0 1 1 1 1 1 0 1 0 1 0 1 1 1 1
 0 1 1 1 1 2 1 1 0 2 1 1 1 1 1 1 1 1 1 1 0 1 1 1 1 1 1 2 1 1 1 1 1 1 1 1 2
 1 1 2 0 2 1 1 1 1 1 1 1 1 1 1 0 1 1 1 0 0 1 1 1 1 0 0 0 2 2 1 0 2 1 1 1 1
 1 1 0 1 1 0 1 1 1 0 1 1 1 1 1 0 0 1 0 1 0 1 1 1 1 0 2 1 1 1 1 1 1 1 1 1 1
 1 1 1 1 0 1 1 0 1 2 1 1 1 1 1 1 1 1 1 1 1 1 0 1 1 0 1 0 1 1]

