Clustering algorithm selected: kmeans
=====================================

Clustering evaluation metric: silhouette
Clustering evaluation value: 0.3702488414509102

========== Cluster 0 ==========

Base classifier: GaussianNB()

Selected Features: [30 14  1  2  3  4  5  6  7  8  9 10 11 12 13 15 29 16 17 18 19 20 21 22]

Labels: [0 0 0 1 0 0 0 0 0 0 0 0 0 0 0 0 0 0 0 0 0 0 0 0 0 0 0 0 0 0 0 0 0 0 0 0 0
 0]

========== Cluster 1 ==========

Base classifier: GaussianNB()

Selected Features: [ 8 24 21 23  4  3  1 17 10  0  7 20 25 16  6  2 28 22 11 19 14 30]

Labels: [1 1 0 0 0 0 0 0 0 0 0 0 0 0 0 0 0 0 0 0 0 0 0 0 0 0 0 0 0 0 0 0 0 0 0 0 0
 0 0 0 0 0 0 0 0 0 0 0 0 0 1 1 0 0 0 0 0 0 0 0 0 0 0 0 0 0 0 0 1 0 0 0 0 0
 0 0 0 0 0 0 0 0 0 0 0 0 0 0 0 0 0 0 0 0 0 0 0 0 0 0 0 0 0 0 0 0 0 0 0 0 0
 0 0 0 0 0 0 0 0 0 0 0 0 0 1 0 0 0 0 0 0 0 0 0 0 0 0 0 0 0 0 0 0 0 0 0 0 0
 0 0 0 0 0 1 0 0 0 0 0 0 0 0 0 0 0 0 0 0 0 0 0 0 0 0 0 0 0 0]

========== Cluster 2 ==========

Base classifier: GaussianNB()

Selected Features: [25 21 28 24 20 16  3  4 22 10  1 18  5 23  8  2 17 19 29  9 14  0 11 27
 15]

Labels: [1 1 1 1 1 1 1 1 1 1 1 1 1 1 1 1 1 1 0 1 1 0 1 1 1 0 1 1 1 1 1 1 1 1 1 0 1
 1 1 1 1 0 0 1 1 1 0 0 1 1 1 1 1 1 0 1 1 0 1 1 0 1 0 1 0 0 1 1 1 0 1]

========== Cluster 3 ==========

Base classifier: GaussianNB()

Selected Features: [30 14  1  2  3  4  5  6  7  8  9 10 11 12 13 15 29 16 17 18 19 20 21 22]

Labels: [1 1 1 1 1 1 1 1 1 1 1 1 1 1 1 1 1 1 1 1 1 1 1 1 1 1 1 1 1 1 1 1 1 1 1 1 1
 1 1 1 1 1 1 1 1 1 1 1 1 1 1 1]

========== Cluster 4 ==========

Base classifier: GaussianNB()

Selected Features: [ 0  1  2  3  4  5  6  7  8  9 10 11 12 13 14 15 16 17 18 19 20 21 22 23
 24 25 26 27 28 29 30]

Labels: [1 1 1 1 1 1 1 1 1 1 1 1 1 1 1 1 1 1 1 1 1 1 1 1 1 1 1 1 1 1 1 1 1 1 1 1 1
 1 1 1 1 1 1 1 1 1 1 1 1 1 1 1 1 1 1 1 1 1 1]

========== Cluster 5 ==========

Base classifier: GaussianNB()

Selected Features: [24 21  4 23  1 20 30 16 14  3  0 10  6  5  8 28 26 25 11 27  9  2 18  7
 19]

Labels: [1 1 1 1 1 0 0 0 0 0 0 0 0 1 0 0 0 0 0 0 0 0 0 0 0 1 0 1 0 0 1 1 0 0 0 0 0
 1 0 0 1 1 0 0 0 0 0 0 0 0 0 0 0 0 0 0 0 0 0 0 0 0 1 0 0 0 0 0 0 0 0 0 0 0
 0 0 0 0 0 0 0 0 0 0 0 0 0 0 0 0 0 0 0 0 1 0 0 0 0 0 0 0 0 0 0 0 0 0 0 0 0
 0 0 0]

