Clustering algorithm selected: kmeans
=====================================

Clustering evaluation metric: dbc_ss
Clustering evaluation value: 0.44110740058072867

========== Cluster 0 ==========

Base classifier: SVC(probability=True)

Minority Class: 0

Selected Features: [ 0 21 24 23  8  3  1  4 22  2 14 28  9 27 13]

Labels: [0 1 0 1 0 0 1 1 0 1 1 0 0 0 0 0 1 0 1 0 0 1 1 0 0 0 0 0 1 0 1 1 0 1 0 1 0
 1 0 1 1 0 0 1 0 1 0 0 0 1 0 1 1 1 0 1 0 0 1 0 1 1 0 0 0 0 0 0 0 0 0 1 0 0
 1 0 1 0 0 0 1 0 0 0 0 1 0 1 1 0 0 1 0 1 0 0 1 1 0 1 1 0 1 0 1 1 1 0 0 0 1
 0 1 1 1 0 0 1 0 1 1 1 1 1 1 0 1 1 0 1 1 0 1 0 1 0 1 1 1 1 0 1 0 1 1 1 1 0
 0 0 1 0 0 0 1 0 1 0 0 1 1 0 1 1 0 1 0 0 1 0 0 1 0 0 1 0 0 0 0 0 1 0 1 0 0
 1 1 0 0 0 0 1 0 1 1 1 0 1 0 0 1 1 1 0 0 0 1 0 0 1 1 0 1 0 0 0 1 1 1 1 1 0
 1 0 1 0 0 0 0 1 0 1 0 1 1 1 1 1 1 1 0 1 0 1 0 1 0 1 1 1 1 0 1 0 1 0 1 0 1
 1 0 1 1 1 0 0 0 1 1 0 1 1 1 1 1 0 0 0 0 0 0 1 0 1 1 0 0 1 1 0 1 0 0 0 1 1
 1 1 0 0 1 1 1 0 1 1 0 1 1 1 0 0 1 1 1 1 1 0 0 1 0 1 1 1 1 0 0 0 1 0 0 1 1
 1 0 1 0 0 1 1 1 1 0 1 0 0 0 1 0 0 1 0 1 1 1 0 0 1 1 1 1 0 1 0 0 0 0 0 1 1
 1 0 0 0 1 1 1 1 1 1 1 1 0 0 1 0 1 0 1 1 1 1 1 1 0 0 0 0 0 1 1 0 0 0 1 1 0
 0 1 0 0 0 1 0 0 1 0 1 0 0 0 1 1 0 0 0 0 0 0 1 0 1 0 1 1 1 0 1 0 1 0 1 1 1
 1 1 1 1 1 1 0 0 0 1 1 0 1 0 1 1 0 0 1 1 1 1 1 0 1 0 1 0 0 1 0 1 0 1 1 1 1
 0 1 0 0 0 0 1 0 0 1 1 0 1 1 0 1 0 1 0 0 0 0 0 1 0 1 0 1 1 1 0 0 1 1 0 0 0
 0 1 1 1 0 1 1 1 1 0 1 0 1 0 0 0 1 0 1 0 1 1 0 0 1 0 1 1 0 1 0 1 0 1 0 1 1
 0 1 0 0 0 0 1 1 1 0 1 0 0 0 0 0 0 0 0 0 1 0 0 0 1 1 0 0 0 1 1 0 1 1 0 0 1
 1 0 1 0]

Synthetic samples indexes: [  1   3   6   7   9  10  16  18  21  28  30  31  33  37  39  40  45  49
  51  52  53  55  58  71  74  76  80  85  87  88  91  93  96  97  99 100
 102 104 105 106 110 112 113 114 117 119 120 121 122 123 124 126 127 129
 130 132 134 136 137 138 139 141 143 145 146 150 154 156 159 160 162 163
 165 168 171 174 180 182 185 191 193 195 197 200 201 202 206 209 210 212
 216 217 218 219 220 222 224 231 233 234 235 236 237 238 239 241 243 245
 247 248 249 250 252 254 256 258 259 261 262 263 267 268 270 271 272 273
 274 281 283 284 287 288 290 294 295 296 297 300 301 302 304 307 308 309
 312 313 315 316 319 321 322 323 324 328 331 332 333 335 338 339 340 341
 347 350 352 353 354 357 358 359 360 362 368 369 370 375 376 377 378 379
 380 381 384 386 388 389 390 391 392 393 399 400 404 405 412 415 417 421
 422 429 431 433 434 435 437 439 441 442 443 444 446 447 448 449 453 454
 456 458 459 463 464 465 468 470 473 475 477 478 479 480 482 487 491 493
 494 496 498 504 506 508 509 510 513 514 519 520 521 523 524 525 526 528
 530 534 536 538 539 542 544 545 547 549 553 554 556 561 562 563 565 575
 579 584 585 587 588 591 592 594]

========== Cluster 1 ==========

Base classifier: DummyClassifier(strategy='most_frequent')

Minority Class: 0

Selected Features: [30 29 28 27 26 25 24 23 22 21 20 19 18 17 16 15]

Labels: [1 1 1 1 1 1 1 1 1 1 1 1 1 1 1 1 1 1 1 1 1 1 1 1 1 1 1 1 1 1 1 1 1]

Synthetic samples indexes: []

========== Cluster 2 ==========

Base classifier: SVC(probability=True)

Minority Class: 0

Selected Features: [28 24 21 23 22  8 20  3  4  1  2 25 29  0 19 12 26 18 14 15 27]

Labels: [1 0 1 1 1 0 1 1 1 1 1 0 0 0 0 0 1 1 1 0 0 0 0 0 1 0 0 0 0 1 1 1 0 1 0 0 1
 0 1 0 1 0 1 0 1 1 1 1 0 0 1 1 1 0 1 1 0 0 1 0 0 0 0 0 0 0 0 1 0 1 0 1 1 0
 0 1 0 1 0 1 0 0 1 1 1 1 0 0 1 1 0 1 0 1 1 0 0 0 1 1 1 1]

Synthetic samples indexes: [ 1  5 13 21 22 25 26 32 34 37 39 41 43 49 57 60 62 65 68 73 74 76 81 92
 95 96 97]

========== Cluster 3 ==========

Base classifier: DummyClassifier(strategy='most_frequent')

Minority Class: 0

Selected Features: [30 29 28 27 26 25 24 23 22 21 20 19 18 17 16 15]

Labels: [1 1 1 1 1 1 1 1 1 1 1 1 1 1 1 1 1 1 1 1 1 1 1 1 1 1 1 1 1 1 1 1 1 1 1 1 1
 1 1 1 1 1 1 1 1 1 1 1 1 1 1 1 1 1 1 1 1 1 1 1 1 1 1 1 1 1 1 1 1 1 1 1 1 1
 1 1 1 1 1 1 1 1 1 1 1 1 1]

Synthetic samples indexes: []

