Clustering algorithm selected: kmeans
=====================================

Clustering evaluation metric: silhouette
Clustering evaluation value: 0.2873156455786606

========== Cluster 0 ==========

Base classifier: GaussianNB()

Selected Features: [0 3 6]

Labels: [0 0 0 2 2 2 0 2 2 2 2 0 2 0 0 0 0 0 0 0 2 0 0 2 0 0 0 2 0 2 0 0 0 2 2 0 0
 2 0 1 0 0 2 2 0 0 0 0 0 0 0 2 2 0 0 2 0 2 0 2 2 2 0 2 2 0 2 0 0 2 2 0 2 2
 1 0 0 0 2 0 2 0 0 0 1 2 2 1 0 0 2 2 1 0 0 2 2 2 0 0 2 2 0 2 0 0 0 0 0 2 1
 0 0 2 2 0 0 2 0 0 2 2 0 0 1 2 0 0 0 2 0 0 0 2 1 2 2 2 1 1 0 2 1 0 0 0 0 0
 0 2 1 0 0 0 2 0 0 0 0 2 0 1 2 2 2 2 0 0 2 1 0 0 2 0 2 2 2 0 0 2 0 2 0 2 1
 2 2 0 2 0 0 2 2 0 2 2 0 0 0 0 0 0 0 0 0 0 2 2 2 2 2 2 0 1 0 2 0 0 2 1 0 2
 2 1 0 0 2 2 1 0 0 0 0 1 0 2 1 0 2 0 0 2 0 2 0 0 2 0 0 1 0 2 2 2 0 0 2 0 0
 0 0 0 0 0 0 0 1 2 2 0 2 2 0 0 0 0 0 0 0 2 0 2 1 2 2 0 0 1 2 0 1 2 0 0 0 2
 0 2 0 0 1 0 0 2 2 2 0 2 0 0 0 2 0 0 0 2 2 0 0 0 2 2 0 0 2 0 0 2 2 2 0 0 2
 0 0 0 0 1 0 0 0 1 0 2 0 2 1 2 0 0 2 0 1 1 2 1 2 1 0 0 2 0 2 2 0 2 0 0 2 0
 2 1 2 2 2 0 0 1 2 0 0 0 0 2 0 1 0 0 0 0 0 0 0 0 0 0 0 2 1 2 0 2 0 0 0 0 2
 1 2 0 2 2 0 2 0 2 0 0 0 0 2]

========== Cluster 1 ==========

Base classifier: GaussianNB()

Selected Features: [3 4 1 2]

Labels: [2 0 2 2 0 0 1 0 0 1 2 0 2 0 2 2 1 0 0 0 2 0 2 1 0 2 0 2 0 2 0 1 1 2 1 0 1
 2 0 1 2 1 2 0 1 1 2 1 2 2 2 2 0 2 2 0 0 2 2 1 0 2 1 2 0 2 2 2 2 0 1 2 2 2
 2 2 1 1 1 2 0 0 0 2 0 0 2 0 0 2 0 0 1 0 0 2 1 2 2 2 0 0 2 0 0 2 0 2 0 2 0
 1 1 0 2 0 0 1 0 0 0 2 0 1 0 1 2 2 2 0 1 0 0 2 2 1 2 0 2 2 0 0 2 1 2 2 0 1
 2 0 1 1 1 2 2 2 2 2 0 1 2 1 0 1 0 2 1 2 2 0 0 1 2 2 0 0 2 1 2 1 2 0 2 2 2
 0 2 2 2 2 2 2 1 0 2 0 0 1 0 2 0 0 2 0 2 1]

========== Cluster 2 ==========

Base classifier: GaussianNB()

Selected Features: [5 3 4 0 6]

Labels: [1 1 1 1 0 0 1 0 1 0 1 1 2 0 0 0 1 0 1 0 1 2 1 1 2 2 1 1 0 0 0 0 0 0 2 1 1
 0 1 1 2 2 1 1 1 2 2 0 2 2 1 0 1 0 0 2 0 0 1 0 0 2 1 1 0 1 1 2 1 2 1 2 2 1
 1 2 0 2 0 2 1 2 2 2 1 1 2 2 1 2 0 0 1 1 1 2 0 1 2 1 2 0 2 0 0 2 2 1 1 0 1
 0 1 0 0 1 0 0 0 2 1 1 0 1 0 0 0 1 1 2 2 1 1 1 0 2 2 1 1 2 1 2 1 2 0 0 0 0
 0 2 1 1 2 1 0 0 1 0 1 0 0 0 1 2 0 1 0 0 0 2 0 1 0 0 0 1 2 0 2 1 2 0 0 0 0
 0 1 2 1 2 2 1 2 2 0 2 0 0 0 2 0 1 0 2 2 1 2 2 1 2 2 2 1 0 1 2 2 0 0 1 2 2
 2 1 1 0 2 1 1 2 1 1 0 0 1 0 2 1 1 0 2 1 1 2 2 1 2 0 1 2 2 1 2 2 2 2 1 2 2
 1 0 0 1 0 2 0 1 1 1 2 2 2 2 2 0 2 2 1 0 0 2 0 2 2 0 2 0 1 2 0 2 1 1 1 1 1
 1 1 1 2 2 2 1 1 2 1 2 2 0 1 0 1 0 2 1 0 1 0 2 0 1 0 1 1 2 2 0 0 0 0 2 0 2
 1 2 2 2 1 1 2 1 2 0 1 0 1 1 0 0 2 1 2 2 0 0 0 1 0 0 1 0 2 2 0 2 2 0 0 1 0
 2 0 2 2 2 1 1 0 2 1 1 2 2 1 1 2 1 1 2 2 0 0 0]

========== Cluster 3 ==========

Base classifier: GaussianNB()

Selected Features: [3 1 2 6]

Labels: [0 0 2 1 0 2 2 1 0 1 1 2 2 0 2 1 0 0 1 0 2 0 0 0 0 1 0 1 2 0 0 2 0 0 0 0 2
 1 0 1 0 0 0 1 0 0 0 1 0 2 1 0 2 0 1 2 0 0 0 1 0 0 1 2 1 1 1 2 0 1 0 0 2 0
 2 2 1 0 1 0 0 1 2 2 2 0 0 0 2 2 2 2 0 1 1 1 2 2 2 1 1 0 1 2 0 2 1 0 2 2 2
 2 0 2 0 0 0 1 1 0 1 2 0 0 0 0 2 1 2 0 1 2 0 0 1 0 0 0 1 0 2 1 2 0 0 0 1 2
 1 1 1 2 0 2 0 0 0 2 0 0 0 2 2 0 1 0 2 2 0 0 1 2 2 0 0 0 1 2 0 1 2 0 0 2 2
 0 1 0 2 0 2 2 0 1 2 1 0 1 0 0 2 0 0 1 0 2 0 2 2 1 1 1 0 0 2 0 1 1 0 1 0 1
 0 0 1 1 2 2 2 1 2 1 0 0 0 2 2 0 0 2 2 0 1 0 1 0 2 0 0 0 1 2 0 1 2 2 0 0 0
 1 2 1 1 1 0 1 1 1 0 1 1 2 0 2 1 1 2 1 0 0 2 2 0 0 0 1 0 2 2 0 0 0 2 0 2 0
 0 2 2 0 2 1 0 0 1 2]

