Clustering algorithm selected: kmeans
=====================================

Clustering evaluation metric: dbc
Clustering evaluation value: 0.09554258261986676

========== Cluster 0 ==========

Base classifier: GaussianNB()

Minority Class: 1

Selected Features: [0 1]

Labels: [2 2 1 2 2 1 2 0 0 1 2 0 2 0 1 0 1 1 2 0 2 2 2 1 1 0 1 2 1 2 2 1 2 1 2 2 1
 0 2 2 2 2 0 2 2 2 0 2 2 0 0 2 2 1 2 2 2 2 1 2 0 1 2 0 2 1 0 0 2 2 2 0 1 2
 2 0 0 2 1 2 0 0 1 2 0 2 2 2 2 0 2 2 2 1 2 0 1 2 2 2 1 2 0 2 2 2 0 2 2 2 1
 1 1 2 2 0 2 2 2 2 1 2 2 0 0 2 0 2 2 0 2 0 2 2 1 1 2 1 1 0 0 2 2 2 2 2 1 2
 2 0 1 0 2 0 2 0 2 0 2 1 2 2 2 1 2 2 2 2 2 0 2 2 2 2 0 2 2 2 1 2 2 2 1 0 2
 2 1 2 0 2 2 2 2 0 1 2 2 2 2 2 2 2 2 2 2 2 2 2 2 2 2 2 2 2 2 2 0 0 2 1 2 2
 2 2 2 0 0 1 2 2 2 2 2 2 2 2 2 2 1 2 1 2 2 1 2 1 1 2 2 2 2 2 2 2 2 2 2 2 2
 2 2 2 2 2 1 2 2 2 0 0 1 1 2 2 2 0 0 0 1 2 1 0 0 2 0 2 0 2 0 0 2 1 2 0 2 2
 2 2 2 2 2 2 2 2 2 0 0 0 2 0 2 1 2 2 0 0]

========== Cluster 1 ==========

Base classifier: GaussianNB()

Minority Class: 2

Selected Features: [0 1]

Labels: [1 0 1 1 0 0 1 1 0 1 1 1 1 0 1 1 1 1 0 0 0 1 0 0 1 2 1 1 0 0 0 1 0 1 0 1 0
 1 1 1 0 0 1 0 0 1 1 0 1 1 1 0 0 0 0 0 2 0 1 1 0 2 0 2 0 1 1 0 1 0 1 0 1 0
 1 0 0 0 1 1 1 0 0 0 0 0 1 0 1 0 0 2 0 1 1 0 1 1 0 0 2 0 1 0 1 0 0 1 0 2 1
 1 0 1 0 1 0 1 0 0 1 1 1 2 0 1 0 1 0 1 1 0 0 1 1 2 1 1 0 0 0 2 1 1 1 0 1 1
 1 1 1 0 0 0 1 0 1 1 1 0 0 1 0 1 0 0 1 0 2 1 0 0 1 1 0 1 1 1 1 0 1 1 0 2 2
 0 0 1 1 1 1 1 0 0 2 0 2 1 1 1 1 0 0 0 1 0 1 0 0 1 0 1 1 0 0 1 1 0 1 0 0 1
 0 1 1 1 0 0 0 0 1 2 2 0 0 0 0 1 1 0 2 1 0 0 2 1 1 1 0 0 0 1 1 1 0 0 0 1 0
 1 0 1 1 0 0 1 0 1 1 1 1 0 1 1 0 0 0 0 0 2 0 2 0 1 0 1 0 0 2 2 0 1 2 0 0 0
 2 0 1 1 1 1 2 1 0 0 0 0 0 0 1 1 0 1 1 1 1 1 1 1 2 0 1 1 0 1 1 0 1 1 1 0 2
 1 0 0 1 0 1 1 1 1 1 1 1 1 1 1 0 0 1 1 0 1 0 0 0 1 1]

