Clustering algorithm selected: kmeans
=====================================

Clustering evaluation metric: dbc
Clustering evaluation value: 0.45966657921648235

========== Cluster 0 ==========

Base classifier: LogisticRegression()

Minority Class: 1

Selected Features: [ 49 143 201  29 146  14  98 109  39  43 151  61   4 124 189   8  20 214
 190 140 156  35 194 165  11  46 217 125 202 176 120  51 218 198 182 220
  32 203 188 155 130  21 212   0 110  60 112 123  69  19 173  97 216   3
  48  57 204   9 108  70  93  41  79   5 164 157 117  37 122  18 106  23
 149 219  71  91  34 142  17 158  87 224 185  65  38 139  13 169 144 222
 128 179 223 197 170   7 184  24 105 200 153 208  80  33 221 180 138  92
 166  85  30 205 159]

Labels: [0 0 0 0 0 0 0 0 0 1 1 0 0 0 0 1 1 0 0 0 1 0 0 1 0 0 0 0 1 1 0 0 0 0 0 0 0
 1 1 0 0 1 1 1 0 0 0 0 1 1 0 1 0 1 0 0 1 0 0 0 1 1 0 1 0 0 1 0 0 0 0 1 0 0
 0 0 1 1 0 0 0 1 0 1 0 1 0 0 0 0 0 0 0 0 1 0 0 1 0 0 1 0 0 0 0 1 0 0 0 0 0
 0 0 0 0 0 0 0 1 0 0 0 0 0 0 0 0 0 1 0 0 0 0 0 0 1 0 1 1 0 0 1 1 1 0 0 0 1
 1 1 0 0 0 1 0 0 0 0 0 0 0 0 0 0 0 0 0 0 0 1 0 0 0 0 0 0 0 0 0 0 1 1 0 1 1
 0 1 0 1 1 0 1 0 0 0 1 1 1 0 0 0 0 0 0 0 0 0 0 1 1 0 1 0 0 1 0 0 0 0 0 0 1
 0 1 0 0 0 0 0 0 0 0 0 0 0 0 0 0 0 0 1 1 0 0 0 0 0 1 0 0 0 0 0 0 0 0 1 1 0
 1 0 1 0 1 0 0 0 0 0 0 1 1 0 1 1 1 0 0 0 1 0 0 1 1 0 0 0 0 0 0 0 0 1 0 0 0
 0 0 0 0 0 0 0 0 0 0 0 0 0 0 1 0 0 0 0 1 0 1 0 0 0 0 0 1 1 0 0 1 0 0 0 0 0
 0 1 0 1 0 0 0 0 0 0 0 0 0 0 1 0 0 0 0 0 0 0 0 0 0 1 0]

========== Cluster 1 ==========

Base classifier: LogisticRegression()

Minority Class: 1

Selected Features: [ 34 218 209 101   3  13  30   1   0 211 118 203  32  59  70 177  88 166
  98  61  36 109 197 126 220 142 174 172  37 190 189 149  60 215 201 160
 133 153 164  52  26 105  69  82  40 129  55 207 212 127 152 182 112  21
  85 223  83   6 165  58  62  81  15 175  54  80 138 111 187 104 108  12
  29  94  75  66  43 181  35 213 206  42 140 139 219 115 184  47 147  78
 154  89 179  77 173 120 192 110  96 161  20  67 159  50 124  25]

Labels: [0 1 0 0 1 1 0 0 0 1 0 1 1 0 0 0 0 0 1 0 1 0 0 1 1 0 0 0 0 0 1 1 0 1 0 0 0
 0 0 0 0 0 0 0 1 0 0 0 1 1 0 0 0 1 0 1 1 1 0 1 0 0 0 1 0 0 1 0 1 1 0 0 0 1
 0 0 0 0 0 0 0 0 0 0 0 0 0 0 0 1 0 0 0 0 0 0 0 0 0 0 0 0 0 1 0 1 0 0 0 1 1
 0 1 0 1 0 0 0 0 0 1 1 1 1 0 0 0 1 0 0 0 1 0 0 1 1 0 0 0 1 1 0 1 0 0 1 0 0
 0 0 1 0 0 1 0 0 1 1 0 1 0 0 0 0 0 0 0 0 0 0 1 0 0 0 1 0 0 1 1 1 0 0 1 1 0
 0 0 1 0 0 0 1 0 0 0 0 0 0 0 1 0 1 0 0 0 0 0 1 0 0 1 0 0 0 0 1 1 1 1 0 0 0
 1 0 0 0 0 0 1 1 0 1 0 0 0 0 0 0 0 1 1 0 0 1 0 0 1 1 1 1 1 0 1 0 1 0 0 1 0
 1 1 1 0 0 0 0 1 1 0 1 0 0 0 1 0 0 0 1 0 0 1 1 1 0 0 1 0 0 1 0 1 0 0 1 0 0
 0 0 1 0 1 0 1 0 0 1 1 0 1 0 0 0 0 1 0 1 0 0 0 1 0 0 0 0 0 0 1 0 0 0 0 1 0
 1 0 0 0 1 1 0 0 0 1 0 0 0 0 1 0 0 0 0 0 0 0 0 0 1 0 0 0 1 0 1 0 1 1 0 1 1
 0 1 1 1 0 0 0 0 0 1 0 0 0 0 0 1 0 0 1 0 0 0 0 1 0 1 0 0 0 0 1 1 1 0 0 0 1
 0 0 0 0 0 1 0 0 0 1 1 0 1 0 0 0 0 0 0 0 1 0 0 0 1 1 1 0 0 0 0 0 1 0 0 1 0
 0 0 1 0 0 0 0 0 0 1 0 1 0 1 0 0 0 1 1 1 0 0 0 0 0 0 0 0 1 1 0 1 1 0 0 0 0
 0 1 0 1 0 0 0 1 0 0 1 0 1 0 1 0 0 0 0 1 0 1 1 0 0 1 1 1 1 0 0 0 1 0 1 0 1
 0 0 1 1 0 1 0 1 1 0 0 1 1 0 1 0 1 1 1 0 1 0]

