Clustering algorithm selected: kmeans
=====================================

Clustering evaluation metric: dbc
Clustering evaluation value: 0.45743954645920193

========== Cluster 0 ==========

Base classifier: GradientBoostingClassifier()

Minority Class: 1

Selected Features: [  3 105 146 162 215  93 139 114   9  44 214  20 109 200  43 131  38 117
   7 179 104  36 204  51  90  71 133 222 181 187 123 196   0 124  88 213
 198 186   4  77  17 174 216 223  61 100  49  48 121  84 137 194 128  69
 159  54  32 205 209  85 178 134 101  33 118   2 102 132 203 142  56 138
 154 206  28 208 184 130   5  70 176  63 177  80 210 156  66 169 107   1
  35 197 182 152 125 180 150  82 190  22  86 157  11  72 158  98  24 127
 140  79  58  25   8  30  47  64  27  65]

Labels: [1 0 0 0 0 0 0 0 1 0 1 1 1 1 0 0 0 0 0 0 0 0 0 0 1 1 1 0 1 0 0 1 0 0 1 0 0
 0 0 0 1 0 0 0 1 1 0 1 0 0 0 0 1 1 1 0 0 0 0 0 0 1 1 1 0 0 1 1 0 0 0 1 1 0
 1 1 0 0 0 0 0 1 0 1 0 0 1 1 0 0 0 0 1 1 0 1 0 0 0 0 0 0 0 0 0 0 1 0 0 0 1
 1 0 0 0 1 0 1 1 1 0 1 0 0 0 1 0 0 1 0 1 1 0 0 0 1 0 0 0 0 0 0 0 0 0 0 0 0
 0 0 1 0 0 0 0 0 0 0 0 0 0 0 1 0 0 1 0 1 0 0 0 1 1 0 1 0 1 0 0 0 0 0 1 1 1
 1 0 0 0 1 0 0 0 1 0 0 1 1 0 0 0 1 1 0 1 0 0 1 0 0 0 0 1 0 0 1 0 1 1 0 1 0
 0 0 0 0 0 0 0 1 0 0 0 1 0 0 1 1 1 0 0 1 1 0 0 0 1 0 0 0 1 0 0 0 0 0 0 0 1
 0 1 0 0 0 0 0 1 0 1 0 0 0 0 1 1 1 1 0 0 0 1 0 0 0 0 1 1 0 1 0 0 0 0 0 0 0
 1 1 1 1 1 1 1 1 1 1 0 1 0 0 0 1 0 0 0 0 0 0 1 0 0 0 0 1 0 1 0 0 0 1 1 0 0
 0 1 0 0 0 1 0 0 0 0 0 0 1 0 0 0 1 0 1 0 1 1 0 1 1 0 1 1 1 0 0 0 0 0 1 0 0
 0 0 0 1 0 0 1 0 0 0 0 1 0 1 0 0 0 0 1 1 1 0 0 0 1 0 0 0 0 0 1 0 0 0 1 1 0
 1 0 0 0 0 0 0 0 1 0 0 0 1 1 1 0 0 0 0 1 0 0 1 0 0 1 0 0 0 0 0 0 1 0 1 0 1
 0 0 0 1 1 1 0 0 0 0 0 0 0 0 1 1 0 1 1 0 0 0 0 0 1 0 1 0 0 0 1 0 0 1 0 1 0
 1 0 0 0 1 0 1 1 0 0 1 1 1 0 0 0 1 0 1 0 1 0 0 1 1 0 1 0 1 1 0 0 1 1 0 1 0
 1 1 1 0 1 0]

========== Cluster 1 ==========

Base classifier: AdaBoostClassifier()

Minority Class: 1

Selected Features: [  3  27 214 152 211  65  94   6 112 182  59 176  93  40 118  48 212 116
  14  60 133 185 197  68 105  10 156  89  88  50  61  19   5  96 160 208
   0 125   4 179 224  56  25  75 100 204 213  20  42  84 158  51 111  24
 143 202  12   1  38  46 186  41 146  66 178 149  44  57 102 221  21  49
 161 209 219 171  78 131 180 169 162 108  35 121 117 196  31 122  85 109
 120 104  63  70 148]

Labels: [0 0 0 0 0 1 0 0 1 0 0 0 0 0 0 1 0 0 1 0 0 0 0 1 0 0 0 1 0 0 0 1 0 0 1 0 0
 1 0 0 0 0 0 0 0 0 0 1 1 0 0 0 0 1 0 0 0 1 0 0 1 0 0 0 0 1 0 1 0 0 0 0 0 0
 0 1 1 0 0 1 1 1 0 0 0 0 0 1 1 0 1 0 0 0 1 0 0 0 1 1 0 1 0 0 1 0 0 0 0 1 0
 0 0 0 1 1 0 0 0 1 0 1 0 1 0 0 0 0 0 0 0 0 1 0 0 1 0 0 0 0 1 0 0 0 0 0 1 0
 0 0 0 0 0 0 0 0 0 0 0 1 0 0 0 0 0 0 0 0 0 1 0 0 0 0 0 0 1 0 1 1 0 0 0 1 1
 1 0 0 0 1 1 1 0 0 0 0 1 0 0 1 1 0 0 1 1 1 0 0 0 0 0 0 0 0 0 0 1 1 0 1 0 0
 1 0 0 0 0 0 0 1 0 0 1 0 0 0 0 0 0 0 0 0 0 0 0 0 0 0 0 0 0 0 1 1 0 0 0 0 0
 1 0 0 0 0 0 0 0 0 1 1 0 1 0 1 0 1 0 0 0 0 0 0 1 1 0 1 1 1 0 0 0 1 0 0 1 1
 0 0 0 0 0 0 0 0 0 1 0 0 0 0 0 0 0 0 0 0 0 0 0 0 0 0 0 0 1 0 0 0 0 1 0 1 0
 0 0 0 0 1 1 0 0 1 0 0 0 0 0 0 0 1 0 1 0 0 1 0 0 0 0 0 0 0 0 1 0 0 0 0 0 0
 0 0 0 0 1 0]

