Clustering algorithm selected: fcm
=====================================

Clustering evaluation metric: dbc
Clustering evaluation value: 0.48981018319697295

========== Cluster 0 ==========

Base classifier: SVC(probability=True)

Minority Class: 1

Selected Features: [  3 214 216   1 141 152 205  99 143 215 127 224 145 201 219 162 212 222
 144  21   6 165 208 199 119 140 204 114  18 218  45   4 135  41  72 160
 223  69 110 150   8 180 120 129  49 188   0 137 178 146 142 194 151 111
 131  95 189  29  39 221   7 136 217  55 173 122   2  65 154 171 104  53
 170 172  80 121 198 213  25  11  26 138  40  22  15  81   9  19  83  85
 176 155 133 163 184 193 130  51 124  46 210 196 153  24 115 103  86 209
  35  10  32  59 200  16 149 102  92  50  31 158 177 185 113  42 195 126
  43 157 159 169 164 197  58 175 128 134 132 179 183 182 139 148]

Labels: [0 0 0 0 0 0 0 1 0 0 1 1 1 1 0 1 0 0 1 0 0 1 1 1 0 0 1 1 0 1 1 1 1 0 1 0 0
 1 1 1 1 0 0 0 0 0 0 0 0 0 1 0 0 1 1 0 1 1 0 0 0 0 0 1 0 0 1 0 0 1 0 1 0 1
 1 0 1 1 1 1 1 1 1 0 1 0 0 1 0 1 1 1 0 1 1 0 0 1 0 0 1 1 1 0 1 1 0 1 1 0 1
 0 1 1 0 0 1 1 1 1 0 1 1 0 1 0 0 0 0 1 0 1 1 1 0 0 1 1 1 0 0 0 1 1 1 0 1 1
 0 1 0 0 0 1 0 0 0 1]

Synthetic samples indexes: [  7  10  11  12  13  15  18  22  23  26  27  29  31  32  34  37  38  40
  50  54  57  63  66  69  71  77  79  81  82  87  91  93  94 101 102 104
 105 107 108 110 112 113 116 117 119 122 124 131 132 133 136 137 138 143
 146 147 149 153 157]

========== Cluster 1 ==========

Base classifier: SVC(probability=True)

Minority Class: 1

Selected Features: [ 95 137 221   3  60  89 146 218 193 220 134 216 161 174  78 209 179 207
 212  96   8   2  11  18   5 126 197 187 108  65   0  71  16 202  97  64
  19 110  26 143  12 214  72  56  17  58 109  50  45 222 198 156 205  37
  85  88  59 100 204   6  61 171  25  52 135 224 211   9  73  21 139  43
  66 152 147 124 178  70 215 157  87 201 162 167  23 107 189 119 195  10
 123 150 105  79 200  76 103  38  42 175 208 140  67 120 145  84 185  30
 141 130]

Labels: [0 0 0 1 1 1 0 1 0 1 1 0 0 1 1 0 1 1 1 0 1 1 0 1 1 0 1 1 0 1 1 1 1 0 0 0 0
 0 1 1 0 0 0 0 0 0 0 1 0 0 0 0 1 0 1 0 0 0 1 1 0 1 0 0 1 1 1 1 1 1 1 1 1 1
 1 1 1 1 0 0 1 0 0 1 1 0 1 1 0 0 1 0 1 0 1 0 0 1 1 0 0 0 1 1 0 0 0 0 1 1 0
 0 0 0 0 1 1 1 0 0 0 1 1 1 0 0 0 0 1 0 1 0 1 1 1 0 1 0]

Synthetic samples indexes: [  4   7  13  14  16  18  23  24  27  32  39  58  59  65  66  68  71  76
  86  87  90  97 102 103 109 115 123 130 132 134 136]

========== Cluster 2 ==========

Base classifier: LogisticRegression()

Minority Class: 1

Selected Features: [ 67 223 218  75   3 136 100 204 143 146 123 214  92   0  47 219 184 166
 220  86  12 103 144 211 180 193  98 190  63 187  27 177 201 216 113 125
  84 213 172 127 153 141 156  28 128 133 148 105 164  26 150 176 157 147
  59 108   2  35 152 115 169 163  87  15 101 168 138 155 197  17 122  44
 208 221   9 209 224  52 200 210  53 111 145 160 142 134 183 165  93 104
  65  43 189 212  74  58 107 112 137 140  66  40 132 182 215  25 196 178
 188  96  89 175 117  50  42 206 207  64  90  24 217 203 202 205 198 199
 195 194 192 129 130 131 135 139 159 149 151 154 158 174 173 171]

Labels: [0 1 1 0 1 0 0 1 0 1 1 1 0 0 0 1 0 1 0 1 0 0 0 0 0 0 0 0 1 0 0 1 1 1 0 1 0
 0 0 0 1 1 1 1 1 0 1 0 0 0 0 1 1 0 0 0 1 1 0 0 0 1 1 1 1 1 1 0 0 1 1 1 1 0
 0 1 1 1 0 0 0 0 1 0 1 1 0 1 1 1 0 0 1 1 1 0 0 0 1 1 1 0 1 0 1 1 0 0 0 1 1
 1 0 0 1 0 0 1 0 0 1 1 1 0 1 1 1 1 0 0 1 0 1 0]

Synthetic samples indexes: [  4  10  11  28  40  41  42  44  46  52  56  61  62  66  69  70  72  82
  85  87  93  94 104 110 114 117 127 132]

========== Cluster 3 ==========

Base classifier: SVC(probability=True)

Minority Class: 1

Selected Features: [214   3   0   1 215 145 136 218 224 223 219  42  31 144 204 103 141 146
 213 182  95 135  18 120  32 201 123  34 183  50 106 170 142 216  84 180
  49 212   8 102 189 206  20  78  40 155   6 177 221  11  33 217 210 109
 149 169 202 211 181  67  52  55 205  17 107  10 148 196 187   9 137  94
 122  26  99   4  98 179  15  82 163  76 208  83 198 207  25 178  60  43
  59 185  89 172  73 143  35  30   7 110 125 188 184  38  58  97 126  86
 133 111 158 130 104  77 160 112  29 194 200 128 139 152 129 131 132 134
 140 138 161 209 222 203 199 197 195 193 220]

Labels: [1 1 0 1 0 0 1 0 1 1 1 1 0 1 0 0 0 1 0 0 1 1 0 1 0 1 0 0 1 0 1 0 0 1 1 1 1
 1 0 1 0 0 1 1 1 1 1 1 1 0 1 1 1 0 1 1 0 1 1 0 1 1 0 0 1 0 1 0 0 1 0 1 1 0
 1 0 0 0 0 0 1 0 1 1 0 0 1 0 0 0 0 0 0 0 0 1 0 1 1 0 1 0 1 1 1 0 1 0 0 0 0
 0 0 1 0 1 1 0 1 0 0 1 1 1 0 1 0 0 0 1]

Synthetic samples indexes: [  1   3   6   9  10  11  13  17  20  25  28  35  36  42  43  44  46  47
  48  50  51  52  54  57  58  60  66  69  72  82  86  97  98 100 102 104
 106 113 115 123]

========== Cluster 4 ==========

Base classifier: SVC(probability=True)

Minority Class: 1

Selected Features: [214 136 216   2   8   3 175  67 109  91 145 155  99 156 209 115 135  23
 218 205 152 204  70  54 179 127 137  85 220 131  53  81  18  93 215   6
   0   5  59 177  96  22 102 160 165 208 217 104  83 149 153 169 196  77
 224 151  32 174  60 211 147   1  41 191 142 180   4  20  72  11 105 210
 173 207  49 222 119  64 138 190 182 107 168 144  76 141 181  73  56  87
 150 185 170 129 162 161 130  92 167  90 132 195 157  61 143 213  75 201
 212 140 223 117 103  52  98 126  95  29 192  34  69  47 148 172  68  38
  24  27  78 101  12  46 134 154 159 158]

Labels: [1 1 1 0 0 0 0 0 1 0 1 0 0 1 1 1 1 0 1 0 0 0 1 0 1 1 0 1 1 0 1 0 0 0 0 1 0
 0 0 1 0 0 1 0 0 0 0 1 0 0 1 0 0 0 1 0 0 1 1 0 0 0 0 1 0 0 1 1 1 1 0 1 0 0
 0 0 1 0 0 0 1 0 1 0 1 0 1 1 1 0 0 1 1 1 1 0 1 1 1 1 1 1 1 0 1 0 1 1 1 0 1
 1 0 1 0 1 0 0 1 1 0 1 1 1 1 0 1 0 1 1 0 1 1 1 0 0 1 0 0 0 1 1 1 1 0 0 1 0
 0 1]

Synthetic samples indexes: [  0   1   2   8  10  18  24  25  28  30  39  42  47  57  67  68  69  71
  76  80  84  86  87  88  94  96  97  98  99 101 102 104 107 108 111 113
 118 123 124 128 129 131 133 140 141 143 149]

========== Cluster 5 ==========

Base classifier: SVC(probability=True)

Minority Class: 1

Selected Features: [ 86 138 158   8 162 102 141  60 142  84 152 187 128  42  99 217 214  92
 216  96 198  39  79 146 212 206   3  27 204 184 143  20 136 150  97 220
 205 122  33 148 215 169  56 223  30   1  90  44  18 218  32  15 176 213
  19 105   0 191 130 179 173  17 224 188  62 121 221 172 140 107  51  11
  87 132  78  24 219  22 186  48  31 194 131  61 106  46 201   7 200 202
 196  76  81  71  26 209 211 161 163  83 145   5  93 183 165  75  38 134
 207  68 149 144 180  55 139 147 170  65  16 113 166 177 129 203 199 197
 195 193 192 222 133 135 137 159 157]

Labels: [1 0 1 1 1 0 1 1 0 0 0 1 1 1 1 0 0 1 1 0 1 1 1 0 1 0 1 0 0 1 0 0 0 1 0 1 0
 0 1 1 0 1 0 0 1 0 0 1 1 0 1 0 0 1 0 1 1 1 1 0 1 0 0 0 0 0 0 0 0 1 1 1 1 0
 0 1 1 0 1 1 0 1 0 0 1 1 1 0 1 0 1 0 1 1 1 0 0 0 0 1 0 0 1 1 1 0 0 1 1 0 0
 1 1 0 0 1 0 0 1 1 0 0]

Synthetic samples indexes: [  0   2   3  11  12  13  20  24  26  33  35  38  50  55  60  70  71  76
  78  81  85  88  90  94  99 102 104 112]

========== Cluster 6 ==========

Base classifier: SVC(probability=True)

Minority Class: 1

Selected Features: [216 215   1 211  48   0  27  28  45 218 224 221 217 223   8  71   6  36
 141 160 119   3  52 185 102  98 153 134 207  91  11 208 152 122  15 201
 154 188  10 209 129  60  89 183 135 156 194 145 136  19  37 146  24  13
 143 162   7 137 172  16 212 138   2 109 200  42   5  85 189 121  99  62
  66 168   4 193  38  54 130  12 210  87  31 195 203  88 117  82 205 175
 142  14 113 214 147  80 111 100 148 219  29  33 159  72  94  20  73  84
  70 199 115 155 151 144 107 202  47  46  35 198 196 180  92]

Labels: [1 0 0 0 0 1 1 1 0 0 0 0 1 0 1 1 1 0 1 1 1 0 1 1 0 0 0 1 0 1 0 0 0 1 0 1 0
 0 0 0 1 0 0 0 1 1 1 1 1 0 0 0 0 0 1 1 1 1 1 1 1 1 1 1 1 0 0 0 1 0 1 0 0 1
 1 0 0 0 1 0 0 0 1 1 0 0 1 0 0 0 1 0 1 0 0 1 1 1 1 1 0 0 0 1 1 1 1 1 1 1 0
 1 0 0 0 1 0 1 1 0]

Synthetic samples indexes: [  0   5  14  15  18  19  20  22  27  35  44  54  55  56  60  61  62  63
  68  73  74  82  83  86  98 103 104 106 107 108 111 117 118]

========== Cluster 7 ==========

Base classifier: SVC(probability=True)

Minority Class: 1

Selected Features: [  0 216 214   6 141 224   3 174   7 148 135 219   5 136  20 100   9 144
 204  47   1 221 146  29  77 217  16   2 138 215  22 205   8 151 107  52
  28 102 192  56 200 199 162 164 101 160 124 108 201 194  74 152  15  85
  90  35  40 165  61  17  51 186 142 159  44  81 189 145 110 213  12 180
  65  72  13  23 191 133 154  14  21 208 131 223 117 171 140 105  24  71
 197  83 173 203 161  33  99  60  46 210 114 172  84  10  87  86  54  93
 111 157  58  67 143 222  79 134   4 218]

Labels: [0 0 1 0 1 1 1 0 0 1 0 1 0 1 0 0 1 0 0 1 1 0 0 1 0 0 0 1 0 0 0 0 1 1 0 0 0
 1 1 1 1 1 1 0 1 1 1 1 0 0 0 1 1 0 0 0 0 1 0 1 0 1 0 0 1 1 0 0 1 0 0 0 1 0
 1 0 1 0 1 0 1 0 0 1 1 0 1 1 0 1 0 0 1 1 0 0 1 0 1 1 0 0 0 1 1 0 1 1 0 0 0
 1 0 0 0 1 1 1 1 1 0 1 0 1 1 1 0 1 1 0 1 1 0 1 0 1 1 1 1 0 0 1 1 0 1 0 0 0
 1 0 1 0 0 0 1 1 1 1 1 1 1 1 0 1 0 0 0 0 0 1]

Synthetic samples indexes: [  2   4   5   6   9  13  16  19  20  23  27  32  37  38  39  44  46  47
  52  57  61  65  68  72  86  87  89  92  93  98 103 104 106 111 115 117
 121 124 125 127 128 131 133 135 136 137 138 141 148 150 154 155 161 169]

========== Cluster 8 ==========

Base classifier: SVC(probability=True)

Minority Class: 1

Selected Features: [163   0 221   3 143 133 213 145 127 200 216 159 212 100 167  46 214  20
 141 135 205 219  63 114 223 140 157  77  73  17 117 172 168   8 109 189
  87  40 204 181 201   7 138 142 130 153  81  44  96 175  10   2 162 182
  19  28  38  68 106   9 177  85  66 194   1  35 203 218 185 156  54  80
 126 128 146  74 197  82  67  98 207 215  22 196   6 136 169 195  70  79
  31 199  59  86 122 113 129  94  78 183 150 102 144  39 171  21 166 164
 190 222  91  45  29 111  14 154  90 186 123 193 170 149 132  11  18  97
   5 131 134 220 224 139 137 152 151 148 147 158 155]

Labels: [0 1 0 0 0 0 0 1 1 0 1 0 0 1 0 1 0 0 1 1 1 1 0 1 0 0 1 0 0 1 1 1 1 0 1 1 0
 1 0 1 0 0 0 0 0 1 1 0 0 1 1 0 0 0 0 0 1 1 1 1 1 0 0 1 1 1 1 0 0 0 1 1 0 1
 1 1 0 0 1 1 1 1 0 0 1 0 0 1 0 1 0 1 1 1 0 1 0 1 0 0 0 0 0 1 1 0 0 0 1 0 1
 1 0 1 1 1 1 0 0 0 1 0 1 1 1 0 0 1 1 0 1 1 1 0 0 0 1 0]

Synthetic samples indexes: [  1   7   8  15  18  19  21  23  26  30  32  35  39  45  57  58  60  63
  64  65  66  73  89  91  92  93  95  97 103 110 111 113 114 116 122 124
 127 130 132 136]

