Clustering algorithm selected: kmeans++
=====================================

Clustering evaluation metric: dbc
Clustering evaluation value: 0.09202444193868536

========== Cluster 0 ==========

Base classifier: GaussianNB()

Selected Features: [1 5 4 6 0]

Labels: [0 0 0 0 1 0 1 0 0 1 0 0 0 0 1 0 1 1 1 1 0 1 0 0 1 0 0 0 0 0 0 0 0 0 1 0 1
 1 0 0 1 0 0 0 1 0 0 0 1 0 0 0 1 0 1 1 0 0 0 1 0 0 0 0 0 1 1 0 0 0 0 0 0 0
 0 0 0 0 1 0 0 1 1 0 0 0 0 1 0 0 0 1 1 0 0 0 0 0 0 0 1 0 0 0 0 1 0 0 0 0 0
 0 0 0 0 0 1 0 0 1 0 0 1 0 0 0 0 0 0 0 0 0 0 0 0 0 1 0 0 0 0 0 0 0 0 0 0 0
 1 0 0 0 0 0 0 0 0 0 0 1 0 0 0 0 0 1 0 1 1 0 0 0 0 1 1 0 0 0 1 0 1 1 0 1 0
 1 0 1 0 1 0 0 1 0 0 0 0 0 0 1 0 0 0 0 0 0 0 1 0 0 1 0 0 0 1 1 1 0 1 0 0 1
 0 1 0 0 1 1 1 1 1 0 0 0 0 0 1 0 0 1 0 0 0 0 0 0 1 0 0 0 1 0 0 0 0 0 0 0 0
 0 0 0 0 1 0 0 0 0 0 0 0 0 0 0 1 0 0 0 0 0 1 0 0 0 0 0 1 0 1 0 0 0 0 1 1 0
 0 0 1 1 0 0 0 0 0 0 0 0 0 0 0 0 0 0 0 0 0 0 0 1 0 1 0 0 0 1 0 0 0 0 0 1 0
 1 0 0 0 1 0 0 0 0 0 1 1 0 0 0 0 1 1 0 0 0 0 0 0 1 1 0 0 0 0 1 0 1 0 0 0 0
 1 0 0 0 1 0 0 0 0 0 0 0 0 1 1 1 0 0 0 0 1 0 1 0 0 0 1 0 0 0 1 1 1 1 0 0 0
 0 0 0 0 0 1 0]

========== Cluster 1 ==========

Base classifier: GaussianNB()

Selected Features: [4 1 0 5 6]

Labels: [0 0 0 1 0 0 0 1 1 1 1 1 0 1 1 1 0 1 0 0 1 1 1 0 0 1 0 0 1 1 1 1 0 0 0 0 1
 0 1 1 1 0 1 1 1 1 1 1 1 1 1 0 0 1 0 1 1 1 0 1 0 0 1 1 1 1 1 1 1 1 0 1 1 0
 1 0 1 1 1 0 0 1 1 1 1 0 1 0 0 0 1 1 1 1 1 0 0 0 0 0 1 1 1 0 0 1 0 1 1 1 1
 0 1 0 0 0 0 1 1 1 1 1 0 0 0 1 1 0 1 1 1]

========== Cluster 2 ==========

Base classifier: GaussianNB()

Selected Features: [1 4 6 0 5]

Labels: [0 0 0 0 1 0 1 0 0 0 0 1 0 0 0 1 1 0 0 0 0 1 0 1 0 1 0 0 1 0 1 0 0 0 0 0 1
 0 0 1 0 0 1 0 0 0 0 1 0 1 0 0 1 1 0 0 0 1 0 1 1 1 1 1 1 0 1 0 1 0 0 1 0 0
 1 0 1 0 0 1 0 0 1 0 1 0 1 1 0 0 0 1 0 0 0 0 1 1 1 1 0 0 0 0 0 0 0 1 0 1 0
 0 1 1 0 1 1 0 0 0 0 1 1 0 0 1 0 1 1 1 0 1 1 1 0 1 1 0 0 1 1 0 0 1 0 0]

