Clustering algorithm selected: kmeans
=====================================

Clustering evaluation metric: dbc_ss
Clustering evaluation value: 0.22690966634725576

========== Cluster 0 ==========

Base classifier: GaussianNB()

Minority Class: 1

Selected Features: [0 1 2 3 4 5 6 7 8]

Labels: [1 1 0 ... 2 0 2]

Synthetic samples indexes: [   0   14   15   17   20   30   31   32   34   35   42   44   47   53
   56   65   72   73   81   84   88   89   93   96  102  109  112  118
  132  142  152  159  160  170  177  183  185  192  201  208  214  221
  222  227  244  249  256  265  268  270  271  277  280  282  297  299
  300  303  304  315  320  321  322  323  324  325  334  335  338  341
  342  350  351  353  356  369  370  371  372  374  376  386  388  391
  393  402  405  406  407  430  432  434  438  440  444  461  462  465
  470  474  492  493  495  510  513  517  523  534  538  542  554  569
  576  577  579  580  603  622  627  629  634  638  640  642  651  656
  658  662  670  672  682  684  687  688  691  697  698  699  700  701
  704  711  717  718  724  728  737  745  747  750  759  767  770  774
  776  786  788  792  793  795  801  802  826  828  830  831  834  841
  852  854  857  863  866  868  869  872  890  893  897  908  910  912
  921  928  929  930  933  934  937  938  942  950  958  964  967  970
  991  993  996  998 1001 1002 1003 1005 1016 1019 1020 1027 1034 1038
 1040 1055 1057 1060 1070 1076 1077 1082 1086 1091 1096 1099 1100 1108
 1113 1114 1116 1122 1125 1127 1132 1133 1134 1135 1138 1145 1149 1156
 1157 1163 1165 1191 1200 1208 1213 1214 1217 1237 1238 1240 1242]

========== Cluster 1 ==========

Base classifier: GaussianNB()

Minority Class: 1

Selected Features: [0 1 2 3 4 5 6 7 8]

Labels: [1 1 2 0 2 1 2 0 0 0 0 2 1 0 2 2 2 2 0 1 0 2 0 1 2 1 2 2 2 2 2 0 2 1 0 2 2
 2 0 0 2 1 2 0 1 2 2 1 1 0 2 1 2 2 1 2 0 1 2 0 2 2 2 1 0 2 1 0 0 2 2 0 2 0
 0 0 2 1 0 2 2 0 0 2 0 2 2 0 0 1 1 2 1 1 0 1 2 2 0 2 0 1 1 2 1 2 1 1 1 2 0
 2 2 0 0 1 2 1 0 2 2 2 2 0 2 1 1 0 2 0 2 1 2 0 1 2 2 0 2 2 1 1 0 0 0 1 1 2
 0 2 1 1 0 2 0 2 1 1 2 1 2 2 1 1 1 0 1 2 0 1 2 1 0 0 0 2 1 0 2 1 1 0 0 2 1
 2 1 0 2 1 1 0 1 0 1 1 2 0 2 1 1 1 0 0 1 2 1 0 2 2 1 1 0 2 0 1 0 1 1 0 0 2
 0 0 2 0 0 0 2 2 1 0 0 0 2 1 0 0 1 2 0 2 1 2 0 2 1 2 1 1 0 2 2 1 0 2 2 0 1
 1 0 0 2 1 1 2 1 0 2 1 2 2 1 0 0 2 1 0 1 1 1 0 1 2 0 0 2 0 0 2 1 2 2 2 2 1
 1 2 2 1 0 2 1 1 2 0 2 2 1 2 1 0 0 0 1 1 0 0 1 0 0 1 2 0 0 2 1 1 0 2 0 0 0
 2 1 0 2 0 1 2 1 0 1 1 1 1 2 2 2 2 0 1 2 2 1 0 0 0 0 2 1 1 1 2 0 2 2 0 1 2
 1 1 0 0 0 1 0 1 2 1 0 1 2 2 2 1 0 0 2 2 1 0 1 0 0 1 0 1 2 1 1 2 0 0 1 1 1
 0 1 1 2 0 1 1 0 2 1 0 1 0 0 1 0 0 1 0 2 1 1 0 1 1 1 0 1 1 2 2 0 0 2 0 0 0
 1 2 0]

Synthetic samples indexes: [  2  15  19  24  28  40  41  50  53  57  58  62  72  76  77  80  89  90
  91  92  93 101 104 105 108 111 112 116 117 120 122 124 125 130 135 139
 140 141 145 147 149 150 155 157 160 161 162 163 169 175 176 178 180 185
 188 190 192 194 201 204 209 210 211 215 218 221 229 230 238 239 246 248
 249 256 258 259 263 264 265 269 275 286 292 293 295 297 302 308 310 314
 315 325 327 336 343 344 345 346 348 353 361 362 368 370 371 378 382 383
 384 385 388 400 406 412 430 431 434 435 437 444 445]

