Clustering algorithm selected: kmeans++
=====================================

Clustering evaluation metric: dbc
Clustering evaluation value: 0.4337257043556391

========== Cluster 0 ==========

Base classifier: GradientBoostingClassifier()

Selected Features: [32 37 16 17  5 36 34  9 13 18 25 31 35 29 20 14 30 28 24  0 19 33 22 23
 21 27 26 11 12 15  8 10  6  7  4]

Labels: [1 0 1 1 0 1 0 0 0 1 1 0 0 0 0 0 1 1 1 1 1 1 1 0 0 0 0 1 1 1 1 1 0 0 1 1 1
 0 1 1 1 1 1 1 1 1 1 1 0 1 1 0 1 0 0 1 1 0 0 0 0 0 1 1 0 1 1 1 1 1 1 1 1 1
 1 1 0 1 1 0 1 1 0 1 0 0 1 0 1 1 1 1 0 1 1 1 0 1 1 0 1 0 0 1 1 1 0 1 1 1 1
 1 1 1 1 1 1 0 0 1 1 1 0 0 1 1 0 0 1 1 1 0 0 0 1 0 0 0 1 0 1 1 0 0 1 1 0 1
 0 1 1 0 1 1 1 1 0 0 1 1 1 1 1 1 0 1 1 0 1 1 1 1 1 0 1 0]

========== Cluster 1 ==========

Base classifier: SVC(probability=True)

Selected Features: [ 7 27 33 32  6 23 30  1  8 34  3 17 21 15 36 20 31 22 35 37 24 25 16 18
 19 29 28 26 13 14  9 10]

Labels: [0 0 0 1 0 0 0 0 0 0 0 0 0 0 1 0 0 0 0 1 0 0 0 0 0 0 1 0 0 0 0 0 0 0 0 0 0
 0 0 0 0 0 0 0 0 0 0 0 0 0 0 0 0 0 0 0 0 0 0 1 0 0 0 0 0 0 0 0 1 0 0 0 0 0
 0 0 0 0 1 0 0 0 0 0 1 0 0 0 0 0 0 0 0 0 0 0 0 0 1 0 1 0 0 0 0 0 0 0 0 0 0
 0 0 0 0 0 0 0 0 0 0 0 0 0 0 0 0 0 1 0 0 0 0 0 0 0 0 0 0 0 0 0 0 0 0 0 0 0
 1 0 0 0 0 0 0 0 0 0 0 0 1 0 1 0 0 0 0 0 0 1 0 0 0 0 0 1 0 0 0 0 0 0 0 0 0
 1 0 1 0 0 0 0 0 1 0 1 0 0 0 0 0 0 0 1 0 0 0 0 1 0 1 0 0 0 0 0 0 0 0 0 0 1
 0 0 0 0 0 0 0 0 0 0 0 0 0 1 0 0 0 0 0 0 0 0 0 0]

========== Cluster 2 ==========

Base classifier: RandomForestClassifier()

Selected Features: [32 16 34 37  0  1 25 11  8 12  7 29 18 15 21 22 17 10 13 33 36 35 19 20
 23 31 28 27 26 24 30 14  9]

Labels: [1 1 1 1 1 0 1 0 0 0 1 0 1 1 1 1 1 1 1 0 0 0 0 0 1 1 0 0 0 1 1 0 0 1 0 1 1
 1 0 0 1 1 1 1 0 1 1 0 1 1 1 1 0 1 1 0 0 1 0 1 1 1 1 1 0 1 1 0 0 1 0 0 1 0
 1 1 1 1 1 1 1 1 1 1 1 0 1 1 1 1 0 1 0 1 1 1 0 0 1 1 1 1 0 0 0 0 1 1 1 1 0
 1 0 1 1 0 0 0 1 1 1 0 1 1 1 1 1 1 1 1 0 1 1 1 1 1 0 1 1 1 1 1 0 1 1 0 1 1
 0 1 1 0 1 1 1 1 1 0 1 0 1 1 0 1 0 1 1 1 1 1 1 1 1 1 1 1 0 0 1 1 1 1 0 1 1
 0 1 0 1 1 1 1 0 1 1 1 1 1 1]

