Clustering algorithm selected: kmeans++
=====================================

Clustering evaluation metric: dbc
Clustering evaluation value: 0.3995242836001191

========== Cluster 0 ==========

Base classifier: GaussianNB()

Minority Class: 0

Selected Features: [ 9  7 11  4 12 10  2  8 13  5]

Labels: [0 0 0 1 1 0 0 0 0 0 1 1 0 1 0 1 1 1 1 1 1 0 1 0 0 1 0 1 1 0 1 0 0 0 1 1 0
 0 1 0 1 1 1 0 1 1 0 0 0 0 0 0 1 0 1 0 0 0 1 0 1 1 0 1 1 1 0 0 1 0 0 0 1 0
 1 1 0 1 0 1 0 1 0 0 1 0 0 0 1 1 1 0 1 1 1 0 0 0 1 0 0 1 1 0 1 0 1 1 0 0 1
 0 1 0 0 0 0 1 1 1 0 1 0 1 1 1 1 1 1 1 1 1 1 0 1 0 0 0 0 0 0 0 1 1 0 0 1 1
 1 0 0 1 0 0 1 0 0 1 1 1 1 0 0 1 1 0 0 1 0 1 0 0 1 1 1 1 0 0 0 0 1 0 1 0 0
 1 1 0 1 0 0 1 1 0 0 1 1 0 0 1 1 0 1 0 0 1 0 1 0 0 1 1 0 0 0 0 0 0 1 0 1 1
 0 1 0 1 1 1 0 0 1 1 0 1 1 0 1 0 1 0 1 0 1 0 1 1 1 0 1 1 1 0 0 1 1 1 1 1 0
 0 1 1 0 0 0 1 0 0 1 1 0 0 1 0 1 1 1 0 0 1 1 1 0 0 1 1 1 0 0 0 1 0 1 0 1 0
 0 1 0 1 0 1 1 0 1 0 0 1 0 1 0 1 0 1 1 1 1 0 1 0 1 0 0 0 0 0 1 1 0 1 1 0 0
 1 0 0 1 1 0 0 1 0 1 1 0 0 0 1 1 0 1 1 1 1 0 1 1 0 1 0 1 0 1 1 0 0 1 1 1 1
 0 0 1 0 0 1 1 1 1 0 0 0 0 1 0 1 1 0 0 1 1 0 0 1 0 1 1 1 1 0 0 1 1 0 1 0 1
 0 1 0 0 1 0 1 1 0 0 0 1 1 0 1 1 1 1 0 0 1 0 1 0 0 0 0 1 1 1 0 0 1 1 1 1 0
 0 1 1 0 0 1 1 1 0 1 0 1 0 1 0 1 0 1 1 1 0 1 1 1 1 1 1 1 1 1 1 1 0 0 1 0 0
 0 1 0 0 0 0 0 1 1 0 1 0 0 0 1 0 0 0 1 0 0 1 0 0 1 1 0 1 1 0 1 1 1 0 1 1 0
 0 1 1 1 0 0 1 1 1 1 1 1 0 0 1 0 0 0 0 0 1 1 1 0 1 0 1 0 0 0 0 1 0 1 1 1 0
 0 1 1 1 1]

========== Cluster 1 ==========

Base classifier: GaussianNB()

Minority Class: 1

Selected Features: [ 9  8 11 10  7 12  1 13  6  5]

Labels: [0 0 0 1 1 0 1 1 1 0 0 0 0 0 0 0 0 1 0 1 0 0 0 0 1 0 1 1 0 1 1 0 0 0 0 1 1
 0 1 1 0 0 1 0 1 1 1 0 1 0 0 1 0 0 1 1 0 0 1 1 1 0 1 0 1 1 1 1 0 0 0 0 1 1
 0 0 0 1 1 1 0 1 1 0 1 1 1 1 0 1 1 0 0 1 1 1 0 0 0 0 1 0 0 1 1 1 1 1 1 1 0
 0 1 1 1 1 1 0 0 1 1 1 1 1 0 1 1 0 1 1 0 1 0 1 0 0 1 1 1 0 0 0 0 0 0 1 0 1
 1 0 0 1 1 1 1 0 0 1 1 1 1 1 1 1 1 1 1 1 1 1 1 1 0 1 1 0 1 1 1 0 0 0 1 0 0
 1 0 1 1 0 0 0 0 0 1 1 0 0 0 0 1 1 1 0 0 0 1 0 0 0 1 1 1 1 1 0 0 0 1 1 0 1
 0 0 0 0 1 1 0 1 1 1 0 0 1 1 0 0 1 0 0 0 0 1 0 0 1 0 1 1 0 1 1 1 0 0 1 0 0
 0 0 0 0 0 0 0 1 0 0 1 1 0 0 0 0 0 0 0 0 0 0 0 1 0 1 1 1 1 0 1 0 0 0 0 0 1
 0 1 0 0 1 0 1 0 0 0 1 1 0 1 0 0 1 0 0 0 1 0 0 0 1 1 0 1 1 1 1 1 0 0 1 0 1
 1 1 1 1 1 0 0 1 1 0 0 1 1 1 0 0 0 1 0 0 1 1 0 0 0 0 0 0 0 0 1 1 1 0 0 1 0
 0 0 1 1 1 0 1 0 0 1 1 0 0 0 1 0 0 0 0 1 1 0 0 0 0 1 1 0 0 1 1 1 0 0 0 0 0
 1 1 0 1 1 0 0 1 0 0 1 0 1 1 0 0 1 0 0 0 0 1 0 0 0 1 0 1 1 0 1 1 1 0 0 0 0
 1 0 0 1 1 0 1 0 1 0 1 1 1 0 1 0 1 1 0 0 1 0 1 1 1 0 0 0 1 1 0 0 0 1 0 1 1
 1 1 1 0 1 0 0 1 1 0 0 0 1 1 1 0 1 1 1 0 1 0 1 0 0 0 1 1 0 0 0 1 1 0 1 0 1
 1 0 0 0 1 0 0 1 0 0 1 0 0 1 1 0 0 0 0 1 1 1 0 0 0 1 1 1 0 1 1 1 0 0 1 1 0
 0 0 0 0 1 0 0 1 0 0 1 1 0 0 1 1 1 0 1 0 1 1 0 1 1 0 1 0 0 1 0 0 0 1 1 1 0
 1 0 0 1 1 1 0 1 1 0 0 1 1 0 1 1 1 0 1 0 0 1 1 1 1 1 0 1 1 1 1 1 0 0 1 0 1
 1 1 0 1 0 0 0 1 1 0 0 0 1 0 0 0 0 0 0 1 0 0 1 1 0 0 0 1 0 1 1 1 0 1 1 1 0
 0 0 0 1 0 0 1 0 1 0 0 1 1 0 1 0 0 0 1 1 1 1 0 1 1 0 1 1 0 0 0 1 1 1]

