Clustering algorithm selected: kmeans++
=====================================

Clustering evaluation metric: dbc
Clustering evaluation value: 0.3784284907776725

========== Cluster 0 ==========

Base classifier: GaussianNB()

Minority Class: 0

Selected Features: [ 9  8 11 10 12  7  2  0  4  6]

Labels: [0 0 0 1 0 1 1 0 1 0 1 1 1 1 1 0 1 0 0 1 1 0 1 0 0 1 1 1 0 1 1 0 1 0 0 0 0
 1 1 0 1 1 1 1 1 0 1 0 0 1 0 1 0 1 0 1 0 1 0 1 1 0 0 1 0 0 0 1 0 1 1 0 0 1
 0 0 1 1 1 1 1 0 1 1 1 1 1 1 1 0 1 1 1 0 0 1 0 1 1 1 1 1 0 0 0 0 1 1 1 1 1
 1 1 0 0 1 1 1 1 1 0 0 1 1 0 1 1 1 1 1 1 1 0 1 0 0 0 0 0 0 1 0 0 1 1 1 0 1
 0 0 0 1 1 1 0 0 1 1 1 0 0 1 1 1 1 0 0 1 1 1 1 0 1 0 0 1 1 0 1 1 0 1 0 1 0
 0 0 1 0 0 0 0 1 1 0 0 1 1 1 0 0 0 1 1 1 1 0 1 0 0 1 1 1 1 1 0 1 1 1 0 0 1
 0 0 1 0 1 1 0 0 1 1 1 0 1 1 0 1 1 0 0 1 0 1 0 1 0 1 0 0 1 1 0 1 0 0 0 1 1
 1 1 1 0 1 0 0 0 1 0 1 0 1 0 0 1 0 1 0 1 1 0 0 1 1 0 1 1 0 1 1 0 1 1 0 1 1
 1 0 0 1 0 1 1 1 1 1 0 0 0 0 1 1 1 0 1 1 1 1 1 1 1 1 1 0 1 0 0 0 1 0 0 0 0
 1 1 0 0 1 0 0 1 0 1 1 1 1 1 0 1 1 1 0 1 0 1 1 1 0 1 1 1 1 0 0 1 0 0 1 1 1
 0 1 1 0 0 0 0 1 1 0 0 1 1 1]

========== Cluster 1 ==========

Base classifier: GaussianNB()

Minority Class: 1

Selected Features: [ 9  8 11 12 10  7  3  0  1  5]

Labels: [0 0 0 1 1 0 1 1 1 1 0 0 0 0 0 0 0 0 0 0 0 0 1 0 1 0 0 1 0 0 1 0 1 1 0 1 1
 0 0 1 0 0 0 1 1 0 1 1 0 0 1 0 1 0 1 1 0 1 0 0 1 0 0 0 0 1 1 0 1 0 1 1 1 0
 1 0 1 1 1 1 1 0 0 0 0 1 1 0 0 0 0 0 1 1 1 0 1 0 0 0 1 0 1 1 1 0 1 0 1 1 1
 0 0 0 1 0 1 1 0 0 0 0 0 1 0 0 1 0 1 1 1 1 1 1 0 1 1 1 0 0 0 1 1 1 1 1 0 0
 0 1 0 1 1 1 1 1 1 0 1 1 1 0 0 1 1 1 1 0 1 0 1 0 0 1 1 1 0 0 0 1 0 0 0 0 1
 0 0 0 1 1 0 0 1 1 1 1 0 0 0 0 0 0 0 1 1 1 1 1 1 1 1 1 0 1 0 0 1 0 1 0 1 0
 1 0 1 0 1 1 0 0 1 0 0 1 1 0 1 0 1 0 0 0 0 1 0 0 0 0 0 0 0 0 0 0 1 1 0 1 1
 0 1 1 0 1 0 0 0 1 1 0 1 0 0 0 1 1 0 1 1 0 0 0 1 0 1 0 1 0 1 0 1 1 0 0 1 0
 0 0 1 1 0 1 1 0 1 1 0 1 1 1 1 1 1 1 1 0 1 1 0 1 1 1 0 0 0 0 1 0 1 0 0 1 1
 0 1 1 0 0 0 0 0 1 0 0 1 0 0 0 1 0 0 1 1 1 0 0 0 0 0 1 0 0 0 0 0 1 1 1 1 1
 0 0 0 0 1 1 0 0 1 0 0 0 0 0 1 1 1 0 1 1 1 0 1 0 0 0 1 1 0 0 1 1 1 0 0 0 0
 1 0 0 1 0 0 1 1 0 1 0 1 1 0 0 0 1 1 0 0 0 0 0 0 1 0 0 0 1 0 0 1 1 0 1 0 1
 0 0 0 0 0 0 0 0 0 1 0 0 1 1 1 0 1 0 1 0 1 0 0 0 1 0 1 0 0 1 0 0 1 0 0 1 0
 0 1 0 1 1 1 1 0 0 1 0 0 0 1 0 0 0 1 0 0 1 0 0 1 1 0 0 1 1 1 1 1 0 1 0 0 1
 1 0 1 0 1 1 1 1 1 0 0 1 1 0 0 1 0 1 1 1 0 0 0 0 1 0 1 0 0 1 1 1 0 0 1 0 0
 0 0 0 0 0 1 1 0 1 0 0 1 0 0 0 1 1 1 0 1 0 0 0 1 1 0 0 1 0 1 0 0 0 0 1 1 1
 0 0 0 0 0 1 1 0 1 0 1 0 1 1 0 0 0 0 0 0 1 1 0 1 1 0 0 1 1 1 0 0 1 0 1 1 0
 0 1 0 1 0 0 1 0 0 0 0 1 1 0 0 0 1 0 1 0 1 1 0 1 1 1 0 0 0 0 1 1 1 1 1 1 1
 1 1 1 1 1 1 1 1 0 0 0 0 0 0 0 0 0 0 0 0 0 0 1 1 0 1 1 0 1 1 0 1 1 1 0 1 0
 1 1 0 0 0 0 0 1 0 1 0 1 0 0 1 1 1 0 0 0 1 1 1 0 1 0 1 1 0 1 0 1 0 1 0 0 1
 0 0 1 0 1 0 1 1 0 1 0 0 0 1 1 1 0 1 1 0 0 1 1 0 1 1 1 0 1 0 0 0 1 1 0 1 1
 0 0 1 0 1 1 1 1 1 0 0 1 0 1 1 1 0 0 1 0 0 0 1 1 0 0 0 1 0 0 0 0 0 1 0 1 0
 0 1 1 0 0 0 0 1 0 1 1 1 0 1 1 0 1 0 0 0 1 0 1 0 0 1 1 0 1 0 0 0 0 1 0 1 0
 1 0 0 0 0 1 1 1 0 1 1 0 1 1 0 1 1 0 1 0 0 1 1 1 1]

