Clustering algorithm selected: spectral
=====================================

Clustering evaluation metric: rand
Clustering evaluation value: 0.3078683099403565

========== Cluster 0 ==========

Base classifier: LogisticRegression()

Minority Class: 0

Selected Features: [0 1]

Labels: [2 2 2 1 2 0 1 2 2 0 1 0 1 1 2 2 2 2 0 1 2 1 2 2 1 2 2 2 1 0 2 2 2 2 2 2 0
 0 2 2 1 2 2 2 1 2 0 1 2 2 0 2 2 2 0 2 2 0 0 1 2 1 2 2 2 2 0 2 2 2 1 2 1 2
 2 2 1 2 2 2 2 0 2 2 2 1 1 2 2 2 2 2 2 2 2 0 2 0 2 2 2 1 1 2 2 2 2 1 2 0 1
 0 2 2 2 2 1 2 2 1 2 2 2 2 2 0 2 2 2 2 2 2 2 2 2 2 2 2 2 0 0 0 2 2 2 2 2 2
 2 0 2 2 2 2 2 2 2 1 2 2 2 0 2 2 1 2 2 2 0 2 2 2 2 2 2 2 2 2 2 1 2 2 2 1 2
 1 1 2 2 2 2 2 2 2 2 2 2 2 2 2 2 2 1 2 2 2 1 1 2 2 1 2 0 0 2 2 2 1 2 2 2 2
 2 2 2 2 2 0 0 2 0 1 2 2 0]

========== Cluster 1 ==========

Base classifier: SVC(C=379.33019285783246, gamma=26.87778357937492, probability=True)

Minority Class: 1

Selected Features: [0 1]

Labels: [0 0 2 0 0 0 1 1 0 1 0 0 0 1 1 0 0 0 1 0 0 1 0 0 2 2 0 0 0 0 0 2 1 0 2 0 0
 1 0 0 0 1 0 1 0 0 2 0 0 0 0 0 0 0 2 0 1 0 0 0 1 0 1 0 0 0 0 0 0 0 0 2 1 0
 1 1 0 0 2 2 0 0 1 0 0 0 0 2 0 0 0 2 0 0 0 0 2 0 0 1 0 2 0 0 0 0 0 0 0 0 2
 0 0 1 0 0 1 0 2 0 2 0 1 2 0 0 0 0 0 0 1 0 0 1 2 0 2 2 2 0 0 0 1 0 0 2 0 0
 2 0 1 2 0 0 2 2 1 0 0 0 2 0 1 0 0 0 0 0 1 0 0 1 0 0 2 2 0 0 0 0 2 0 1 0 0
 0 2 2 0 0 0 0 2 0 0 0 2 0 0 0 0 1 0 0 0 2 0 0 2 0 0 0 1 0 0 0 2 2 0 2 0 0
 1 1 0 2 0 0 0 0]

========== Cluster 2 ==========

Base classifier: KNeighborsClassifier(n_neighbors=7)

Minority Class: 2

Selected Features: [0 1]

Labels: [1 1 1 1 1 1 1 1 0 1 1 1 1 0 0 0 1 2 1 1 0 0 0 1 1 1 1 1 1 0 0 1 1 1 1 1 0
 2 2 0 1 2 1 1 1 0 1 1 0 0 1 1 1 0 1 2 1 1 2 0 1 1 1 1 0 1 0 1 0 1 1 1 1 0
 1 1 1 1 1 2 1 1 0 2 1 1 1 1 1 1 1 1 1 1 0 1 1 1 1 1 1 2 1 1 1 1 1 1 1 2 2
 2 1 0 1 1 1 1 1 1 0 1 1 0 1 1 1 0 1 1 1 1 0 0 1 0 1 0 1 1 1 1 0 2 1 1 1 1
 1 1 1 1 1 1 1 1 1 1 1 1 0 2 0 1 1 2 0 0 0 1 1 1 1 2 1 1 1 1 1 1 1 1 1 1 1
 1 1 0 1 2 1 1 1 1 1 1 1 1 1 1 1 1 0 1 1 0 1 0 1 1]

