Clustering algorithm selected: kmeans++
=====================================

Clustering evaluation metric: rand
Clustering evaluation value: 0.31411999659566786

========== Cluster 0 ==========

Base classifier: KNeighborsClassifier(n_neighbors=7)

Minority Class: 2

Selected Features: [0 1]

Labels: [1 1 1 1 1 1 1 1 0 1 1 1 1 0 0 0 1 2 1 1 0 0 0 1 1 1 1 1 1 0 0 1 1 1 1 1 0
 2 0 1 2 1 1 0 0 1 0 1 0 1 1 1 1 0 1 1 1 1 2 1 1 0 2 1 1 1 1 1 1 1 1 1 1 0
 1 1 1 1 1 1 2 1 1 1 1 1 1 1 2 1 1 2 0 2 1 1 1 1 1 1 1 1 1 1 0 1 1 1 0 0 1
 1 1 1 0 0 0 2 2 1 0 2 1 1 1 1 1 0 1 1 0 1 1 1 0 1 1 1 1 0 0 1 0 1 0 1 1 1
 1 0 2 1 1 1 1 1 1 1 1 1 1 1 1 1 1 1 1 0 2 0 1 1 2 0 0 0 1 1 1 1 2 1 1 1 1
 1 1 1 1 1 1 1 1 1 0 1 2 1 1 1 1 1 1 1 1 1 1 1 1 0 1 1 0 1 0 1 1]

========== Cluster 1 ==========

Base classifier: SVC(C=391.86419256405685, gamma=31.144089276771517, probability=True)

Minority Class: 1

Selected Features: [0 1]

Labels: [0 0 2 0 0 0 1 1 0 1 0 0 0 1 1 0 0 0 1 0 0 1 0 0 2 2 0 0 0 0 0 2 1 0 2 0 0
 1 0 0 0 0 2 2 0 0 0 0 0 1 0 0 0 0 1 1 0 0 0 0 2 0 0 2 0 0 0 0 2 0 0 1 0 2
 0 0 0 0 0 0 0 0 2 0 0 1 0 0 1 0 2 0 2 0 1 0 1 1 0 2 0 0 0 1 0 0 0 0 0 0 0
 2 0 0 0 0 2 0 1 0 0 0 0 2 0 1 0 1 0 0 1 2 2 0 2 0 0 0 1 0 0 2 0 0 2 0 1 2
 0 0 2 2 1 0 0 0 2 0 1 0 0 0 0 0 1 0 0 1 0 0 2 2 0 0 0 0 2 0 1 0 0 0 2 2 0
 0 0 0 2 0 0 0 2 0 0 0 0 1 0 0 2 0 0 2 0 0 0 1 0 0 0 2 2 0 2 0 0 1 1 0 2 0
 0 0 0]

========== Cluster 2 ==========

Base classifier: SVC(C=549.6543268564197, gamma=209.53143733007414, probability=True)

Minority Class: 0

Selected Features: [0 1]

Labels: [2 2 2 1 2 0 1 2 2 0 1 0 1 1 2 2 2 2 0 1 2 1 2 2 1 2 2 2 1 0 2 2 2 2 2 2 2
 0 0 2 2 1 2 2 2 1 2 0 1 2 2 0 2 2 2 0 2 2 2 2 2 2 0 1 1 2 2 0 2 0 2 0 2 2
 2 1 1 2 2 2 2 1 2 0 1 0 2 2 2 2 1 2 2 1 2 2 2 2 2 0 2 2 2 2 2 2 2 2 2 2 1
 2 2 2 2 1 2 2 2 2 2 2 2 2 2 2 2 2 0 2 2 2 0 2 0 2 0 2 2 2 2 2 2 2 2 2 0 2
 2 2 2 2 2 2 1 2 2 2 0 2 2 1 2 2 2 0 2 2 2 2 2 2 2 2 2 2 1 2 2 2 1 2 1 1 2
 2 2 2 2 2 2 2 2 2 2 2 2 2 2 1 2 2 2 1 1 2 2 0 1 2 0 0 2 2 2 1 2 2 2 2 2 2
 2 2 2 0 0 2 0 1 2 2 0]

