Clustering algorithm selected: spectral
=====================================

Clustering evaluation metric: rand
Clustering evaluation value: 0.183062295616352

========== Cluster 0 ==========

Base classifier: SVC(probability=True)

Minority Class: 0

Selected Features: [1 4 7 6 5]

Labels: [0 0 0 0 0 1 0 0 0 0 0 1 1 0 1 1 0 0 0 1 1 0 0 1 1 0 1 1 0 1 1 0 0 0 0 1 1
 1 0 0 0 1 1 1 1 0 1 1 0 1 1 1 1 1 0 1 0 0 1 0 1 1 1 0 0 1 0 0 1 1 0 1 0 1
 1 1 1 0 0 0 0 0 1 0 0 1 0 0 0 0 0 0 1 1 0 0 1 1 0 1 1 0 0 0 0 1 0 1 1 1 1
 1 1 0 1 1 1 1 1 1 1 0 0 1 1 0 0 0 0 0 1 1 0 1 0 0 0 1 0 1 1 0 1 1 1 1 1 1
 1 1 1 1 0 0 0 1 0 0 0 1 1 1 1 0 1 0 1 1 1 0 0 0 1 1 1 1 0 0 1 1 0 0 0 0 0
 1 1 0 1 0 1 1 1 1 0 0 0 0 0 0 1 1 1 1 1 0 0 0 0 0 1 0 1 1 1 0 1 1 0 0 0 1
 1 0 1 1 1]

========== Cluster 1 ==========

Base classifier: SVC(probability=True)

Minority Class: 1

Selected Features: [1 5 0 7 3 4]

Labels: [0 0 0 0 0 1 0 1 0 0 1 1 0 0 0 0 1 0 1 1 1 1 1 0 0 1 0 0 1 0 0 0 0 0 0 0 0
 0 1 0 1 0 0 0 0 1 0 0 0 1 1 0 0 0 0 0 0 0 0 1 0 0 1 0 0 1 1 0 0 0 0 0 1 0
 0 0 0 0 0 0 1 0 1 0 1 0 0 0 0 0 0 1 0 0 0 1 0 0 0 1 0 0 0 1 0 0 0 1 1 0 0
 0 0 1 0 1 1 0 0 0 0 1 0 0 0 0 0 0 1 1 0 0 0 0 0 0 0 0 0 0 0 0 1 0 0 0 1 1
 0 0 0 0 1 0 0 0 1 1 0 0 0 0 0 0 0 1 0 0 0 1 0 0 0 1 0 0 0 0 0 0 0 0 1 0 0
 1 0 0 0 1 0 1 0 1 1 0 1 0 0 0 0 0 0 0 0 0 0 0 0 1 1 0 0 0 0 0 0 0 0 0 0 0
 1 0 0 0 0 0 0 0 0 0 0 0 1 1 0 0 0 0 0 1 0 1 1 1 0 0 0 0 1 1 1 0 0 0 0 1 1
 0 1 1 0 1 0 1 0 0 1 0 1 0 0 1 0 0 0 0 0 0 1 0 0 0 0 0 0 0 0 1 0 0 1 0 0 0
 0 1 1 1 0 1 0 0 0 1 0 1 0 0 0 1 1 1 1 1 0 0 0 0 0 1 1 0 0 1 0 0 0 0 0 0 0
 1 0 0 0 1 0 1 0 0 0 0 0 0 0 0 0 0 0 0 0 0 1 0 0 0 0 0 0 0 1 0 0 0 0 1 0 0
 0 0 0 1 0 0 0 0 0 1 0 1 1 0 0 0 0 1 1 1 0 0 0 1 0 1 0 0 0 0 0 0 0 0 1 0 0
 0 0 1 1 0 0 0 0 0 1 0 0 0 1 0 1 0 0 0 0 0 0 0 1 1 1 0 1 0 0 0 1 0 1 0 0 0
 0 0 1 0 0 0 0 1 1 1 1 0 0 0 0 0 0 0 0 1 0]

