============== Classifiers Parameters ==============
[{'cost': 780.8491397242882, 'gamma': 759.8938423686095}, {'cost': 655.574620652711, 'gamma': 565.4860007216945}, {'cost': 216.2158208909666, 'gamma': 97.87765881559399}, {'cost': 61.30594678022541, 'gamma': 589.1648579856742}]

Optimal clusterer: kmeans

External clustering metrics:
adjusted_rand_score: 0.005925861009382574
normalized_mutual_info_score: 0.008557349515715127
v_measure_score: 0.008557349515715127
fowlkes_mallows_score: 0.7612217100124901

Internal clustering metrics:
silhouette: 0.020580952353274277
davies_bouldin: 1.2243091107926474
calinski_harabasz_score: 2.048461017351569

Base classifier: svm
========== Cluster 0 ==========

Labels: [1 0 0 1 0 1 1 1 0 0 0 0 0 1 1 0 0 1 0 0 0 0 0 1 0 0 0 1 1 0 0 0 0 0 1 0 1
 1 0 0 0 0 1 1 0 0 0 0 1 1 0 0 1 0 0 0 1 0 0 1 1 0 1 1 1 0 0 0 1 1 0 0 0 0
 0 0 0 0 0 0 0 0 0 0 0 0 0 0 0 0 0 0 0 0 1 0 1 0 0 0 0 0 0 1 0 0 1 0 1 0 0
 1 0 0 0 0 0 0 0 0 0 0 0 0 0 1 0 0 1 0 0 0 0 1 1 1 0 0 1 1 0 0 1 0 0 0 0 1
 1 1 0 0 0 0 1 0 1 0 1 1 0 0 0 0 0 0 0 0 0 0 1 0 1 0 0 0 1 0 0 0 1 0 0 1 0
 1 1 1 0 1 1 0 0 0 0 0 0 1 0 0 0 1 1 0 1 0 0 1 0 0 1 1 1 0 0 0 0 1 0 0 1 0
 0 0 0 0 1 0 1 0 0 1 1 0 0 0 0 0 0 0 0 1 0 0 1 0 0 0 0 0 0 1 0 1 1 0 1 1 0
 1 0 1 1 1 1 1 1 1 0 0 1 0 0]

========== Cluster 1 ==========

Labels: [0 0 0 0 0 0 1 0 0 0 0 0 0 1 0 0 0 0 1 1 0 0 0 1 0 0 1 0 0 0 0 0 0 0 0 1 0
 0 0 0 1 0 0 0 0 1 0 0 0 1 1 0 0 0 0 0 0 1 1 0 1 1 1 0 0 0 0 0 0 1 0 0 0 1
 0 1 0 1 0 0 0 1 0 0 0 1 0 0 0 1 0 1 0 0 0 0 0 0 0 0 1 0 1 0 0 0 1 0 0 0 0
 0 0 0 0 0 0 1 0 0 0 0 0 0 0 0 0 0 0 0 0 0 0 0 1 1 0 1 0 0 1 0 1 0 1 1 0 0
 0 0 0 0 0 0 0 0 1 1 0 0 0 1 0 0 0 0 1 0 0 0 0 0 0 0 0 0 0 0 0 0 1 0 0 0 0
 1 0 0 0 0 0 0 1 1 0 1 0 1 0 0 0 1 0 1 0 0 0 1 0 0 1 0 0 0 0 0 0 0 1 0 0 0
 0 0 0 0 0 0 0 0 1 0 0 0 0 0 1 0 0 0 0 0 1 1 0 0 0 0 0 0 1 0 1 0 0 0 0 0 0
 0 1 0 0 0 0 0 0 1 0]

========== Cluster 2 ==========

Labels: [0 0 0 0 1 1 0 0 1 0 1 0 1 0 0 0 0 0 1 0 1 0 0 1 1 0 0 1 1 0 0 0 1 0 0 0 0
 1 0 1 1 0 0 0 1 0 0 1 1 1 1 0 1 0 1 0 1 1 1 0 0 0 0 1 0 0 0 1 1 0 0 0 1 0
 1 0 0 0 0 0 0 1 0 0 1 1 1 1 0 1 1 1 0 1 1 1 0 0 1 0 0 0 0 0 0 0 1 1 0 0 0
 0 1 0 1 1 0 0 1 0 0 0 1 1 0 1 1 0 0 1 0 0 0 1 0 0 0 0 0 1 1 0 0 0 1 1 0 1
 1 0 1 0 0 0 0 0 1 0 1]

========== Cluster 3 ==========

Labels: [0 0 0 0 0 0 0 1 0 0 1 1 1 0 0 1 0 0 1 1 0 1 0 0 0 0 1 0 0 0 0 0 0 0 0 0 1
 1 0 0 0 0 0 0 0 1 1 0 1 0 0 0 1 1 0 0 0 0 1 1 1 0 0 1 0 0 0 0 1 1 1 1 0 1
 0 1 0 0 0 0 1 1 1 0 0 0 1 1 0 1 0 0 1 1 0 1 0 1 1 0 0 0 0 1 0 1 0 1 0 0 0
 1 0 0 1 0 0 0 0 0 0 0 0 0 1 0 0 0 0 0 0 0 0 0 1 0 1 0 0 1 0 0 0 1 0 0 0 0
 0 0 0 0 0 0 0 1 0 0 0 1 0 0 0 1 0 0 0 0 0 0 1 0 1 0 1 0 0 1 1 0 0 1 0 0 1
 0 1 0 0 0 0 0 0 0 1 0 1 0 1]

