============== Classifiers Parameters ==============
[{'cost': 491.7371316740997, 'gamma': 486.7511664867579}, {'cost': 666.9476929286395, 'gamma': 130.81958257172107}, {'cost': 799.4909836480531, 'gamma': 767.0096646114388}, {'cost': 448.9045063471498, 'gamma': 623.5022855250056}, {'cost': 713.2043809737975, 'gamma': 672.3735145024061}, {'cost': 38.04383826853294, 'gamma': 226.53037503221216}, {'cost': 537.2077089710566, 'gamma': 241.82657910592434}, {'cost': 823.5042946694291, 'gamma': 591.8645042342691}, {'cost': 798.6382888659808, 'gamma': 0.33699418557705485}, {'cost': 752.15947132526, 'gamma': 109.493463947734}]

Optimal clusterer: kmeans

External clustering metrics:
adjusted_rand_score: 0.005925861009382574
normalized_mutual_info_score: 0.008557349515715127
v_measure_score: 0.008557349515715127
fowlkes_mallows_score: 0.7612217100124901

Internal clustering metrics:
silhouette: 0.020043153108708744
davies_bouldin: 1.2254199314150402
calinski_harabasz_score: 2.0439273927277615

Base classifier: svm
========== Cluster 0 ==========

Labels: [0 0 0 0 0 0 1 1 0 0 0 0 0 1 0 1 0 0 0 0 1 1 1 0 1 1 0 0 0 0 1 0 0 1 0 0 0
 0 1 1 0 1 1 0 1 1 0 0 0 0 0 0 1 1 0 1 1 0 1 1 0 1 0 0 0 0 0 1 0 0 0 0 1 0
 1 0 0 1 0 0 0 0 1 0 0 0 0 0 0 0 1 1 0 0 1 1 1 1 0 1 0 0 1 1]

========== Cluster 1 ==========

Labels: [0 0 0 0 0 0 0 1 0 0 1 0 0 0 0 0 0 0 0 1 1 1 1 0 0 0 0 0 0 0 0 1 0 0 0 0 0
 0 0 0 0 0 1 0 0 0 0 1 0 0 0 1 0 0 1]

========== Cluster 2 ==========

Labels: [0 1 0 1 1 0 0 0 0 0 0 1 0 1 0 0 1 0 0 0 1 0 0 0 1 0 0 1 0 1 1 1 1 0 1 1 0
 1 0 0 0 0 0 0 0 0 0 0 1 0 0 1 0 0 0 0 0 0 0 0 0 1 1 0 0 1 0 0 0 0 0 0 0 0
 0 1 1]

========== Cluster 3 ==========

Labels: [0 0 0 0 0 1 0 0 1 0 0 0 0 0 1 0 0 1 0 0 0 0 1 0 0 0 0 1 1 0 1 0 1 0 0 0 0
 1 0 1 0 0 0 0 0 0 0 0 1 0 0 0 1 0 0 0 1 1 0 1 0 0 0 1 0 0 0 1 0 0 1 0 0 0
 0 0 0 0 0 0 0 0 1 0 0 0 1 0 0 0 0 0 0 0 0 0 0 0 1 0 0 0 0 0 0 0 0 0 0 1 0
 0 0 0 1 0 0 1]

========== Cluster 4 ==========

Labels: [0 0 1 1 0 1 1 1 1 1 0 0 1 1 1 0 1 0 1 0 0 0 0 0 0 0 0 1 1 1 1 1 0 0 0 1 1
 1 1 1 0 1 0 0 0 0 0 0 0 0]

========== Cluster 5 ==========

Labels: [0 0 1 0 0 0 0 1 0 1 0 1 0 0 1 1 0 0 0 0 0 1 1 1 1 0 0 0 0 1 0 0 0 0 0 0 0
 0 0 0 0 0 0 1 0 1 0 0 0 0 0 0 0 0 1 0 1 0 1 1 1 0 0 0 0 0 1 1 0 0 0 0 0 0
 0 0 0 0 0 1 1 0 0 1 0 0 0 0 0 0 0 0 0 0 0 0 1 0 0 0 0 0 0 0]

========== Cluster 6 ==========

Labels: [1 0 0 0 1 1 0 0 0 0 1 0 0 0 0 1 0 1 0 0 0 0 0 0 0 0 0 0 0 1 0 1 0 1 0 0 0
 1 0 0 0 0 1 1 1 0 1 0 0 1 1 0 0 0 0 1 0 1 1 1 1 0 0 1 0 1 1 0 0 0 1 0 0 0
 1 1 0 0 1 1 1 0 0 0 0 1 0 0 1 1 0 0 1 0]

========== Cluster 7 ==========

Labels: [0 0 0 0 0 0 0 0 0 0 1 0 1 1 0 1 0 0 0 0 0 0 0 0 1 0 0 0 1 0 1 0 0 1 0 1 0
 0 0 0 0 0 1 0 1 1 1 0 0 0 1 0 1 0 0 0 1 0 0 0 0 1 0 0 0 0 0 1 0 0 1 0 0 1
 1 0 0 0 0 0 0 0 0 0 0 0 0 0 0 0 0 1 0 0 0 1 1 1 0 0 0 0 0 0 0 0 1]

========== Cluster 8 ==========

Labels: [0 1 1 1 0 0 0 1 0 0 0 0 1 0 0 1 0 0 0 0 0 0 0 0 0 0 1 0 0 0 0 1 0 1 0 0 0
 0 0 0 0 0 0 1 0 0 0 0 1 0 0 0 0 0 0 0 1 1 0 0 0 0 0 0 0 0 1 0 1 1 0 0 0 0
 0 1 0 1 0 0 0 0 0 1 0 0 0 0 0 1 0 0 0 0 1 1 1 1 1 1 1 0]

========== Cluster 9 ==========

Labels: [1 1 0 0 0 1 0 1 1 1 0 0 0 1 0 0 1 0 1 1 1 0 0 1 0 0 0 1 0 0 0 0 0 1 1 0 0
 0 0 0 1 1 1 0 0 1 1 0 1 0 0 0 0 0 0 1 0 0 0 1 0 1 0 0 0 1 0 1 1 1 0 1 1 0
 0 1 1 1 1 1 1 0 0 0 0 1 1 1 0]

