============== Classifiers Parameters ==============
[{'n_estimators': 380, 'max_depth': 7, 'min_samples_split': 8, 'min_samples_leaf': 2, 'learning_rate': 0.6122104012904128}, {'n_estimators': 203, 'max_depth': 9, 'min_samples_split': 3, 'min_samples_leaf': 9, 'learning_rate': 0.5979215269331791}, {'n_estimators': 348, 'max_depth': 6, 'min_samples_split': 5, 'min_samples_leaf': 4, 'learning_rate': 0.5389431887689157}]

Optimal clusterer: kmeans

External clustering metrics:
adjusted_rand_score: 0.057302993244863556
normalized_mutual_info_score: 0.08456952892067328
v_measure_score: 0.08456952892067326
fowlkes_mallows_score: 0.6829712918764567

Internal clustering metrics:
silhouette: 0.23317476574998555
davies_bouldin: 0.6403051591716629
calinski_harabasz_score: 6.047192744794802

Base classifier: gb
========== Cluster 0 ==========

Labels: [1 0 0 0 0 0 0 1 0 0 0 1 0 0 0 1 0 0 1 0 0 0 0 0 0 0 0 0 1 1 0 0 1 0 0 0 1
 0 0 0 0 0 0 1 0 0 0 0 1 0 1 1 0 0 0 0 0 1 0 0 0 0 0 0 1 0 1 1 0 0 0 0 0 0
 0 1 1 0 0 0 0 0 1 0 0 0 1 1 0 0 0 1 0 0 0 0 0 0 1 1 0 0 0 0 0 0 1 1 0 0 0
 0 0 0 0 0 0 0 0 1 0 0 0 0 1 1 0 0 0 1 1 1 0 1 0 0 1 0 0 1 1 0 0 1 1 1 0 0
 0 0 0 0 0 0 0 0 0 0 0 1 1 0 0 0 0 0 0 0 0 1 0 0 0 0 0 1 0 0 0 1 0 1 0 0 1
 0 1 0 1 0 0 0 0 1 0 0 0 0 1 0 0 0 0 0 0 0 0 0 1 0 0 0 0 0 0 0 0 0 0 0 0 0
 0 0 0 1 0 1 1 0 0 0 1 1 0 0 0 0 0 1 1 0 1 1 1 0 0 0 0 1 1 1 0 0 0 0 0 0 0
 0 0 0 1 0 0 1 1 0 0 0 0 1 0 0 0 1 1 0 0 0 0 1 0 1 0 0 0 1 1 0 0 0 0 1 1 0
 0 0 1 0 0 0 0 0 1 0 1 1 0 1 1 1 0 0 0 0 0 0 1 0 1 0 0 0 0 0 0 1 1 0 0 1 0
 0 0 1 0 0 0 1 1 1 0 0 0 0 0 0 0 0 0 0 0 0 0 0 0 0 0 0 0 0 0 1 1 0 0 0 0 0
 1 0 0 0 0 0 0 0 0 1 0 1 0 0 0 0 0 0 0 0 0 0 0 0 1 0 0 0 1 1 1 0 0 0 0 1 1
 0 0 0 0 0 1 1 0 0 0 0 0 0 0 1 1 0 1 0 0 0 1 0 0 0 0 1 0 0 0 1 0 0 0 0 0 0
 0 0 1 0 0 0 0 0 1 1 1 1 0 0 0 0 0 1 0 0 0 0 0 0 1 0 0 0 1 0 0 0 0 0 0 0 0
 1 0 0 1 0 0 0 0 0 0 0 0 0 0 0 0 1 0 0 0 1 0 0 0 1 1 0 0 0 0 1 0 0 0 0 0 0
 0 0 1 0 0 0 1 0 0 0 1 0 0 0 0 1 0 1 0 1 0 0 0 0 0 0 0 0 0 0 0 1 1 0 0 1 1
 1 0 0 1 0 1 0 0 0 0 0 1 0 1 0 1 1 1 0 0 0 0 1 0 1 1 0 0 0 0 0 1 0 0 0 1 0]

========== Cluster 1 ==========

Labels: [0 0 0 1 0 1 0 0 0 0 0 0 0 0 1 0 1 0 1 0 0 1 0 1 1 0 1 0 0 1 0 0 1 1 0 0 0
 1 1 0 0 1 0 1 1 1 0 0 0 1 0 0 0 0 0 0 0 1 1 0 1 0 0 0 0 0 0 0 1 0 0 0 0 1
 1 0 1 0 1 1 0 0 1 1 1 1 0 0 0 0 0 1 1 0 0 0 0 0 0 0 1 0 1 1 0 0 1 0 1 1 1
 0 0 0 0 0 0 0 1 1 1 0 0 1 1 0 0 0 1 0 0 0 1 0 0 1 0 1 1 1 1 1 0 1 1 1 0 0
 1 0 0 1 1 0 1 0 1 0 1 1 1 0 0 1 0 0 0 0 0 0 0 0 0 1 0 0 1 1 0 1 1 0 0 0 0
 0 0 0 0 1 1 0 0 0 0 1 1 0 0 1 0 0 1 1 0 1 1 1 0 0 0 1 1 0 0 1 0 0 0 1 0 0
 0 0 0 1 0 1 0 0 0 0 1 0 1 1 1 1 0 0 0 0 0 0 1 0 1 0 1 1 0 1 0 0 0 0 1 0 1
 0 0 1 0 1 0 1 0 1]

========== Cluster 2 ==========

Labels: [0 1 1 1 1 1 1 1 0 0 0 0 1 0 0 0 0 1 0 0 0 1 1 0 0 0 0 0 0 1 0 1 0 1 1 0 1
 1 0 0]

