============== Classifiers Parameters ==============
[{'n_estimators': 382, 'max_depth': 5, 'min_samples_split': 5, 'min_samples_leaf': 3}, {'n_estimators': 327, 'max_depth': 8, 'min_samples_split': 9, 'min_samples_leaf': 5}]

Optimal clusterer: kmeans

External clustering metrics:
adjusted_rand_score: 0.05142304357687852
normalized_mutual_info_score: 0.08494272811993175
v_measure_score: 0.08494272811993175
fowlkes_mallows_score: 0.6720327534649199

Internal clustering metrics:
silhouette: 0.23105348725621838
davies_bouldin: 0.6695172442974224
calinski_harabasz_score: 6.2585991372646745

Base classifier: extra_tree
========== Cluster 0 ==========

Labels: [1 0 0 0 0 0 0 1 0 1 1 1 0 0 1 0 0 1 1 0 1 0 0 0 1 0 0 0 0 0 0 0 1 0 1 1 0
 1 0 0 0 0 1 0 0 0 0 1 1 0 1 0 0 0 0 1 1 0 1 0 0 0 1 0 0 1 0 1 0 0 1 0 0 0
 0 1 0 1 0 0 0 0 1 0 1 1 1 1 0 0 1 0 0 1 1 1 0 0 1 0 0 0 0 0 0 0 0 0 0 0 0
 0 0 0 0 0 0 1 0 0 1 1 0 0 1 0 0 0 0 1 0 1 0 0 0 1 0 1 1 0 0 0 1 1 0 0 0 0
 0 0 1 0 0 0 0 0 0 0 1 0 0 0 1 1 0 0 1 1 0 0 0 0 0 0 0 0 1 0 0 0 0 1 0 0 1
 0 0 1 1 1 0 0 0 0 0 1 1 1 0 0 0 0 0 0 1 0 1 0 0 1 1 1 1 0 0 1 1 0 0 0 1 1
 0 0 0 0 0 0 0 1 1 1 0 1 0 1 1 1 0 0 1 1 1 0 0 1 0 0 0 0 1 0 0 0 1 0 1 0 0
 1 0 1 1 0 0 0 0 1 0 1 0 0 0 0 1 0 0 0 1 0 1 1 0 1 1 0 0 1 1 1 0 0 0 0 0 1
 0 0 0 0 0 0 0 0 1 1 0 1 0 0 0 1 1 0 0 0 0 0 0 0 1 0 0 1 0 1 0 0 0 0 0 0 0
 1 0 0 0 1 0 1 0 0 0 0 0 1 0 0 0 0 1 0 0 0 0 0 1 1 0 0 0 0 0 0 1 1 1 1 1 1
 1]

========== Cluster 1 ==========

Labels: [0 0 0 0 1 0 0 0 0 1 0 0 0 1 0 0 0 0 1 0 0 0 0 0 0 0 0 0 0 1 0 1 0 1 1 0 0
 0 0 0 0 1 0 1 1 0 0 1 0 0 0 1 1 0 0 0 0 0 0 1 0 0 0 1 1 0 0 0 0 1 0 0 0 1
 0 0 1 0 1 0 0 0 1 0 1 0 1 0 0 0 0 0 0 0 0 0 0 0 0 0 0 0 0 0 0 1 1 1 0 0 1
 1 0 0 0 0 1 1 1 0 0 0 0 0 0 0 1 1 1 0 0 0 0 0 0 1 0 0 0 0 0 1 0 0 0 1 1 0
 1 1 0 1 0 1 0 0 0 1 1 0 1 1 0 0 0 0 1 0 0 0 0 0 1 1 0 1 0 0 0 0 1 0 1 0 0
 1 0 0 0 0 1 0 0 0 0 1 0 0 1 0 0 1 1 0 1 1 0 0 0 1 0 0 0 0 0 0 1 0 0 0 0 0
 1 0 0 0 0 0 0 0 0 0 1 0 1 0 0 0 0 1 0 0 0 0 0 0 1 0 1 0 0 0 0 0 0 0 0 0 1
 1 0 0 0 1 1 0 0 0 0 1 1 1 1 0 0 0 1 1 1 1 0 0 0 0 0 0 0 0 0 1 0 0 1 0 0 0
 0 0 0 0 1 0 0 0 1 0 0 1 0 0 0 1 1 1 0 0 0 0 0 1 0 0 0 1 0 0 0 0 0 1 1 0 0
 1 0 1 1 0 0 0 1 1 0 0 1 0 0 0 0 0 1 0 1 1 0 0 1 0 0 0 0 0 1 0 0 0 1 1 1 0
 0 1 0 0 0 0 0 0 0 0 0 0 0 0 0 1 1 0 0 0 1 0 0 0 0 0 1 0 0 0 0 1 0 0 0 0 0
 0 0 0 0 0 0 0 0 0 0 0 0 1 0 0 0 0 0 1 0 0 0 1 0 1 0 0 0 0 0 0 0 0 1 1 0 1
 0 0 1 1 1 0 0 0 0 0 0 1 0 0 1 0 0 0 0 1 1 1 0 0 1 1 1 0 0 1 0 0 1 1 0 0 0
 1 1 0 0 0 0 0 0 0 0 0 1 0 1 0 0 0 0 0 0 0 0 0 0 0 0 0 1 0 1 0 1 0 0 0 1 0
 0 0 0 1 0 0 0 0 1 1 1]

