Clustering algorithm selected: kmeans
=====================================

Clustering evaluation metric: silhouette
Clustering evaluation value: 0.28786996133762066

========== Cluster 0 ==========

Base classifier: GradientBoostingClassifier()

Selected Features: [3 2 6 0 8]

Labels: [0 0 2 1 0 2 2 1 0 0 1 1 2 2 0 2 1 0 0 0 1 0 2 0 0 0 0 1 0 1 2 0 0 2 0 0 0
 0 2 1 0 1 0 0 0 1 0 0 0 1 0 2 2 1 0 2 0 1 2 0 0 0 0 1 0 0 1 2 1 1 1 2 0 1
 0 0 2 0 2 2 1 0 1 0 0 1 2 2 2 0 0 0 2 2 0 2 2 0 1 1 0 1 0 2 0 0 0 1 2 2 2
 2 0 0 0 1 1 0 2 1 1 0 2 2 0 0 2 2 2 0 1 2 2 0 0 0 0 0 2 0 2 2 2 0 1 2 1 0
 0 2 0 1 2 0 2 1 0 2 2 2 2 0 2 0 0 0 1 1 0 1 2 0 0 0 0 0 2 0 1 2 0 1 2 0 0
 1 0 0 0 1 0 0 2 1 2 0 0 0 1 2 1 1 1 2 0 2 0 0 0 2 0 0 0 2 2 1 2 2 1 2 0 0
 0 0 0 2 0 0 1 0 2 0 2 2 1 1 1 0 0 2 2 0 1 1 0 1 0 1 0 0 1 1 2 2 2 1 2 1 0
 0 0 2 2 0 0 2 2 0 1 0 1 0 2 0 0 0 1 2 0 1 2 2 0 0 0 1 2 1 1 1 0 1 1 1 0 1
 1 2 0 2 0 1 1 2 1 0 0 2 2 0 0 0 1 0 2 2 0 0 0 2 0 2 0 0 2 2 0 2 1 0 0 1 2]

========== Cluster 1 ==========

Base classifier: LogisticRegression()

Selected Features: [3 0 1 2]

Labels: [1 1 1 1 0 0 1 0 1 0 1 1 2 0 0 0 1 0 1 0 1 2 0 2 1 1 1 2 2 1 1 0 0 0 0 0 0
 2 1 1 0 1 1 2 2 1 1 1 2 2 0 2 2 2 1 0 0 2 1 0 0 2 0 1 0 1 0 0 2 1 1 0 0 1
 1 2 1 2 1 2 2 2 1 1 2 1 0 2 2 0 0 2 1 2 2 1 2 2 1 1 2 2 1 1 2 0 0 2 1 1 1
 2 0 1 2 1 2 2 2 0 2 0 0 2 2 1 1 0 1 0 1 0 0 1 2 0 2 0 0 2 1 1 1 0 1 0 0 0
 1 0 0 1 2 1 1 1 2 2 1 1 1 0 1 1 1 0 1 1 1 1 2 2 1 0 0 1 0 1 2 2 0 2 2 1 0
 1 2 2 0 0 2 1 2 0 1 2 0 2 0 0 0 2 2 2 1 0 2 0 0 2 0 2 1 1 0 2 2 1 1 2 2 1
 2 1 2 0 0 0 0 0 2 1 1 2 1 0 0 1 2 0 1 0 0 0 1 2 0 1 0 0 0 0 2 0 1 2 0 0 0
 1 2 0 2 1 2 1 2 2 0 0 0 0 0 1 2 0 0 1 2 2 0 1 2 2 0 2 2 0 0 0 0 2 0 1 0 2
 2 1 2 2 1 2 2 2 1 1 0 2 2 2 2 0 0 0 0 2 0 1 1 1 1 1 2 2 2 2 2 2 0 2 2 1 0
 0 2 0 2 2 0 2 0 1 2 0 0 2 1 1 1 1 1 1 1 1 1 0 2 2 2 1 1 2 2 1 1 2 2 2 0 1
 0 1 0 0 2 1 0 1 0 1 2 2 0 1 0 1 1 0 2 2 0 0 0 0 2 1 0 2 1 2 2 2 1 1 2 1 2
 0 1 0 1 1 0 0 2 1 2 0 2 2 2 2 0 0 0 1 0 0 0 1 0 2 2 0 2 2 0 0 1 0 1 2 0 2
 2 2 1 0 1 0 2 1 1 2 2 1 1 2 1 1 2 0 2 0 0 0]

========== Cluster 2 ==========

Base classifier: GradientBoostingClassifier()

Selected Features: [0 6 3 8 4 7 5]

Labels: [0 0 0 2 2 2 0 2 2 2 2 2 0 0 0 0 0 0 0 2 0 2 0 0 2 0 2 0 0 0 2 2 0 0 2 0 1
 0 0 2 2 0 0 0 0 0 0 2 0 0 2 0 2 0 2 0 2 2 0 0 0 2 0 2 2 1 0 2 2 0 1 2 2 1
 0 2 1 0 0 2 2 0 0 2 2 0 2 0 0 0 0 2 1 0 0 2 2 0 0 2 0 0 2 0 1 0 0 2 0 2 1
 2 2 0 0 1 0 1 0 2 0 1 2 0 2 0 0 2 2 2 0 0 2 2 1 2 0 0 0 2 0 0 0 2 0 0 2 1
 0 0 0 0 0 1 0 0 0 0 0 0 0 2 0 1 2 2 2 2 0 2 0 0 2 2 2 2 0 2 0 2 0 2 2 2 0
 2 0 0 2 2 2 2 0 0 0 0 0 0 0 0 0 2 2 2 2 0 1 0 2 0 0 2 2 2 1 0 0 2 2 1 2 1
 2 2 2 2 0 0 0 0 0 0 0 2 0 0 0 0 2 2 2 0 2 0 0 0 0 0 2 0 0 0 2 0 0 0 0 2 2
 0 0 2 0 0 0 0 1 0 0 1 0 2 0 2 1 2 0 0 2 1 1 2 1 0 0 2 0 2 0 2 0 2 1 2 2 2
 0 0 1 0 0 0 2 0 0 0 0 0 0 0 0 0 0 0 2 1 2 0 2 0 0 0 0 2 1 2 0 2 0 0 0 2 0
 0 0]

========== Cluster 3 ==========

Base classifier: SVC(probability=True)

Selected Features: [3 0 1 8]

Labels: [2 0 2 2 0 0 1 0 0 1 2 0 2 0 2 0 0 0 2 0 2 1 0 0 0 2 2 0 2 2 1 2 1 0 1 2 2
 1 0 0 0 0 1 0 2 2 2 2 2 0 2 2 0 0 0 1 0 2 1 2 0 2 2 2 0 2 0 0 2 2 2 0 2 1
 2 2 2 2 1 1 2 1 2 0 2 0 1 1 0 0 1 1 2 0 0 0 0 0 2 0 2 0 2 0 1 0 0 0 1 1 0
 0 2 2 0 2 2 0 2 2 0 1 1 0 1 0 2 0 1 1 2 1 1 0 0 0 0 1 2 1 0 2 2 2 2 2 2 1
 2 2 2 1 0 0 2 0 0 2 1 2 2 0 2 0 0 2 2 1 2 0 2 2 2 2 2 2 2 1 0 1 2 0 0 2 2
 2 0 2 2 1 0 2]

