Clustering algorithm selected: kmeans
=====================================

Clustering evaluation metric: silhouette
Clustering evaluation value: 0.28866542345498136

========== Cluster 0 ==========

Base classifier: GradientBoostingClassifier()

Selected Features: [3 5 7 4]

Labels: [0 0 2 1 0 2 2 1 0 0 1 1 2 2 0 2 1 0 0 0 1 0 2 0 0 0 0 1 0 1 2 0 0 2 0 0 0
 0 2 1 0 1 0 0 0 1 0 0 0 1 0 2 2 1 0 2 0 1 2 0 0 0 0 1 0 0 1 2 1 1 1 2 0 1
 0 0 2 0 2 2 1 0 1 0 0 1 2 2 2 0 0 0 2 2 0 2 2 0 1 1 0 1 0 2 0 0 0 1 2 2 2
 2 0 0 0 1 1 0 2 1 1 0 2 2 0 0 2 2 2 0 1 2 2 0 0 0 0 0 2 0 2 2 2 0 1 2 1 0
 0 2 0 1 2 0 2 1 0 2 2 2 2 0 2 0 0 0 1 1 0 1 2 0 0 0 0 0 2 0 1 2 0 1 2 0 0
 1 0 0 0 1 0 0 2 1 2 0 0 0 1 2 1 1 1 2 0 2 0 0 0 2 0 0 0 2 2 0 1 0 2 2 0 0
 0 1 2 2 0 0 0 1 2 0 0 1 1 2 0 2 0 0 2 2 0 1 0 2 0 0 2 2 0 1 2 1 0 1 0 0 2
 0 0 1 0 2 0 2 2 1 1 1 0 0 2 2 0 1 1 0 1 0 1 0 0 1 1 2 2 2 1 2 1 0 0 2 1 1
 1 2 2 1 1 2 1 0 0 2 2 0 0 0 1 0 2 0 2 2 0 0 0 2 0 2 0 0 2 2 0 2 1 0 0 1 2]

========== Cluster 1 ==========

Base classifier: GradientBoostingClassifier()

Selected Features: [8 7 6 3 1 2 4]

Labels: [2 1 0 0 1 1 0 0 2 2 1 0 2 2 2 0 0 0 1 1 0 0 0 2 1 0 0 1 1 2 2 2 0 2 0 0 2
 1 2 0 0 2 0 1 0 1 0 1 2 0 0 0 0 0 2 0 2 0 1 0 2 2 1 0 1 2 2 1 1 0 0 0 2 0
 0 0 0 0 0 0 2 1 2 1 0 0 0 0 2 2 1 0 0 0 1 2 2 1 1 2 2 0 0 1 1 2 2 0 0 2 1
 2 0 2 0 0 0 2 0 2 2 0 1 0 0 2 0 0 0 2 2 0 2 0 1 0 0 0 0 2 0 2 0 2 2 2 1 2
 0 0 1 0 2 1 1 0 0 2 0 2 1 2 2 1 0 1 0 0 0 0 1 2 1 2 2 1 1 2 0 1 2 2 2 1 2
 2 1 2 1 0 2 2 1 0 0 0 0 0 2 2 0 1 2 0 2 2 0 1 1 2 1 2 2 2 1 1 1 0 2 0 2 2
 1 1 2 1 2 2 0 0 2 2 2 0 2 0 2 1 1 2 0 0 2 1 0 2 2 2 0 2 1 0 0 0 2 2 1 2 2
 0 2 0 0 0 2 0 0 0 0 2 2 1 0 2 0 2 1 1 1 0 2 1 0 2 1 2 0 0 1 0 0 2 0 0 2 0
 2 0 1 2 2 0 2 0 2 0 1 2 0 0 0 0 2 0 2 1 0 0 1 1 0 2 1 0 2 0 0 1 0 1 2 2 0
 2 0 2 0 1 2 1 2 1 1 0 1 2 2 1 2 0 1 2 1 1 1 2 0 0 2 1 1 1 1 2 0 0 1 1 1 1
 2 0 1 2 1 2 2 0 2 0 1 0 0 1 2 0 2 1 1 2 2 2 0 2 0 2 2 1 0 0 1 2 2 0 0 0 2
 2 0 1 2 2 0 1 2 0 2 0 0 0 2 1 2 2 2 1 2 0 1 0 2 0 1 0 0 0 2 2 0 2 1 0 0 0
 0 0 1 1 1 2 0 0 2 0 0 2 1 0 2 0 0 0 0 2 0 1 0 0 1 2 2 1 0 2 1 2 0 1 2 0 0
 0 0 0 0 2 0 0 0 0 0 0 2 0 1 2 2 2 1 1 2 1 2 2 0 2 0 2 0 1 0 0 2 0 0 2 0 1
 2 2 2 0 2 0 0 0 2 1 0 0 0 1 2 0 0 0 2 1 1 2 0 1 0 0 0 2 0 2 0 0 2 0 0 1 2
 2 0 2 0 0 2 1 2 2 0 2 0 1 0 2 0 1 2 0 2 0 0 0 0 0 0 0 0 2 0 1 2 0 0 0 0 1
 2 2 2 2 0 0 2 2 1 2 2 2 0 2 2 2 2 0 0 2 2 0 0 0 1 0 0 1 0 2 0 2 1 1 0 0 0
 0 2 1 0 2 2 2 0 1 0 0 2 2 0 1 2 0 0 0 2 1 2 0 1 1 0 2 0 1 0 2 1 2 2 0 2 0
 2 0 0 2 0 2 0 2 0 2 0 1 1 0 1 0 2 2 2 0 2 0 1 0 0 2 0 1 1 2 2 2 0 0 0 0 0
 0 2 0 2 0 0 1 2 2 1 2 0 2 0 2 1 2 1 2 1 1 0 0 1 0 0 0 1 0 0 0 2 1 0 1 0 0
 2 0 0 2 2 2 1 2 1 2 1 1 2 2 1 2 0 2 2 2 2 0 0 0 0 1 2 0 1 0 1 2 2 1 2 2 0
 2 2 0 0 2 1 2 2 2 0 2 0 0 1 0 2 1 2 2 1 0 0 1 1 2 0 0 0 0 2 0 1 2 1 2 1 1
 2 0 1 2 2 2 0 2 1 0 0 2 2 2 0 2 2 2 0 0 2 2 0 2 1 0 0 2 2 0 2 2 0 0 0 0 2
 2 2 0 2 1 2 0 0 0 2 1 0 1 2 2 0 0 2 2 2 0 0 2 1 1 1 1 1 1 1 1 1 2 1 1 1 1
 1 1 1 1 2 2 2 2 0 2 2 2 2 0 2 0 1 0 0 2 0 0 0 0 0 0 0 0 0 1 0 1 0 0 1 0 0
 2 0 2 0 2 2 0 0 1 2 2 0 2 0 0 1 0 0 0 0 0 1 2 2 0 2 2 1 2 2 0 1 0 1 0 2 2
 1 1 2 2 2 0 2 1 1 2 2 0 1 0 0 1 2 2 0 2 2 0 2 0 0 0 1 0 0 2 0]

