Clustering algorithm selected: kmeans
=====================================

Clustering evaluation metric: silhouette
Clustering evaluation value: 0.2848090720555284

========== Cluster 0 ==========

Base classifier: GradientBoostingClassifier()

Selected Features: [3 0 7 5]

Labels: [2 0 2 2 0 0 1 0 0 1 2 0 2 2 0 0 0 2 0 2 1 0 0 2 2 0 1 2 1 0 1 2 1 2 0 0 1
 2 2 2 2 2 2 0 2 2 0 0 1 0 2 1 2 0 2 2 0 2 0 2 2 2 0 2 1 2 2 2 2 1 1 2 1 0
 2 0 1 0 1 0 0 1 2 0 0 0 0 0 0 2 0 2 0 1 0 0 0 1 0 0 2 2 0 2 0 2 2 0 1 1 0
 2 0 0 1 1 0 0 2 0 1 1 2 0 1 0 2 2 2 2 2 2 2 0 2 0 1 2 0 2 2 1 2 0 2 2 2 2
 2 2 2 0 1 2 0 0 2 2 0 0 2 2 1]

========== Cluster 1 ==========

Base classifier: KNeighborsClassifier(n_neighbors=7)

Selected Features: [3 2 1 5]

Labels: [0 0 2 1 0 2 2 1 0 0 1 1 2 2 0 2 1 0 0 0 1 0 2 0 0 0 0 1 0 1 2 0 0 2 0 0 0
 0 2 1 0 1 0 0 0 1 0 0 0 1 0 2 2 1 0 2 0 1 2 0 0 0 0 1 0 0 1 2 1 1 1 2 0 1
 0 0 2 0 2 2 1 0 1 0 0 1 2 2 2 0 0 0 2 2 0 2 2 0 1 1 0 1 0 2 0 0 0 1 2 2 2
 2 0 0 0 1 1 0 2 1 1 0 2 2 0 0 2 2 2 0 1 2 2 0 0 0 0 0 2 0 2 2 2 0 1 2 1 0
 0 2 0 1 2 0 2 1 0 2 2 2 2 0 2 0 0 0 1 1 0 1 2 0 0 0 0 0 2 0 1 2 0 1 2 0 0
 1 0 0 0 1 0 0 2 1 2 0 0 0 1 2 1 1 1 2 0 2 0 0 0 2 0 0 0 2 2 0 1 0 2 2 0 0
 0 1 2 2 0 0 0 1 2 0 1 1 2 0 2 0 0 2 2 0 1 0 2 0 2 2 1 2 1 1 0 2 0 0 2 2 1
 0 1 0 1 0 2 0 0 0 1 2 0 1 2 2 0 0 0 1 2 1 1 1 0 1 1 1 0 1 1 2 0 2 0 1 1 2
 1 0 0 2 2 0 0 0 1 2 0 2 2 0 0 0 2 0 2 0 0 2 2 0 2 1 0 0 1 2]

========== Cluster 2 ==========

Base classifier: RandomForestClassifier()

Selected Features: [0 3 6 7]

Labels: [0 0 0 2 2 2 0 2 2 2 2 2 0 0 0 0 0 0 0 2 0 0 2 0 0 2 0 2 0 0 0 2 2 0 0 2 0
 1 0 0 2 2 0 0 0 0 0 0 0 2 2 0 0 2 0 2 0 2 2 2 0 2 2 0 0 0 2 2 0 2 2 1 0 0
 2 0 2 0 1 2 2 1 0 0 2 1 0 0 2 2 0 0 2 2 0 2 0 0 0 0 0 2 1 0 0 2 2 0 0 2 0
 0 2 2 0 1 2 0 0 2 0 0 2 1 2 2 0 0 1 0 1 0 2 0 1 2 0 2 0 0 2 2 2 2 0 0 2 2
 1 2 0 0 0 2 0 0 0 1 2 0 0 2 1 0 0 0 0 0 2 1 0 0 0 0 0 0 0 2 0 1 2 2 2 2 0
 2 0 0 2 2 2 2 0 2 0 2 0 2 1 2 2 0 2 0 0 2 2 2 2 0 0 0 0 0 0 0 0 0 2 2 2 2
 2 0 1 0 2 0 0 2 1 0 2 2 1 0 0 2 2 1 0 0 0 0 0 2 1 0 2 0 2 0 2 0 0 2 0 0 1
 0 2 2 2 0 0 2 0 0 0 0 0 0 0 0 0 2 2 2 0 0 0 0 0 0 0 2 2 1 2 2 1 2 1 1 0 0
 0 0 0 0 0 0 2 0 2 1 2 0 0 2 0 1 1 2 2 1 0 0 2 0 2 2 0 2 0 0 2 0 2 1 2 2 2
 0 0 1 0 0 0 2 0 1 0 0 0 0 0 0 0 0 0 0 2 1 2 0 0 0 0 0 2 1 2 0 2 0 2 0 2 0
 0 0 0 2]

========== Cluster 3 ==========

Base classifier: LogisticRegression()

Selected Features: [3 2 6 8]

Labels: [1 1 1 1 0 0 1 0 1 0 1 1 2 0 0 0 1 0 1 0 1 2 0 2 1 1 1 2 2 1 1 0 0 0 0 0 0
 2 1 1 0 1 1 2 2 1 1 1 2 2 0 2 2 2 1 0 0 1 0 0 2 0 1 0 1 0 0 2 1 1 0 0 1 1
 2 1 2 1 2 2 1 1 2 1 0 2 2 0 0 2 1 2 2 1 2 1 1 2 2 1 1 2 0 0 2 1 1 1 2 0 1
 2 1 2 2 2 0 2 0 0 2 2 1 1 0 1 0 1 0 0 1 0 2 0 0 2 1 1 1 0 1 0 0 0 1 0 0 1
 2 1 1 1 2 2 1 1 1 0 1 1 1 0 1 1 1 1 2 2 1 0 0 1 0 1 2 2 0 2 2 1 0 1 2 2 0
 0 2 1 2 0 1 2 0 2 0 0 0 2 2 2 1 2 0 0 2 0 2 1 1 0 2 2 1 1 2 2 1 2 1 2 0 0
 0 0 0 2 1 1 2 1 0 0 1 2 0 1 0 0 0 1 2 0 1 0 0 0 0 2 0 1 2 0 0 0 1 2 0 2 1
 2 1 2 2 0 0 0 0 0 1 2 0 0 1 2 2 0 1 2 2 0 2 2 0 0 0 0 2 0 1 0 2 2 1 2 2 1
 2 2 0 2 1 0 1 2 2 0 0 0 1 2 2 2 1 2 2 1 0 2 1 1 2 1 1 0 0 1 0 2 1 1 0 0 1
 2 1 1 2 2 1 2 2 2 2 1 2 1 2 1 2 2 1 1 1 0 2 2 1 1 2 2 1 1 2 2 2 0 1 0 1 0
 0 2 1 0 1 0 1 2 2 0 1 0 1 1 0 2 2 0 0 0 0 2 1 0 2 1 2 2 2 1 1 2 1 2 0 1 0
 1 1 0 0 2 1 2 0 2 2 2 2 0 0 0 1 0 0 0 1 0 2 2 0 2 2 0 0 1 0 1 2 0 2 2 2 1
 0 1 0 2 1 1 2 2 1 1 2 1 1 2 0 2 0 0 0]

