Clustering algorithm selected: spectral
=====================================

Clustering evaluation metric: dbc_rand
Clustering evaluation value: 0.19199382381925473

========== Cluster 0 ==========

Base classifier: LogisticRegression()

Minority Class: 1

Selected Features: [1 5 6 7 3 4]

Labels: [0 0 0 0 0 1 0 1 0 0 1 1 0 0 0 0 1 0 1 1 1 1 1 0 0 1 0 0 1 0 0 0 0 0 0 0 0
 0 1 0 1 0 0 0 0 1 0 0 0 1 1 0 0 0 0 0 1 0 0 0 1 0 0 1 0 0 1 1 0 0 0 0 0 1
 0 0 0 0 0 0 0 1 0 1 0 1 0 0 0 0 0 0 1 0 0 0 1 0 0 0 1 0 0 0 1 0 0 0 1 1 0
 0 0 0 1 0 1 1 0 0 0 0 1 0 0 0 0 0 1 1 0 0 0 0 0 0 0 0 0 0 0 0 1 0 0 0 1 1
 0 0 0 0 0 1 0 0 0 1 1 0 0 0 0 0 0 0 1 0 0 0 0 0 0 1 0 0 0 0 0 0 0 0 0 1 0
 0 0 1 0 0 0 1 0 1 0 0 1 0 1 0 0 0 0 0 0 0 0 0 0 0 0 1 0 0 0 0 0 0 0 0 1 0
 0 0 1 0 0 0 0 0 0 0 0 0 0 0 1 1 0 0 0 0 0 1 0 1 1 1 0 0 0 0 1 1 0 0 0 0 1
 1 0 1 1 0 1 0 1 0 1 0 1 0 0 1 0 0 0 0 0 0 1 0 0 0 0 0 1 0 0 1 0 0 1 0 0 0
 0 1 1 1 1 0 1 0 0 0 1 0 1 0 0 0 1 1 1 1 1 0 0 0 0 0 1 1 0 0 1 0 0 0 0 0 0
 0 1 0 0 0 1 0 1 0 0 0 0 0 0 0 0 0 0 0 0 0 1 0 0 0 0 0 0 0 1 0 0 0 0 1 0 0
 0 0 0 1 0 0 0 0 0 1 0 1 1 0 0 0 0 1 1 1 0 0 0 1 0 1 0 0 0 0 0 0 0 0 1 0 0
 0 0 0 0 0 0 0 0 0 0 1 0 1 0 0 0 1 0 0 0 0 0 1 0 0 1 0 0 0 1 0 0 0 0 0 1 1
 1 0 0 1 0 0 0 1 1 0 0 0 0 0 0 1 1 0 0 0 0 0 1 1]

========== Cluster 1 ==========

Base classifier: SVC(probability=True)

Minority Class: 0

Selected Features: [1 4 7 3 2]

Labels: [0 0 0 0 0 1 0 0 0 0 0 1 1 0 1 1 0 0 0 1 1 0 0 1 1 0 1 1 0 1 1 0 0 0 0 1 1
 0 0 0 1 1 1 1 0 1 1 0 1 1 1 1 1 0 1 0 0 1 0 1 1 1 0 0 1 0 0 1 1 0 0 1 0 1
 1 1 1 0 0 0 0 1 0 0 1 0 0 1 0 0 0 1 1 0 1 1 0 1 1 0 0 1 0 1 0 1 1 1 1 1 1
 1 0 1 1 1 1 1 1 0 0 1 1 0 0 0 0 0 1 1 1 0 1 0 0 0 1 0 0 1 1 0 1 1 1 1 0 1
 1 1 1 0 0 0 1 0 0 0 1 1 1 1 0 1 0 1 1 1 0 0 0 1 0 1 1 1 0 0 1 1 0 0 0 0 0
 1 1 0 1 0 1 1 1 1 0 0 0 0 0 0 1 0 0 1 0 1 1 1 0 0 0 1 1 1 1 1 1 0 1 1 1 1
 1 1]

