Clustering algorithm selected: kmeans++
=====================================

Clustering evaluation metric: dbc
Clustering evaluation value: 0.38449384708899514

========== Cluster 0 ==========

Base classifier: GaussianNB()

Minority Class: 1

Selected Features: [16  4 18  1 17 14 15  8  2 13  9  5  7 20  3 10  6]

Labels: [0 0 0 0 0 2 0 2 2 0 0 2 1 0 0 2 0 0 0 0 0 2 0 2 0 0 0 2 0 0 2 1 0 0 2 2 2
 0 0 0 0 0 2 0 0 2 0 2 0 0 0 0 2 0 0 0 0 0 0 2 0 2 2 1 1 0 2 0 0 1 0 2 1 2
 2 2 2 1 2 2 1 2 0 0 0 1 0 0 1 0 0 1 0 2 2 0 0 2 0 2 0 0 1 2 0 1 1 2 2 0 2
 0 2 1 1 2 0 0 0 1 1 0 2 2 0 2 0 2 2 2 2 2 2 0 2 2 0 0 1 1 2 2 0 1 0 0 0 0
 2 0 0 0 2 1 0 2 0 2 0 0 0 2 0 2 0 0 1 0 0 0 0 0 2 0 2 0 1 2 0 2 2 0 1 0 2
 2 2 0 0 0 2 0 0 1 2 0 0 2 0 0 2 2 0 2 0 2 1 2 0 0 0 2 0 0 1 0 2 2 0 1 0 0
 2 2 1 1 0 0 0 0 0 2 0 2 0 0 0 2 2 1 2 0 2 2 0 2 2 0 0 0 2 0 0 0 2 0 0 0 2
 0 1 2 0 2 0 1 0 0 0 2 0 0 2 2 0 2 0 0 2 0 1 0 1 2 0 0 2 0 2 0 2 0 0 0 0 0
 0 0 1 0 2 2 0 0 0 2 0 2 1 2 0 0 1 0]

========== Cluster 1 ==========

Base classifier: GaussianNB()

Minority Class: 2

Selected Features: [17  5 16  3  9  4  6 14 20  7  1  2 10  8 19 11 12 13]

Labels: [1 1 1 0 1 2 0 1 0 1 0 1 1 1 2 2 0 0 2 1 1 1 1 0 1 2 0 1 0 1 1 2 1 1 0 0 0
 0 0 0 2 1 0 1 0 0 1 0 1 2 2 1 1 1 2 2 1 0 0 2 0 2 2 2 1 1 0 1 0 1 1 0 0 0
 0 2 1 0 2 1 0 0 0 2 1 1 1 1 1 2 1 2 2 1 2 2 1 1 2 2 0 2 0 2 1 2 2 1 0 1 2
 1 1 2 2 1 0 1 2 0 0 1 1 1 1 2 0 0 1 1 2 2 0 2 0 2 0 0 2 2 2 0 1 1 1 0 2 2
 1 0 1 2 0 0 0 0 2 1 0 2 1 1 0 1 0 0 0 1 0 1 0 1 2 1 1 0 2 2 1 1 2 1 0 1 0
 1 1 1 0 1 1 1 1 0 2 2 0 0 1 0 1 2 0 2 1 1 0 1 2 0 0 2 0 2 1 2 0 1 2 0 2 0
 0 2 2 2 1 2 0 2 0 2 1 1 1 1 0 2 1 2 1 0 2 2 2 2 1 1 2 0 1 2 1 2 0 0 0 2 1
 1 2 1 0 0 1 0 1 1 0 0 1 2 0 0 2 1 1 0 1 0 0 1 0 0 0 1 2 0 2 2 0 0 1 1 0 0
 0 0 2 1 1 2 2 1 2 1 2 1 0 2 2 2 2 0 2 0 0 0 0 1 0 2 0 1 0 0 2 2 1 2 2 2 1
 2 2 1 2 2 2 2 1 1 1 0 0 0 2 2 2 0 0 1 2 0 2 0 1 1 1 1 1 2 0 2 2 2 0 2 2 0
 1 2 1 0 0 1 0 0 1 0 2 0 1 2 2 0 2 2 1 0 2 2 2 1 1 1 0 1 1 1 1 1 1 0 1 2 2
 2 0 0 2 2 0 1 1 2 2 1 1 0 2 2 0 1 1 1 0 0 0 0 2 1 2 1 0 1 0 1 1 2 0 1 0 1
 1 2 2 0 0 0 0 2 1 0 2 1 2 2 1 1 2 1 1 1 2 1 2 0 1 0 1 0 1 0 0 2 1 0 2 1 2
 0 2 0 0 1 0 1 0 2 0 2 0 0 1 0 2 0 2 0 2 0 2 0 0 1 0 0 2 2 0 2 2 1 0 1 0 2
 1 2 2 1 0 1 2 1 1 0 2 2 0 0 1 2 0]

========== Cluster 2 ==========

Base classifier: GaussianNB()

Minority Class: 1

Selected Features: [17 16  4  1  5  0  6  8  7 11  3 12 20  9 19 13 14 15]

Labels: [2 0 0 2 2 2 2 2 0 0 1 0 0 2 0 2 0 2 2 2 0 0 2 1 0 0 2 2 1 0 0 2 0 1 2 0 2
 0 0 2 0 0 0 2 0 0 1 2 1 0 0 0 0 0 2 0 0 0 0 2 2 0 0 0 0 0 2 2 2 2 1 1 1 2
 0 1 2 2 2 2 1 0 2 2 1 0 0 0 2 0 0 0 1 0 2 1 2 2 0 0 2 1 2 0 0 2 2 2 1 2 0
 0 0 2 2 2 2 0 0 0 0 0 0 2 0 2 1 2 2 1 2 0 0 0 0 0 2 1 2 2 2 2 2 2 0 0 0 2
 0 0 0 2 0 1 0 2 2 0 2 0 0 1 2 1 2 0 2 2 1 2 2 2 0 1 1 1 2 1 2 0 2 0 0 1 2
 1 2 0 0 2 2 0 0 0 0 2 0 2 0 0 0 2 2 0 0 2 0 2 0 1 1 0 2 2 0 0 2 0 0 0 0 0
 0 2 1 0 0 0 2 0 1 1 2 2 2 0 0 0 0 0 0 2 0 0 2 2 2 0 2 0 1 2 0 0 0 0 0 0 2
 0 1 2 2 0 2 2 1 0 0 2 0 0 2 0 0 0 2 0 0 2 2 2 0 2 0 0 2 0 0 1 0 2 2 0 0 2
 1 0 2 2 0 1 0 0 2 1 2 1 2 2 2 2 2 2 1 1 0 0 0 0 0 0 0 0 2 0 0 0 0 1 2 0 0
 2 1 2 1 0 2 0 1 0 0 2 2 2 0 0 1 0 2 1 0 2 2 2 0 1 2 2 0 2 2 0 2 2 1 1 0 0
 0 0 0 0 1 2 2 2 2 1 0 0 2 0 0 1 1 2 1 2 1 0 2 2 0 0 2 2 0 0 2 0 0 1 2 0 2
 2 1 2 0 2 2 1 2 2 1 1 2 1 1 2 2 0 2 1 2 2 2 0 2 1 2 0 0 0 0 0 0 0 2 0 1 1
 2 0 2 0 0 0 1 2 1 2 2 0 0 2 2 0 2 0 0 2 0 2 2 0 2 0 2 0 2 1 0 0 2]

