Clustering algorithm selected: kmeans++
=====================================

Clustering evaluation metric: dbc
Clustering evaluation value: 0.3913268999028907

========== Cluster 0 ==========

Base classifier: GaussianNB()

Minority Class: 1

Selected Features: [16 19  2  0  1 15  9 14  3 17 18  7  5  4 20  6  8]

Labels: [0 0 0 0 0 2 0 2 2 0 0 2 1 0 0 2 0 0 0 0 0 2 0 2 0 0 0 2 0 0 2 1 0 0 2 2 2
 0 0 0 0 0 2 0 0 2 0 2 0 0 0 0 2 0 0 0 0 0 0 2 0 2 2 1 1 0 2 0 1 2 2 2 2 2
 0 0 1 1 0 0 0 1 1 0 2 2 0 2 0 2 2 2 2 2 2 0 2 2 0 0 1 1 2 2 0 1 0 0 0 0 2
 0 0 0 0 2 1 0 2 0 2 0 0 0 2 0 2 0 0 1 0 0 0 0 0 2 0 2 0 1 2 0 2 2 0 1 0 2
 2 2 0 0 0 2 0 0 1 2 0 0 2 0 0 2 2 0 2 0 2 1 2 0 0 0 2 0 0 1 0 2 2 0 1 0 0
 2 0 2 1 0 0 1 0 0 0 0 0 0 2 0 2 0 1 0 0 0 1 1 2 0 0 2 0 0 0 0 0 2 1 1 1 0
 0 1 0 2 2 0 1 0 2 0 1 2 0 0 0 2 2 1 2 0 2 2 0 2 2 0 0 0 2 0 0 0 2 0 0 0 2
 0 1 2 0 2 0 1 0 0 0 2 0 0 2 2 0 2 0 0 2 0 1 0 1 2 0 0 2 0 2 0 2 0 0 0 0 0
 0 0 1 0 2 2 0 0 0 2 0 2 1 2 0 0 1 0]

========== Cluster 1 ==========

Base classifier: GaussianNB()

Minority Class: 0

Selected Features: [17 20  5  1  3 16  0 13  9  7  8 19 12 11  6 14  4 15]

Labels: [1 1 1 0 1 2 0 1 0 1 0 1 1 1 2 2 0 0 2 1 1 1 1 0 1 2 0 1 2 1 0 1 1 1 2 1 1
 0 0 0 0 0 1 0 2 1 0 1 2 0 0 1 0 0 1 2 2 1 1 1 2 2 1 0 0 2 0 2 2 2 1 1 0 1
 0 0 1 1 0 0 0 0 2 1 1 0 2 1 1 0 0 0 2 1 1 1 1 1 2 1 1 2 2 1 2 2 1 1 2 2 0
 2 2 0 0 2 1 2 2 1 0 1 1 2 1 1 2 2 1 2 2 0 0 0 1 1 0 1 1 1 2 1 0 1 0 1 1 1
 0 0 1 1 1 1 1 1 0 2 2 2 2 0 0 1 0 1 2 0 2 1 1 0 1 2 0 0 2 0 2 0 1 2 0 1 2
 0 2 0 0 2 2 2 1 0 2 0 0 2 0 2 1 1 1 1 0 2 1 2 1 0 2 2 2 2 1 1 2 0 1 2 1 2
 0 0 0 2 1 1 2 1 0 0 0 1 2 0 1 1 0 0 1 2 0 0 2 1 1 0 1 0 0 0 1 0 0 0 1 2 0
 2 2 0 0 1 1 0 0 0 0 2 2 0 1 1 2 2 1 2 1 2 1 0 2 2 2 2 2 0 2 0 0 0 0 1 0 2
 0 1 0 0 2 2 1 2 0 2 2 1 2 2 1 0 2 2 2 0 0 0 2 1 1 0 0 0 1 2 2 0 0 1 2 2 2
 2 2 2 1 1 0 2 2 1 1 2 1 2 1 0 1 0 1 0 2 1 1 0 0 2 2 1 1 2 2 2 1 2 2 2 2 2
 1 0 1 2 2 2 1 0 0 2 2 2 0 2 2 1 0 0 1 1 2 0 2 0 1 1 1 1 1 1 2 0 0 2 2 2 0
 2 2 0 1 2 1 0 1 0 1 0 0 1 0 2 0 1 2 2 0 2 2 2 1 0 2 2 2 1 1 1 0 1 1 1 1 1
 1 1 0 1 2 2 2 0 0 2 2 0 1 1 2 2 1 1 2 0 2 2 0 1 1 1 1 0 0 0 0 0 2 1 2 1 0
 1 0 1 1 2 1 2 0 1 0 1 1 0 2 2 0 0 0 0 2 1 0 2 1 2 2 1 1 2 1 1 1 2 1 2 0 1
 0 1 0 1 0 0 2 1 2 0 2 2 1 2 2 0 2 0 0 1 0 1 0 2 0 2 0 0 1 0 2 0 2 0 2 0 2
 0 0 1 0 0 2 1 2 0 2 2 1 0 1 0 2 1 2 2 1 0 1 2 1 1 0 2 2 0 0 1 2 0]

========== Cluster 2 ==========

Base classifier: GaussianNB()

Minority Class: 1

Selected Features: [17  2  4  5 16 10 12  0  6  7 13 18 19 15  1 14 11  9]

Labels: [2 0 0 2 2 2 2 2 0 0 1 0 0 2 0 2 0 2 2 2 0 0 0 0 2 2 0 0 2 0 2 0 0 0 2 0 0
 2 0 0 1 2 1 0 0 0 0 0 2 0 0 0 2 2 0 0 0 0 0 2 2 2 2 1 2 0 1 2 2 2 2 0 2 1
 0 0 2 0 0 0 1 0 2 2 2 2 2 2 2 2 2 0 0 0 1 0 2 2 1 2 2 2 1 1 2 0 0 0 1 2 1
 2 0 0 2 2 0 0 0 0 2 2 0 0 2 2 0 2 0 2 0 1 1 2 2 0 0 2 0 0 0 0 0 0 2 1 0 0
 0 2 0 1 1 2 2 2 0 0 0 0 0 0 2 0 2 2 0 2 0 1 2 0 0 0 0 0 2 0 1 2 2 0 2 2 1
 0 0 2 0 0 0 0 2 0 0 2 2 0 2 0 0 2 0 0 1 0 2 2 0 0 2 1 0 2 2 0 1 0 0 2 0 0
 0 1 0 2 1 2 0 2 0 2 0 2 2 2 1 0 2 0 1 0 2 1 0 2 0 0 0 0 0 0 0 2 2 0 0 2 2
 1 0 0 0 0 2 0 2 0 2 0 2 2 0 0 2 0 0 2 0 1 1 0 2 2 0 2 0 0 1 0 1 2 0 0 2 2
 1 2 0 1 0 0 2 2 2 0 0 0 2 1 0 2 2 0 1 2 2 0 2 2 0 2 2 1 0 0 0 0 0 0 1 2 2
 2 0 0 2 0 1 1 2 1 0 2 2 0 2 2 0 0 2 0 0 1 2 0 2 2 1 2 0 2 2 1 2 2 1 1 2 1
 1 2 0 1 2 2 0 2 1 2 0 0 0 0 0 0 0 2 0 1 1 2 0 2 0 0 0 2 1 2 2 0 0 2 2 0 2
 0 0 2 0 2 2 0 2 0 2 0 2 1 0 0 2]

