Clustering algorithm selected: kmeans
=====================================

Clustering evaluation metric: silhouette
Clustering evaluation value: 0.26623864406768566

========== Cluster 0 ==========

Base classifier: KNeighborsClassifier()

Minority Class: 0

Selected Features: [0 1 2 3 4 5 6 7]

Labels: [1 1 0 0 0 0 1 0 0 1 1 0 1 1 0 0 1 0 1 0 0 1 1 0 0 0 1 0 1 0 1 0 0 1 1 1 1
 1 1 0 0 1 1 1 0 1 1 1 1 1 1 0 1 1 1 0 0 0 1 1 0 1 1 0 1 1 1 1 0 1 1 1 0 0
 0 1 0 0 0 0 1 1 0 1 1 0 0 1 0 1 0 0 0 1 0 1 1 1 1 0 0 1 1 1 1 1 0 0 0 1 1
 0 0 1 0 1 0 1 1 1 0 1 1 1 1 1 1 0 0 1 1 1 1 1 0 0 0 0 1 0 1 0 0 1 0 0 1 1
 0 1 0 1 0 1 0 0 1 1 0 1 1 1 0 0 0 0 1 1 0 0 0 1 1 0 0 0 1 0 0 0 0 0 0 1 1
 0 0 1 0 1 1 1 0 0 1 1 0 0 0 0 0 1 1 1 0 1 0 0 1 0 1 1 0 1 1 0 0 0 1 0 0 0
 1 0 1 0 1 1 0 1 1 1 0 0 1 1 1 0 1 1 1 0 1 0 0 1 0 1 0 0 0 0 1 0 1 0 1 0 0
 1 0 0 0 0 0 0 1 1 1 1 1 0 0 0 1 0 0 1 1 1 0 0 0 0 0 1 0 1 0 0 1 0 0 0 0 1
 0 1 0 0 1 0 1 1 1 0 0 0 1 1 1 0 0 0 1 1 0 0 1 0 1 0 1 0 1 0 1 0 0 0 1 0 0
 1 1 0 1 1 1 0 1 0 1 1 1 0 1 1 0 0 0 0 0 0 0 0 1 0 1 0 0 0 1 0 1 0 1 0 1 1
 1 0 0 0 0 1 0 1 1 1 1 1 1 0 0 1 1 1 1 0 1 0 1 1 1 1 0 1 0 1 1 0 1 1 0 0 1
 1 1 0 0 0 0 0 0 1 0 0 0 1 0 0 0 0 1 1 1 0 1 0 1 0 1 1 1 1 0 0 0 1 1 0 0 1
 1 0 1 1 1 0 0 1 0 1 1 1 0 1 1 1 0 0 1 0 1 0 1 0 1 1 0 0 0 0 1 0 0 0 0 0 0
 0 0 0 1 1 1 1 1 0 1 1 0 1 0 0 0 1 1 1 1 1 1 0 0 1 0 0 0 0 0 0 1 1 0 0 1 1
 0 1 1 0 1 1 0 1 0 0 0 1 1 0 1 0 0 0 1 1 1 0 1 1 1 0 1 0 0 1 0 0 1 1 1 0 0
 1 1 1 1 0 1 0 0 0 0 0 1 0 0 0 0 1 0 0 1 1 0 1 0 0 0 1 0 1 1 0 1 0 0 1 1 1
 0 0 0 1 1 1 0 0 0 1 1 1 1 0 1 0 1 1 1 0 0 0 1 0 1 0 1 1 0 1 1 1 1 0 1 0 1
 1 1 0 1 0 0 1 1 0 1 1 1 0 1 0 1 1 0 1 0 1 1 1 0 1 1 1 0 0 1 0 0 1 1 0 1 1
 0 0 1 1 0 0 0 0 1 0 0 0]

Synthetic samples indexes: [  0   1   6   9  10  13  16  21  22  28  30  33  34  35  36  37  38  45
  48  49  50  54  61  62  70  71  81  83  84  93  95  96  97 103 104 110
 115 117 119 122 123 124 126 130 132 133 138 140 143 146 147 151 153 156
 159 160 161 166 171 172 176 183 187 189 190 191 194 195 201 202 205 208
 211 213 214 218 222 224 226 227 229 230 234 235 239 240 245 252 254 266
 267 268 270 274 278 285 295 302 303 304 308 310 314 315 320 322 324 326
 330 336 337 338 343 344 346 358 362 364 366 369 377 380 381 387 388 390
 392 393 394 395 397 400 406 407 408 415 419 425 430 432 433 434 439 440
 443 444 446 448 451 454 455 458 459 466 469 474 486 487 488 490 491 497
 501 502 512 513 519 525 529 536 537 538 542 550 552 556 557 560 571 575
 577 581 583 584 586 595 596 597 601 602 603 604 608 609 610 614 616 618
 621 622 624 626 628 629 630 632 636 638 642 644 649 653 654 655 664 669
 674]

========== Cluster 1 ==========

Base classifier: SVC(probability=True)

Minority Class: 0

Selected Features: [0 1 2 3 4 5 6 7]

Labels: [0 1 0 1 0 1 0 0 1 0 1 1 1 1 0 1 1 0 0 0 0 1 1 1 1 0 0 0 0 1 1 1 1 1 0 0 1
 1 1 1 1 0 1 1 1 1 1 0 0 1 0 1 1 1 0 0 0 1 1 1 1 1 1 1 0 0 1 0 1 0 0 0 0 0
 0 1 0 1 0 0 0 1 0 0 0 1 1 0 0 0 0 0 1 0 1 1 0 1 1 0 0 1 0 0 0 0 0 1 1 0 0
 1 0 1 1 0 1 1 1 0 1 1 1 0 0 1 1 1 0 0 1 1 0 0 0 0 1 0 0 1 1 1 1 0 1 1 1 0
 1 0 0 1 1 0 1 1 0 0 1 0 0 0 1 1 1 0 0 0 1 1 1 1 0 0 1 0 1 0 1 1 0 1 0 0 1
 1 0 0 1 0 0 0 1 0 1 1 1 1 1 0 0 1 1 1 1 1 0 0 1 0 0 1 0 1 0 0 1 0 1 0 1 1
 0 0 0 0 0 0 0 1 0 1 0 0 1 0 0 0]

Synthetic samples indexes: [  9  14  34  64 138 153 200 235]

