Clustering algorithm selected: kmeans
=====================================

Clustering evaluation metric: dbc_ss
Clustering evaluation value: 0.4376641701748208

========== Cluster 0 ==========

Base classifier: DummyClassifier(strategy='most_frequent')

Minority Class: 0

Selected Features: [ 0  1  2  3  4  5  6  7  8  9 10 11 12 13 14 15 16 17 18 19 20 21 22 23
 24 25 26 27 28 29 30]

Labels: [1 1 1 1 1 1 1 1 1 1 1 1 1 1 1 1 1 1 1 1 1 1 1 1 1 1 1 1 1 1 1 1 1 1 1]

Synthetic samples indexes: []

========== Cluster 1 ==========

Base classifier: SVC(probability=True)

Minority Class: 0

Selected Features: [ 0  1  2  3  4  5  6  7  8  9 10 11 12 13 14 15 16 17 18 19 20 21 22 23
 24 25 26 27 28 29 30]

Labels: [1 0 0 0 1 1 1 1 1 1 0 0 1 0 0 1 0 0 1 0 1 1 1 1 1 0 0 0 0 1 0 0 1 0 0 0 1
 1 0 0 0 0 0 1 0 0 1 0 1 1 1 0 1 0 0 1 0 0 1 0 1 1 0 0 1 1 0 1 1 0 0 1 1 0
 1 0 1 0 0 1 0 0 1 1 1 0 0 0 0 0 1 0 1 1 0 1 1 1 0 1 1 0 0 0 0 1 0 1 0 0 0
 1 1 1 1 0 1 1 0 1 0 1 1 1 1 0 1 1 1 0 0 1 1 1 0 0 1 0 1 1 1 1 1 0 1 1 0 0
 1 0 1 1 0 1 1 1 1 1 1 1 0 1 0 0 1 0 0 0 1 0 1 0 0 1 1 0 0 0 1 0 1 1 0 1 0
 0 1 1 1 0 0 1 0 0 0 0 0 1 1 0 1 0 0 1 0 1 0 1 0 0 1 1 0 0 0 1 1 0 0 1 1 1
 0 1 1 1 1 1 1 1 1 0 1 0 0 1 1 0 1 0 1 0 1 1 1 0 0 1 1 1 0 1 0 0 1 0 0 0 0
 0 0 1 1 0 1 1 1 0 0 1 1 1 0 1 1 1 1 0 1 0 1 1 1 1 0 0 1 0 0 1 1 0 1 1 0 0
 1 0 1 1 1 0 1 0 1 1 0 0 0 0 0 1 1 1 0 0 1 0 0 0 1 1 1 1 0 1 0 0 1 1 0 0 0
 1 1 0 1 0 1 1 1 1 1 0 0 1 0 1 0 1 0 1 1 1 0 0 0 0 1 0 0 1 0 0 0 1 1 1 1 0
 0 1 0 0 1 1 1 0 0 0 1 1 0 1 1 0 0 0 1 0 0 1 1 0 1 0 1 0 1 0 1 1 0 0 0 0 0
 0 0 0 0 0 1 0 0 1 0 1 0 1 0 0 0 1 0 0 0 0 0 0 0 0 1 1 0 1 1 1 0 1 0 0 0 1
 1 1 0 1 1 0 1 1 1 0 0 0 1 1 1 1 0 1 1 0 1 0 1 0 1 0 0 1 0 1 1 1 0 0 1 1 0
 0 1 1 1 0 0 0 0 1 1 1 0 1 0 1 1 0 1 1 0 0 1 1 1 0 1 0 1 0 0 1 0 1 0 0 0 1
 0 0 0 1 1 1 1 1 1 0 0 0 0 1 0 0 0 1 0 0 0 1 0 0 1 0 1 0 1 1 0 0 0 0 0 0 1
 1 1 0 0 0 1 0 0 1 1 0 1 0 0 1 0 0 0 0 0 1 1 1 1 1 0 1 1 0 0 1 1 0 1 1 0 1]

Synthetic samples indexes: [  0   4   5   6   7   8   9  12  15  18  20  21  22  23  24  29  36  37
  43  46  48  49  50  52  55  58  60  61  64  65  67  68  71  72  74  76
  79  82  83  84  90  93  95  96  97  99 100 105 107 111 112 113 114 116
 117 121 122 123 124 126 127 128 131 132 133 136 138 139 140 141 142 144
 145 148 150 151 153 154 155 156 157 158 159 161 164 170 173 174 178 180
 181 183 186 187 188 191 197 198 200 203 205 210 215 216 219 220 221 223
 224 225 226 228 229 232 235 236 238 240 242 243 244 247 248 249 254 261
 262 264 265 266 269 270 271 273 274 275 276 280 281 282 283 286 289 290
 293 296 298 299 300 302 304 305 311 312 313 316 320 321 322 323 325 328
 329 333 334 336 338 339 340 341 342 345 347 349 351 353 358 361 365 366
 367 368 371 374 375 376 380 384 388 392 396 398 400 401 412 415 417 419
 423 432 435 436 437 439 443 444 445 447 448 450 451 452 456 457 458 459
 461 462 464 466 468 471 473 474 475 478 479 482 483 484 489 490 491 493
 495 496 498 499 502 503 504 506 508 511 513 517 522 524 525 526 531 535
 539 542 544 546 547 554 555 560 563 564 566 569 575 576 577 578 579 581
 582 585 586 588 589 591]

========== Cluster 2 ==========

Base classifier: SVC(probability=True)

Minority Class: 0

Selected Features: [ 0  1  2  3  4  5  6  7  8  9 10 11 12 13 14 15 16 17 18 19 20 21 22 23
 24 25 26 27 28 29 30]

Labels: [0 0 1 1 1 1 1 0 0 1 1 1 1 1 0 1 0 0 1 0 0 0 0 0 1 0 1 1 0 0 0 1 0 0 0 0 1
 0 0 1 0 1 1 1 1 1 0 0 1 1 1 0 0 0 0 0 1 1 1 1 1 0 0 1 1 1 0 1 1 0 0 1 1 0
 0 1 1 0 1 1 1 1 0 0 0 1 1 0 0 0 0 0 0 0 1 1]

Synthetic samples indexes: [ 7 17 19 20 22 33 34 38 40 51 53 55 61 69 70 73 77 82 83 84 90 91 93]

========== Cluster 3 ==========

Base classifier: DummyClassifier(strategy='most_frequent')

Minority Class: 0

Selected Features: [ 0  1  2  3  4  5  6  7  8  9 10 11 12 13 14 15 16 17 18 19 20 21 22 23
 24 25 26 27 28 29 30]

Labels: [1 1 1 1 1 1 1 1 1 1 1 1 1 1 1 1 1 1 1 1 1 1 1 1 1 1 1 1 1 1 1 1 1 1 1 1 1
 1 1 1 1 1 1 1 1 1 1 1 1 1 1 1 1 1 1 1 1 1 1 1 1 1 1 1 1 1 1 1 1 1 1 1 1 1
 1 1 1 1 1 1 1 1 1 1 1 1 1 1]

Synthetic samples indexes: []

