Clustering algorithm selected: kmeans++
=====================================

Clustering evaluation metric: dbc_ss
Clustering evaluation value: 0.406308249312347

========== Cluster 0 ==========

Base classifier: LogisticRegression()

Minority Class: 0

Selected Features: [ 0  1  2  3  4  5  6  7  8  9 10 11 12 13 14 15 16 17 18 19 20 21 22 23
 24 25 26 27 28 29 30]

Labels: [0 0 0 0 1 0 1 1 1 0 0 0 1 1 1 0 1 0 0 1 1 0 0 1 1 1 1 1 1 0 1 1 0 0 1 0 0
 1 0 1 1 0 0 0 1 1 0 1 0 1 0 0 0 0 1 0 0 1 0 0 0 1 1 0 0 0 1 0 1 1 0 0 0 1
 1 1 0 1 0 1 0 0 0 0 1 0 1 1 1 0 1 1 0 0 0 0 1 1 0 0 1 0 1 1 1 1 0 1 1 1 1
 1]

Synthetic samples indexes: [ 16  19  20  24  34  37  39  66  75  79  84  88  90 103]

========== Cluster 1 ==========

Base classifier: SVC(probability=True)

Minority Class: 0

Selected Features: [ 0  1  2  3  4  5  6  7  8  9 10 11 12 13 14 15 16 17 18 19 20 21 22 23
 24 25 26 27 28 29 30]

Labels: [1 0 0 1 1 1 0 0 0 0 0 0 1 0 0 1 1 0 1 1 0 0 0 1 0 1 1 1 1 0 0 1 1 0 0 0 0
 1 1 0 1 1 0 1 0 0 0 1 1 0 0 0 1 1 1 0 0 1 1 0 0 1 1 0 1 1 0 1 1 1 1 1 1 0
 0 1 0 0 1 1 0 0 0 1 0 0 0 1 0 0 0 1 0 1 0 0 0 1 1 1 1 1 1 0 0 1 1 0 1 1 1
 1 1 0 1 0 0 0 1 0 1 0 1 0 1 1 1 1 0 1 0 1 1 1 1 1 0 1 0 0 0 1 1 1 0 0 0 0
 0 1 1 1 1 0 1 0 0 0 0 0 0 0 1 0 0 0 1 1 1 0 1 1 0 0 1 0 0 1 0 1 1 1 0 0 1
 0 0 0 0 1 1 0 0 0 0 1 0 1 1 0 1 1 0 1 0 0 0 1 1 1 0 0 1 1 1 1 1 0 0 0 0 1
 1 0 0 1 1 1 1 0 1 0 1 0 0 0 1 0 1 0 0 1 0 0 0 1 1 1 1 1 0 0 0 1 0 1 1 1 0
 1 0 1 1 1 0 0 0 0 0 0 1 0 1 0 0 0 1 0 1 0 0 0 0 0 0 1 0 1 1 0 0 0 1 1 1 1
 1 0 1 1 1 1 1 0 1 1 0 0 0 1 0 0 1 1 0 0 0 0 1 1 0 0 0 0 0 1 1 1 0 0 0 1 1
 0 1 0 0 0 1 0 0 1 1 1 1 0 0 1 0 0 0 0 1 1 1 1 0 0 0 1 1 0 0 1 1 0 0 0 1 0
 1 0 1 0 0 0 0 0 0 1 0 1 1 1 0 1 1 0 0 1 1 0 1 0 0 1 1 1 0 0 1 1 1 0 1 1 0
 1 0 1 1 0 0 0 1 0 1 0 1 1 0 1 0 0 1 1 1 1 0 1 0 0 0 0 0 0 1 0 0 1 1 0 1 0
 1 1 1 0 0 1 0 0 0 0 0 1 1 0 1 1 1 0 1 0 0 0 0 1 0 0 1 0 0 1 0 1 1 1 1 1 1
 1 0 0 0 0 1 1 1 1 0 0 0 1 1 1 0 1 1 0 0 1 1 1 1 1 0 1 1 1 0 1 1 1 0 1 1 1
 1 1 0 0 1 0 1 1 1 1 0 1 0 1]

Synthetic samples indexes: [  0   3   4   5  12  15  16  18  19  23  25  26  27  28  31  32  37  38
  40  41  43  47  48  52  53  54  57  58  62  64  65  67  68  69  70  71
  72  75  78  79  83  87  91  93  97  98  99 100 101 102 105 106 108 109
 110 111 112 114 118 120 122 124 125 126 127 129 131 132 133 134 135 137
 141 142 143 149 150 151 152 154 162 166 167 168 170 171 174 177 179 180
 181 184 189 190 195 197 198 200 201 203 207 208 209 212 213 214 215 216
 221 222 225 227 228 230 232 236 238 245 246 248 249 255 256 257 259 261
 262 263 272 276 278 287 292 293 294 295 296 298 299 300 301 302 304 305
 309 312 313 318 319 325 326 327 331 332 334 338 341 342 343 344 347 352
 353 354 355 359 360 363 364 368 370 372 379 381 382 383 385 386 389 392
 395 396 397 402 405 407 409 410 414 416 418 419 421 424 425 426 427 429
 436 439 440 442 444 445 446 449 455 456 458 459 462 467 470 473 475 476
 477 478 479 480 481 486 487 488 489 493 494 495 497 498 501 502 503 504
 505 507 508 509 511 513 515 516 517 518 519 522 524 525 526 527 529 531]

========== Cluster 2 ==========

Base classifier: DummyClassifier(strategy='most_frequent')

Minority Class: 0

Selected Features: [ 0  1  2  3  4  5  6  7  8  9 10 11 12 13 14 15 16 17 18 19 20 21 22 23
 24 25 26 27 28 29 30]

Labels: [1 1 1 1 1 1 1 1 1 1 1 1 1 1 1 1 1 1 1 1 1 1 1 1 1 1 1 1 1 1 1 1 1 1 1 1 1
 1 1 1 1 1 1 1 1 1 1 1 1 1 1 1 1 1 1 1 1 1 1 1 1 1 1 1 1 1 1 1 1 1 1 1 1 1
 1 1 1 1 1 1 1 1]

Synthetic samples indexes: []

========== Cluster 3 ==========

Base classifier: DummyClassifier(strategy='most_frequent')

Minority Class: 0

Selected Features: [ 0  1  2  3  4  5  6  7  8  9 10 11 12 13 14 15 16 17 18 19 20 21 22 23
 24 25 26 27 28 29 30]

Labels: [1 1 1 1 1 1 1 1 1 1 1 1 1 1 1 1 1 1 1 1 1 1 1 1 1 1 1 1 1 1 1 1 1 1 1 1 1
 1 1 1 1 1 1 1 1 1 1 1 1 1 1 1]

Synthetic samples indexes: []

