Clustering algorithm selected: kmeans
=====================================

Clustering evaluation metric: dbc
Clustering evaluation value: 0.6482657668430718

========== Cluster 0 ==========

Base classifier: DummyClassifier(strategy='most_frequent')

Minority Class: 0

Selected Features: [ 0  1  2  3  4  5  6  7  8  9 10 11 12 13 14 15 16 17 18 19 20 21 22 23
 24 25 26 27 28 29 30]

Labels: [0 0 0 0 0 0 0 0 0 0 0 0 0 0 0 0 0 0 0 0 0 0 0 0 0 0 0 0 0 0 0 0 0 0 0 0 0
 0 0 0 0 0 0 0 0 0 0 0 0 0 0 0 0 0 0 0 0 0 0 0 0 0 0 0 0 0 0 0 0 0 0 0 0 0
 0 0 0 0 0 0 0 0 0 0 0 0 0 0 0 0 0 0 0 0 0 0 0 0 0 0 0 0 0 0 0 0 0 0 0 0 0
 0 0 0 0 0 0 0 0 0 0 0 0 0 0 0 0 0 0]

Synthetic samples indexes: []

========== Cluster 1 ==========

Base classifier: DummyClassifier(strategy='most_frequent')

Minority Class: 0

Selected Features: [ 0  1  2  3  4  5  6  7  8  9 10 11 12 13 14 15 16 17 18 19 20 21 22 23
 24 25 26 27 28 29 30]

Labels: [1 1 1 1 1 1 1 1 1 1 1 1 1 1 1 1 1 1 1 1 1 1 1 1 1 1 1 1 1 1 1 1]

Synthetic samples indexes: []

========== Cluster 2 ==========

Base classifier: SVC(probability=True)

Minority Class: 0

Selected Features: [ 0  1  2  3  4  5  6  7  8  9 10 11 12 13 14 15 16 17 18 19 20 21 22 23
 24 25 26 27 28 29 30]

Labels: [0 1 0 1 0 1 0 1 1 1 1 0 0 0 0 0 0 1 1 0 0 0 1 0 0 0 1 1 1 0 0 1 1 1 0 1 0
 1 1 1 0 0 0 0 0 0 0 1 1 1 1 1 1 1 1 1 1 1 1 1 0 0 1 1 0 0 1 0 1 1 1 0 0 0
 1 1 0 1 0 1 0 1 0 1 1 1 1 1 1 1 0 0 1 0 1 1 0 1 0 1 1 1 0 1 1 0 1 0 0 0 1
 0 0 1 0 1 0 0 0 0 1 0 1 0 1 1 1 1 0 1 1 1 0 1 1 1 1 1 1 1 0 0 0 0 1 1 1 0
 0 1 1 1 1 0 0 1 0 1 0 1 0 0 1 0 1 1 0 1 0 1 0 0 0 1 1 0 0 1 1 1 0 0 1 0 0
 0 0 1 1 1 1 0 0 1 0 0 1 1 0 0 0 0 0 0 1 1 1 1 0 0 0 1 0 0 1 0 0 1 0 0 0 0
 1 0 1 1 0 0 0 1 1 0 0 0 1 0 0 0 1 1 1 0 0 0 0 0 1 0 1 0 1 0 1 1 1 0 0 1 1
 1 0 0 0 1 1 0 0 0 0 0 1 0 0 0 1 0 1 0 1 0 0 1 1 1 0 1 0 0 1 1 0 1 1 0 0 0
 0 1 0 1 0 1 0 1 0 0 0 0 1 1 0 1 0 0 1 0 1 1 0 1 0 1 1 1 0 0 1 1 0 1 1 0 1
 1 1 0 1 1 1 0 0 0]

Synthetic samples indexes: [  1   3   5   7   8   9  10  17  18  22  26  27  31  32  35  38  39  48
  49  50  51  53  54  55  56  57  58  59  62  63  66  68  69  70  74  75
  77  79  81  84  85  86  87  88  89  92  94  95  99 101 103 104 106 110
 113 115 120 122 124 126 127 129 130 131 133 134 135 136 137 138 144 146
 149 150 152 155 157 159 162 164 167 169 173 174 177 178 179 182 188 189
 190 193 196 197 204 205 206 207 211 214 224 225 229 230 234 238 240 246
 248 252 253 254 257 258 259 263 264 270 274 276 278 281 282 283 285 288
 289 291 292 297 299 301 303 308 309 311 314 317 319 321 322 323 326 327
 329 330 332 333 334 336 337 338]

========== Cluster 3 ==========

Base classifier: KNeighborsClassifier(n_neighbors=7)

Minority Class: 0

Selected Features: [ 0  1  2  3  4  5  6  7  8  9 10 11 12 13 14 15 16 17 18 19 20 21 22 23
 24 25 26 27 28 29 30]

Labels: [1 0 1 0 0 0 1 1 1 1 0 1 0 1 1 1 1 0 1 1 1 0 0 0 1 1 0 0 0 1 0 0 0 0 0 1 1
 0 1 0 1 0 1 0 1 1 1 0 1 1 1 0 1 0 1 1 0 1 0 1 0 0 0 0 1 1 1 1 1 0 0 0 1 1
 1 1 1 0 1 0 0 0 1 0 1 0 0 1 0 0 1 0 1 0 1 0 0 0 1 0 0 0 0 1]

Synthetic samples indexes: [  3   4   5  10  12  17  21  23  27  33  34  37  41  51  56  62  69  70
  77  81  83  85  86  89  91  93  95  96  97 101]

========== Cluster 4 ==========

Base classifier: DummyClassifier(strategy='most_frequent')

Minority Class: 0

Selected Features: [ 0  1  2  3  4  5  6  7  8  9 10 11 12 13 14 15 16 17 18 19 20 21 22 23
 24 25 26 27 28 29 30]

Labels: [1 1 1 1 1 1 1 1 1 1 1 1 1 1 1 1 1 1 1 1 1 1 1 1 1 1 1 1 1 1 1 1 1 1 1 1 1
 1 1 1 1 1 1 1 1 1 1 1 1 1 1 1 1 1 1 1 1 1 1 1 1 1 1 1 1 1 1 1 1 1 1 1 1 1
 1 1 1 1 1 1 1 1 1 1 1 1 1]

Synthetic samples indexes: []

