Clustering algorithm selected: kmeans
=====================================

Clustering evaluation metric: dbc
Clustering evaluation value: 0.6499323509896758

========== Cluster 0 ==========

Base classifier: DummyClassifier(strategy='most_frequent')

Minority Class: 1

Selected Features: [ 0  1  2  3  4  5  6  7  8  9 10 11 12 13 14 15 16 17 18 19 20 21 22 23
 24 25 26 27 28 29 30]

Labels: [1 1 1 1 1 1 1 1 1 1 1 1 1 1 1 1 1 1 1 1 1 1 1 1 1 1 1 1 1 1 1 1 1 1 1 1 1
 1 1 1 1 1 1 1 1 1 1 1 1 1 1 1 1 1 1 1 1 1 1 1 1 1 1 1 1 1 1 1 1 1 1 1 1 1
 1 1 1 1 1 1 1 1 1 1 1 1]

Synthetic samples indexes: []

========== Cluster 1 ==========

Base classifier: SVC(probability=True)

Minority Class: 1

Selected Features: [ 0  1  2  3  4  5  6  7  8  9 10 11 12 13 14 15 16 17 18 19 20 21 22 23
 24 25 26 27 28 29 30]

Labels: [0 0 0 0 0 1 0 1 1 1 1 0 1 0 1 1 1 1 1 0 0 0 0 0 1 0 1 0 0 0 0 0 0 0 1 1 0
 0 1 1 1 0 0 1 1 1 0 1 1 1 1 1 0 1 0 0 1 0 0 1 1 0 0 0 0 0 0 1 1 1 0 1 1 1
 1 1 0 0 1 0 1 1 0 0 1 1 0 1 0 0 0 1 1 0 0 1 0 1 0 0 1 1 0 1 1 1]

Synthetic samples indexes: [ 1  2 13 19 20 21 22 23 28 29 31 32 36 37 41 46 52 54 55 57 58 61 62 63
 77 82 86 88 89 94 99]

========== Cluster 2 ==========

Base classifier: DummyClassifier(strategy='most_frequent')

Minority Class: 1

Selected Features: [ 0  1  2  3  4  5  6  7  8  9 10 11 12 13 14 15 16 17 18 19 20 21 22 23
 24 25 26 27 28 29 30]

Labels: [0 0 0 0 0 0 0 0 0 0 0 0 0 0 0 0 0 0 0 0 0 0 0 0 0 0 0 0 0 0 0 0 0 0 0 0 0
 0 0 0 0 0 0 0 0 0 0 0 0 0 0 0 0 0 0 0 0 0 0 0 0 0 0 0 0 0 0 0 0 0 0 0 0 0
 0 0 0 0 0 0 0 0 0 0 0 0 0 0 0 0 0 0 0 0 0 0 0 0 0 0 0 0 0 0 0 0 0 0 0 0 0
 0 0 0 0 0 0 0 0 0 0 0 0 0 0]

Synthetic samples indexes: []

========== Cluster 3 ==========

Base classifier: DummyClassifier(strategy='most_frequent')

Minority Class: 1

Selected Features: [ 0  1  2  3  4  5  6  7  8  9 10 11 12 13 14 15 16 17 18 19 20 21 22 23
 24 25 26 27 28 29 30]

Labels: [1 1 1 1 1 1 1 1 1 1 1 1 1 1 1 1 1 1 1 1 1 1 1 1 1 1 1 1 1 1 1 1 1 1]

Synthetic samples indexes: []

========== Cluster 4 ==========

Base classifier: SVC(probability=True)

Minority Class: 1

Selected Features: [ 0  1  2  3  4  5  6  7  8  9 10 11 12 13 14 15 16 17 18 19 20 21 22 23
 24 25 26 27 28 29 30]

Labels: [0 1 1 1 0 0 1 0 1 1 0 1 1 0 1 1 0 0 0 1 1 1 0 1 0 0 0 0 1 0 1 1 1 1 0 1 1
 1 0 0 1 0 0 0 1 0 0 0 0 0 0 1 0 0 0 0 0 0 1 1 0 1 0 0 0 0 0 0 1 0 1 1 1 1
 1 1 1 0 1 1 0 1 1 0 1 0 1 0 0 1 0 0 0 1 1 0 1 0 0 1 0 1 0 1 0 1 0 1 1 0 1
 1 0 0 0 1 1 1 1 1 1 1 0 0 0 1 1 1 0 0 1 1 0 0 1 0 0 0 0 0 1 0 0 1 0 1 1 1
 1 1 0 1 1 0 0 0 1 1 1 1 0 1 1 0 1 1 0 1 1 0 0 0 0 1 1 1 1 0 0 1 1 0 0 0 1
 0 0 1 0 0 0 0 0 1 1 0 1 1 1 1 1 0 0 0 0 1 1 0 1 1 1 0 0 0 0 1 1 0 0 0 1 0
 1 1 1 0 0 0 1 1 1 1 1 0 0 0 1 1 0 1 1 1 0 1 0 0 1 1 1 0 0 1 1 0 1 1 0 0 0
 0 1 1 1 0 1 0 1 0 1 0 0 1 0 1 1 0 1 0 1 1 1 1 1 1 1 1 0 1 1 0 0 1 0 0 1 0
 0 0 0 0 1 0 1 1 1 1 1 0 0 0 0 1 0 1 1 0 0 0 1 0 0 0 1 0 1 1 0 1 1 0 0 1 0
 0 1 0 0 0 0 1 1 0 0 1 0 1 0 1 1 0]

Synthetic samples indexes: [  1   2   3   6   8   9  11  12  14  15  19  20  21  23  30  31  32  35
  36  37  40  44  51  58  59  61  68  71  72  74  75  78  79  81  82  84
  86  94  96  99 101 105 107 108 110 111 115 116 117 118 119 120 121 125
 127 130 131 134 143 145 146 147 148 149 151 152 156 157 158 159 161 162
 165 167 168 173 174 175 176 179 180 184 187 194 196 197 198 199 200 205
 208 209 210 215 216 220 222 223 224 228 229 230 231 236 240 241 243 246
 247 248 252 255 260 261 262 264 266 268 271 273 274 276 278 279 280 281
 282 283 284 285 287 288 291 294 300 302 303 304 305 306 311 313 314 318
 322 324 325 327 328 331 334 339 340 343 345 347 348]

