============== Classifiers Parameters ==============
[{'cost': 811.6747887854331, 'gamma': 15.393469139185413}, {'cost': 35.30301631686871, 'gamma': 149.89243625982456}, {'cost': 769.2241738944596, 'gamma': 53.22304438245226}]

Optimal clusterer: kmeans

External clustering metrics:
adjusted_rand_score: 1.9863436130002785e-05
normalized_mutual_info_score: 0.0029589993514689142
v_measure_score: 0.0029589993514689147
fowlkes_mallows_score: 0.7028008854027104

Internal clustering metrics:
silhouette: 0.45843049046746565
davies_bouldin: 5.300448982203085
calinski_harabasz_score: 1.6360498617332309

Base classifier: svm
========== Cluster 0 ==========

Labels: [0 1 1 0 1 1 0 0 1 0 1 0 1 1 1 0 0 0 1 1 0 0 1 1 1 1 0 1 1 0 0 1 1 0 0 1 1
 1 0 1 1 1 1 1 0 1 1 1 1 1 0 1 0 0 0 1 0 1 0 1 0 1 0 0 1 0 1 0 1 0 1 0 0 1
 0 1 1 0 0 1 1 1 0 0 1 0 0 0 1 1 0 0 0 1 1 0 0 1 0 0 0 1 0 1 1 1 1 0 0 1 1
 0 0 0 0 0 0 0 0 1 0 1 0 0 0 0 0 1 1 1 1 0 0 1 0 1 1 0 0 1 0 0 0 0 1 1 1 0
 1 0 1 1 0 0 0 0 0 1 1 1 1 1 0 0 0 0 0 0 1 1 0 0 1 0 1 1 0 0 1 0 0 1 1 0 1
 0 1 0 0 1 1 1 0 0 1 0 0 1 1 1 0 1 0 0 1 1 1 0 1 1 1 1 1 1 0 1 0 1 0 1 0 1
 0 0 0 1 1 0 1 1 0 0 0 0 0 0 0 0 0 1 1 0 0 1 1 1 0 1 0 1 1 1 1 1 1 1 0 1 1
 0 0 1 0 0 1 0 1 1 1 0 1 0 0 1 0 0 0 0 0 1 0 1 0 0 0]

========== Cluster 1 ==========

Labels: [1 1 1 0 1 1 1 0 1 1 1 0 0 1 1 0 0 0 0 1 0 1 1 1 0 0 0 1 0 1 0 1 0 0 0 1 0
 1 1 1 0 0 0 0 1 1 0 1 1 0 0 0 0 0 1 1 1 0 0 0 0 0 1 0 1 1 0 0 1 1 0 1 0 1
 1 1 1 1 0 1 1 0 0 0 1 1 0 1 1 1 1 0 0 0 0 0 1 1 1 1 1 0 1 1 0 1 1 0 1 1 0
 1 0 0 1 0 0 0 0 0 1 0 1 0 0 1 0 1 0 1 0 1 1 1 0 0 0 0 0 1 0 1 1 0 1 1 1 1
 1 1 0 0 0 0 1 1 1 0 0 0 0 1 0 0 0 0 0 1 1 0 0 1 0 0 0 1 1 1 0 1 0 1 0 0 0
 0 1 1 1 1 1 1 1 1 0 1 0 0 0 0 0 1 1 1 1 1 1 1 0 0 0 0 1 0 1 1 0 0 0 0 0 0
 0 1 0 0 1 1 1 1 0 1 1 0 0 1 1 1 0 0 1 1 0 0 1 0 0 0 1 0 0 1 1 0 0 1 1 1 0
 0 0 0 0 1 1 1 0 1 0 1 1 0 1 0 1 1 1 0 1 1 1 1 0 1 0 1 1 0 0 0 0 1 0 0 1 0
 1 1 1 1 1 0 1 1 0 1 1 0 0 1 1 1 1 1 1 0 0 0 1 0 1 1 1 1 0 0 1 1 1 1 0 1 1
 0 1 1 1 1 1 1 1 0 1 0 1 0 0 1 1 0 0 0 0 1 1 1 1 1 1 0 1 1 1 1 1 1 1 1 1 0
 1 0 0 1 1 0 0 0 1 1 0 1 1 1 1 1 1 0 1 1 1 0 0 0 0 1 0 0 1 0 0 1 0 0 0 1]

========== Cluster 2 ==========

Labels: [1 1 1 1 0 0 0 0 1 0 1 0 1 0 0 0 1 1 0 0 1 1 1 0 0 1 1 0 0 1 1 0 0 1 1 0 0
 0 0 1 0 0 0 1 1 0 1 1 0 1 0 1 0 0 0 0 1 0 0 1 0 0 1 1 0 0 0 0 1 1 0 1 1 0
 0 1 0 0 0 0 0 1 1 0 1 0 1 1 1 0 0 0 0 0 1 0 1 0 0 1 1 0 0 1 1 1 0 0 1 0 1
 1 1 0 0 1 0 0 1 0 0 0 0 1 0 1 0 0 0 1 0 0 0 1 0 0 0 1 1 1 0 0 0 1 0 0 1 0
 0 1 0 1 1 1 0 1 1 0 0 0 1 1 1 0 0 0 0 0 1 1 1 1 1 0 0 1 1 1 1 0 0 1 1 1 0
 0 1 1 1 0 1 0 0 0 0 1 1 1 0 0 1 0 0 0 1 1 0 0 0]

