============== Classifiers Parameters ==============
[{'cost': 235.2219410962111, 'gamma': 30.235061354448646}, {'cost': 711.2657740469326, 'gamma': 50.287142862024695}, {'cost': 182.6085548799999, 'gamma': 96.66947306375343}]

Optimal clusterer: kmeans

External clustering metrics:
adjusted_rand_score: 1.9863436130002785e-05
normalized_mutual_info_score: 0.0029589993514689142
v_measure_score: 0.0029589993514689147
fowlkes_mallows_score: 0.7028008854027104

Internal clustering metrics:
silhouette: 0.45786959613422057
davies_bouldin: 5.344009428677365
calinski_harabasz_score: 1.6126206105989862

Base classifier: svm
========== Cluster 0 ==========

Labels: [1 1 1 0 1 1 1 0 1 1 1 0 0 1 1 0 0 0 0 1 0 1 1 1 0 0 0 1 0 1 0 1 0 0 0 1 0
 1 1 1 0 0 0 0 0 1 1 1 1 1 1 1 1 0 1 1 0 1 1 0 1 1 0 1 0 0 1 0 0 0 0 0 1 0
 1 0 0 1 0 1 0 1 0 1 1 1 0 0 0 0 0 1 0 1 1 0 1 1 1 1 1 1 0 0 0 0 1 1 1 0 0
 0 0 1 0 0 0 1 0 0 1 1 0 0 1 0 0 0 1 1 1 0 1 0 1 0 0 0 0 1 1 1 1 1 1 1 1 0
 1 0 0 0 0 0 1 1 1 1 1 1 1 0 0 0 0 1 0 1 1 0 0 0 0 0 0 1 0 0 1 1 1 1 0 1 1
 0 0 1 0 1 1 0 0 1 1 0 0 1 0 0 0 1 0 0 1 1 0 0 1 1 1 0 0 0 0 0 1 1 1 0 1 0
 1 1 0 1 0 1 1 1 0 1 1 1 1 0 1 0 1 1 0 0 0 0 1 0 0 1 0 1 1 1 1 1 0 1 1 0 1
 1 0 0 1 1 1 1 1 1 0 0 0 1 0 1 1 1 1 0 0 1 1 1 1 0 1 1 0 1 1 1 1 1 1 1 0 1
 0 1 0 0 1 1 0 0 0 0 1 1 1 1 1 1 1 1 0 0 0 1 0 1 1 1 1 1 1 0 1 1 0 1 1 1 1
 1 0 1 1 0 0 1 0 0 0 0 0 0 1 1 0 0 0 1 0 1 0 1 1 1 0 1 1 1 1 0 0 1 1 0 1 0
 1 0 0 1 1 0 0 0 1 1 0 1 1 1 1 1 1 0 1 1 1 0 0 0 1 0 0 1 0 0 1 0 0 0 1]

========== Cluster 1 ==========

Labels: [0 1 1 0 1 1 0 0 1 0 1 0 1 1 1 0 0 0 1 1 0 0 1 1 1 1 0 1 1 0 0 1 1 0 0 1 1
 0 1 0 1 0 1 0 0 1 0 1 1 0 0 1 1 1 0 0 1 0 0 0 1 1 0 0 0 1 1 0 0 1 0 0 0 1
 0 1 1 1 1 0 0 1 1 0 0 0 0 0 0 0 0 0 1 0 0 0 0 0 1 1 1 1 0 0 1 0 1 1 0 0 1
 0 0 0 0 1 1 1 0 1 0 1 1 0 0 0 0 0 1 1 1 1 1 0 0 0 0 0 0 0 1 1 0 0 1 0 1 1
 0 0 1 0 0 1 1 0 1 0 1 0 0 1 1 1 0 0 1 0 0 1 1 1 0 1 0 0 1 1 1 0 1 1 1 1 1
 1 0 1 0 1 0 1 0 1 0 0 0 1 1 0 1 1 0 0 0 0 0 0 0 0 0 1 1 0 0 1 1 1 0 1 0 1
 1 1 1 1 0 1 0 1 1 0 0 1 0 1 0 0 0 0 0 1 1 1 0 0 1 0 1 0 0 1 1 0 1 0 1 1 0
 0 1 0 0 1 0 1 1 1 0 1 0 0 0 1 0 0 0 0 0 1 0 1 0 0 0]

========== Cluster 2 ==========

Labels: [1 1 1 1 0 0 0 0 1 0 1 0 1 0 0 0 1 1 0 0 1 1 1 1 0 1 0 1 0 0 0 0 1 0 0 1 0
 0 1 1 0 0 0 0 1 1 0 1 1 0 0 1 0 0 0 0 0 1 1 0 1 0 1 1 1 0 0 0 0 0 1 0 1 0
 0 1 1 0 0 1 1 1 0 0 1 0 1 1 1 0 0 1 0 1 0 0 0 0 1 0 1 0 0 0 1 0 0 0 1 0 0
 0 1 1 1 0 0 0 1 0 0 1 0 0 1 0 1 1 1 0 1 1 0 0 0 1 1 1 0 0 0 0 0 1 1 1 1 1
 0 0 1 1 1 1 0 0 1 1 1 0 0 1 1 1 1 1 0 1 1 1 0 1 1 1 1 1 0 1 1 0 0 0 1 1 1
 0 0 0 0 0 0 1 0 0 0 0 1 1 1 0 0 1 0 0 0 1 1 0 0 0]

