Clustering algorithm selected: kmeans
=====================================

Clustering evaluation metric: silhouette
Clustering evaluation value: 0.0746460643798168

========== Cluster 0 ==========

Base classifier: DummyClassifier(strategy='most_frequent')

Selected Features: [143 217 204 112  74  86  85  84  83  81  80  79  78  75  73  89  72  71
  70  69  67  66  65  64  63  62  88  95  94 111 121 120 119 118 116 115
 114 113 223 110  57 108 107 105 104 103 101 100  99  96  61  56 123  55
  25  24  23  21  20  19  18  17  15  14  12  11  10   9   8   7   6   5
   4   2   1  26  27  28  40  53  52  50  48  47  45  43  42  41  39  29
  38  37  36  35  34  33  32  31  30 122   0 124 196 125 198 170 199 168
 167 166 200 165 201 163 162 161 160 159 202 203 197 195 206 173 185 189
 183 182 190 181 191 180 179 192 178 193 177 176 194 175 174 205 155 142
 135 141 140 139 216 218 137 219 220 134 207 133 131 130 221 129 128 127
 222 215 188 144 212 154 153 151 149 145 210 148 147 146 213 214 211  13
   3 209  16 208  22 187 172 186  98  87 150  90  91  92  93  97 102 184
 106 138 109 136 132 117 126 152  82 156 157  44  46  49  51  54  58  59
  60 171]

Labels: [0 0 0]

========== Cluster 1 ==========

Base classifier: LogisticRegression()

Selected Features: [173 196 207 108   3 105 201   4 215  66 119  22  13  77 147 214  35 183
 154 116 159 111  56 148  28  40  92 168   7  43 137 184 140   1 218  89
 224 199 162 124 141  18  93 127  55  74  42 213  39 101  32  27 150  37
 167   0  82 192 185 115  24 178 134  67  52 143 157  50  68 222  70 188
 149  25 142 170  79  69  78 128  26 180  47 126 182  59  88   8 103  36
   9 177 208  45  10  64  72  19  95 121   2 120  34  14 200 198  17  57
  58  16  15  60  61  62  63  54 217  12  65  11 219 197   6   5 220 221
 216  53  33 203  71 209  31  30 206  29  38 205 204  41 202  20 210  44
 211  46  23 212  48  49  21  51 169  84  73 135 145 144 179 139 138 136
 133 176 132 131 130 129 181 125 146 175 122 160]

Labels: [1 0 0 0 0 0 0 0 1 0 1 1 1 1 0 0 0 0 0 0 0 0 1 1 1 0 1 0 0 1 0 0 1 0 0 0 0
 0 1 0 0 0 1 1 0 1 0 0 0 0 1 1 1 0 0 0 0 0 0 1 1 0 0 1 1 0 0 0 1 1 0 1 1 0
 0 0 1 0 0 1 0 1 0 0 1 1 0 0 0 0 0 1 1 0 1 0 0 0 0 0 0 0 0 0 0 1 0 0 1 1 0
 1 1 0 1 0 0 1 0 0 1 0 1 1 0 0 0 1 0 0 0 0 0 0 0 0 0 0 0 0 1 0 0 0 0 0 0 0
 0 0 0 1 0 0 1 0 1 0 0 0 1 1 0 1 1 0 0 0 0 0 1 1 1 0 0 0 1 0 0 0 1 0 1 1 0
 0 0 1 0 1 0 0 1 0 0 0 1 0 0 1 0 1 0 1 0 0 0 0 0 0 0 0 1 0 0 0 1 0 0 1 1 1
 0 0 1 1 0 0 0 0 0 1 0 0 0 0 0 1 0 1 0 0 0 0 1 0 1 0 0 0 0 1 1 1 1 0 0 0 1
 0 0 0 0 1 1 0 1 0 0 0 0 0 0 1 0 0 1 0 0 1 1 1 1 1 0 1 0 1 0 1 1 1 0 0 0 1
 1 1 0 0 0 1 0 0 1 0 1 1 1 0 1 0 0 0 1 0 1 1 0 0 0 1 0 1 0 1 1 0 1 0 0 0 0
 1 0 0 1 0 0 0 0 0 0 1 0 0 0 0 1 0 1 0 0 0 1 1 0 0 0 1 0 0 1 0 0 0 0 0 1 0
 0 0 1 1 1 0 0 1 0 0 0 1 1 1 0 0 0 1 0 0 1 0 0 1 0 0 0 0 0 0 1 0 1 0 0 0 0
 0 1 1 0 0 0 0 0 0 1 1 0 1 1 0 0 0 0 0 1 0 1 0 0 0 1 0 0 1 0 1 0 1 0 0 0 1
 0 1 1 0 0 1 1 1 0 0 0 1 0 1 0 1 0 0 1 1 0 1 0 1 1 0 0 1 1 0 1 0 1 1 1 0 1
 0]

========== Cluster 2 ==========

Base classifier: GradientBoostingClassifier()

Selected Features: [222 214 223   3 215 161 116  19 162  82 101  50 145 189   8  72  36  27
 164 217  12 185  97  48  58  56 219 120  13  26  60  30  98   5  76 111
  52 128 209  68 204  34   6 140 168 163  92  55 197 170 216  21  61 114
 176 117  44 102 103  85 195 112 143  88 171  69  38 125  37 110  43 183
  18  71  40 181 167 113   0  83 207  89 155 156  90 146 175 169 177 131
 165  81 123  57 160 201  80  67 137  41  78 107 158  24 196  87 133 193
 191  39  59  53 199  42 200 198  47 187  51 194  54  46 188 190 192  49
  45  32  35 213  14 211 212  11  10   9   7 202 218 220   4 221   2   1
  15  16  17 210 208  20  22  23  25 206 205  28  29 203  31 184  33 186
 178  62 126 109 157 154 115 153 152]

Labels: [0 0 0 0 1 0 0 1 0 0 0 0 0 0 0 1 0 0 0 1 0 0 0 0 1 0 0 0 1 0 0 0 1 0 0 1 0
 0 1 1 0 0 0 0 0 0 0 0 0 1 1 0 0 0 0 1 0 0 0 0 0 1 0 0 0 0 1 1 0 0 0 0 0 0
 0 0 0 0 0 1 1 0 1 1 0 0 1 1 1 0 0 0 0 0 0 1 1 0 0 1 0 0 0 1 0 0 0 1 1 0 1
 0 0 0 1 0 1 0 0 0 1 0 0 0 0 1 1 0 1 0 0 0 0 1 0 1 0 0 1 0 0 0 0 0 0 0 1 0
 0 1 0 1 0 0 0 1 0 0 0 0 0 1 0 0 0 0 0 0 0 0 0 0 0 0 1 0 0 0 1 0 0 0 0 0 0
 1 0 0 0 0 0 0 0 0 1 0 0 1 1 0 0 0 1 1 1 0 0 0 1 1 1 0 0 0 0 0 1 0 0 0 1 0
 0 0 0 0 0 0 0 0 0 0 0 1 0 1 0 0 0 0 0 0 0 0 0 0 0 0 0 0 1 1 0 0 0 1 1 0 1
 1 0 1 0 0 0 0 1 1 0 0 0 1 0 0 1 1 0 1 0 0 0 0 0 0 0 0 0 0 1 1 0 1 0 0 1 0
 0 0 0 0 0 1 0 0 0 1 0 0 0 0 0 0 0 0 0 0 0 0 0 0 0 1 1 0 0 0 1 0 0 1 1 0 0
 0 0 0 0 0 0 0 0 1 0 0 0 0 0 0 0 0 0 0 0 0 0 1 0 1 0 0 0 1 0 0 0 0 1 0 0 0
 1 0 0 0 0 0 1 1 0 0 1 0 0 0 0 0 0 0 1 0 1 0 0 1 0 0 0 0 0 0 0 0 1 0 0 0 0
 0 0 0 0 0 0 1 0]

