Clustering algorithm selected: kmeans
=====================================

Clustering evaluation metric: silhouette
Clustering evaluation value: 0.07311387089134914

========== Cluster 0 ==========

Base classifier: RandomForestClassifier()

Selected Features: [  3  11  42 188 199  84  67  28 169  21 193  35 217 181 200 122 120   0
  47  25  46  90 142 140 178  22 141 132  80 145  33 168  92 160  36 112
 109  95 202  62  66 101  23 157  68 123  53 100 207  64 139 172  72  94
 198  32  15 215 204 209 144  19 213 128 166  24 214  30  65 110  13  69
  55  63 162  71 184  17 201  14  38 182 175 111 158 113 167 138  86 127
 118  39 192  20  34 107 143 211 164 194  41   1 161  89 218 150  49  43
   6 154  93  96 103   2 133 173 203 134 136 137 159 152 153 155 151 148
 149 146 147 176 224 208 222 220 221 219 216 223 210 212 205 206 197 196
 195 156 177 179 180 183 187 186 185 191 190 189 174 171 170 165 163 129
 130 131 135  76  75  74]

Labels: [1 0 0 0 0 0 0 0 1 0 1 1 1 1 0 0 0 0 0 0 0 0 0 0 0 0 1 1 1 0 1 0 0 0 1 0 0
 1 0 0 0 0 0 1 0 0 0 1 1 0 1 0 0 0 0 1 1 1 0 0 0 0 0 0 1 1 1 0 0 1 1 0 0 0
 1 0 1 1 0 0 0 0 0 1 0 1 0 0 1 1 0 0 0 0 0 1 1 0 1 0 0 0 0 0 0 0 0 0 0 1 0
 0 0 1 1 0 0 0 1 0 1 1 1 0 1 0 0 0 1 0 0 1 0 1 1 0 0 0 1 0 0 0 0 0 0 0 0 0
 0 0 0 0 0 0 1 0 0 0 0 0 0 0 0 0 0 0 1 0 0 1 0 1 0 0 0 1 1 0 1 0 1 0 0 0 0
 0 1 1 1 1 0 0 0 1 0 0 0 1 0 0 1 1 0 0 0 0 1 1 0 1 0 0 1 0 0 0 0 1 0 0 1 0
 0 1 1 0 1 0 0 0 0 0 0 0 0 0 0 1 0 0 0 1 0 0 1 1 1 0 0 1 1 0 0 0 1 0 0 0 1
 0 0 0 0 0 0 0 1 0 1 0 0 0 0 0 0 0 1 0 0 0 0 1 1 1 1 0 0 0 1 0 0 0 0 0 1 1
 0 1 0 0 0 0 0 0 0 1 1 0 0 1 0 0 1 1 1 1 1 0 1 0 1 0 0 1 0 1 1 1 0 0 0 0 1
 1 0 1 0 0 0 1 0 0 0 1 0 0 1 1 1 0 0 1 0 0 1 0 1 0 0 1 0 0 0 0 1 0 1 0 1 0
 0 1 1 0 1 0 0 0 0 1 0 1 0 0 0 1 0 0 0 0 0 0 1 0 0 0 0 1 0 1 0 0 0 1 1 0 0
 0 1 0 0 0 0 1 0 0 0 0 0 0 0 0 0 1 0 0 0 1 0 1 0 1 1 0 1 1 0 1 1 1 0 0 0 0
 0 1 0 0 0 0 0 1 0 0 1 0 0 0 0 1 0 1 0 0 0 0 1 1 1 0 0 0 1 0 0 0 0 0 1 0 0
 0 1 1 0 1 0 0 0 0 0 0 0 0 0 0 0 0 0 0 0 0 1 0 1 0 1 0 0 0 0 1 0 1 1 0 0 1
 1 1 1 0 0 0 1 0 1 0 1 0 0 1 1 0 1 0 1 1 0 0 1 1 0 1 0 1 1 1 0 1 0]

========== Cluster 1 ==========

Base classifier: RandomForestClassifier()

Selected Features: [145 198   4  26  66  34 213  83 205  49  62   1   7 129   6  52 114 136
 155 182 100  45 127  17 191 133  74  18 217 152 214 197  21 208  85   3
   8  55 163 158 184 169 216 156 113  30  56  68  40 218 165   0  81 131
  48  73 193 108 147 219 144  99 109 122   9 202 106 104 128 171  60 148
 166 215  10 119 134 207  84  54 200 194 224  38  69  46 135  78 211 203
 117   2 170 157 141  31 151 149   5 168  19 112  58 195 204  50 187 220
 212  47 185 180  14 221  13  61  95  59 160 173  97 103 130 142 132 140
 139 138 143 209 210 223 206 201 199 222 137 153 154 150 159 146 167 162
 188 176 177 178 179 181 183 190 186 189 174 172 175 164 161 196 192  64
  65  67  71  70  77  75  72  79]

Labels: [0 0 0 0 0 1 0 0 1 0 0 0 0 0 0 1 0 0 1 0 0 1 0 0 1 0 0 0 1 0 0 1 0 0 1 0 0
 0 0 0 0 0 0 0 1 1 0 0 0 0 1 1 0 0 0 1 0 0 1 0 0 0 0 1 1 0 0 0 0 0 0 0 1 1
 0 0 1 1 1 0 0 0 0 1 1 0 0 1 0 0 1 0 0 0 1 1 0 1 0 0 1 0 0 0 0 1 0 0 0 0 1
 1 0 0 0 1 0 1 0 1 0 0 0 0 0 0 0 1 0 0 1 0 0 1 0 0 0 0 1 0 0 0 0 0 0 0 0 0
 0 0 0 1 0 0 0 0 0 0 0 0 0 1 0 0 0 0 0 0 1 0 1 1 1 0 0 1 1 1 0 0 0 1 1 1 0
 0 0 1 0 0 0 0 0 0 0 0 0 0 0 0 0 0 0 1 0 0 0 0 0 0 0 0 0 0 1 1 0 1 1 0 1 0
 1 1 0 1 0 0 0 1 1 1 0 0 0 0 0 0 0 0 0 0 1 1 0 1 0 0 1 0 0 0 0 0 0 1 0 1 0
 0 0 0 0 0 0 0 0 0 0 0 0 0 0 0 1 1 0 0 0 0 0 1 0 0 0 0 0 0 0 0 1 1 0 1 0 1
 0 1 0 0 0 0 0 0 1 1 0 1 1 0 0 0 0 0 0 0 1 0 0 0 0 0 0 1 0 1 0 0 0 0 0 0 0
 0 0 0 1 0 0 0 0 0 0 0 0 0 0 1 0]

