Clustering algorithm selected: fcm
=====================================

Clustering evaluation metric: dbc
Clustering evaluation value: 0.4921321519817748

========== Cluster 0 ==========

Base classifier: GaussianNB()

Selected Features: [ 77 100 185 191 177 148  60 211 220 189  33  62 121 190 178 156 102  72
  35 106   5 126 105 143  10  55 215  63   3  86 138  90 167 210  34 115
 212   0  36 159 166 188  75 141 214 110 150 104 131  67 195  47 118  87
  50  39 171 204  83  61  94 219 127  57  81 221 125  66   8 165  19  44
 223 128  43  30 175 155  48  38 179  15  88  74 134  32 176 137 224 173
 206 108  97 123  80  37   4 200 160 183 161  23 197  18  42  45 101  96
  49 192 129 133 130 158 157 154 132 135 142 139 136 140 153 151 149 147
 146 145 144 182 181 213 216 222 218 205 207 201 202 203 199 196 198 194
 217 208 209 193 152 186 187 180 184 168 169 170 172 174 164 162 163  64
  65  69  68  70  71  79  73  78  76  93  92  95  85  84  82  91]

Labels: [0 0 0 1 1 0 0 1 0 0 0 0 1 0 0 1 0 0 0 1 0 0 1 0 1 1 0 1 0 0 0 1 0 0 1 0 0
 0 0 0 1 0 0 0 1 1 1 0 0 1 1 0 0 0 0 0 0 0 1 0 0 0 0 0 1 1 0 0 0 0 0 0]

========== Cluster 1 ==========

Base classifier: GaussianNB()

Selected Features: [155  53  23   7  34 135 154 173  15 108  97  63 164 161 103  76 148 176
 204  91   0 222 121  43  39 145 198 179 140  31  18   3  99  90 127  68
  64  36 210 109  59 138 133  28 117 105 169 142  73 216 191 130 126  32
  69   8  84 143   9  24 196 177  86  78  77  62 208  38 152 205 188 124
 195 106  75 174 213 212 110  19 139  57 125 144  21 206 182 134   4 194
 131 166 156  72 215  56 185  22  10  33 199 129 180 221  70 163 159 158
 151 149 147 162 184 128 132 137 136 141 150 146 157 153 170 171 172 165
 167 160 192 209 211 214 223 220 219 218 217 200 201 202 203 207 197 193
 224 178 181 183 190 189 187 186 175 168  96 101]

Labels: [0 0 0 0 1 0 0 0 0 0 0 0 0 0 0 0 0 0 0 0 0 1 1 1 0 0 0 0 0 1 0 0 1 1 0 0 1
 0 0 0 0 0 0 0 0 0 1 0 1 1 0 0 0 0 0 0 1 0 0 1 0 0 1 0 0 0 0 1 0 0 0 0 0 0
 0 0 0 0 0 0 1 0 1 1 1 1 0 0 0 0 0 0 0 0 0]

========== Cluster 2 ==========

Base classifier: GaussianNB()

Selected Features: [152  48 196 170  61 186 197 187  98 146   3 140 165 175 223 218  29  60
  81 119 158  43 145 189 162 108 205  24  75 101 222 120  55 138  12 198
  22 212 172  74 214  16  56 134 179  83  47  57  97 135 147  90  38 128
 107 105  17 103  23  28  50  80  36  62  84 115  45 195 202 166 199  99
 220 210  87  93 136 209 171 219 216 213  18 169   9 149  64 100  71 224
 124  63 173 154 190  91 133  15  65  37 113  69 153  78 141 156 215  39
 114  92 150 151 157 129 130 131 132 143 142 139 137 148 155 159 167 164
 163 161 160 185 201 203 217 208 211 221 206 200 194 193 204 207 192 144
 188 176 177 178 180 182 181 183 184 191 174 168 111  96 102 106 126  67
  66  70  68  76  77  73  72  79  89  94  95  88  86  85  82 112 118 117
 116 125 123 122 121 127 104]

Labels: [0 1 1 1 0 1 0 0 1 0 0 0 0 1 1 0 0 0 1 1 0 0 1 0 0 0 1 0 1 0 0 0 1 0 0 0 0
 0 0 0 0 0 1 0 0 1 1 0 0 0 0 0 1 1 0 0 0 0 0 1 0 1 0 0 1 0 0 0 1 0 1 0 0 0
 0 0 1 1 1 1]

========== Cluster 3 ==========

Base classifier: GaussianNB()

Selected Features: [ 98  24 131 198  29  62 161 200 140   3 137 152 204  37  93  22   5 150
 211  40   2  17 215 116  28  74  43 219   8 109  12 218 134 101  89  64
   4  70 136 110  36 141 130 128  65 133 214 168 169 171  32  76 197 176
 135  57   0  88  35  33  69 212 142  96   6 170  63 194 120  87   1 220
 222 183  54  48  85  78 165 126 153 182 124 125 107 108 190 114  72  95
 132  92  68 167  94 174  86 159  97  19  56  90  99 162  61 191 149 129
 139 147 143 138 187 177 178 179 180 181 157 156 158 155 154 151 148 145
 146 144 160 189 209 210 213 221 205 206 207 201 202 203 199 224 216 223
 217 208 195 193 192 196 186 185 184]

Labels: [1 0 0 1 0 0 0 0 1 1 0 0 0 0 0 0 0 1 1 1 0 0 0 0 0 0 0 0 1 0 0 0 0 0 1 0 0
 0 0 0 1 0 0 0 0 1 0 0 0 1 0 1 1 1 0 0 1 0 0 1 1 0 0 0 0 0 0 0 0 1 0 0 1 0
 0 1 0 0 0 0 0 1 0 1 1 1 0 1 0 0 0]

========== Cluster 4 ==========

Base classifier: GaussianNB()

Selected Features: [218 186  94 109 209  97 183 215  46 100 105 154  87  68 191 157 181  65
 148 216 189 146 199 156  34 158 176 133 125 200 106 164  49 178  90  59
   3 173  28 192 206  20 143  45  22 104  32 155 144  23 127 161 130 126
   1 172  60  27  29 101 116 221  26  13  89 128  35  63  62 211  12 177
  61 153 139 108 196  50 185 202  67  31  51 114 115 201  40 220   9 166
 180 168   4  56  85 174 123  92 112 171 159 119 169 204 162  18  39 179
  14 190 160  37 134  75  76 135 131 129 138 137 136 142 141 152 132 140
 195 194 193 208 210 213 212 214 222 219 217 203 223 224 151 149 150 147
 145 182 188 187 175 170 167 165 184 163 205 207 198 197 124 118 113  64
  66  70  69  71  74  73  72  79  78  77  84  83  82  81  80  95  93  91
  88  86 122 121]

Labels: [0 0 0 0 1 0 0 1 0 0 1 0 0 0 1 0 0 0 0 0 1 0 1 0 0 0 1 1 1 0 0 0 0 1 0 0 1
 0 0 1 1 0 0 0 0 0 1 1 0 0 0 0 1 0 1 0 1 0 0 0 0 0 0 0 1 0 1 0 0 1 0 0 1 1
 1 0 0 0 1 0 1 1 0 0 0 0 0 0 0 0 0 1 0 1 1]

========== Cluster 5 ==========

Base classifier: GaussianNB()

Selected Features: [180  49 160  81  57  30  63 198  16 147  69   1 223 103   8 177 200 135
 138 163 215 209 144 102  70 108 121  36 173 154 125 212 109 106  12 210
 168 222  96 159  42  83  43 110 162  14 213 137   0 203 166 100   2  20
 136  92 176  34  85 172 216 181 120 126 201  73 174 184  67  41  77  86
   9 187  65  13 123  93 114 113 214   7  91 139 129 119  97  88 211  71
  87  45 224 185  28 157 151 219  56 193  94  79 112  68 207 170 153  89
  22 142 195  64 161  78 146  32 196 190  37 124  51 132 169  38 155 152
 140 143 141 202 206 205 208 220 221 218 217 197 204 158 156 148 149 150
 145 179 178 182 183 188 189 191 186 171 164 167 175 165 199 194 192 128
 130 131 133 134  76  82  84  66  75  74  72 104]

Labels: [0 0 0 0 1 0 1 1 1 0 1 0 0 1 0 1 0 0 1 0 0 0 0 0 0 1 0 0 1 0 1 0 0 1 0 1 0
 1 0 0 1 1 0 0 0 1 0 1 0 1 0 1 1 1 0 0 1 0 1 0 0 1 1 1 1 0 0 0 1 0 0 0 0 0
 0 0 0 0 0 0 0 0 0 0 1 0 0 0 0]

========== Cluster 6 ==========

Base classifier: GaussianNB()

Selected Features: [108 215   3 205 100  17  56 147 156 217 207  64  73  51  84   0  41 200
 114  29 115 216 164 124 177 109  12 119 199 123  47 182 201  75 163   5
  93 221 179  25 151 209  21  20 198  96  30 187  19 152  54  45 153 128
 194  10 178  67 142  88 213 214 220  66 158 129 121 144  13  23 181 211
 210  82  27  71  26 133  35  78  97 118 131  62 138  36 141 120 117 212
 185 171  59  89 136  16 111  63  74 188 105 140 135 134 132 130 154 159
 150 148 149 146 145 157 180 183 175 172 143 139 137 155 169 166 167 165
 162 161 160 189 190 186 191 184 176 218 204 203 202 206 197 196 195 193
 192 223 224 208 219 222 170 173 174 168  98 102 101  99 112 116 113  65
  70  69  68  76  77  79  72  91  90  86  87  85  83  81  80  95  92  94
 122 125]

Labels: [0 1 0 0 0 1 1 1 0 0 1 1 1 0 0 0 0 0 0 0 0 1 0 0 0 1 0 0 1 0 0 0 0 0 0 0 1
 0 0 0 1 0 1 0 0 1 0 0 0 0 0 0 0 1 1 0 0 0 0 0 1 0 0 1 0 0 1 0 0 1 0 0 0 0
 0 0 0 0 1 0 0 1 1 0 0 0 1 0 1 0 0 0 1 0 1 1]

========== Cluster 7 ==========

Base classifier: GaussianNB()

Selected Features: [102 160  18  59 203 194 202  33 217 168 220  58 167  74 177 183 113 206
  61 179  50 141  45 112  49  90 135 216  65  17  57  56 128 114 121 110
 178 139  98  48 111 120 166 143 204  35  27 221   3 134  44 209 165  54
 126 140  24 187 136 214 147  78  10 172  25  94 137  63 196 144  19 124
  41 100 118 101  12 169  69 215 151 108  14   5 149  83 190 131 163  26
 156 130 218  23 193 192 195 129 132 133 138 142 159 158 157 152 153 154
 155 148 150 146 145 176 182 181 180 188 186 185 184 171 170 174 173 175
 164 162 161 191 189 211 212 213 222 205 207 200 201 198 199 197 224 219
 223 208 210  99 103  96  97 115 109 104 119 117 116 125 127 122 123  64
  66  67  68  71  70  73  72  79  77  75  76  84  82  81  80  95  89]

Labels: [1 0 0 1 0 0 0 1 0 0 0 0 0 1 0 1 0 1 1 0 1 1 0 0 0 0 0 0 0 0 0 0 0 1 0 0 0
 0 0 0 0 0 1 0 1 0 0 0 0 0 0 1 1 0 0 0 0 1 0 1 0 0 1 0 1 0 0 0 0 1 0 1 1 0
 0 1 1 0 0 0 1 0 0 0 0 1 0 0 0 0 0 0 1 0 0 1]

========== Cluster 8 ==========

Base classifier: GaussianNB()

Selected Features: [  3 143 153 157 215 199  84  30  22 100 206  65  89  40 188 155  70 119
 124  68   8 223  62  23 135  58  41  21 158 159 111 222 186 110 167 178
 209  66  44 177 216  64 210  88  74  32 166  82 180  46  79 219   5  27
 204 120 145  91 163  37  43  33  51  57  55 224  36 164 156 165 198 101
 218  72  29  86 176  16 194 190  49 171 148 112  71  28 132  99 189  92
 138  56  81 137 184 114 195  17  80 213 113 142 200 217 191 181  45   0
 185 182 161 160 151 128 129 130 131 133 134 139 136 141 140 150 162 173
 197 193 192 201 211 208 212 220 221 214 207 196 202 203 205 149 147 146
 144 154 152 170 172 174 179 187 183 168 169 175  97  96 122 121 123  67
  69  75  78  76  77  73]

Labels: [0 0 0 0 0 0 0 1 0 1 0 0 0 0 0 1 1 0 0 0 0 1 1 0 1 0 1 0 0 0 1 0 1 0 1 0 1
 1 1 0 0 0 0 0 1 1 0 1 0 0 0 0 0 1 0 1 0 0 1 1 1 0 0 0 1 0 1 1 0 0 1 0 0 0
 0 1 1 0 0 0 0 0 1 0 0 0 0 0 1 1 1 1]

========== Cluster 9 ==========

Base classifier: GaussianNB()

Selected Features: [  3   9  58 166 165 152 177 179  94 115 106 211 163 214  91 212 128 150
  52  69 181 209  73 175 199 187 127  77 149   8  28  90 112 143   1 180
 196  23   0 191 138  37 124  53 218  30 103 188  42  96 158 118 148  60
 178 144  98 146 192 215 176  92 129  13  11  87 219  10  36  44 126 107
  14 222 167 203  80 117  26  16 116  49 207  65  64 120 113  72  27 119
 162  25  20  34  47 208  99 195  63 221  55 132 139 135 133 131 130 134
 156 159 151 147 145 157 155 154 153 189 186 137 136 142 141 140 171 172
 164 161 160 184 185 183 182 190 223 205 206 200 201 202 204 197 198 194
 224 210 213 217 216 220 193 173 174 168 169 170 102  97 114 122 121  67
  66  70  68  71  78  74  75  79  76  85  86  84  83  82  81  95]

Labels: [0 1 1 0 0 0 1 0 0 0 0 0 0 1 1 0 1 1 0 0 0 0 1 0 0 0 0 0 1 0 1 0 1 0 1 0 0
 1 0 0 0 0 1 0 0 0 0 1 0 1 0 1 1 0 0 0 0 1 0 1 0 0 1 0 1 0 0 0 0 0 0 0 1 0
 1 0 0 0 0 0 1 0 0 0 0 1 0 0 1 0 0 0 0 1]

