Clustering algorithm selected: kmeans
=====================================

Clustering evaluation metric: rand
Clustering evaluation value: 0.04570003341696041

========== Cluster 0 ==========

Base classifier: LogisticRegression()

Minority Class: 1

Selected Features: [17 16  3  0 20 18 11  1 12  4  9  6  5  8  7 13 15 14]

Labels: [2 0 0 0 0 0 2 2 0 2 2 2 0 0 1 0 0 2 0 0 2 2 2 0 0 2 1 2 0 0 2 2 2 0 0 0 0
 0 0 0 0 2 0 0 0 2 2 0 0 0 2 0 0 0 2 0 0 0 2 2 0 0 0 0 2 2 1 0 0 1 2 0 0 1
 0 2 2 0 0 0 0 0 0 0 0 0 2 0 0 0 0 2 2 0 2 0 0 0 0 0 0 2 0 2 0 2 2 2 1 0 2
 0 1 2 2 2 0 0 2 0 0 0 2 0 2 0 2 0 2 1 2 1 1 0 0 0 2 0 2 0 0 0 1 0 2 0 2 2
 1 0 0 0 2 1 2 1 2 2 0 0 2 2 2 1 2 2 2 0 0 2 1 0 2 2 2 0 0 0 2 1 0 0 0 0 0
 0 1 0 2 1 0 1 0 2 2 0 2 1 2 2 0 0 0 0 0 2 0 0 2 2 2 0 2 2 0 1 2 0 2 0 0 0
 1 2 0 1 0 0 2 0 2 1 2 2 2 2 2 2 2 2 2 1 1 1 1 1 0 2 0 0 0 2 0 2 0 1 0 2 0
 2 0 0 0 0 0 0 2 0 2 0 2 1 0 0 0 0 0 2 0 0 0 0 0 2 0 1 1 2 2 2 2 0 2 0 2 0
 0 0 1 0 0 0 2 0 2 0 2 2 2 0 0 2 0 0 2 0 2 0 1 1 2 2 0 0 0 0 0 2 0 0 2 0 0
 2 0 1 2 2 2 0 2 2 2 1 0 0 0 1 0 2 0 0 0 0 2 0 0 0 0 0 2 0 0 2 2 2 0 2 2 0
 0 2 0 0 0 1 0 2 2 1 0 0 0 0 2 1 0 2 2 2 0 1 0 0 2 0 2 0 1 0 0 0 0 1 1 0 2
 1 0 2 0 0 2 0 2 0 0 2 0 2 2 0 2 1 0 2 2 0 1 0 2 0 1 0 2 0 0 0 0 0 0 0 0 0
 0 1 2 1 2 2 0 0 2 0 2 0 2 1 0 0 0 0 0 0 0 0 0 2 2 0 2 0 2 0 2 1 1 2 0 0 2
 1 0 0 0 0 1 2 0 1 1 0 2 0 2 2 0 2 1 0 2 0 0 0 0 1 2 0 1 0 2 0 0 0 0 2 2 2
 2 1 1 2 0 2 0 1 0 0 2 2 2 2 0 0 2 0 2 0 2 0 1 0 0 2 2 0 2 0 0 1 0 2 2 0 0
 2 2 2 0 0 2 0 0 0 0 0 2 0 0 1 0 0 2 1 0 2 0 2 2 1 2 0 0 0 0 2 0 2 0 0 1 1
 2 0 2 1 2 0 0 2 2 2 0 2 2 0 0 2 2 0 0 1 2 0 0 2 2 1 2 0 0 2 2 1 1 2 2 1 2
 1 2 1 0 0 1 2 2 0 0 2 0 1 0 2 2 0 2 0 1 0 2 0 0 0 0 0 0 0 1 0 0 0 0 2 0 2
 0 1 1 2 0 2 0 2 0 0 0 2 1 2 2 0 0 0 0 0 2 1 2 2 0 2 2 0 0 2 0 0 2 2 0 2 0
 2 0 2 1 1 0 0 0 2]

========== Cluster 1 ==========

Base classifier: LogisticRegression()

Minority Class: 0

Selected Features: [17  0 14 10  6  3  9 20 18 16  5 12  7 19 11 15  4 13]

Labels: [1 1 1 0 1 2 0 1 0 1 0 1 1 1 2 2 0 0 0 2 1 1 1 1 0 1 2 0 1 2 2 1 0 1 1 1 2
 2 1 1 0 0 0 0 0 1 0 2 1 0 1 2 0 0 1 0 0 1 2 2 1 1 1 2 2 1 2 0 0 2 0 2 2 2
 1 1 2 0 1 0 0 1 1 0 0 0 0 2 1 0 1 0 2 1 1 0 0 0 2 1 1 1 1 1 2 1 1 2 2 1 2
 2 1 1 2 2 0 2 2 0 0 2 1 2 2 1 0 1 1 2 1 1 2 2 1 0 1 2 0 0 1 1 1 1 2 2 0 0
 1 0 1 2 2 2 2 2 0 2 0 2 0 0 2 2 2 0 0 1 1 1 1 0 2 2 1 0 1 2 0 0 1 0 0 2 2
 0 2 1 0 2 1 1 0 1 0 0 0 1 1 1 2 2 2 1 1 1 1 1 1 2 1 0 2 2 2 2 1 1 2 0 1 2
 1 2 0 1 0 0 0 2 0 1 1 1 2 1 2 0 0 0 1 2 0 1 1 0 0 0 1 2 0 0 2 1 1 0 1 0 0
 0 1 0 0 0 0 1 2 0 2 2 0 0 1 2 2 1 0 0 0 0 2 1 2 0 1 1 2 2 1 2 1 2 1 0 2 2
 2 2 2 0 2 0 0 0 0 1 0 2 0 1 0 0 2 2 1 2 0 2 2 1 2 2 0 1 0 2 2 2 0 0 0 2 1
 1 0 0 0 1 2 2 0 0 0 1 1 2 2 2 2 2 2 1 1 0 2 2 1 1 2 1 2 1 0 1 0 1 0 2 1 1
 0 0 2 2 1 1 2 2 2 1 2 2 2 2 2 1 0 1 2 2 2 1 0 0 2 2 2 2 0 2 1 2 1 0 0 1 1
 2 0 2 0 1 1 1 1 1 1 2 0 0 2 2 2 2 0 2 2 0 1 2 1 0 1 0 1 0 0 1 0 2 0 1 2 2
 0 2 2 2 1 0 2 2 2 1 1 2 1 1 0 1 1 1 1 1 1 1 0 1 2 2 2 0 0 2 2 0 1 1 2 2 1
 1 2 0 2 2 0 1 1 1 1 0 0 0 0 0 2 1 2 1 0 1 0 1 1 2 1 2 0 1 0 1 1 0 2 2 0 0
 0 0 0 0 2 1 0 2 1 1 2 2 1 1 2 1 1 1 2 1 2 0 1 0 1 0 1 0 0 2 1 2 0 2 2 2 1
 2 2 0 2 0 0 1 0 1 0 2 0 2 0 0 1 0 2 0 2 0 2 0 2 0 0 1 0 0 2 1 2 0 2 2 1 0
 1 0 2 2 1 2 2 1 0 1 2 1 1 0 2 2 0 0 0 1 2 0]

