Clustering algorithm selected: fcm
=====================================

Clustering evaluation metric: rand
Clustering evaluation value: 0.03817987769060986

========== Cluster 0 ==========

Base classifier: LogisticRegression()

Minority Class: 1

Selected Features: [17 16 14  4  0 15 11  5 10 19 13 12  9  8  7  6 18  3]

Labels: [0 0 0 0 0 0 0 0 0 0 0 0 0 0 0 0 0 0 0 0 0 0 0 0 2 0 2 0 2 2 2 1 0 2 0 1 2
 2 2 0 0 2 0 0 0 2 0 2 0 2 0 2 1 2 1 1 0 0 0 2 0 2 0 0 0 1 0 2 0 2 1 0 0 0
 2 1 2 1 2 2 0 0 2 2 2 1 2 2 2 0 0 2 1 0 2 2 2 0 0 0 2 1 0 0 0 0 0 0 1 0 2
 1 0 1 0 2 2 0 2 1 2 2 0 0 0 0 0 2 0 0 2 2 2 0 2 2 0 1 2 0 2 0 0 0 1 2 0 1
 0 0 2 0 2 1 2 2 2 0 0 2 0 2 0 0 2 1 2 1 2 0 2 2 1 0 2 0 2 0 1 2 0 2 1 1 2
 0 2 0 0 0 1 2 2 2 1 2 2 2 0 0 2 0 2 2 0 0 0 0 2 2 0 0 1 2 1 2 0 0 2 2 0 1
 0 2 0 0 2 0 0 0 0 2 1 1 0 2 0 0 2 0 0 0 2 0 2 0 1 0 2 0 2 0 0 0 0 0 0 2 0
 2 0 2 1 0 0 0 0 0 2 0 0 0 0 0 2 0 1 1 2 2 2 0 2 0 2 0 0 0 1 0 0 0 2 0 2 0
 2 2 2 0 0 2 0 0 2 0 2 0 1 1 2 2 0 0 0 0 0 2 0 0 2 0 0 2 0 1 2 2 2 0 2 2 2
 1 0 0 0 1 0 0 0 0 0 2 0 0 0 0 0 2 0 0 2 2 2 0 2 2 0 0 2 0 0 1 0 2 2 1 0 0
 0 0 2 1 0 2 2 2 0 1 0 0 2 0 2 0 1 0 0 0 0 1 1 0 2 1 0 2 0 0 2 0 2 0 0 2 0
 2 2 0 2 1 0 2 2 0 1 2 0 1 0 2 0 0 0 0 0 0 0 0 0 0 1 2 1 2 2 0 0 2 0 2 0 2
 1 0 0 0 0 0 0 0 0 0 2 2 0 2 0 2 0 2 1 1 2 0 0 2 1 0 0 0 0 1 2 0 1 0 2 0 2
 2 0 2 1 0 2 0 0 0 0 1 2 0 1 0 2 0 0 0 0 2 2 2 2 1 1 2 0 2 0 1 0 0 2 2 2 2
 0 0 2 0 2 0 2 0 1 0 0 2 2 0 2 0 0 1 0 2 2 0 0 2 2 2 0 0 2 0 0 0 0 0 2 0 0
 1 0 0 2 1 0 2 0 2 2 2 0 0 0 0 2 0 2 0 0 1 1 2 0 2 1 2 0 0 2 2 2 0 2 2 0 0
 2 2 0 0 1 2 0 0 2 2 1 2 0 0 2 2 1 1 2 2 1 2 1 2 1 0 1 2 2 0 0 2 0 1 0 2 0
 2 0 1 0 0 0 0 0 0 0 0 1 0 0 0 0 2 0 2 0 1 1 2 0 2 0 2 0 0 0 2 1 2 2 0 0 0
 0 0 2 1 2 2 0 2 2 0 0 2 0 0 2 2 2 0 2 0 2 1 1 0 0 0 2]

========== Cluster 1 ==========

Base classifier: LogisticRegression()

Minority Class: 1

Selected Features: [17 20  4  6 16  7 18 11  8 15 12 19 14  3  1  2 10  5]

Labels: [1 0 0 0 1 1 0 1 0 0 1 1 0 0 0 0 2 1 0 1 0 2 1 1 0 0 0 2 1 1 1 1 1 2 1 1 2
 2 1 2 2 1 1 2 2 0 2 2 0 0 2 1 2 2 1 0 1 1 2 2 1 1 2 2 1 0 1 2 0 0 1 1 1 1
 2 2 0 0 1 0 1 2 2 2 2 2 0 2 0 2 0 0 2 2 2 0 0 1 1 1 1 0 2 2 1 0 1 2 0 0 1
 0 0 2 2 0 2 1 0 2 1 1 0 1 0 0 0 1 0 1 0 0 1 2 1 1 1 0 2 2 1 2 1 1 2 1 0 1
 1 0 1 1 1 0 0 1 1 1 1 1 1 0 2 2 2 2 2 0 2 0 0 1 0 1 2 0 2 2 1 1 0 1 2 0 0
 2 0 2 0 1 2 0 1 2 0 2 0 0 2 2 2 2 1 0 2 0 0 2 0 2 1 1 1 1 0 2 1 2 1 0 2 2
 2 2 1 1 2 0 1 2 1 2 0 1 0 0 0 2 0 2 1 1 1 2 1 2 0 0 0 1 2 0 1 1 0 0 0 1 2
 0 0 2 1 1 0 1 0 0 0 1 0 0 0 0 1 2 0 2 2 0 0 1 2 2 2 1 0 0 0 0 2 1 2 0 1 1
 2 2 1 2 1 2 1 0 2 2 2 2 2 0 2 0 0 0 0 0 1 0 2 0 1 0 0 2 2 1 2 0 2 2 1 2 2
 0 1 0 2 2 2 0 0 0 2 1 1 0 0 0 1 2 2 0 0 0 0 1 1 2 2 2 2 2 2 1 1 0 2 2 1 1
 2 1 2 1 0 1 0 1 0 2 1 1 0 0 2 2 1 1 2 2 2 1 2 2 2 2 2 1 0 1 2 2 1 2 1 0 0
 2 2 2 2 0 2 1 2 1 0 0 1 1 2 0 2 0 1 1 1 1 1 1 2 0 0 2 2 2 2 0 2 2 0 1 2 1
 0 1 0 1 0 0 1 0 2 0 1 2 2 0 2 2 2 1 0 2 2 2 1 1 2 1 1 0 1 1 1 1 1 1 1 0 1
 2 2 2 0 0 2 2 0 1 1 2 2 1 1 2 0 1 2 2 0 1 1 1 1 0 0 0 0 0 2 1 2 1 0 1 0 1
 1 2 1 2 0 1 0 1 1 0 2 2 0 0 0 0 0 0 2 1 0 2 1 1 2 2 1 1 2 1 1 1 2 1 2 0 1
 0 1 0 1 0 0 2 0 1 2 0 2 2 2 1 2 2 2 0 2 2 0 0 1 0 1 0 2 0 2 0 0 1 0 2 0 2
 0 2 0 2 0 0 1 0 0 2 1 2 0 2 2 1 0 1 0 2 2 1 2 2 1 0 1 2 1 1 0 2 0 2 0 0 0
 1 2 0]

