Clustering algorithm selected: kmeans++
=====================================

Clustering evaluation metric: silhouette
Clustering evaluation value: 0.06533201500653014

========== Cluster 0 ==========

Base classifier: LogisticRegression()

Selected Features: [124 207 200 194  13 107 215 214 210 145 199 195  20   2 137 221 163 169
  69 132  10 125 118   8  11   1 165   3 129 116  95 209  24 188  62 180
 182 121 111  58 187 149 220  55  41 208  64  68 100  31 102  28  97 136
 190 198 109  15 128 113  37 223  81 152  76  35 151 218 177 219 126   5
  49  57  52  48 184 123  56  34 204  21 150 154  16  53 104  54 206  91
 105  99  26 172  19  83  96  92 106 217 158 161 135  82  65  61 130 211
  59 131 134 201  84  46  63  70  60  66  71  67 224  51  29   4   6   7
   9  12  14  17  18  22  23  25  27  30  50  32  33  36  73  38  39  40
  42  43  44  45  47  72 112  74 179 176 175 174 173 171 170 168 167 166
 164 162 160 159 157 156 178 181  75 183 222 216 213 212 205 203 202 197
 196 193 192 191 189 186 185 155 153 148 147 103 101  98  94]

Labels: [0 0 0 0 1 1 0 1 0 0 0 0 0 1 0 1 0 1 0 0 1 0 0 0 1 0 0 1 0 0 1 1 0 0 1 1 1
 0 0 0 1 0 0 1 0 0 0 0 0 1 0 1 1 1 0 1 0 0 0 1 0 0 0 0 1 1 0 0 1 1 0 0 0 0
 0 0 0 1 1 0 1 0 0 1 0 1 1 1 0 0 0 0 0 0 0 1 1 1 1 0 1 0 0 0 0 0 0 0 1 0 0
 1 1 1 1 1 0 1 0 0 1 0 0 0 1 1 0 1 1 0 1 1 1 0 0 1 0 0 0 0 0 1 0 0 1 1 1 0
 0 0 0 0 0 1 1 0 1 1 0 0 1 1 0 1 0 0 1 1 0 1 1 0 0 1 1 0 0 0 0 1 0 0 0 1 0
 1 0 1 1 1 0 0 0 0 1 1 0 1 1 0 1 0 0 0 0 1 0 1 0 0 1 1 0 1]

========== Cluster 1 ==========

Base classifier: RandomForestClassifier()

Selected Features: [  3 105 145 192 153 210 190  96  14 223 160  78 146 161  41 191 130 200
 179 215  63  91 221  74  23 180 107 154 198 137 169 155  97  16  25  40
  35  24  50  87  39  36 106 103 222  61  67  45 164 124  81  21  56  75
 135 142 220 126   7  11  93 101 193   2 159  99   9 134 108  48 208  37
 196 116  34  13 131  49 148  71 219  89 143  31  19  66  29  47 189 117
 156 111  92 163 138 218  77 157 211  68  18  76   0  86  32 166  58   1
  70   4  42  79  72  20  22  26  73  69  38  27  28  30  33  43  44  59
  53  60  10  57  55  62  64   8  65  17  52  12  51  15   6  46   5  54
 224  80  82 185 184 183 182 181 178 177 176 175 174 173 172 171 170 168
 167 165 186 187 188 206 217 216]

Labels: [1 0 0 0 0 1 0 1 1 0 0 0 0 0 0 0 1 1 1 0 0 1 0 0 0 0 0 1 0 0 0 1 1 0 1 0 0
 0 0 1 1 0 0 0 1 1 1 1 0 0 0 1 1 0 0 0 1 0 0 0 0 1 1 0 0 0 1 1 0 0 0 0 0 0
 1 0 0 1 1 0 0 0 1 1 1 1 0 1 0 0 0 0 1 0 0 1 0 0 1 0 1 0 0 1 0 0 0 1 1 0 1
 0 1 0 0 0 0 0 0 0 0 1 0 0 1 0 0 1 1 1 0 0 0 0 1 0 0 0 0 0 0 1 0 1 0 0 0 0
 0 0 0 1 1 1 0 0 1 0 0 0 0 0 0 0 0 0 1 1 0 1 0 1 1 0 1 0 1 0 0 0 1 1 0 0 0
 1 1 1 0 1 0 0 1 0 1 1 0 0 0 0 0 1 0 0 0 1 0 0 1 1 0 1 0 0 0 1 1 0 0 0 0 0
 0 0 0 0 0 0 1 0 1 0 0 0 0 0 0 1 0 0 0 0 0 0 0 0 0 1 0 1 0 1 1 1 0 1 1 0 0
 1 0 0 0 0 1 0 0 0 0 1 0 0 0 1 0 0 0 1 0 0 0 0 1 0 0 0 1 1 0 0 0 0 0 0 1 0
 0 0 1 0 0 1 0 0 0 0 0 0 0 1 0 0 1 0 0 1 1 0 0 0 0 0 0 0 0 1 0 0 0 0 1 0 1
 0 0 1 0 0 0 1 0 0 0 0 1 0 1 1 0 1 1 0 0 1 0 1 0 1 1 1 0 1 0 1 1 0 0 1 0 1
 0]

========== Cluster 2 ==========

Base classifier: LogisticRegression()

Selected Features: [ 94   9 156 207 206  88  30   3 213 210  82 162 106  18 158  41 109   1
 214 137  63 119  43  90 175 104  24  60 161 166  29 126 223 203  36 220
 133  85  75 141 111  76  53  27  93 163  96 149  86 169  10 148  34   4
 151 135 218 200   7 168  70 208  83  99 159 138 130 121 150  17   6 125
  25 198 174 173 188 140 212 124 128 211 215 145 179  11 172 164 209   5
   8 219  65  77  91 152 222  20 216  51 116  38  40 193 108 114 103 107
  95  59  69  66  58  67  61  57  64  62  68 224  56  55   2  12  13  14
  15  16  19  21  22  23  26  28  31  32  33  35  72  37  39  42  44  45
  46  47  48  49  50  52  54  71 112  73  74 184 183 182 181 180 178 177
 176 171]

Labels: [0 0 0 0 0 1 0 0 0 0 0 0 1 0 0 0 0 1 0 0 1 0 0 0 1 0 0 1 0 0 0 0 0 0 0 0 0
 0 1 1 0 0 0 0 1 0 0 0 0 1 0 0 0 0 0 0 0 0 0 0 0 1 0 0 1 0 0 0 0 1 0 1 0 0
 0 0 0 0 0 0 1 0 0 1 0 0 1 0 0 0 0 1 0 0 0 0 0 0 0 0 0 0 0 0 1 0 0 0 0 0 0
 0 0 0 0 0 0 0 0 1 0 1 1 0 0 1 1 1 0 0 1 1 0 0 1 0 0 0 0 0 0 0 0 0 0 0 0 0
 0 1 0 0 0 0 0 0 0 1 1 0 0 1 1 0 0 1 0 1 0 0 0 1 1 0 0 0 0 0 0 0 0 0 0 1 0
 0 0 1 0 0 0 0 0 1 0 1 0 0 0 0 0 0 0 0 0 0 0 0 0 0 0 1 0 0 0 0 0 1 0 0 0 0
 0 0 0 1 1 0 1 0 0 0 0 0 0 0 0 1 1 0 1 0 0 0 1 0 0 1 0 0 0 0 0 0 0 0 1 0 0
 0 0 0 0 0 0 0 0 0 0 0 0 1 0 0 0 0 1 0 1 0 0 0 0 0 1 1 0 1 0 0 0 0 0 0 1 0
 1 0 0 0 0 0 0 0 0 0 0 0 0 0 0 0 0 1 0]

