Clustering algorithm selected: fcm
=====================================

Clustering evaluation metric: dbc
Clustering evaluation value: 0.13594331893945935

========== Cluster 0 ==========

Base classifier: KNeighborsClassifier()

Minority Class: 1

Selected Features: [0 1 2 3 4 5 6 7]

Labels: [1 1 0 0 0 1 0 1 0 0 1 1 0 1 1 1 1 0 0 1 1 1 1 0 0 0 0 1 0 1 0 1 0 1 1 1 1
 0 0 0 0 0 1 1 0 0 1 1 1 0 0 1 1 0 0 1 0 0 1 0 1 1 1 1 1 0 0 0 0 1 0 0 0 1
 1 0 1 0 1 1 1 0 1 0 0 0 1 1 1 0 1 0 0 0 0 1 1 1 0 0 0 1 0 0 0 0 0 0 1 1 1
 1 0 1 1 0 1 1 1 0 1 1 0 1 0 1 1 0 0 0 0 1 1 0 1 0 1 0 0 0 1 1 1 1 0 0 0 0
 1 0 1 0 0 0 1 0 1 1 1 1 0 1 0 1 1 1 0 1 0 1 0 1 0 0 0 0 1 1 1 0 0 1 1 1 1
 0 1 1 0 0 0 0 0 1 1 0 1 0 1 0 1 1 0 1 1 1 1 1 0 1 0 0 1 0 1 1 1 0 1 1 1 0
 1 0 0 0 0 1 0 1 1 0 0 1 1 0 1 0 0 0 0 0 1 0 0 1 1 1 1 1 1 1 0 0 0 0 1 0 1
 0 0 0 0 1 0 1 0 0 1 1 1 1 0 0 0 1 0 0 0 1 1 0 0 1 1 1 1 0 1 0 1 0 1 1 1 0
 0 0 0 1 0 1 1 1 0 1 0 0 1 0 1 0 0 1 0 1 0 0]

Synthetic samples indexes: [  0   7  10  14  15  16  19  20  22  29  31  33  34  35  36  43  48  55
  62  64  78  79  80  82  90  95 101 108 110 116 125 136 142 154 157 158
 159 161 163 167 177 178 183 184 187 198 204 206 207 209 212 214 215 220
 227 246 251 258 263 269 270 280 283 285 292 293 294 303 308 313 315]

========== Cluster 1 ==========

Base classifier: LogisticRegression()

Minority Class: 1

Selected Features: [0 1 2 3 4 5 6 7]

Labels: [0 0 0 1 0 0 1 1 1 0 0 1 1 1 0 1 1 1 0 0 0 1 0 0 1 0 0 0 1 1 0 0 1 0 1 0 0
 0 1 1 0 0 1 0 1 1 0 1 1 1 0 1 1 0 0 0 0 0 1 1 1 1 0 0 1 0 0 1 1 1 0 0 0 0
 0 1 1 1 1 0 0 0 0 1 1 1 0 1 1 0 0 0 1 1 0 1 1 1 0 0 1 0 1 0 0 0 1 0 1 0 1
 1 1 1 1 0 0 1 1 1 1 1 1 1 0 1 1 1 1 1 0 0 0 1 1 1 1 1 1 1 1 0 0 1 0 0 0 1
 0 1 0 0 0 1 0 0 1 0 1 1 0 1 1 1 0 0 0 0 0 1 0 1 0 0 1 1 0 0 0 0 1 1 1 1 1
 1 1 0 0 0 0 0 0 0 0 0 1 1 1 0 0 0 0 0 1 1]

Synthetic samples indexes: [  6  34  39  42  44  45  49  52  59  60  77 102 122 134 137 138 158 161
 162 174 183]

========== Cluster 2 ==========

Base classifier: KNeighborsClassifier()

Minority Class: 1

Selected Features: [0 1 2 3 4 5 6 7]

Labels: [0 1 0 0 0 0 1 1 1 1 1 1 0 0 1 1 0 0 0 0 0 0 1 1 1 0 1 0 0 1 0 1 0 1 0 0 0
 0 1 0 0 1 0 1 1 1 1 0 1 0 1 1 0 1 0 0 0 1 1 0 0 1 1 1 1 0 1 1 0 0 0 1 1 1
 1 0 0 0 0 1 0 0 0 0 1 0 1 0 1 1 1 0 0 1 0 1 0 0 1 0 0 0 1 1 1 1 0 0 1 0 1
 1 1 0 1 1 1 1 1 0 0 0 1 1 1 1 0 1 1 0 1 1 0 1 1 0 1 1 1 1 0 0 0 1 1 1 0 0
 0 0 1 1 0 0 0 1 1 0 0 1 1 0 1 0 0 0 1 0 0 1 0 0 1 0 0 1 0 1 1 1 0 0 1 1 1
 0 0 0 0 0 1 0 1 0 1 1 0 0 0 0 1 0 0 0 1 1 0 1 1 1 0 1 1 0 1 0 1 1 0 0 1 0
 0 0 0 0 1 1 1 1 1 0 0 0 1 0 0 0 1 0 0 1 0 0 1 0 0 1 1 0 1 0 1 1 0 1 0 0 1
 1 1 1 1 1 1 1 1 0 1 0 1 1 1 0 1 0 1 1 0 0 0 0 1 0 1 1 1 1 0 1 0 0 0 0 0 1
 1 1 1 0 0 0 0 0 0 1 1 0 0 0 0 1 0 0 1 1 1 1 0 1 0 1 1 0 1 1 0 1 1 0 1 1 0
 1 0 0 0 0 0 0 0 1 1 1 1 1 0 0 1 0 0 1 0 1 0 1 1 1 0 1 0 1 1 1 0 0 1 1 0 1
 0 0 1 0 0 1]

Synthetic samples indexes: [  7   8  11  15  23  26  33  41  43  44  50  51  53  57  58  61  62  64
  67  71  73  84  88  89  90  93  98 108 111 112 114 116 118 122 124 125
 127 128 131 133 143 144 145 150 151 155 160 162 169 172 182 183 184 190
 194 204 205 207 209 214 216 217 220 226 227 229 230 234 238 241 244 247
 248 250 255 259 260 261 262 263 264 265 270 271 272 277 282 285 289 295
 296 297 298 305 311 314 315 316 317 321 328 331 341 342 343 345 348 351
 353 355 357 359 361 363 367 369 375]

