Clustering algorithm selected: kmeans++
=====================================

Clustering evaluation metric: dbc
Clustering evaluation value: 0.13626587522496392

========== Cluster 0 ==========

Base classifier: GradientBoostingClassifier(learning_rate=0.7138861960748363, max_depth=1,
                           min_samples_leaf=8, min_samples_split=6,
                           n_estimators=81)

Minority Class: 1

Selected Features: [0 1 2 3 4 5 6 7 8]

Labels: [0 0 2 1 0 2 2 1 0 0 1 1 2 2 0 2 1 0 0 0 1 0 2 0 0 0 0 1 0 1 2 0 0 2 0 0 0
 0 2 1 0 1 0 0 0 1 0 0 0 1 0 2 2 1 0 2 0 1 2 0 0 0 0 1 0 0 1 2 1 1 1 2 0 1
 0 0 2 0 2 2 1 0 1 0 0 1 2 2 2 0 0 0 2 2 0 2 2 0 1 1 0 1 0 2 0 0 0 1 2 2 2
 2 0 0 0 1 1 0 2 1 1 0 2 2 0 0 2 2 2 0 1 2 2 0 0 0 0 0 2 0 2 2 2 0 1 2 1 0
 0 2 0 1 2 0 2 1 0 2 2 2 2 0 2 0 0 0 1 1 0 1 2 0 0 0 0 0 2 0 1 2 0 1 2 0 0
 1 0 0 0 1 0 0 2 1 2 0 0 0 1 2 1 1 1 2 0 2 0 0 0 2 0 0 0 2 2 0 1 0 2 2 0 0
 0 1 2 2 0 0 0 1 2 0 1 1 2 0 2 0 0 2 2 0 1 0 2 0 0 2 2 0 1 2 1 0 1 0 0 2 0
 0 1 0 2 0 2 2 1 1 1 0 0 2 2 0 1 1 0 1 0 1 0 0 1 1 2 2 2 1 2 1 0 0 0 2 2 0
 0 2 2 1 0 1 0 1 0 2 0 0 0 1 2 0 1 2 2 0 0 0 1 2 1 1 1 0 1 1 0 0 0]

========== Cluster 1 ==========

Base classifier: GradientBoostingClassifier(learning_rate=0.22452592931275295, max_depth=2,
                           min_samples_leaf=5, min_samples_split=9,
                           n_estimators=363)

Minority Class: 1

Selected Features: [0 1 2 3 4 5 6 7 8]

Labels: [2 0 0 0 2 2 2 2 1 0 0 2 2 2 2 2 1 0 2 0 0 0 0 0 0 2 0 0 2 2 0 0 2 0 0 2 0
 0 0 2 2 0 0 0 2 0 0 1 0 0 2 1 2 0 0 0 0 0 0 0 0 0 2 2 0 0 0 2 0 2 0 2 2 2
 1 0 2 0 1 2 2 0 0 0 2 2 1 0 2 2 1 0 0 0 2 0 2 0 0 1 1 2 2 1 0 0 2 2 1 2 0
 0 2 2 2 2 2 0 0 2 0 2 2 0 2 0 0 0 0 0 2 1 0 0 2 1 2 2 0 0 0 2 0 0 2 2 2 2
 0 0 1 2 0 0 2 0 0 0 2 1 2 2 2 0 2 0 2 0 1 1 0 2 1 0 2 1 2 0 1 1 2 0 2 0 0
 2 2 1 2 2 0 0 0 2 2 2 1 2 0 0 1 0 2 0 0 0 0 1 1 2 0 0 2 0 0 2 1 0 0 0 0 0
 0 0 2 1 0 0 0 0 2 0 0 0 0 2 0 1 2 2 2 2 0 2 0 2 0 1 0 0 2 2 0 2 2 0 2 0 0
 2 0 0 2 1 2 0 2 0 2 0 0 2 2 2 2 0 0 0 0 0 0 0 0 0 0 2 2 0 2 2 2 0 2 2 2 0
 0 1 0 1 2 1 0 0 0 2 1 0 2 2 2 0 1 0 0 2 2 0 1 0 0 0 0 1 1 0 0 2 1 0 2 0 2
 0 2 0 0 2 0 2 0 1 0 2 2 0 2 0 1 2 0 2 0 0 0 0 0 0 0 0 0 2 2 2 0 0 0 0 0 0
 0 2 2 2 1 2 0 2 0 0 0 1 2 0 1 2 2 0 2 2 0 0 2 0 2 0 0 1 0 2 0 0 2 2 2 0 2
 0 1 0 0 2 2 0 0 2 0 2 2 0 0 0 2 2 2 0 0 2 2 0 0 2 2 2 0 0 2 0 0 0 0 1 0 1
 0 0 0 1 0 2 0 2 2 1 2 0 0 2 0 0 1 1 2 1 2 1 0 0 2 2 0 2 2 0 0 2 2 0 0 2 0
 2 2 2 2 2 2 2 0 0 2 0]

========== Cluster 2 ==========

Base classifier: RandomForestClassifier(max_depth=7, min_samples_leaf=9, min_samples_split=4,
                       n_estimators=116)

Minority Class: 1

Selected Features: [0 1 2 3 4 5 6 7 8]

Labels: [1 1 1 0 2 1 0 0 0 0 1 0 1 0 0 1 1 2 0 0 0 2 0 1 0 1 0 1 2 0 2 1 1 1 2 2 1
 1 0 0 0 0 0 0 0 2 1 1 0 1 1 2 2 1 1 2 1 2 2 2 0 2 2 2 1 2 0 0 2 1 0 0 2 0
 1 0 2 1 1 0 0 2 1 1 0 0 1 1 2 1 2 1 2 2 2 1 1 2 1 0 2 2 0 0 2 1 2 2 1 2 2
 1 1 2 2 1 1 2 0 0 2 1 1 1 2 0 2 1 0 0 2 1 2 2 2 0 2 0 0 2 2 1 1 0 1 0 1 2
 0 1 0 0 1 2 0 2 0 0 2 1 1 1 0 2 1 0 0 0 1 0 0 1 2 1 1 1 2 2 2 1 1 1 2 0 1
 1 1 0 1 1 1 1 2 2 2 1 0 0 1 0 1 2 2 0 2 2 1 0 1 2 2 0 0 2 0 1 2 0 1 2 0 2
 0 0 0 2 1 2 2 1 0 2 0 0 2 0 2 1 0 1 0 2 0 2 1 1 2 2 1 2 1 2 0 0 0 0 0 2 1
 1 2 1 0 0 1 2 0 1 0 0 0 1 2 0 1 1 0 0 0 0 2 0 1 2 0 0 0 1 2 0 2 1 2 1 2 2
 0 0 0 0 0 2 1 2 0 0 1 2 2 0 1 2 2 2 0 2 2 0 0 0 0 2 0 1 0 2 2 1 2 2 0 1 2
 2 0 2 1 0 1 2 2 0 1 0 0 1 2 2 2 1 2 2 1 0 2 0 1 1 2 1 1 0 1 0 0 1 0 2 1 1
 0 0 2 1 2 1 1 2 2 1 2 2 2 2 0 0 1 2 1 2 1 2 2 2 2 1 2 2 1 0 0 1 1 0 0 2 0
 1 1 1 1 1 2 2 2 2 2 2 0 2 2 1 0 0 2 0 2 2 0 2 0 1 2 0 0 2 1 1 1 1 1 1 1 1
 1 1 0 2 2 2 1 1 2 2 1 2 2 2 0 1 0 1 0 0 2 1 0 1 0 1 2 2 0 1 0 1 1 0 2 2 0
 0 0 0 2 1 0 2 2 1 0 1 2 2 2 1 1 2 2 0 0 0 0 2 0]

