Clustering algorithm selected: kmeans++
=====================================

Clustering evaluation metric: dbc
Clustering evaluation value: 0.1315988451024222

========== Cluster 0 ==========

Base classifier: RandomForestClassifier(max_depth=7, min_samples_leaf=3, min_samples_split=5,
                       n_estimators=185)

Minority Class: 1

Selected Features: [0 1 2 3 4 5 6 7 8]

Labels: [0 0 2 1 0 2 2 0 0 1 2 2 0 1 0 0 0 1 0 2 0 1 0 1 2 0 0 2 0 0 0 0 0 0 0 1 0
 0 1 0 2 2 1 0 0 1 2 0 0 0 1 0 0 1 2 1 1 2 1 0 2 2 2 1 0 1 2 2 2 0 0 0 2 2
 0 2 0 1 0 2 2 2 1 1 0 1 2 0 2 1 0 2 2 2 0 2 0 0 1 0 1 2 0 0 0 0 0 2 0 1 2
 0 2 0 0 1 0 0 0 1 0 0 2 1 0 0 0 1 2 1 1 1 2 0 2 0 0 0 2 0 0 0 2 0 1 0 2 0
 0 1 2 2 0 0 0 2 0 0 1 1 2 0 0 0 2 0 0 2 0 0 0 1 2 1 0 1 0 0 2 0 0 0 0 2 2
 1 1 1 2 2 0 1 0 0 0 0 1 2 2 0 0 0 2 0 0 1 1 0 1 2 0 0 0 1 2 0 1 2 0 0 0 1
 2 1 1 0 1 1 1 1 1 0 2 0 1 2 1 0 2 2 0 0 0 1 0 2 0 2 2 0 0 2 0 2 0 0 2 2 0
 2 0 0 1]

========== Cluster 1 ==========

Base classifier: RandomForestClassifier(max_depth=9, min_samples_leaf=2, min_samples_split=7,
                       n_estimators=477)

Minority Class: 1

Selected Features: [0 1 2 3 4 5 6 7 8]

Labels: [2 0 0 1 1 0 0 2 2 1 0 2 2 2 0 0 1 0 0 0 2 1 0 1 2 2 2 2 0 0 2 1 0 2 0 1 1
 0 1 2 0 0 0 0 0 2 0 2 0 1 0 2 2 1 0 1 2 2 1 1 0 0 0 2 0 0 0 0 0 2 1 2 0 0
 0 0 2 2 1 0 0 0 1 2 1 1 2 0 0 1 2 2 0 0 2 1 2 2 0 0 0 2 0 2 2 0 1 0 0 2 0
 0 0 2 2 2 0 1 0 0 0 0 2 0 2 0 2 2 2 1 2 0 0 2 1 1 0 0 2 0 2 1 2 1 0 1 0 0
 0 2 1 2 2 1 0 1 2 2 2 2 1 2 1 0 2 1 0 0 0 0 2 2 0 1 2 0 2 2 0 1 1 2 1 2 1
 0 2 0 2 2 2 1 2 2 0 0 2 2 2 0 2 0 2 1 2 0 0 2 1 0 2 2 2 2 1 0 0 2 1 2 2 0
 2 0 0 0 2 0 0 0 0 2 2 1 0 2 0 2 1 1 0 2 1 2 1 0 0 1 0 0 2 0 0 2 0 2 0 1 2
 2 0 2 0 2 0 1 2 0 0 0 0 2 0 2 0 0 1 1 0 2 1 0 2 0 1 1 2 2 2 2 1 2 2 2 2 1
 1 1 1 1 0 2 0 0 2 1 0 0 0 0 2 0 1 0 0 1 2 2 1 0 2 1 2 0 2 0 0 0 0 0 2 0 0
 0 0 0 0 2 0 1 2 2 2 1 2 2 2 0 2 0 2 0 1 0 0 2 0 0 2 0 1 2 2 2 0 2 0 0 2 1
 0 0 0 1 0 0 2 1 2 0 1 0 0 0 2 0 2 0 0 2 0 0 2 2 0 0 2 1 2 2 0 2 1 0 2 0 0
 0 0 0 0 0 0 0 2 0 1 2 0 0 0 0 1 2 2 2 0 0 2 2 1 2 2 0 2 2 2 2 0 0 2 2 0 1
 0 0 1 0 2 0 2 1 1 0 0 0 0 2 1 0 2 2 2 0 1 0 0 2 2 0 1 2 0 0 0 2 1 0 1 1 0
 2 0 1 0 2 1 2 0 2 0 2 0 0 2 0 2 0 2 0 2 0 1 0 0 2 0 2 0 2 0 1 1 2 2 0 0 0
 0 0 0 0 2 0 0 1 2 2 2 0 2 0 2 1 2 1 2 1 0 0 1 0 0 0 0 2 1 0 1 0 0 2 0 0 2
 2 2 1 2 1 2 1 2 0 2 2 2 2 0 0 0 0 1 2 0 1 0 1 2 2 2 2 0 2 2 0 0 2 1 2 2 0
 0 0 1 0 2 1 0 1 1 2 0 0 0 2 0 1 2 1 2 1 1 2 0 1 2 2 2 0 2 1 0 0 2 2 0 2 2
 2 0 0 2 0 2 0 0 2 2 0 2 2 0 0 0 2 2 2 0 2 1 2 0 0 2 1 0 1 2 2 0 0 2 2 0 0
 2 1 1 1 1 1 0 0 0 1 0 0 1 2 2 0 1 0 0 2 0 1 1 2 1 0 1 2 2 0 2 2 1 2 2 0 2
 1 0 1 0 0 0 2 0 0 1 1 2 1 0 1 1 2 2 1 0 0 0 2 2 1 0 0 1 2 0 2 0 0 2 0 0 0
 2 2 2 0 0 1 2 0 0 2 2 2 2 2 2 2 2 1 1 2 1 2 2 2 0 2 0 1 1 0 0 2 2 0 0 1 1
 2 2 0 0 2 2 2 0 2 0 2 0 1 0 0 0 0 0 0 0 0 0 0 1 0 1 0 0 1 0 0 2 0 2 2 2 0
 0 1 2 2 0 2 0 0 1 0 0 0 0 2 2 0 2 2 1 2 2 0 1 0 2 2 1 1 2 2 2 0 2 1 1 2 2
 0 0 1 2 2 2 2 0 2 0 1 0 0 2 0]

========== Cluster 2 ==========

Base classifier: AdaBoostClassifier(learning_rate=0.5269781811618056, n_estimators=354)

Minority Class: 2

Selected Features: [0 1 2 3 4 5 6 7 8]

Labels: [1 0 1 0 1 0 1 2 1 0 0 2 0 0 1 0 0 0 2 2 1 0 2 1 1 0 0 0 0 1 2 0 1 1 2 2 1
 2 2 0 0 2 2 1 1 1 1 1 1 0 0 0 2 0 0 0 0 1 1 0 2 2 1 1 0 1 2 1 1 1 2 2 0 1
 0 0 1 1 1 0 2 0 1 1 1 2 0 2 0 1 2 2 0 2 2 0 0 2 2 2 2 0 1 1 2 2 1 0 0 1 2
 2 1 2 1 2 0 1 0 1 2 1 2 1 2 2 1 2 2 2 1 2 0 1 0 2 0 0 2 2 1 1 1 1 1 0 2 0
 1 2 2 1 1 1 2 2 2 2 0 0 0 2 1 0 2 2 1 0 2 1 0 1 1 1 1 0 2 1 2 2 2 2 0 0 0
 0 1 0 1 0 1 0 0 0 0 1 2]

