Clustering algorithm selected: kmeans++
=====================================

Clustering evaluation metric: dbc_ss
Clustering evaluation value: 0.26590585696557345

========== Cluster 0 ==========

Base classifier: GaussianNB()

Minority Class: 1

Selected Features: [214 224 132  63 152  65   0 119  99   8  84  62 133 191  20  35 212 166
  54 207 146  98  40 197 217  47 107 120  32 175 204  36   3  34 219  21
 183 113 144 205 105 203 206 184 104   2 198 199  28   4  27  68  19 164
 160  80 192  58 116 148  82 138  25   1  60  69  33 173 131 123 168  15
  52 165 221 112  71  81 194 141 108 220  14  18 170 150   6 186 211 124
 159 125 143 215  37  56  96  90  51 180  70  61 188  85  38 200 195 158
 223 189 114  88 137  73  10 187 167  43  59 181 182  44  45  55  57  48
  49  50  42 185  53  46  30  41  39 218 213   5   7 210   9  11  12  13
 209  16  17 208 202 201  22  23  24  26 196  29 222  31 193 190 179 149
  64 127 216 109 110 111 161 115 117 118 157 121 122 156 126 128 106 129
 130 155 154 134]

Labels: [0 0 0 0 0 1 0 0 1 0 0 0 0 0 0 1 0 0 1 0 0 0 0 1 0 0 0 1 0 0 0 1 0 0 1 0 0
 1 0 0 0 0 0 0 0 0 0 1 1 0 0 0 0 1 0 0 0 1 0 0 1 0 0 0 0 1 1 0 0 0 0 0 0 0
 1 1 0 0 1 1 1 0 0 0 0 0 1 1 0 1 0 0 0 1 0 0 0 1 1 0 1 0 0 1 0 0 0 0 1 0 0
 0 0 1 1 0 0 0 1 0 1 0 1 0 0 0 0 0 0 0 0 1 0 0 1 0 0 0 0 1 0 0 0 0 0 1 0 0
 0 0 0 0 0 0 0 0 0 0 1 0 0 0 0 0 0 0 0 0 1 0 0 0 0 0 0 1 0 1 1 0 0 0 1 1 1
 0 0 0 1 1 1 0 0 0 0 1 0 0 1 1 0 0 1 1 1 0 0 0 0 0 0 0 0 0 0 1 1 0 1 0 0 1
 0 0 0 0 0 0 1 0 0 1 0 0 0 0 0 0 0 0 0 0 0 0 0 0 0 0 0 0 0 1 1 0 0 0 0 0 1
 0 0 0 0 0 0 0 0 1 1 0 1 0 1 0 1 0 0 0 0 0 0 1 1 0 1 1 1 0 0 0 1 0 0 1 1 0
 0 0 0 0 0 0 0 1 0 0 0 0 0 0 0 0 0 0 0 0 0 0 0 0 0 0 1 0 0 0 0 1 0 1 0 0 0
 0 0 1 1 0 0 1 0 0 0 0 0 0 0 1 0 1 0 0 1 0 0 0 0 0 0 0 0 1 0 0 0 0 0 0 0 0
 0 0 1 0]

========== Cluster 1 ==========

Base classifier: GaussianNB()

Minority Class: 1

Selected Features: [  3 205  48 191   1  93   9  59 209 176 107 141  83  33  94 132 150 193
 224 214  61 140   2 208   8 204 134   7 215 196   6 213 220 161  18 101
 164 200  44  95 143  29  86  50  30 185 178  43  98 183 202  96  68 216
 113 175  39 111 192 223 165  23  51  41  80  66 142 206  65 154 124 173
  28 184 174 135 129 189 121  92 116 199  24 131 138  11 194  17  71  37
  87 186 153  38 151  15  27 158  78 110 122  72 179 221  56 137 148 109
  64 171 130  32 147  70  57  60  69  67  63  62  58  35  55  54   4   5
  10  12  13  14  16  19  20  21  22  25  26  31  34  74  36  40  42  45
  46  47  49  52  53  73 112  75 181 177 172 170 169 168 167 166 163 162
 160 159 157 156 155 152 180 182  76 187 222 219 218 217 212 211 210 207
 203 201 198 197 195 190 188 149 146 145]

Labels: [1 0 0 0 0 0 0 0 1 0 1 1 1 1 0 0 0 0 0 0 0 0 0 0 1 1 1 0 1 0 0 1 0 0 1 0 0
 0 0 0 1 0 0 0 1 1 0 1 0 0 0 0 1 1 1 0 0 0 0 0 0 1 1 1 0 0 1 1 0 0 0 1 1 0
 1 1 0 0 0 0 0 1 0 1 0 0 1 1 0 0 0 0 0 1 1 0 1 0 0 0 0 0 0 0 0 0 0 1 0 0 0
 1 1 0 0 0 1 0 1 1 1 0 1 0 0 0 1 0 0 1 0 1 1 0 0 0 1 0 0 0 0 0 0 0 0 0 0 0
 0 0 0 1 0 0 0 0 0 0 0 0 0 0 0 1 0 0 1 0 1 0 0 0 1 1 0 1 0 1 0 0 0 0 0 1 1
 1 1 0 0 0 1 0 0 0 1 0 0 1 1 0 0 0 1 1 0 1 0 0 1 0 0 0 0 1 0 0 1 0 1 1 0 1
 0 0 0 0 0 0 0 0 1 0 0 0 1 0 0 1 1 1 0 0 1 1 0 0 0 1 0 0 0 1 0 0 0 0 0 0 0
 1 0 1 0 0 0 0 0 1 0 1 0 0 0 0 1 1 1 1 0 0 0 1 0 0 0 0 1 1 0 1 0 0 0 0 0 0
 0 1 1 1 1 1 1 1 1 1 1 0 1 0 0 0 1 0 0 0 0 0 0 1 0 0 0 0 1 0 1 0 0 0 1 1 0
 0 0 1 0 0 0 1 0 0 0 0 0 0 1 0 0 0 1 0 1 0 1 1 0 1 1 0 1 1 1 0 0 0 0 0 1 0
 0 0 0 0 1 0 0 1 0 0 0 0 1 0 1 0 0 0 0 1 1 1 0 0 0 1 0 0 0 0 0 1 0 0 0 1 1
 0 1 0 0 0 0 0 0 0 1 0 0 0 1 1 1 0 0 0 0 0 1 0 0 1 0 0 1 0 0 0 0 0 0 1 0 1
 0 1 0 0 0 1 1 1 0 0 0 0 0 0 0 0 1 1 0 1 1 0 0 0 0 0 1 0 1 0 0 0 1 0 0 1 0
 1 0 1 0 0 0 1 0 1 1 0 0 1 1 1 0 0 0 1 0 1 0 1 0 0 1 1 0 1 0 1 1 0 0 1 1 0
 1 0 1 1 1 0 1 0]

