Clustering algorithm selected: kmeans++
=====================================

Clustering evaluation metric: dbc
Clustering evaluation value: 0.47494521850793864

========== Cluster 0 ==========

Base classifier: GaussianNB()

Minority Class: 1

Selected Features: [  3 204 215  44 143 175 122   6  53  89 206 201   1 129  67 176 141 209
 186 138 220   8 214 167  73  16 145  65  13  39   0 172  84 151 183 146
 205  75  90 217 121  41 159 111 162 128 104 154   5 112 171  72 181 156
  50 195  14  42  70  58 210 179 158 200  71 132  92 142 203  32 166 184
 140 139  81  43 212 197 188 211   4  99  60 157 134 160 109 185  20 178
  86   7  56 118  88  34 147 155  18 165  64  96 117  37 199 150  38 190
 174   9 125  98 168 196 130 131 133 137 136 135 216 208 213 202 207 198
 194 193 192 221 224 222 223 218 219 148 144 152 149 153 170 169 164 163
 161 177 180 173 187 189 191 182 100  97 102 101 113 120 123 124 127  66
  68  69  79  76  77  78  74  91  95  94  87  85  83  82  80  93 114 115]

Labels: [0 1 1 1 0 0 1 0 0 0 1 0 0 1 0 1 1 0 1 0 1 0 0 1 0 0 1 0 1 0 0 1 0 1 1 0 0
 0 1 0 0 0 0 0 1 1 0 1 1 0 0 0 1 1 0 0 1 0 0 0 0 0 0 0 1 1 1 1 1 1 1 0 1 0
 0 0 1 0 1 0 1 1 0 0 0 1 0 0 0 1 1 1 1 0 0 1 1 0 1 0 1 1 1 0 0 0 1 0 0 0 1
 1 0 1 1 0 1 1 0 1 0 1 1 0 1 1 1 0 1 0 1 0 0 0 0 1 0 1 1 0 0 1 1 0 0 0 1 0
 0 0 0 0 1 0 0 0 0 1 1 0 0 1 1 1 1 0 0 0 0 1 1 0 0 0 1 0 1 0 0 1 1 0 1 1 1
 0 0 1 1 1 1 1 1 0 1 0 0 1 0 1 0 1 0 1 0 1 0 1 0 0 1 0 1 0 1 1 1 0 1 1 1 1
 1 0 1 1 0 1 0 1 1 1 1 1 1 1 1 1 1 0 0 0 1 1 1 0 1 1 1 0 0 1 1 1 0 0 0 0 0
 0 1 1 0 1 0 0 1 1 0 0 1 0 1 0 0 0 0 1 0 1 1 1 0 0 0 0 0 1 0 1 0 0 1 0 1 0
 0 0 1 1 1 1 1 1 1 0 1 1 1 0 0 1 1 1]

Synthetic samples indexes: [  3  10  13  15  18  23  26  34  44  47  66  67  70  89  90  92  98 102
 111 114 116 121 125 126 130 138 146 152 161 169 176 182 189 201 203 220
 221 222 227 232 233 243 251 252 260 261 263 266 270 272 277 279 300 301
 303 304 307 311]

========== Cluster 1 ==========

Base classifier: GaussianNB()

Minority Class: 1

Selected Features: [216 214   3 215   0 217 219 220   6   8 143 170 135  54 134 138  35 224
 209 137 111 140   5  15 141 131 159 205  46  86 173  16 201 144 153  95
 136 164 161  92 212  40 204 113 128  21  22 133  74 162 168  53  23 206
  12  38  19 184 152  34 210 129 223  13   1  44   7 109 211 167 126  31
  64 139  32 120  11 218 130  65  84 192  33  67 169  30 165 149  56 121
 147 203  24 166 127 117  39 175  99 150 187 160  75 190  61  17 200 163
  85  47 174 118 151 171 104  20 157 208  50 198   2 155  70  62   4 123
  98  26  66 221 222  97  43  18 146 185  42  90 142 176 158 145 116 186
 181 202 207 213 199 196 195 197 189 188 178 179 180 191 172 194 193 132
 156 154 148 183 182 177  78  69  71  68  87  83  82  81  80  94  93  88
 119 124 125 108 110 105 106 107 103 100 101 102  96 122 115 114 112  76
  77  73  72  79  89  91  58  49  48  59  55]

Labels: [1 1 1 0 1 1 1 0 1 1 1 0 1 0 1 0 0 1 1 0 0 0 0 1 0 1 0 0 1 0 0 1 1 1 0 1 1
 1 1 0 0 1 1 0 1 0 1 0 0 1 1 1 0 1 0 0 1 1 0 1 0 0 0 0 1 1 0 1 1 0 0 0 0 0
 0 0 1 1 1 1 1 0 0 0 1 1 1 0 1 0 1 0 1 0 1 1 1 0 1 0 0 1 0 0 1 0 0 1 0 0 0
 1 0 1 0 1 0 0 1 1 0 0 1 0 0 0 0 1 1 0 1 0 1 1 0 0 0 1 1 0 1 1 0 1 0 1 0 0
 0 1 0 1 0 1 0 0 1 0 1 0 0 1 1 0 0 0 0 0 1 0 0 1 1 0 0 1 0 1 1 0 1 0 0 0 0
 1 0 1 0 1 1 0 1 0 1 0 0 0 0 1 0 0 1 0 0 0 0 0 1 1 0 1 1 0 0 1 1 1 0 0 1 1
 0 1 0 1 1 0 1 1 0 0 0 1 1 0 1 1 1 1 1 1 0 1 1 0 1 1 0 0 1 0 1 0 0 1 1 0 1
 1 0 1 0 1 1 1 1 0 0 0 0 1 0 0 0 0 1 1 0 1 0 0 1 0 0 0 0 0 0 1 1 0 0 1 0 1
 1 1 0 0 1 1 1 0 1 1 0 1 1 1 1 1 1 1 0 1 0 0 0 0 1 1 1 0 0 0 1 1 1 0 1 1 1
 1 1 0 0 1 1 0 1 0 1 1 0 1 0 0 0 0 0 0 0 0 0 1 0 1 1 1 0 0 1 1 0 0 0 0 0 1
 1 1 0 0 0 0 0 1 1 0 0 1 0 0 1 1 0 1 1 1 1 1 1 1 1 1 1 0 0 1 1 0 1 1 0 1 1
 1 1 1 1 0 1 0 0 0 0 0 1 1 0 0 1 0 1 0 1 0 0 1 1 1 0 1 1 1 0 0 1 0 1 0 1 0
 0 0 1 1 1 1 1 1 1 1 0 0 0 1 0 0 1 0 1 0 0 1 0 1 1 0 0 1 0 1 1 0 1 0 1 0 1
 1 0 0 0 1 0 1 0 0 1 0 1 0 0 1 1 1 1 0 0 1 0 0 0 0 0 1 1 1 1 0 0 1 0 1 1 1
 1 1 0 1 1 0 1 1 0 0 1 0 1 0 0 1 0 1 1 0 0 1 1 0 0 1 0 1 1 1 0 0 0 1 0 0 1
 1 1 0 1 1 0 0 0 1 0 0 0 1 1 1 0 0 1 0 0 0 0 1 1 0 1 0 1 0 1 0 0 1 0 0 1 1
 0 1 0 1 0 1 0 0 1 0 0 1 0 0 0 0 0 1 1 1 0 0 1 0 0 1 0 0 1 1 0 0 1 1 0 0 1
 1 1 0 1 1 0 1 0 1 0 1 0 0 1 1 0 1 1 1 1 1 1 1 1 1 0 1 0 1 0 0 1 1 0 1 1 0
 1 0 1 0 0 0 1 0 1 1 1 0 1 0 0 0 1 0 0 0 0 1 1 1 1 1 0 1 1 0 1 1 0 1 0 0 0
 0 1 0 1 0 1 0 0 0 1 1 0 1 1 0 1 0 1 1 1 1 1 0 0 0 0 0 1 0 1 1 1 0 1 0 0 1
 1 1 0 1 0 0 1 1 0 1 0 0 0 0 1 1 1 1 0 1 0 1 1 1 0 0 0 0 0 0 0 0 0 0 1 0 0
 0 0 0 0 1 1 1 0 1 0 0 0 0 0 1 0 1 0 1 1 1 0 0 1 1 1 1 1 1 1 1 1 0 1 1 1 1
 1 1 1 0 0 1 1 0 1 0 1 1 1 1 0 0 1 0 1 1 0 1 0 0 1 0 1 1 0 0 0 0 1 1 1 1 1
 1 1 1 1 0 0 1 0 0 0 1 1 1 0 0 0 0 0 1 0 0 0 1 0 0 1 1 0 1 0 0 1 1 1 0 0 0
 1 0 0 1 1 1 0 0 1 0 0 0 1 1 1 0 0 1 0 0 0 0 0 0 1 0 1 0 0 0 1 0 1 0 0 0 0
 1 1 0 0 0 1 0 0 1 1 0 1 1 0 1 1 1 1 0 1 1]

Synthetic samples indexes: [  0   4   5   6  14  17  18  23  28  31  38  41  42  44  46  49  50  56
  57  64  78  79  80  90  92  94  95  98 107 111 115 118 119 127 130 133
 137 138 140 143 149 151 153 156 162 168 171 175 178 180 185 189 202 208
 209 211 215 217 220 223 226 229 233 234 236 237 238 239 240 243 244 247
 255 258 259 261 263 276 277 279 289 290 293 296 302 305 307 308 309 311
 312 313 315 321 322 326 330 332 334 337 338 340 342 355 357 358 359 363
 369 370 371 377 378 381 384 389 391 392 393 395 396 400 403 405 409 412
 418 422 429 430 431 438 440 450 452 453 462 468 471 473 474 478 480 481
 485 490 492 495 496 497 498 501 508 513 516 517 518 522 525 528 530 535
 536 539 540 546 547 554 556 558 563 567 569 578 580 582 584 590 591 593
 595 600 603 609 610 611 614 621 625 630 632 633 635 637 643 645 646 647
 648 649 651 652 653 657 660 664 666 668 672 674 676 687 688 689 690 693
 696 699 704 706 708 713 715 716 718 721 723 730 732 733 740 741 743 747
 755 757 759 762 763 774 781 782 783 791 793 795 796 800 801 802 805 806
 808 810 811 812 814 816 819 820 822 824 825 826 827 830 832 833 835 841
 846 847 849 850 852 854 857 861 863 869 873 876 879 884 888 891 892 893
 896 900 901 902 912 925 926 930 933 934 939 941 942 945]

