Clustering algorithm selected: kmeans++
=====================================

Clustering evaluation metric: dbc
Clustering evaluation value: 0.4595806229474051

========== Cluster 0 ==========

Base classifier: GaussianNB()

Minority Class: 1

Selected Features: [214 216   8   3 215 146   1 217  37 136 218 200   4 221 204  67 176 201
 141 108 145 144 160 164 224 143  26 137 208  49 205 180  23 113  62 142
 139   5   0  51  10  59 149 138 219  75  65  81  32 122  29 165 155  44
  41 169  20   6 135 188  25 223 103  48   7 206  22  38  14 126 154 220
 179  88 127 159 167 163  53  78 207 104 116  92 187 189  13 185 117 158
 101  27 110 184 119 183  85 147  72 148 152  16 121 133  71  45  97  39
 129 168   2  74  21 174  46  79 131 211  89 210 107 182 161 199 177  87
 181  58 170 151  98  69  43  30 197 209  61  64 115  86 157  73 171 173
 172 191 186 198 196 195 213 222 212 203 202 193 192 194 175 166 162 128
 130 134 132 140 156 153 150 178 190  91  93  84  90  94  95 105 112 118
 114 124 125 123 120 100 106 111 109 102  80  99  96  66  68  70  77  76
  83  82  40  56]

Labels: [1 1 1 1 1 1 0 1 1 1 1 0 1 0 1 1 0 0 1 1 1 1 0 1 1 0 0 1 1 1 1 1 1 1 1 0 0
 1 1 1 0 1 0 1 1 0 1 1 0 1 0 1 0 1 1 1 0 1 1 1 0 0 1 0 1 1 0 1 0 0 0 0 1 0
 0 0 1 0 0 1 0 1 1 0 0 0 0 1 0 0 0 1 0 1 0 0 0 0 1 0 0 1 1 0 0 1 1 0 1 0 1
 0 0 0 0 0 0 0 0 1 0 1 1 0 0 0 0 1 1 1 1 0 0 1 1 1 0 1 0 0 0 0 1 0 0 0 1 0
 0 0 0 1 1 0 1 0 0 0 0 0 1 0 0 1 0 1 0 1 1 0 0 1 0 0 1 1 1 1 0 0 0 1 0 0 1
 1 1 0 1 1 0 1 1 0 1 0 0 0 1 0 0 1 1 0 0 0 0 0 0 1 0 0 1 0 0 1 0 0 1 0 1 0
 1 0 1 0 0 1 0 1 0 1 0 0 0 1 1 0 1 1 0 1 0 1 0 0 1 0 0 1 1 0 1 1 0 0 0 0 1
 1 1 0 0 0 0 0 0 1 0 1 1 0 0 0 0 0 1 1 0 1 1 1 1 0 0 0 1 1 0 0 0 0 0 0 1 1
 1 0 0 0 0 0 0 1 1 1 0 0 1 1 1 1 0 0 0 0 0 0 0 0 1 1 1 1 0 0 1 0 0 0 1 0 0
 0 1 1 0 0 1 0 0 1 1 0 1 0 0 1 0 1 1 0 1 0 0 0 1 0 1 0 1 1 0 0 1 1 0 1 1 1
 1 0 1 0 0 1 0 0 1 1 1 1 1 0 1 1 1 1 0 0 1 1 1 1 0 0 0 1 1 1 1 1 0 1 1 0 0
 1 0 1 1 1 0 0 1 0 0 1 0 1 0 0 1 1 1 0 1 1 1 1 1 0 0 0 1 1 1 1 1 1 0 1 0 1
 0 1 0 1 0 0 1 0 0 0 1 0 1 0 0 0 1 1 0 1 1 1 1 0 1 1 0 0 0 1 1 1 1 0 1 1 1
 0 1 0 0 0 0 0 1 0 0 1 0 1 1 0 1 1 1 0 0 1 1 1 0 0 1 1 0 1 0 1 1 1 0 1 0 0
 0 0 1 1 1 1 0 1 1 1 1 0 1 0 1 1 1 1 0 1 1 0 1 1 1 1 1 0 0 0 0 0 1 1]

Synthetic samples indexes: [  0   1   2   3   4   5   7   9  10  12  14  15  19  20  21  23  24  27
  28  31  33  34  38  39  44  47  51  53  54  55  59  64  65  67  76  79
  81  82  91  98 101 102 105 106 108 110 119 121 127 128 130 133 134 135
 146 151 152 160 163 165 167 171 174 175 181 186 188 189 191 201 209 212
 224 229 231 235 238 241 243 246 252 258 259 260 267 269 270 276 277 279
 280 295 303 304 309 310 311 320 323 326 330 334 335 338 341 344 347 349
 356 360 361 364 365 367 369 370 375 379 381 382 384 385 387 390 391 392
 393 397 399 404 409 411 414 417 424 429 430 434 435 437 441 443 445 447
 450 454 456 460 463 464 466 468 469 474 475 478 479 480 482 488 493 494
 496 497 498 501 502 503 506 507 511 520 521 522 523 525 526 528 530 533
 537 540 541 543 544 550]

========== Cluster 1 ==========

Base classifier: GaussianNB()

Minority Class: 1

Selected Features: [214 215   3   0 216 136 143   1 204 132 128  26 144 188  47 154 195 149
  53  44 134 140 167 145  19  41 125  16 218 173 219 131 153 175 208  87
 199  17 113  40 180 151  82  79 182  95 146  86  84  27 142 177 217 150
 224 205 166 111  21  65 141 209  23  31 137  81 139  34  90   7  77  35
  37  76 135 112  36  39   4 187 183  22  50  51 181 161 104 102 210  25
 170 138 207 189  28 165  99  74  75   6 176 220 152 192   5 147  13 121
 221 194 178  59 193  20 201  38 105 169 163  49  94 103 130 129 206 200
 196 198 197 223 212 133 156 159 158 157 148 155 171 174 172 168 164 162
 160 179 184 185 186 191 190 213 222 211 202 203 115 124 114 120 122  64
  66  67  68  70  69  71  72  78  73  91  92  93  85  83  80  89  88 117
 116 118 119]

Labels: [0 0 0 0 0 0 1 0 1 0 1 0 0 0 0 0 1 0 0 1 0 0 1 0 1 0 0 0 0 0 0 0 0 1 1 1 0
 0 0 1 1 1 1 1 1 1 0 1 0 0 1 0 0 1 0 1 0 0 1 0 0 0 1 0 0 0 1 1 1 0 0 0 0 1
 0 0 0 1 0 0 0 1 1 0 1 1 1 1 0 0 1 0 0 1 0 1 0 0 1 0 1 0 1 0 1 1 1 1 1 0 0
 0 0 0 0 1 1 1 1 1 0 1 0 1 1 1 1 1 0 0 0 1 1 1 0 1 0 1 1 0 0 0 0 1 1 0 1 1
 1 0 1 0 0 1 0 0 1 0 0 1 1 0 0 1 1 0 0 1 0 1 1 0 0 0 1 0 0 1 0 1 0 0 1 0 0
 0 1 0 0 1 1 0 0 0 1 0 1 0 1 0 1 0 1 1 0 1 0 0 1 0 1 1 1 0 1 1 0 1 1 1 0 1
 1 1 1 1 0 1 0 1 1 0 0 0 1 1 1 1 1 0 1 1 1 0 0 1 1 1 0 1 1 0 1 1 1 0 1 1 0
 1 0 1 0 1 0 1 0 1 1 0 1 0 1 0 0 1 1 1 0 0 0 0 0 1 0 0 1 1 0 0 0 0 0 1 0 1
 0 0 1 1 0 0 0 0 1 1 1 0 1 0 1 1 1 1 1 1 0 1 1 0 0 0 0 0 1 0 0 1 1 0 0 1 0
 1 1 0 1 1 0 1 0 1 1 0 0 0 0 1 1 0 1 0 0 0 0 0 1 1 1 0 1 1 1 1 1 1 0 1 1 1
 0 0 1 0 0 1 1 0 1 0 0 1 0 0 0 1 0 0 0 1 1 0 0 1 0 0 1 0 1 0 0 0 1 1 1 1 1
 1 0 0 0 0 1 0 1 0 1 0 0 0 0 0 0 0 0 0 0 1 1 0 1 1 0 1 0 0 0 1 0 0 0 0 0 0
 0 1 1 1 1 0 1 0 1 1 1 0 0 0 0 0 1 1 1 1 1 1 1 1 1 0 0 1 1 1 0 0 0 1 0 0 0
 1 1 0 1 1 0 1 0 0 1 1 0 1 0 1 0 1 0 0 0 0 1 1 1 1 1 0 1 0 0 1 0 1 1 1 1 0
 0 0 1 0 0 1 0 0 1 1 1 1 0 0 1 1 1 1 1 1 0 1 1 0 0 1 1 1 0 1 0 1 0 1 1 1 1
 1 0 1 0 1 1 0 0 1 1 0 0 0 0 0 0 0 1 1 1 1 1 1 0 1 1 1 1 0 0 0 0 1 1 0 1 0
 0 0 1 0 0 1 1 1 1 1 0 1 1 1 0 1 1 0 0 1 1 0 0 1 0 1 0 0 0 0 1 1 1 1 1 0 0
 0 0 0 0 1 0 0 0 1 0 1 1 1 1 1 1 0 1 0 1 1 1 0 1 0 0 1 1 0 1 1 1 0 1 0 1 1
 0 0 1 1 0 1 0 0 1 1 0 0 1 0 1 1 0 0 0 1 1 0 1 0 0 0 1 0 0 1 1 1 1 1 1 0 1
 1 1 0 0 0]

Synthetic samples indexes: [  8  10  16  22  33  42  47  50  53  66  67  77  82  85  86  87  90  95
  98 100 102 104 106 118 119 121 124 131 133 135 137 138 143 146 147 153
 159 160 167 170 174 186 189 196 198 200 205 221 222 223 227 236 237 245
 246 247 249 252 254 257 268 287 299 304 306 312 313 314 315 317 318 324
 327 328 331 333 334 337 339 342 347 350 357 361 364 365 375 381 385 398
 406 427 431 437 447 448 450 452 453 454 460 464 468 471 477 481 482 487
 490 491 493 503 504 505 508 513 514 515 532 533 536 539 540 544 545 547
 549 553 554 555 559 563 564 573 575 576 577 579 580 581 582 587 588 590
 598 600 601 605 607 608 611 612 622 623 624 626 640 642 644 649 655 656
 658 660 662 664 668 680 685 686 695 699 700 702]

