Clustering algorithm selected: kmeans++
=====================================

Clustering evaluation metric: dbc
Clustering evaluation value: 0.45930050306083486

========== Cluster 0 ==========

Base classifier: GaussianNB()

Minority Class: 1

Selected Features: [118 217   4  69 190 146 156  11   0 198  22 143   5  97 191 201  80 166
 105 140  88 223  46  27   8   3  52  14 133  98  99 113 200  56 101  47
 215 188 176 152 168 117 180  30 164  53  82 184 183 173 162 115 216 147
 161  67  71  59 154  64 214 207 167 144 221  16 199  85  51   1 119  37
 211 130 141  42 206 189  90 203   7  68 212  93 196 129  60 210  84 137
 170  62  74 193 111 174  19  58 114 213  44 107  39 104 219  18 209 160
 138 224  32 151  13 125  76  48  41  17 204  33  34  35 182  38 181  40
  36 116 179 185  43 178  45 177 175  49  50 172 171 169  31 186  29 197
 222   2 220 218 208   6 205   9  10 202  12  15  28 195 194 192  20  21
 187  23  24  25  26  55  54  57 165 127 135  89 134  91  92]

Labels: [0 0 0 0 0 1 0 0 1 0 0 0 0 0 0 1 0 0 1 0 0 0 1 0 0 1 0 0 0 1 0 0 1 0 0 1 0
 0 0 0 0 0 0 0 0 1 1 0 0 0 0 1 0 0 0 1 0 0 1 0 0 0 0 1 1 0 0 0 0 0 0 0 1 1
 0 0 1 1 1 0 0 0 0 1 1 0 1 0 1 0 0 1 0 0 0 1 1 0 1 0 0 1 0 0 0 0 1 0 0 0 0
 1 1 0 0 0 1 0 1 0 1 0 0 0 0 0 0 0 0 1 0 0 1 0 0 0 1 0 0 0 0 1 0 0 0 0 0 0
 0 0 0 0 0 1 0 0 0 0 0 0 0 0 0 0 0 0 0 1 0 0 0 0 0 0 0 0 0 0 1 1 0 0 1 1 0
 1 0 1 1 0 0 1 0 0 0 1 1 1 0 0 0 0 0 0 0 0 0 0 1 1 0 1 0 0 1 0 0 0 0 0 0 1
 0 1 0 0 0 0 0 0 0 0 0 0 0 0 0 0 0 0 0 1 1 0 0 0 0 0 1 0 0 0 0 0 0 0 0 1 1
 0 1 0 1 0 1 0 0 0 0 0 0 1 1 0 1 1 1 0 0 0 1 0 0 1 1 0 0 0 0 0 0 0 0 1 0 0
 0 0 0 0 0 0 0 0 0 0 0 0 0 0 0 0 1 0 0 0 0 1 0 1 0 0 0 0 0 1 1 0 0 1 0 0 0
 0 0 0 1 0 1 0 0 0 0 0 0 0 0 0 0 1 0 0 0 0 0 0 0 0 0 0 1 0]

========== Cluster 1 ==========

Base classifier: GaussianNB()

Minority Class: 1

Selected Features: [  3  46  97 201  22 215  98 127 159   8   2   4 118  21  29  16 172  66
  74 104 148 146 189   0 109 121 179 153 128 220  39  47 170 209 101 163
  59 115  49 171   1 133 165 174  79  75  28 219 208 156  18   7 138 217
  90 203  32 196 145 110   9 198 207 122  41 119 162 193 114 212 107  62
 200 188  27  11  88 213  13 113  69 166 191  43  61  99  80  34 106  86
 132  36 158  20  10  67  72 100 105 152 141  95  25 223  23 103 120 140
 123 112   6  42 108 206  81 147 205  51 204 192 214  70 154  89  64  45
  31  50 184  33 183  35 182 175  37  48  44 176  38 181  40 180  30 178
 177 116  26 185 186 222 221 218 216   5 211 210  12  14  15 202  17 199
  19]

Labels: [1 0 0 0 0 0 0 0 1 0 1 1 1 1 0 0 0 0 0 0 0 0 0 0 0 1 1 1 0 1 0 0 0 1 0 0 1
 0 0 0 0 0 1 0 0 0 1 1 0 1 0 0 0 0 1 1 1 0 0 0 0 0 0 1 1 1 0 0 1 1 0 0 0 1
 1 0 1 1 0 0 0 0 0 1 0 1 0 0 1 1 0 0 0 0 0 1 1 0 1 0 0 0 0 0 0 0 0 0 0 1 0
 0 0 1 1 0 0 0 1 0 1 1 1 0 1 0 0 0 1 0 0 1 0 1 1 0 0 0 1 0 0 0 0 0 0 0 0 0
 0 0 0 0 0 0 1 0 0 0 0 0 0 0 0 0 0 0 0 0 1 0 1 0 0 0 1 1 0 1 0 1 0 0 0 0 0
 1 1 1 1 0 0 0 1 0 0 0 1 0 0 1 1 0 0 0 1 1 0 1 0 0 1 0 0 0 0 1 0 0 1 0 0 1
 1 0 1 0 0 0 0 0 0 0 0 0 1 0 0 0 1 0 0 1 1 1 1 1 0 0 0 0 1 1 1 0 1 0 1 0 0
 1 0 1 1 1 0 0 0 0 1 1 0 1 0 0 0 1 0 0 0 1 0 1 1 1 0 0 1 0 0 1 0 1 0 0 1 0
 0 0 1 0 1 0 1 0 0 1 1 0 1 0 0 0 0 1 0 1 0 0 0 1 0 0 0 0 0 0 1 0 0 0 0 1 0
 1 0 0 0 1 1 0 0 0 1 0 0 0 0 1 0 0 0 0 0 0 0 0 1 0 0 0 1 0 1 0 1 1 0 1 1 0
 1 1 1 0 0 0 0 0 1 0 0 0 0 0 1 0 0 1 0 0 0 0 1 0 1 0 0 0 0 1 1 1 0 0 0 1 0
 0 0 0 0 1 0 0 0 1 1 0 1 0 0 0 0 0 0 0 1 0 0 0 1 1 1 0 0 0 0 0 1 0 0 1 0 0
 1 0 0 0 0 0 0 1 0 1 0 1 0 0 0 1 1 1 0 0 0 0 0 0 0 0 1 1 0 1 1 0 0 0 0 0 1
 0 1 0 0 0 1 0 0 1 0 1 0 1 0 0 0 0 1 0 1 1 0 0 1 1 1 1 0 0 0 1 0 1 0 1 0 0
 1 1 0 1 0 1 1 0 0 1 1 0 1 0 1 1 1 0 1 0]

