Clustering algorithm selected: kmeans++
=====================================

Clustering evaluation metric: dbc
Clustering evaluation value: 0.4595877211424027

========== Cluster 0 ==========

Base classifier: SVC(probability=True)

Minority Class: 1

Selected Features: [  3 184  55  65  37 115  88  89 213  23 197 214  43 146 210 119  31 116
 135  52  14 176 145  72  62  59 183 158 167 151 130 156   1 131 147 133
  83 217  30 185  97   0 198 105 121  34 219 154  90 166  10 142 153 212
 181 186 195  20  57  78  95  61  91 113 165 168 150 182  15  75  13 199
 170  80  19 101 193  11 103 122   5  46 196  82 221  70 189 140   8  49
 209  96 111  93 155  73  17  36 201  51  85 172  48 149  29 211 159 137
   6  25  79 200  66  22 220  28]

Labels: [0 0 0 0 0 1 0 0 1 0 0 0 0 0 0 1 0 0 1 0 0 1 0 0 1 0 0 0 1 0 0 1 0 0 1 0 0
 0 0 0 0 0 0 0 1 1 0 0 0 0 1 1 0 0 0 1 0 0 1 0 0 0 0 1 1 0 0 0 0 0 0 0 1 1
 0 0 1 1 1 0 0 0 1 1 0 0 1 0 0 1 0 0 0 1 0 1 0 0 1 0 0 0 0 1 0 0 0 0 0 0 0
 0 0 0 0 1 0 0 0 0 0 0 1 0 1 1 1 0 0 1 1 1 0 0 0 1 1 0 0 0 1 0 0 0 0 0 0 0
 0 0 0 0 0 0 0 0 1 0 0 0 0 0 0 0 0 0 0 1 1 0 1 0 1 0 1 1 0 1 0 0 0 1 1 1 0
 0 0 0 0 0 0 0 0 0 1 1 0 1 0 0 1 0 0 0 0 0 0 1 0 1 0 0 0 0 0 0 0 0 0 0 0 0
 0 0 0 0 1 1 0 0 0 0 0 1 0 0 0 0 0 0 0 1 1 0 1 0 1 0 1 0 0 0 0 0 0 1 1 0 1
 1 1 0 0 0 1 0 0 1 1 0 0 0 0 0 0 0 0 1 0 0 0 0 0 0 0 0 0 0 0 0 0 0 0 0 0 0
 1 0 0 0 0 1 0 1 0 0 0 0 0 1 1 0 0 1 0 0 0 0 0 1 0 1 0 0 0 0 0 0 0 0 0 0 1
 0 0 0 0 0 0 0 0 0 0 1 0]

========== Cluster 1 ==========

Base classifier: LogisticRegression()

Minority Class: 1

Selected Features: [101  11  68 133 104 135 131 192  44 169 158 223  40 214  96  29 176 195
 191 163 182  31  63   0  19 139  69  80  65 204 140   3  64  79   9   1
  26 220 184 117 193   8  66  50  82 108  30 171  97 156 200  51  49 113
 149 127 159 118  83 173 109  25 194 183  13 115  93 224  90 164 174  24
  33  89 197  37  23  59 145 161 212 154  61  46 199 172 136 213  54 102
  74 215   6  98  76 160  85 147 151  20 165 210   4 201 202]

Labels: [1 0 0 0 0 0 0 0 1 0 1 1 1 1 0 0 0 0 0 0 0 0 0 0 0 0 1 1 1 0 1 0 0 0 1 0 0
 1 0 0 0 0 0 1 0 0 0 1 1 0 1 0 0 0 0 1 1 1 0 0 0 0 0 0 1 1 1 0 0 1 1 0 0 0
 1 0 1 1 0 0 0 0 0 1 0 1 0 0 1 1 0 0 0 0 0 1 1 0 1 0 0 0 0 0 0 0 0 0 0 1 0
 0 0 1 1 0 0 0 1 0 1 1 1 0 1 0 0 0 1 0 0 1 0 1 1 0 0 0 1 0 0 0 0 0 0 0 0 0
 0 0 0 0 0 0 0 1 0 0 0 0 0 0 0 0 0 0 0 1 0 0 1 0 1 0 0 0 1 1 1 0 1 0 1 0 0
 0 0 0 1 1 1 1 0 0 0 0 0 0 0 0 1 0 0 0 1 0 0 0 0 0 0 0 1 0 1 0 0 0 0 0 0 0
 1 0 0 0 0 1 1 1 1 0 0 0 1 1 0 0 0 0 0 1 1 0 1 0 0 0 0 0 0 0 1 1 0 0 1 0 0
 1 1 1 1 1 0 1 0 1 0 0 1 0 1 1 1 0 0 0 0 1 1 0 1 0 0 0 1 0 0 0 1 0 0 1 1 1
 0 1 0 1 0 0 1 0 1 0 0 1 0 0 0 0 1 0 1 0 1 0 0 1 1 0 1 0 0 0 0 1 0 1 0 0 0
 1 0 0 0 0 0 0 1 0 0 0 0 1 0 1 0 0 0 1 1 0 0 0 1 0 0 0 0 1 0 0 0 0 0 0 0 0
 0 1 0 0 0 1 0 1 0 1 1 0 1 1 0 1 1 1 0 0 0 0 0 0 1 0 0 0 0 0 1 0 0 1 0 0 0
 0 1 0 1 0 0 0 0 1 1 1 0 0 0 1 0 0 0 0 0 1 0 0 0 1 1 0 1 0 0 0 0 0 0 0 1 0
 0 0 1 1 1 0 0 0 0 0 1 0 0 1 0 0 1 0 0 0 0 0 0 1 0 1 0 1 0 0 0 1 1 1 0 0 0
 0 0 0 0 0 1 1 0 1 1 0 0 0 0 0 1 0 1 0 0 0 1 0 0 1 0 1 0 1 0 0 0 0 0 1 0 1
 1 0 0 1 1 1 1 0 0 0 1 0 1 0 1 0 0 1 1 0 1 0 1 1 0 0 1 1 0 1 0 1 1 1 0 1 0]

