Clustering algorithm selected: kmeans++
=====================================

Clustering evaluation metric: dbc
Clustering evaluation value: 0.4596313989648865

========== Cluster 0 ==========

Base classifier: LogisticRegression()

Minority Class: 1

Selected Features: [  3  97 146  82   8  77  53  16 114 182 201   4 185 144   7 105  58   2
 158 180  76 104 221 132  94 195 193  35 138 205 213 217  17 168  81  41
 218  63 137 211  32  70  46 177 152 150 169 109  48 130 160 159 139  71
  88 101  87  80 118 165 220  23 208  98  13   9  62 209 178 187 170  51
 128 108   1 112 151   6  24  86 214  92 107 164  90  74 161 154  31 111
 155  20 194  64  57 222 190 124  10 210  85  25  99  69  66]

Labels: [0 0 0 0 0 1 0 0 1 0 0 0 0 0 0 1 0 0 1 0 0 0 0 1 0 0 0 1 0 0 0 1 0 0 1 0 0
 1 0 0 0 0 0 0 0 0 0 1 1 0 0 0 0 1 0 0 0 0 0 1 0 0 0 0 1 0 1 0 0 0 0 0 0 0
 0 1 1 0 0 1 1 1 0 0 0 0 0 1 1 0 1 0 0 0 1 0 0 0 1 1 0 1 0 0 1 0 0 0 0 1 0
 0 0 1 1 0 0 0 1 0 1 0 1 0 0 0 0 0 0 0 0 1 0 0 1 0 0 0 0 1 0 0 0 0 0 1 0 0
 0 0 0 0 0 0 0 0 0 0 1 0 0 0 0 0 0 0 0 0 0 1 0 0 0 0 0 0 1 0 1 1 0 0 0 1 1
 1 0 0 0 1 1 1 0 0 0 1 0 0 0 0 0 0 0 0 0 0 0 0 0 0 0 1 0 0 0 0 0 0 0 0 0 0
 0 1 1 0 0 1 1 0 1 0 1 1 0 0 1 0 0 0 1 1 1 0 0 0 0 0 0 0 0 0 0 1 1 0 1 0 0
 1 0 0 0 0 0 0 1 0 1 0 0 0 0 0 0 0 0 0 0 0 0 0 0 0 0 0 0 1 1 0 0 0 0 0 1 0
 0 0 0 0 0 0 0 1 1 0 1 0 1 0 1 0 0 0 0 0 0 1 1 0 1 1 1 0 0 0 1 0 0 1 1 0 0
 0 0 0 0 0 0 0 1 0 0 0 0 0 0 0 0 0 0 0 0 0 0 0 0 0 0 1 0 0 0 0 1 0 1 1 1]

========== Cluster 1 ==========

Base classifier: LogisticRegression()

Minority Class: 1

Selected Features: [  0   3 138  16  71  81   6 111 218 154  70  69  54  64 118 147  36 103
 186 195 166 120 124  44 203  74 143 184 174 130  47  76 200 223 188  80
 214  25 221 107  39  17  83 135   1 127  12  26  77  62  97 108 137  79
 204  89 220  87  41 179  99 176 114  32  37  48  59  56 201 151 192   9
 202  35 122 112 152 191 181  88 126  38  86 206  24 161 113 182  55 119
 101 145  65 222 193  42 146 109 168  72]

Labels: [1 0 0 0 0 0 0 0 1 0 1 1 1 1 0 0 0 0 0 0 0 0 0 0 1 1 1 0 1 0 0 1 0 0 1 0 0
 0 0 0 1 0 0 0 1 1 0 1 0 0 0 0 1 1 1 0 0 0 0 0 0 1 1 1 0 0 1 1 0 0 0 1 1 0
 1 1 0 0 0 1 0 0 1 0 1 0 0 1 1 0 0 0 0 1 1 0 1 0 0 0 0 0 0 0 0 0 0 1 0 0 1
 1 0 0 0 1 0 1 1 1 0 1 0 0 0 1 0 0 1 0 1 1 0 0 0 1 0 0 0 0 0 0 0 0 0 0 0 0
 0 0 1 0 0 0 0 0 0 0 0 0 0 0 1 0 0 1 0 1 0 0 0 1 1 0 1 0 1 0 0 0 0 0 1 1 1
 1 0 0 0 1 0 0 0 0 1 0 0 1 1 0 0 0 1 1 0 1 0 0 1 0 0 0 0 1 0 0 1 0 1 1 0 1
 0 0 0 0 0 0 0 0 1 0 0 0 1 0 0 1 1 1 0 0 1 1 0 0 0 1 0 0 1 0 0 0 0 0 0 0 1
 0 1 0 0 0 0 0 1 0 1 0 0 0 0 1 1 1 1 0 0 0 1 0 0 0 0 0 1 1 0 1 0 0 0 0 0 0
 0 1 1 0 0 1 0 0 1 1 1 1 1 0 1 0 1 0 0 1 0 1 1 1 0 0 0 1 1 0 1 0 0 0 1 0 0
 0 1 0 1 1 1 0 0 1 0 0 1 0 1 0 0 1 0 0 0 1 0 1 0 1 0 0 1 1 0 1 0 0 0 0 1 0
 1 0 0 0 1 0 0 0 0 0 0 1 0 0 0 0 1 0 1 0 0 0 1 1 0 0 0 1 0 0 0 0 1 0 0 0 0
 0 0 0 1 0 0 0 1 0 1 0 1 1 0 1 1 0 1 1 1 0 0 0 0 0 1 0 0 0 0 0 1 0 0 1 0 0
 0 0 1 0 1 0 0 0 0 1 1 1 0 0 0 1 0 0 0 0 0 1 0 0 0 1 1 0 1 0 0 0 0 0 0 0 1
 0 0 0 1 1 1 0 0 0 0 1 0 0 1 0 0 1 0 0 0 0 0 0 1 0 1 0 1 0 0 0 1 1 1 0 0 0
 0 0 0 0 0 1 1 0 1 1 1 1 1]

