Clustering algorithm selected: spectral
=====================================

Clustering evaluation metric: rand
Clustering evaluation value: 0.1365980855524655

========== Cluster 0 ==========

Base classifier: KNeighborsClassifier(n_neighbors=7)

Minority Class: 2

Selected Features: [0 1 2 3 4 5 6 7 8 9]

Labels: [0 0 0 0 1 0 0 0 1 0 0 1 0 0 0 1 1 0 1 0 0 0 0 0 0 0 0 0 0 0 0 0 0 1 0 0 0
 0 0 1 0 0 0 0 0 1 0 1 0 0 2 1 0 0 0 0 0 1 0 0 0 0 0 1 0 1 0 0 0 0 0 0 0 1
 1 1 0 0 0 0 0 0 0 0 0 0 0 0 0 1 0 0 0 0 0 0 0 0 0 0 0 0 0 1 0 0 0 0 0 0 0
 0 0 0 0 0 1 1 0 0 0 1 0 0 0 0 0 0 0 0 0 0 0 0 0 0 0 0 0 0 0 1 0 0 0 1 0 0
 0 0 0 0 0 0 0 0 1 0 0 1 0 0 0 0 0 0 0 0 1 0 0 0 0 0 0 0 0 0 1 0 0 0 0 0 1
 0 0 0 0 0 0 0 0 1 0 0 2 0 0 2 2 2 2 2 2 2 2]

========== Cluster 1 ==========

Base classifier: KNeighborsClassifier(n_neighbors=7)

Minority Class: 1

Selected Features: [0 1 2 3 4 5 6 7 8 9]

Labels: [2 2 2 2 2 2 2 2 2 2 2 2 2 2 0 2 2 2 2 2 2 2 2 2 2 2 2 2 2 2 2 2 2 2 2 2 2
 2 0 2 2 1 0 2 2 1 2 0 2 0 2 2 2 2 2 0 2 2 2 2 2 2 1 0 2 2 2 2 2 2 2 2 2 2
 1 2 2 2 2 2 2 2 2 2 2 2 2 0 1 0 2 2 2 0 2 2 0 2 2 0 2 2 2 1 2 1 2 2 2 2 2
 2 2 2 2 2 2 2 2 2 2 2 2 2 2 2 2 2 2 2 0 2 2 2 2 1 2 2 2 2 2 2 2 2 2 0 2 2
 2 1 1]

========== Cluster 2 ==========

Base classifier: KNeighborsClassifier(n_neighbors=7)

Minority Class: 2

Selected Features: [0 1 2 3 4 5 6 7 8 9]

Labels: [0 1 2 1 2 2 0 2 0 1 1 1 1 0 1 1 1 1 0 0 1 2 0 1 0 0 2 0 0 1 2 0 1 2 2 0 0
 0 0 1 0 1 0 1 2 0 1 0 2 0 1 1 0 0 0 1 1 1 1 1 2 0 2 0 0 1 1 1 1 0 1 0 1 2
 2 1 0 0 0 1 1 2 1 1 2 0 1 1 2 1 2 1 1 2 0 1 0 0 1 0 1 0 2 0 0 0 0 0 0 1 0
 1 0 0 2 0 0 0 1 1 0 0 2 0 0 1 1 2 1 0 1 1 1 1 0 0 1 1 0 1 1 1 1 0 0 0 0 1
 1 1 2 0 1 1 0 0 1 0 0 2 0 1 0 2 1 1 0 1 1 0 0 2 0 1 2 1 1 1 1 2 0 2 1 1 2
 0 2 1 0 0 0 1 0 1 0 1 1 0 0 0 1 2 0 1 0 1 2 0 1 0 1 1 0 2 2 1 0 1 0 1 2 1
 1 0 1 0 1 0 0 2 1 1 1 1 1 2 0 1 1 1 0 1 1 1 0 0 0 1 2 2 0 2 0 0 0 1 1 2 1
 2 0 1 2 1 1 0 2]

========== Cluster 3 ==========

Base classifier: KNeighborsClassifier(n_neighbors=7)

Minority Class: 0

Selected Features: [0 1 2 3 4 5 6 7 8 9]

Labels: [0 0 1 1 1 1 2 2 1 1 1 2 1 2 2 1 2 0 1 1 0 2 2 0 2 0 0 1 0 1 2 1 2 1 1 2 1
 2 2 0 2 0 2 2 1 2 1 1 0 1 2 2]

========== Cluster 4 ==========

Base classifier: KNeighborsClassifier(n_neighbors=7)

Minority Class: 0

Selected Features: [0 1 2 3 4 5 6 7 8 9]

Labels: [2 0 1 0 1 2 2 1 2 2 1 1 2 2 0 2 0 0 1 1 0 0 2 1 0 1 1 0 2 0 0 0 0 0 1 0 2
 1 1 2 0 2 2 1 2 2 2 0 2 2 2 0 1 2 1 1 1 0 1 2 2 1]

========== Cluster 5 ==========

Base classifier: KNeighborsClassifier()

Minority Class: 0

Selected Features: [0 1 2 3 4 5 6 7 8 9]

Labels: [2 1 1 2 1 1 1 1 1 2 1 1 2 0 1 2 1 1 1 2 2 1 2 1 1 1 1 1 1 1 1 1 1 2 2 2 1
 1 2 2 1 1 1 2 1 1 1 1 2 1 1 2 2 2 1 2 1 1 1 1 1 2 1 1 1 1 1 2 1 1 1 1 1 1
 1 1 2 2 1 1 2 2 1 2 2 1 1 1 1 1 1 1 1 1 2 2 2 1 1 1 1 1 2 0 2 1 1 1 2 1 1
 1 1 2 1 1 1 1 1 1 1 1 0 1 0 1 2 1 2 2 1 1 1 1 1 2 1 1 1 1 2 2 2 1 1 1 1 1
 1 1 1 2 1 1 1 1 0 2 2 1 2 1 2 1 2 1 1 1 1 2 1 1 1 1 1 1 1 1 1 1 1 2 1 2 1
 2 1 1 2 2 1 2 2 1 0 0 0 0 0]

========== Cluster 6 ==========

Base classifier: SVC(C=91.35063993130926, gamma=13.370056932844477, probability=True)

Minority Class: 2

Selected Features: [0 1 2 3 4 5 6 7 8 9]

Labels: [1 2 0 0 0 1 2 1 1 2 0 0 0 0 0 0 1 1 0 1 0 2 2 1 2 1 1 1 1 1 1 0 0 1 1 0 1
 0 2 1 1 1 1 1 1 2 2 0 0 2 0 1 1 1 0 1 0 2 0 1 2 1 1 0 2 1 1 1 0 1 1 1 1 1
 1 0 1 1 1 2 2 1 0 1 1 1 1 0 1 1 0 1 1 1 1 0 1 0 0 0 0 1 0 0 0 1 1 0 1 1 1
 1 1 1 0 1 0 1 2 2 0 0 0 1 1 1 0 0 0 0 0 1 0 0 0 0 0 1 1 0 0 1 2 1 1 0 2 1
 0 1 2 1 0 1 2 1 1 1 1 0 1 1 2 1 1 1 2 1 1 0 0 0 0 1 1 1 1 2 0 1 2 1 0 2 0
 1 2 0 1 1 0 0 1 0 1 1 2 1 0 1 2 0 0 2 1 0 1 1 0 1 1 2 1 1 0 1 0 0 0 0 2]

========== Cluster 7 ==========

Base classifier: KNeighborsClassifier(n_neighbors=7)

Minority Class: 1

Selected Features: [0 1 2 3 4 5 6 7 8 9]

Labels: [2 2 2 2 2 2 2 2 0 2 0 0 2 2 0 0 2 2 0 2 2 2 2 2 2 0 1 2 2 1 0 2 2 2 0 0 0
 0 2 0 2 2 2 2 2 2 2 1 0 1 2 0 2 1 2 0 2 2 0 2 2 2 2 2 2 2 2 2 2 2 2 2 2 0
 2 0 2 2 0 2 2 0 2 2 2 2 2 2 2 2 2 2 0 0 2 2 2 2 2 2 2 0 2 2 0 2 2 2 2 0 2
 2 2 1 2 2 1 0 2 2 2 2 0 2 2 2 0 2 0 0 2 2 1 2 2 0 1 2 2 2 2 0 2 0 2 2 2 0
 2 0 2 2 0 0 2 2 2 2 2 2 1 2 2 2 0 2 2 2 2 0 2 2 2 0 0 2 2 2 2 2 2 2 2 2 2
 2 2 0 2 2 2 0 0 2 0 0 2 0 0 1 0 2 0 2 2 2]

