Clustering algorithm selected: kmeans++
=====================================

Clustering evaluation metric: dbc_ss
Clustering evaluation value: 0.1835619518631066

========== Cluster 0 ==========

Base classifier: GaussianNB()

Selected Features: [1 5 7 4 6]

Labels: [0 0 0 0 0 1 0 1 0 0 1 1 0 0 0 0 1 0 1 1 1 1 1 0 0 1 0 0 1 0 0 0 0 0 0 0 0
 0 1 0 1 0 0 0 0 1 0 0 0 1 1 0 0 0 0 0 0 0 0 1 0 0 1 0 0 1 1 0 0 0 0 0 1 0
 0 0 0 0 0 0 1 0 1 0 0 0 0 0 0 1 0 0 0 1 0 0 0 1 0 0 0 1 0 0 0 1 1 0 0 0 0
 1 0 1 1 0 0 0 0 1 0 0 0 0 0 0 1 1 0 0 0 0 0 0 0 0 0 0 0 0 1 0 0 0 1 1 0 1
 0 0 0 0 0 0 0 0 0 0 0 0 0 1 0 0 0 0 0 0 0 0 0 0 0 1 0 0 0 0 0 0 0 0 0 0 0
 1 1 0 0 0 0 0 1 0 1 1 1 0 0 0 0 1 1 1 0 0 0 0 1 1 0 1 1 0 1 0 1 0 0 1 0 1
 0 0 1 0 0 0 0 0 0 1 0 0 0 0 0 0 0 0 1 0 0 1 0 0 0 1 1 1 0 1 0 0 0 1 0 1 0
 0 0 1 1 1 1 1 0 0 0 0 0 1 1 0 0 1 0 0 0 0 0 0 0 1 0 0 0 1 0 1 0 0 0 0 0 0
 0 0 0 0 0 0 0 0 1 0 0 0 0 0 0 0 1 0 0 0 0 1 0 0 0 0 0 1 0 0 0 0 0 1 0 1 1
 0 0 0 0 1 1 0 0 0 1 0 1 0 0 0 0 0 0 0 0 1 0 0 0 0 0 0 0 0 0 0 0 0 1 0 1 0
 0 0 1 0 0 0 0 0 1 0 0 1 0 0 0 1 0 0 0 0 0 1 1 1 0 0 1 0 0 0 1 1 0 0 0 0 0
 0 1 1 0 0 0 0 0 1 0 1 0 0 0 0 1 0 0 0 1 0 1 0 0 0 0 0 0 0 1 1 1 0 1 0 0 0
 1 0 1 0 0 0 0 0 1 0 0 0 0 1 1 1 1 0 0 0 0 0 0 0 0 1 0]

========== Cluster 1 ==========

Base classifier: GaussianNB()

Selected Features: [4 1 7 6 5]

Labels: [0 0 0 0 0 1 0 0 0 0 0 1 1 0 1 1 0 0 0 1 1 0 0 1 1 0 1 1 0 1 1 0 0 0 0 1 1
 1 0 0 0 1 1 1 0 1 0 1 1 1 0 1 1 1 1 1 0 1 0 0 1 0 1 1 1 0 0 1 0 0 1 1 0 1
 0 1 1 1 1 0 0 0 0 0 1 0 1 1 1 1 1 1 1 0 0 1 1 0 0 0 0 0 1 1 0 1 0 0 0 1 0
 1 1 0 1 1 1 1 1 1 1 1 0 1 1 0 0 0 1 0 0 0 1 1 1 1 0 1 0 1 1 1 0 0 0 1 1 1
 1 0 0 1 1 0 0 0 0 0 1 1 0 1 0 1 1 1 1 1 0 0 0 0 0 0 1 0 0 1 0 1 1 1 0 0 0
 1 1 1 1 1 1 0 1 1 1 1 1 1 0 0 0 0 0 1 0 1 1 1 0 1 1 0 0 0 1 1 0 1 1 1]

