Clustering algorithm selected: spectral
=====================================

Clustering evaluation metric: rand
Clustering evaluation value: 0.008074368911324044

========== Cluster 0 ==========

Base classifier: LogisticRegression()

Minority Class: 0

Selected Features: [0 1]

Labels: [1 1 0 1 1 0 0 0 1 1 1 0 0 1 0 1 0 1 1 0 0 1 1 1 1 0 0 1 0 1 1 0 0 0 1 0 1
 1 0 0 1 1 1 1 1 1 0 0 0 0 0 0 1 1 1 0 0 0 1 1 0 0 0 1 1 1 1 0 1 0 1 1 1 1
 1 1 1 0 1 0 0 0 0 1 1 0 1 1 1 1 1 0 1 1 1 0 0 1 0 0 1 1 0 0 0 1 1 1 1 0 0
 1 0 0 1 1 1 1 0 0 1 0 0 0 0 0 1 0 0 0 1 1 0 1 1 0 1 0 1 0 0 1 1 1 0 0 1 1
 1 1 1 1 0 1 1 1 1 1 0 0 0 0 0 0 1 0 0 1 1 0 1 0 0 0 1 0 0 1 0 0 1 1 0 0 0
 1 0 1 0 0 1 1 0 0 1 1 1 1 0 1 1 0 1 0 1 0 0 1 1 1 0 1 1 1 0 1 1 1 1 0 1 0
 1 1 1 1 0 1 1 0 1 0 1 0 1 0 1 0 0 1 0 0 0 0 1 1 1 1 1 0 1 1 1 0 1 1 0 1 0
 0 0 1 1 1 1 1 1 1 1 1 1 0 0 1 0 1 1 1 0 1 0 0 0 1 1 0 1 0 0 1 0 1 1 1 1 0
 1 1 1 0 0 1 0 1 1 0 0 1 0 1 1 0 0 0 1 0 0 1 1 1 0 1 1 0 1 1 1 1 0 1 0 0 1
 1 0 1 0 1 0 0 0 1 0 1 0 0 0]

========== Cluster 1 ==========

Base classifier: LogisticRegression()

Minority Class: 1

Selected Features: [0 1]

Labels: [1 0 0 1 1 1 0 0 0 0 1 1 1 0 1 1 0 0 0 0 1 0 0 1 1 0 0 1 0 1 0 0 0 1 1 0 1
 0 0 0 1 0 0 1 1 1 0 0 1 0 1 0 0 1 0 0 0 0 1 0 1 1 0 0 0 0 0 0 1 1 0 1 0 1
 0 0 1 0 1 0 1 1 1 0 0 0 0 0 0 0 1 1 0 1 1 1 1 1 1 1 0 1 0 0 1 0 0 0 1 0 0
 0 1 0 1 0 0 0 1 0 1 0 0 0 0 0 1 0 0 0 1 1 1 0 0 0 1 1 0 0 1 1 0 0 1 1 0 1
 0 0 1 0 0 0 1 1 0 1 1 1 1 1 0 0 0 0 0 0 0 0 1 1 0 0 1 1 1 1 1 0 0 1 1 0 0
 0 0 0 0 0 1 0 1 1 0 0 0 0 0 1 1 0 0 1 1 1 0 0 0 1 0 0 0 0 1 1 1 1 1 0 0 0
 1 1 1 1 0 1 0 1 0 0 1 1 0 0 0 1 1 1 0 1 1 1 0 1 0 0 0 0 1 0 1 0 0 1 1 0 1
 0 1 1 1 0 1 1 0 0 1 0 0 1 0 1 1 0 1 1 0 1 1 1 0 1 0 1 1 0 0 0 1 0 0 1 0 1
 1 1 0 1 0 1 1 0 1 1 1 0 0 1 1 1 1 1 0 0 0 1 0 0 0 0 0 1 1 0 0 0 0 0 0 0 0
 1 0 1 1 0 0 1 1 0 1 1 0 0 1 0 1 0 0 0 0 1 1 1 1 0 1 1 0 0 0 0 0 1 0 0 1 0
 1 0 1]

