Clustering algorithm selected: spectral
=====================================

Clustering evaluation metric: rand
Clustering evaluation value: 0.1321376704349898

========== Cluster 0 ==========

Base classifier: SVC(probability=True)

Minority Class: 1

Selected Features: [3 0 9 5 2 1 6]

Labels: [0 0 2 2 0 2 2 2 0 0 0 0 2 0 2 2 2 2 0 1 0 2 2 2 0 2 2 2 2 2 1 0 2 0 0 0 0
 2 0 0 2 2 2 1 0 2 0 0 2 2 1 0 2 0 2 2 2 2 2 2 2 2 2 2 2 2 0 2 0 2 0 2 2 0
 2 2 2 2 0 2 2 2 0 0 2 2 2 2 2 2 2 0 2 2 0 2 2 2 2 0 2 2 2 2 1 0 2 2 2 0 2
 2 2 0 0 0 2 0 0 2 2 1 2 2 0 2 2 2 2 0 2 0 2 2 2 0 2 2 0 2 2 2 0 0 2 2 2 2
 0 2 2 1 2 2 0 2 2 2 0 2 2 2 0 0 2 2 2 2 2 2 2 2 2 0 2 2 2 0 0 0 0 2 0 0 2
 0 0 2 1 0 2 0 2 1 1]

========== Cluster 1 ==========

Base classifier: SVC(probability=True)

Minority Class: 2

Selected Features: [1 7 5 4 3 6 8]

Labels: [2 0 2 2 0 0 0 0 1 0 1 0 1 2 0 1 0 2 0 1 0 0 0 2 1 2 0 1 1 2 0 1 1 0 1 1 2
 1 0 1 1 1 1 0 0 1 0 1 1 1 0 1 0 1 0 1 1 0 0 0 1 2 0 1 0 1 1 2 0 0 1 1 1 1
 0 1 0 1 2 2 1 0 0 0 1 1 2 1 1 2 0 1 1 2 1 2 1 1 2 0 1 0 0 1 0 1 0 2 0 0 0
 0 0 1 0 1 0 0 2 0 0 0 1 1 0 0 2 0 0 1 1 2 1 0 1 1 1 1 0 0 1 1 0 1 1 1 0 0
 0 0 1 1 1 2 0 1 1 0 0 1 0 2 0 1 0 2 1 1 0 1 1 0 0 0 2 2 0 1 2 0 1 1 1 1 2
 0 0 2 1 1 2 0 2 1 0 0 0 1 0 1 0 1 1 0 0 0 1 2 1 0 1 0 1 0 2 1 1 0 2 2 1 0
 1 0 1 2 2 1 1 0 1 0 1 0 0 2 1 0 1 1 1 1 2 0 1 1 1 0 1 1 1 0 0 1 2 2 2 0 0
 0 1 1 2 1 2 0 1 2 1 1 0 0 2 2]

========== Cluster 2 ==========

Base classifier: SVC(probability=True)

Minority Class: 0

Selected Features: [4 9 6 5 2 7 8 3]

Labels: [2 0 2 2 2 1 1 1 2 2 1 2 1 2 1 1 1 1 1 2 2 1 1 1 1 1 1 2 1 1 1 2 1 2 1 2 1
 1 1 2 2 1 2 2 1 1 1 2 1 1 1 1 2 1 1 2 2 2 1 2 1 1 1 1 1 2 1 1 1 1 1 2 1 1
 1 1 1 1 1 1 2 2 1 1 2 2 1 2 1 1 1 1 1 1 1 2 1 1 1 2 2 2 1 1 1 1 1 2 0 2 2
 1 1 1 1 1 1 1 2 1 1 1 1 1 1 1 1 1 1 2 0 1 2 1 2 1 1 1 1 1 1 2 1 1 1 1 2 2
 2 1 1 1 1 1 1 1 2 2 1 2 1 1 1 2 2 2 1 0 2 2 2 1 2 1 2 1 2 2 1 1 1 1 2 1 1
 1 1 1 1 1 1 1 1 1 1 2 1 2 1 1 1 2 2 1 2 2 0 0 0 0 0 0]

========== Cluster 3 ==========

Base classifier: SVC(probability=True)

Minority Class: 0

Selected Features: [2 4 5 3 7 9]

Labels: [2 2 1 1 1 2 1 1 0 2 1 2 0 2 1 2 0 1 1 0 2 2 0 2 0 0 1 0 1 2 1 2 1 1 0 2 1
 2 2 0 2 0 2 2 1 2 1 1 0 1 2 2]

========== Cluster 4 ==========

Base classifier: SVC(probability=True)

Minority Class: 2

Selected Features: [9 5 7 2 4 1 6 3]

Labels: [0 0 0 0 0 0 0 0 0 0 0 0 1 0 0 0 0 0 1 0 1 0 0 2 0 1 0 0 0 0 0 1 0 0 0 0 0
 0 0 0 0 0 0 0 1 0 0 0 0 0 1 0 0 1 0 0 0 0 0 0 0 1 1 1 0 0 0 0 0 0 0 0 0 0
 0 0 1 0 0 0 0 0 0 0 0 0 0 0 0 0 1 0 0 0 0 0 0 0 0 0 0 0 0 1 1 0 0 0 1 0 0
 0 0 0 0 0 0 0 0 0 0 0 0 0 0 0 0 0 0 1 0 0 0 0 1 0 0 0 0 0 0 0 0 0 0 1 0 0
 1 0 0 0 0 0 0 0 1 0 0 0 0 0 0 0 0 0 1 0 0 0 0 0 1 0 0 0 0 0 0 0 0 1 0 2 0
 0 2 2 2 2 2 2 2 2]

========== Cluster 5 ==========

Base classifier: GaussianNB()

Minority Class: 1

Selected Features: [1 0 9 7 8 5 3 6]

Labels: [1 2 2 2 2 1 2 0 2 1 2 0 0 0 2 2 0 2 0 0 1 1 0 0 2 1 0 1 1 0 2 0 0 0 0 0 1
 0 2 1 1 2 0 2 2 1 2 2 2 0 2 2 2 0 1 2 1 1 1 0 1 2 2 1]

========== Cluster 6 ==========

Base classifier: SVC(probability=True)

Minority Class: 0

Selected Features: [4 1 0 3 7 9 6]

Labels: [2 2 2 2 2 2 2 2 2 2 2 2 2 2 2 2 2 2 2 2 2 2 2 2 2 2 2 2 2 2 2 2 2 2 2 2 0
 2 2 2 0 0 2 0 1 2 2 2 1 2 2 2 1 2 0 2 2 2 2 2 2 2 2 2 0 2 2 2 2 2 2 2 1 0
 2 2 2 2 2 2 2 2 2 2 2 2 2 2 2 2 1 2 2 2 2 2 2 2 2 2 2 0 2 2 2 2 2 2 2 1 2
 2 2 2 2 2 2 2 2 2 2 2 2 2 2 2 2 2 2 2 2 2 2 2 2 2 2 2 2 2 2 2 0 2 2 2 2 0
 1 1 1 1]

========== Cluster 7 ==========

Base classifier: SVC(probability=True)

Minority Class: 2

Selected Features: [9 1 7 8 0 6 3 5 4]

Labels: [0 0 2 2 1 1 1 0 0 1 1 0 1 0 2 1 1 1 1 1 0 0 1 0 1 1 0 1 2 1 1 1 2 2 2 2 1
 0 1 1 1 1 1 1 2 1 0 1 1 0 2 1 0 1 1 1 1 0 1 0 2 0 1 2 2 1 1 0 2 1 1 1 0 1
 1 1 1 1 1 0 1 1 1 2 2 1 0 1 1 1 1 0 1 1 0 1 1 1 1 0 1 0 0 0 0 1 0 0 0 1 1
 0 1 1 1 1 1 1 1 0 1 0 1 2 2 0 0 0 1 1 1 0 0 0 2 0 1 0 0 0 1 0 0 1 1 0 0 1
 2 1 1 0 2 1 0 1 1 0 1 2 1 1 1 1 0 1 1 2 1 1 1 2 1 1 0 0 0 0 1 1 1 1 2 0 1
 2 1 0 2 0 1 2 0 1 1 0 0 1 0 1 1 2 1 0 1 2 0 0 2 2 1 0 1 1 0 1 1 2 1 1 0 1
 0 0 0 0 2]

