Clustering algorithm selected: spectral
=====================================

Clustering evaluation metric: rand
Clustering evaluation value: 0.14375239142057122

========== Cluster 0 ==========

Base classifier: SVC(probability=True)

Minority Class: 0

Selected Features: [6 4 9 5 8 2 1 7 3]

Labels: [1 2 1 1 2 2 1 1 1 1 2 1 2 1 1 2 0 1 2 2 1 1 1 1 2 2 1 2 1 2 2 1 1 1 1 1 2
 2 1 1 1 1 1 1 1 1 2 2 1 1 1 2 1 2 1 1 1 1 2 2 2 2 2 1 2 1 1 1 1 1 2 1 1 1
 1 1 2 1 1 1 1 1 1 1 1 2 2 1 0 1 2 2 1 1 2 2 1 1 1 1 1 1 1 2 1 1 1 2 2 2 1
 1 1 1 1 2 2 2 1 1 1 2 1 1 1 1 2 1 1 1 1 1 1 1 1 1 2 0 1 2 0 1 2 1 2 2 1 1
 1 1 1 2 1 1 1 1 2 2 2 1 1 1 1 1 1 1 2 1 2 1 1 1 2 0 2 0 2 2 1 2 1 2 1 2 2
 1 1 1 1 1 2 1 1 1 1 1 1 1 1 1 1 1 1 2 1 2 1 2 1 1 2 2 1 2 1 2 0 0 0 0]

========== Cluster 1 ==========

Base classifier: SVC(probability=True)

Minority Class: 1

Selected Features: [7 0 9 1 6 2 3 8]

Labels: [2 2 2 2 2 2 0 0 2 1 0 2 2 0 0 2 2 2 0 2 2 2 0 2 0 2 2 2 2 2 0 0 0 2 0 2 2
 2 2 2 0 1 2 0 2 2 2 0 2 2 0 2 2 1 0 0 2 0 0 2 0 0 2 2 0 1 0 2 0 0 2 2 2 2
 2 2 2 2 0 2 2 0 2 2 2 2 0 2 2 2 2 2 2 2 0 0 2 2 0 2 2 2 2 0 2 2 0 2 2 2 2
 2 0 2 0 2 0 2 1 2 0 0 0 2 0 0 2 2 1 2 2 0 2 2 1 2 2 2 0 2 2 0 2 2 0 2 0 0
 0 2 2 2 2 2 2 0 2 2 2 0 2 0 2 2 2 2 0 2 2 2 0 0 2 2 2 2 2 2 2 2 2 2 2 2 2
 0 0 2 0 0 2 0 0 2 0 0 2 0 2 2 1 1 1]

========== Cluster 2 ==========

Base classifier: GaussianNB()

Minority Class: 0

Selected Features: [1 9 3 4 2 0]

Labels: [0 0 1 1 1 2 2 1 1 1 2 1 1 0 0 2 1 2 0 1 1 0 2 0 2 0 0 1 0 1 2 1 1 1 2 1 2
 2 0 2 0 2 1 2 1 1 0 1 2 2]

========== Cluster 3 ==========

Base classifier: GaussianNB()

Minority Class: 1

Selected Features: [0 1 9 6 3 5 7 8]

Labels: [0 2 2 1 0 0 1 0 2 2 2 0 1 1 2 2 2 2 1 2 0 2 2 0 2 2 0 0 1 2 1 0 1 0 2 0 0
 0 0 0 1 0 2 1 1 2 0 2 2 0 1 2 2 2 2 2 2 1 0 1 2 1 1 0 1 2 2 1]

========== Cluster 4 ==========

Base classifier: SVC(probability=True)

Minority Class: 2

Selected Features: [9 1 3 7 0 6 4 8 5]

Labels: [1 0 0 1 2 1 1 0 0 1 0 0 1 0 0 0 1 1 2 0 1 0 2 1 2 1 2 0 2 1 2 1 1 1 1 1 1
 1 0 1 1 1 0 2 1 0 2 2 1 1 1 1 0 0 1 0 1 1 2 1 0 2 1 1 1 1 2 2 1 1 1 1 1 1
 1 1 1 1 1 1 1 2 2 1 1 0 1 1 1 2 1 2 1 1 1 1 1 0 0 1 1 1 1 0 1 1 1 1 0 0 1
 0 0 0 0 2 1 0 0 2 1 1 1 1 1 1 0 1 1 1 1 1 1 1 1 1 1 0 0 1 1 2 2 0 0 1 2 1
 1 0 0 0 2 0 1 0 0 0 1 0 1 0 1 0 0 1 2 1 2 1 1 0 2 2 1 0 1 1 2 1 0 0 1 2 2
 0 1 1 1 1 1 1 1 0 0 1 1 1 1 2 2 1 1 1 0 1 0 0 1 2 1 1 2 0 1 2 1 0 2 1 1 0
 1 1 1 2 0 0 1 0 1 1 2 1 1 1 0 1 2 1 2 2 1 1 0 1 2 1 0 1 0 1 1 2 1 1 1 0 0
 0 2]

========== Cluster 5 ==========

Base classifier: SVC(probability=True)

Minority Class: 2

Selected Features: [9 7 1 5 4 2 0 8]

Labels: [0 0 0 1 0 0 1 0 0 0 0 1 1 0 1 1 0 0 0 0 0 0 0 0 0 0 0 0 1 0 0 0 0 0 0 1 0
 0 0 0 1 2 0 1 0 0 2 0 1 0 0 0 0 0 0 0 0 0 0 0 0 0 0 0 0 0 0 0 0 0 0 0 0 0
 1 0 0 0 0 0 0 0 0 0 0 0 0 0 1 0 0 0 0 0 0 0 0 0 0 1 1 0 0 0 0 0 0 0 0 0 0
 0 0 0 0 0 0 0 0 0 0 0 0 1 0 0 1 0 0 0 0 0 0 0 0 0 0 1 0 1 0 0 0 0 0 0 0 1
 0 1 0 0 0 0 0 0 0 0 1 0 1 0 0 0 0 0 0 0 0 0 0 0 0 0 0 1 0 2 0 2 2 2 2 2 2
 2]

========== Cluster 6 ==========

Base classifier: SVC(probability=True)

Minority Class: 1

Selected Features: [8 7 5 4 1 2 9 6]

Labels: [2 2 2 2 2 2 2 2 2 2 2 2 2 2 2 2 2 2 2 2 2 2 2 2 2 2 2 2 2 2 2 2 2 2 2 2 2
 2 2 2 2 2 2 2 2 2 2 2 2 1 1 2 2 2 2 2 2 2 2 2 2 0 2 2 1 0 2 2 2 2 2 2 2 2
 2 2 2 2 2 2 2 1 2 1 2 2 2 2 1 2 2 2 1 2 2 2 2 2 2 2 2 2 2 2 2 2 2 2 2 2 2
 2 2 2 2 2 2 2 2 2 2 2 2 2 2 1 2 2 2 1 2 2 2 2 2 2 2 2 2 2 2 2 2 2 0 0 0 0
 0 0 0 0 1]

========== Cluster 7 ==========

Base classifier: SVC(probability=True)

Minority Class: 2

Selected Features: [7 5 2 0 1 6 9 4]

Labels: [0 2 2 1 2 0 0 0 2 0 1 1 1 0 1 1 1 0 0 0 0 1 1 0 0 0 0 1 0 1 2 0 0 0 0 0 0
 2 0 1 0 0 0 1 0 0 0 2 1 2 1 1 2 1 1 0 1 1 0 1 1 1 1 0 0 1 1 0 0 1 0 1 0 0
 0 1 1 0 0 0 0 0 1 1 1 2 1 1 0 1 0 0 0 1 0 2 0 0 0 0 0 0 0 0 2 0 0 1 1 0 0
 0 1 1 0 1 1 1 1 0 0 0 0 2 0 1 0 0 0 0 1 0 1 1 0 0 1 2 0 0 1 0 2 1 1 0 1 0
 0 0 0 0 2 0 0 1 1 1 0 2 1 0 0 0 0 0 1 0 1 0 1 1 0 1 1 0 0 1 1 1 0 0 2 1 0
 1 0 2 1 2 1 0 0 1 0 2 0 0 0 1 1 1 2 0 0 1 1 0 1 0 0 0 1 0 0 0 2 2 1 2 1 0
 1 2 0 1 1 0 0 0 0 0]

