Clustering algorithm selected: spectral
=====================================

Clustering evaluation metric: rand
Clustering evaluation value: 0.1786383525120412

========== Cluster 0 ==========

Base classifier: LogisticRegression()

Minority Class: 1

Selected Features: [1 7 5 4 2 3]

Labels: [0 0 1 0 0 0 1 1 1 0 0 0 0 0 0 1 0 0 0 0 0 1 1 1 0 1 0 0 1 0 1 0 0 1 0 1 0
 1 1 1 0 0 0 0 1 0 0 1 0 0 1 0 0 0 0 0 0 1 0 0 0 0 0 1 0 1 1 0 0 0 0 1 0 0
 0 0 0 1 1 0 1 0 0 0 0 1 1 0 0 1 0 0 1 0 0 0 1 0 0 0 0 0 1 0 0 0 1 0 0 0 0
 0 1 0 0 0 0 0 1 0 0 0 0 0 1 0 0 0 1 0 0 1 1 0 0 1 0 1 0 1 0 0 1 1 0 0 0 0
 0 0 0 1 0 0 0 1 0 0 0 0 0 0 0 1 1 0 0 1 0 0 1 0 0 0 1 0 0 0 0 0 1 0 0 0 0
 0 1 0 1 1 0 0 0 0 1 1 1 0 0 0 1 0 1 0 0 1 0 1 0 0 1 1 0 1 0 1 0 1 0 1 0 0
 1 0 0 0 1 0 1 0 1 1 0 1 0 0 1 1 1 0 0 1 0 1 0 0 1 1 0 1 1 1 1 0 0 0 0 1 1
 0 0 0 1 0 0 0 0 0 1 0 1 0 0 0 1 0 1 1 1 0 0 0 0 0 0 0 0 1 0 0 1 1 0 0 1 0
 1 0 0 0 0 1 0 0 0 0 0 0 0 1 0 0 0 0 0 0 0 1 1 0 0 0 1 0 0 1 0 1 0 0 0 1 1
 0 1 1 1 1 0 0 0 0 0 0 0 0 0 0 0 0 0 0 0 0 0 0 1 0 0 0 1 0 1 0 1 0 0 0 0 0
 1 0 1 0 1 0 1 1 0 0 1 0 0 0 0 0 1 0 1 1 0 0 0 0 0 0 1 1 0 0 0 0 0 1 0 0 0
 0 1 0 0 0 1 0 0 0 0 1 0 0 1 0 0 1 1 0 1 0 0 1 0 1 0 0 1 0 0 0 0 1 1 1 1 1
 0 0 1 1 0 0 0 0 0 1]

========== Cluster 1 ==========

Base classifier: LogisticRegression()

Minority Class: 1

Selected Features: [1 5 6 0 7 2 4]

Labels: [0 1 0 0 1 0 0 1 1 0 0 0 0 0 0 0 1 1 1 0 1 1 0 0 0 0 1 0 0 1 0 1 1 0 1 1 0
 1 1 0 0 1 0 1 0 0 0 0 1 0 0 0 0 1 0 1 0 1 0 0 0 1 0 0 1 0 0 0 0 0 0 1 0 1
 0 0 1 1 0 0 0 1 0 0 0 1 1 1 1 1 0 1 0 1 1 0 1 1 0 0 0 1 0 0 1 0 0 1 0 1 1
 0 0 1 1 1 0 0 1 0 0 0 0 1 0 1 1 0 0 1 0 0 0 0 1 1 1 0 0 0 0 1 0 0 0 0 1 0
 1 1 1 0 0 0 0 0 0 0 0 1 0 1 0 0 0 1 1 0 0 1 1 0 0 1 0 0 0 0 0 1 0 0 1 0 0
 0 1 1 0 1 0 0 1 0 1 1 0 1 1 0 1 0 1 1 0 0 1 1 1 0 0 1 1 0 0 0 0 1 1 0 1 1
 0 0 1 0 0 1 0 0 0 0 0 1 0 1 0]

