Clustering algorithm selected: spectral
=====================================

Clustering evaluation metric: rand
Clustering evaluation value: 0.16192365898545788

========== Cluster 0 ==========

Base classifier: LogisticRegression()

Minority Class: 0

Selected Features: [5 6 1 2 0 7 4]

Labels: [0 0 0 1 0 1 1 0 1 0 0 1 0 0 1 0 1 0 0 1 1 1 0 1 1 1 0 0 0 0 0 1 0 1 1 0 1
 1 0 1 1 0 1 1 0 1 0 0 0 1 1 1 1 1 0 1 0 1 0 1 0 1 0 1 1 1 0 1 0 1 0 1 0 1
 1 0 1 0 0 1 1 0 0 1 0 0 0 1 1 1 0 0 0 0 0 1 0 0 1 0 0 1 0 0 0 1 1 0 1 0 0
 1 0 1 1 1 0 1 1 1 0 1 1 1 0 1 0 0 1 1 1 1 0 0 0 1 0 1]

========== Cluster 1 ==========

Base classifier: LogisticRegression()

Minority Class: 1

Selected Features: [6 3 0 5 4 2 7]

Labels: [0 0 0 0 0 0 0 0 0 0 1 0 1 0 0 0 0 0 0 0 0 0 0 0 0 1 0 0 0 0 0 0 0 0 1 0 0
 0 0 0 1 0 0 0 0 0 1 0 0 0 0 0 0 0 0 0 1 0 0 0 0 0 0 0 0 0 0 0 1 0 0 0 0 0
 0 0 0 0 0 0 0 0 0 0 0 0 0 0 0 0 0 0 0 0 0 0 0 0 0 0 0 0 0 0 0 0 0 0 1 0 0
 0 0 0 0 0 0 0 0 0 0 0 0 0 0 1 0 1 0 1 0 1 0 0 1 0 0 1 0 0 0 0 0 0 1 0 0 0
 0 0 0 0 0 0 0 1 1 1 0 0 0 0 0 1 0 0 1 0 0 0 0 0 1 0 0 0 0 0 0 0 0 0 0 0 0
 0 0 0 0 0 0 0 0 1 0 0 0 0 0 0 1 0 0 0 0 0 0 0 0 0 1 0 1 0 0 0 0 1 0 1 0 1
 0 0 0 0 0 0 0 0 0 0 0 0 1 0 0 0 0 0 0 1 0 0 0 0 0 0 0 0 0 1 0 0 0 0 1 0 0
 0 0 1 0 0 0 1 0 0 0 0 0 0 0 0 0 0 0 0 0 0 0 0 1 0 0 1 0 0 0 0 1 0 0 0 0 0
 0 0 0 0 0 0]

========== Cluster 2 ==========

Base classifier: LogisticRegression()

Minority Class: 0

Selected Features: [7 0 1 2 6 5 4 3]

Labels: [0 1 1 1 1 1 1 1 1 1 1 0 0 1 0 1 1 0 0 0 0 1 1 0 1 0 1 0 0 1 0 1 1 0 0 1 1
 1 1 1 1 1 1 1 1 1 1 0 1 1 0 1 0 1 0 1 1 0 0 1 1 1 1 1 1 1 1 0 1 1 1 1 0 1
 1 1 1 0 1 0 0 1 1 1 0 0 1 1 1 1 0 1 0 0 1 0 1 1 1 1 1 0 0 0 0 0 1 0 0 1 0
 1 1 1 1 1 0 0 1 0 1 1 1 1 1 0 1 1 1 1 0]

========== Cluster 3 ==========

Base classifier: GaussianNB()

Minority Class: 1

Selected Features: [4 5 1 7 6 3]

Labels: [0 0 0 1 0 0 0 0 0 0 1 1 1 1 1 0 0 1 1 0 1 0 0 1 0 0 1 1 1 1 0 0 0 0 0 0 0
 0 0 0 0 0 0 0 0 0 1 1 0 1 1 0 0 0 0 0 1 0 1 0 0 0 0 1 1 1 1 1 0 1 1 0 1 1
 0 0 1 0 0 0 0 0 0 1 0 1 0 1 0 0 0 0 0 0 0 1 0 1 1 1 0 1 1 0 0 0 0 0 1 1 1
 0 0 0 1 1 0 1 1 1]

