Clustering algorithm selected: kmeans
=====================================

Clustering evaluation metric: dbc_ss
Clustering evaluation value: 0.22781360878486318

========== Cluster 0 ==========

Base classifier: SVC(probability=True)

Minority Class: 1

Selected Features: [0 1 2 3 4 5 6 7 8]

Labels: [1 1 1 ... 2 0 1]

Synthetic samples indexes: [   0    2    3    5    7   23   31   39   40   41   43   51   52   53
   57   60   63   78   79   80   81   87   90  128  130  132  135  137
  153  155  166  184  186  187  193  199  201  207  220  229  231  234
  235  238  243  246  247  248  250  257  258  262  263  276  288  291
  294  298  300  307  312  323  324  331  334  337  338  353  360  367
  368  372  374  378  379  380  388  391  396  415  416  418  420  422
  434  439  441  447  452  453  459  476  480  485  492  493  497  506
  516  537  540  541  549  553  559  564  565  568  569  578  579  588
  590  594  595  597  599  603  606  612  624  626  629  641  644  645
  648  654  655  670  671  677  680  687  688  696  717  718  720  722
  724  726  727  736  738  742  743  751  757  763  771  773  776  781
  786  790  796  799  801  803  809  812  815  831  833  837  839  849
  850  852  861  867  871  872  875  876  880  888  903  906  926  928
  930  932  936  937  939  950  953  954  961  963  971  976  978  988
  989  991  993  996 1001 1002 1014 1016 1017 1021 1023 1025 1037 1043
 1048 1052 1054 1057 1062 1065 1073 1078 1079 1081 1087 1090 1092 1097
 1098 1099 1100 1103 1110 1114 1121 1122 1126 1129 1155 1164 1172 1179
 1199 1200 1203 1216]

========== Cluster 1 ==========

Base classifier: SVC(probability=True)

Minority Class: 1

Selected Features: [0 1 2 3 4 5 6 7 8]

Labels: [2 2 0 1 2 2 1 2 0 1 2 2 2 2 2 0 0 1 0 2 0 1 2 1 2 1 2 1 2 0 1 2 1 2 1 0 1
 2 0 2 0 0 0 1 0 1 1 2 1 2 0 2 2 1 0 1 2 0 2 0 1 2 0 1 1 0 2 2 2 1 1 0 2 2
 2 2 2 1 2 1 0 0 0 1 2 0 2 0 0 1 2 2 2 2 2 1 0 0 0 0 2 0 2 0 0 0 1 1 1 2 1
 1 1 1 1 2 2 2 2 0 0 1 0 2 1 1 1 1 0 0 0 2 2 1 2 1 2 1 2 2 2 2 1 2 2 2 2 1
 2 0 2 2 1 2 0 2 0 1 2 1 1 1 1 1 1 2 0 1 1 1 2 1 1 0 1 0 0 2 1 0 0 1 1 0 0
 0 2 1 1 0 0 0 2 2 1 0 1 0 1 0 2 2 1 2 2 1 1 0 1 2 2 0 0 0 2 0 0 1 0 0 0 1
 0 0 0 1 1 1 2 1 0 1 1 0 0 1 0 1 1 2 1 1 2 1 0 1 2 2 0 2 0 0 0 1 2 2 0 0 2
 0 2 1 1 1 2 1 0 0 2 0 0 1 2 2 1 1 1 2 1 0 1 0 0 2 0 2 0 0 2 1 2 2 2 0 2 1
 0 2 0 1 0 0 0 0 2 2 1 0 1 2 2 0 2 1 1 0 1 0 2 2 2 1 1 1 1 1 1 1 2 0 0 2 1
 2 2 0 2 2 2 1 1 0 0 0 2 0 2 1 1 1 1 2 0 0 0 0 1 1 2 1 2 1 1 2 0 2 0 0 0 1
 2 0 0 1 1 2 1 0 1 0 2 0 0 1 0 1 2 1 2 2 1 0 0 1 2 0 0 1 2 2 1 2 0 2 0 0 0
 1 1 1 0 2 1 2 0 2 2 0 0 1 1 0 2 2 1 2 2 0 2 0 0 2 2 0 0 1 0 0 2 1 0 1 2 1
 0 2 0 1 1 0 2 0 0 1 2 1 1 2 0 1 1 0 2 0 0]

Synthetic samples indexes: [  4   5   7  11  13  17  23  25  27  31  32  33  36  43  45  46  48  49
  51  69  70  77  78  79  89  91  92 106 107 109 112 114 116 117 121 123
 125 127 133 134 135 138 140 141 145 147 148 152 155 158 160 167 169 170
 172 174 177 187 188 196 198 202 205 206 208 221 225 229 231 232 237 238
 240 241 249 253 258 264 273 274 276 277 278 289 292 294 305 310 316 320
 323 324 325 326 332 334 338 340 346 348 349 356 358 360 361 362 365 370
 383 389 398 407 408 412 420 422 423 425 426 431 438 439 441 442 445 448
 453 454 457 460]

