Clustering algorithm selected: kmeans++
=====================================

Clustering evaluation metric: dbc
Clustering evaluation value: 0.4502605050569756

========== Cluster 0 ==========

Base classifier: RandomForestClassifier()

Selected Features: [32 37 33 34 29 13 21  0  8 31 36 25 27 26 16 28  7  6 14  1 12 35 23 17
 19 18 22 24 30 20  9 10 11]

Labels: [0 1 1 0 1 0 0 1 1 0 0 0 0 0 1 0 0 0 1 0 1 0 1 1 0 1 0 1 1 0 0 1 0 1 0 1 1
 0 0 1 1 1 1 1 1 0 0 1 1 1 0 1 1 1 1 1 1 1 0 1 0 0 1 0 0 1 0 0 1 1 0 0 1 1
 1 1 0 1 1 1 1 1 0 1 1 0 1 1 1 0 0 1 0 1 0 1 1 0 0 1 1 1 1 1 0 1 0 0 0 1 1
 1 0 1 1 1 1 1 1 0 1 0 1 1 0 1 0 1 0 1 1 1 0 0 0 1 0 1 1 0 0 1 1 1 1 1 1 1
 1 1 0 0 0 0 0 0 0 0 0 0 0 0 0 0 0 0 0 0 0 0 0 0 0 0 0 0 0 0 0 0 0 0]

========== Cluster 1 ==========

Base classifier: RandomForestClassifier()

Selected Features: [32 34 37 17 11 35 36  3 27 20  8 28 31 33 13  4 25 16 10 15  0 12  2 22
 30 29  5  7 23]

Labels: [1 1 1 1 1 1 0 1 0 0 0 0 1 0 1 1 1 1 1 0 1 1 1 1 0 1 0 1 1 1 1 1 1 1 0 1 0
 0 0 1 1 0 1 1 1 1 1 0 1 1 0 1 0 1 1 0 0 1 1 1 0 0 0 1 1 0 1 0 1 0 1 1 1 0
 1 1 0 1 1 1 1 1 0 1 1 0 1 1 1 0 0 1 0 1 0 1 1 0 0 1 0 1 1 1 1 1 1 0 1 1 1
 0 0 1 0 0 1 0 1 1 1 0 1 1 1 1 1 1 1 1 1 0 1 1 1 1 0 1 0 0 1 1 1 0 0 1 1 1
 1 1 0 1 0 0 0 1 1 1 1 0 1 0 1 0 1 1 0 0 0 1 1 1 0 1 1 0 1 1 0 1 1 1 1 1 1
 0 1 1 1 1 1 0 1 1 0 1 1 1 0 0 0 1 1 0 1 1 0 1 1 0 1 1 1 1 1 1 0 1 0 0 1 0
 1 0 1 1 0 1 0 0 1 1 1 1 1 0 1 1 1 1 1 1 0 0 0 0 0 0 0 0 0 0 0 0 0 0 0 0 0
 0 0 0 0 0 0 0 0 0 0 0 0 0 0 0 0 0 0 0 0 0 0 0 0 0 0 0 0 0 0 0 0 0 0 0 0 0
 0 0 0 0 0 0 0 0 0 0 0 0 0 0 0 0 0 0 0 0 0 0 0 0 0 0 0 0]

========== Cluster 2 ==========

Base classifier: RandomForestClassifier()

Selected Features: [31 35  0 36  1 28 26 20 10 32 27 25 29 30 11 21  9  8  4 34 37  2 12 33
 13  6 15]

Labels: [0 0 0 1 0 0 0 0 0 0 0 0 0 0 1 0 0 0 0 1 0 0 0 0 0 0 0 0 0 0 0 0 0 0 1 0 0
 0 0 0 0 0 0 0 0 0 0 0 1 0 0 0 0 0 0 0 0 0 0 0 0 0 0 0 0 0 0 0 0 0 0 0 0 0
 0 0 0 0 0 0 0 1 0 0 0 0 0 0 0 0 1 0 0 0 0 0 0 0 0 1 0 0 0 0 0 1 0 0 0 0 0
 0 0 0 0 0 0 1 0 1 0 0 0 0 0 0 0 0 0 0 0 0 0 0 0 0 0 0 0 0 0 0 0 0 0 1 0 0
 0 0 0 0 0 0 0 0 0 0 0 0 0 0 0 0 1 0 0 0 0 0 0 0 0 0 0 1 0 1 0 0 0 0 0 0 1
 0 0 0 0 1 0 0 0 0 0 0 0 0 0 1 0 1 0 0 0 0 0 1 0 0 0 0 0 0 0 1 0 0 0 0 1 0
 1 0 0 0 0 0 1 1 1 1 1 1 1 1 1 1 1 1 1 1 1 1 1 1 1 1 1 1 1 1 1 1 1 1 1 1 1
 1 1 1 1 1 1 1 1 1 1 1 1 1 1 1 1 1 1 1 1 1 1 1 1 1 1 1 1 1 1 1 1 1 1 1 1 1
 1 1 1 1 1 1 1 1 1 1 1 1 1 1 1 1 1 1 1 1 1 1 1 1 1 1 1 1 1 1 1 1 1 1 1 1 1
 1 1 1 1 1 1 1 1 1 1 1 1 1 1 1 1 1 1 1 1 1 1 1 1 1 1 1 1 1 1 1 1 1 1 1 1 1
 1 1 1 1 1 1 1 1 1 1 1 1 1 1 1 1 1 1 1 1 1 1 1 1 1 1 1 1 1 1 1 1 1 1 1 1 1
 1 1 1]

