Clustering algorithm selected: kmeans
=====================================

Clustering evaluation metric: silhouette
Clustering evaluation value: 0.291111789986061

========== Cluster 0 ==========

Base classifier: GradientBoostingClassifier()

Selected Features: [0 2 3 7]

Labels: [0 0 2 2 0 0 1 0 0 0 0 0 2 2 0 0 1 0 0 1 0 1 2 0 2 2 0 0 1 0 2 0 0 2 2 0 0
 2 0 2 0 2 0 0 0 0 2 2 2 0 0 0 0 2 2 2 1 0 0 0 2 0 0 0 0 0 1 0 0 2 1 0 2 0
 0 0 0 2 2 0 0 1 2 0 0 2 0 2 0 0 0 0 0 0 0 0 0 2 2 0 0 2 1 0 2 2 1 0]

========== Cluster 1 ==========

Base classifier: KNeighborsClassifier(n_neighbors=7)

Selected Features: [0 3 5 6 7 1 8]

Labels: [2 2 2 2 1 0 2 2 0 0 2 0 2 0 2 0 0 0 0 0 1 0 2 0 0 0 2 0 2 2 0 2 0 1 0 0 0
 0 0 2 0 2 0 1 1 2 1 0 2 2 2 2 0 2 2 2 0 0 2 1 0 2 1 0 0 0 0 1 0 0 0 0 1 2
 1 1 1 2 1 0 0 0 0 0 0 0 0 1 2 0 2 1 0 0 0 0 0 0 0 2 0 0 2 2 2 0 2 0 1 0 2
 0 2 0 2 0 0 2 2 0 0 0 0 0 0 2 0 0 2 0 2 0 1 1 0 0 2 0 2 1 0 1 0 0 2 0 0 2
 1 2 2 0 2 1 0 0 0 0 0 0 2 2 0 0 0 2 2 2 0 2 0 1 2 1 2 0 2 0 0 0 1 2 2 2 0
 1 2 2 2 2 0 0 0 2 0 2 0 0 1 0 0 1 2 0 1 0 2 2 0 0 0 2 2 2 0]

========== Cluster 2 ==========

Base classifier: GradientBoostingClassifier()

Selected Features: [3 7 8 2 0 4 5 6]

Labels: [0 0 0 2 0 2 2 2 1 0 2 0 0 2 0 0 2 2 0 0 0 2 2 0 0 0 0 0 0 0 0 2 2 0 2 0 2
 2 1 2 1 2 0 2 2 1 2 2 1 0 2 2 0 1 2 2 2 2 0 2 0 2 2 0 0 2 0 2 1 2 0 2 0 2
 2 2 2 2 0 2 2 2 2 0 2 2 1 2 0 2 1 1 0 2 0 2 2 2 0 2 0 2 2 2 1 2 0 1 0 2 0
 0 2 0 2 0 0 0 0 0 1 2 0 2 0 2 2 2 0 2 0 0 0 2 1 0 0 2 0 0 2 2 2 2 2 0 1 2
 0 2 1 0 2 2 0 1 2 0 0 0 1 1 0 2 0 2 2 0 2 0 0 0 2 0 0 2 2 0 0 0 0 2 2 2 2
 0 0 0 2 2 2 0 0 0 2 0 0 0 2 0 0 2 2 2 2 2 2 0 1 0 0 1 0 0 2 2 2 2 0 0 1 2
 1 2 0 2 2 0 2 2 2 2 2 2 0]

========== Cluster 3 ==========

Base classifier: LogisticRegression()

Selected Features: [3 8 7 5 6 4 2 1 0]

Labels: [0 0 2 1 0 2 2 1 1 0 0 1 0 2 0 0 1 2 0 2 0 0 0 1 0 0 1 0 1 2 0 0 1 0 1 2 1
 2 1 0 2 2 2 1 2 2 0 0 2 0 0 2 0 1 0 1 1 2 2 0 2 2 2 0 0 2 1 1 0 2 1 2 2 1
 2 0 0 0 0 1 2 0 0 1 2 2 0 1 0 0 0 1 2 1 1 1 2 0 0 2 0 0 0 2 1 0 2 0 1 0 0
 0 2 1 0 0 1 2 1 1 2 0 2 1 1 1 2 0 1 0 0 1 2 2 0 0 0 0 0 1 1 2 0 0 0 1 2 0
 1 0 0 0 1 1 1 0 1 0]

========== Cluster 4 ==========

Base classifier: LogisticRegression()

Selected Features: [3 0 6 1]

Labels: [1 1 2 1 0 0 0 0 1 0 1 2 0 0 1 1 0 1 2 0 1 1 1 2 2 1 1 0 0 0 0 0 2 1 0 1 1
 2 1 1 2 2 1 2 2 2 2 1 1 0 0 0 2 0 1 0 0 2 1 1 0 1 2 1 2 2 2 1 2 1 0 1 2 2
 1 2 0 0 2 1 1 2 1 1 2 0 2 0 0 2 2 1 0 1 0 1 0 0 1 2 0 0 0 2 1 1 0 2 1 0 0
 1 0 0 1 2 1 1 2 2 1 2 0 1 1 1 0 1 1 2 1 2 1 0 1 0 1 2 2 2 1 1 2 2 0 0 1 0
 1 2 0 2 0 0 2 2 2 1 2 2 0 2 1 0 2 1 1 2 1 2 2 0 0 2 1 2 0 0 1 1 0 0 0 1 1
 0 0 0 0 2 0 0 1 2 0 2 1 2 0 0 0 0 1 2 0 0 1 2 2 0 1 2 2 2 0 2 0 0 2 0 1 0
 2 2 1 2 1 2 0 2 0 0 1 2 2 1 2 0 2 0 1 1 2 1 1 0 2 1 1 0 0 2 1 2 1 2 0 1 2
 2 1 2 2 2 1 0 1 1 0 2 0 1 1 1 1 1 2 2 2 2 2 0 2 0 0 2 0 2 2 2 0 1 2 0 2 1
 1 1 1 1 1 1 0 2 2 2 1 1 2 1 2 2 0 1 0 1 0 1 0 1 2 0 1 0 1 2 0 0 0 0 2 1 0
 2 2 2 2 2 1 2 2 0 0 0 0 2]

========== Cluster 5 ==========

Base classifier: GradientBoostingClassifier()

Selected Features: [3 2 1 8]

Labels: [1 1 2 0 0 0 2 1 1 0 0 2 0 1 0 0 0 0 0 1 2 1 1 1 2 1 0 1 2 0 2 0 1 1 2 2 2
 0 1 2 2 1 2 2 1 2 0 0 1 1 1 1 2 1 2 1 2 2 2 0 0 2 1 0]

========== Cluster 6 ==========

Base classifier: RandomForestClassifier()

Selected Features: [5 0 8 4 3 1]

Labels: [0 0 0 2 0 2 0 2 0 0 0 2 2 0 0 0 0 0 0 2 0 0 0 2 0 2 0 2 0 0 1 0 0 2 2 2 0
 2 2 0 0 0 0 0 0 0 0 1 0 0 0 2 0 0 0 0 0 0 1 0 0 2 1 2 0 2 0 0 0]

========== Cluster 7 ==========

Base classifier: LogisticRegression()

Selected Features: [1 2 7 3 8 4 5 6]

Labels: [1 0 1 0 1 0 2 0 0 0 0 1 2 2 1 0 0 0 1 2 0 1 1 2 1 2 2 0 2 2 1 1 1 1 1 0 0
 2 1 0 2 1 0 1 2 1 1 0 1 2 0 2 0 0 2 0 1 0 1 0 1 2 0 1 0 1 1 0 2 0 1 1 2 0
 1 2 2 0 2 2 0 0 2 2 1 1 2 2 1 0 0 2 2 1 1 0 0 1 2 1 1 2 1 2 2 2 1 2 0 0 2
 2 1 0 0 2 1 1 2 0 2 1 0 2 1 0 2 1 0 1 1]

