Clustering algorithm selected: kmeans
=====================================

Clustering evaluation metric: silhouette
Clustering evaluation value: 0.295011030582164

========== Cluster 0 ==========

Base classifier: KNeighborsClassifier(n_neighbors=7)

Selected Features: [8 3 0 6 5 4 7 2 1]

Labels: [0 0 0 1 2 0 1 1 2 1 2 2 0 2 2 1 1 1 1 1 0 0 2 1 0 2 1 0 1 2 1 1 0 1 2 0 2
 0 0 2 0 1 0 1 0 1 2 0 1 0 1 1 0 2 0 1 1 2 0 1 2 2 0 2 2 0 0 2 2 1 1 2 2 1
 0 0 2 2 1 1 0 0 1 2 1 1 2 1 2 2 2 1 2 0 0 2 2 1 0 0 2 1 1 2 0 2 1 0 2 1 0
 2 1 0 1 1 1 2 2 2 2 0 0 1 1 0 1 0 0 0 0]

========== Cluster 1 ==========

Base classifier: SVC(probability=True)

Selected Features: [3 0 2 1]

Labels: [0 0 0 0 0 0 0 0 0 0 0 2 0 2 0 2 2 2 1 0 2 2 0 1 2 0 0 0 2 2 1 2 1 0 0 0 2
 0 2 0 1 1 2 2 1 0 0 2 2 1 2 2 2 2 2 2 0 0 2 0 2 2 2 0 2 0 0 0 2 1 0 0 2 1
 2 2 1 0 0 0 2 0 2 2 2 0 0 1 2 0 0 2 0 0 0 2 2 1 2 2 2 0 2 2 1 1 2 1 0 2 1
 1 1 2 0 2 2 0 2 2 1 2 2 0 0 0 2 2 1 2 0 0 1 0 2 0 0 0 1 0 2 0 0 2 1 0 0 0
 0 0 0 2 0 0 0 2 0 0 0 2 0 1 2 2 2 0 2 0 2 0 1 0 0 2 2 0 2 0 2 0 0 0 2 1 2
 0 2 0 0 0 2 2 2 0 0 0 0 0 0 0 0 2 0 2 2 2 0 2 2 0 0 1 0 1 2 1 0 0 0 2 1 0
 2 2 2 0 1 0 2 2 0 1 0 0 0 1 1 0 0 2 1 0 2 0 2 0 2 0 2 0 2 0 1 0 2 2 0 2 0
 1 2 0 0 0 0 0 0 0 0 2 2 2 0 0 0 0 0 0 2 2 2 2 0 2 0 0 0 1 2 1 2 2 0 2 2 0
 0 2 0 0 1 0 2 0 2 2 0 2 0 1 0 0 2 2 0 0 2 2 2 2 2 2 0 0 2 2 0 2 2 0 0 2 0
 0 0 1 0 1 0 0 0 0 2 2 2 1 2 0 0 0 1 1 2 1 0 2 0 2 2 0 2 2 0 0 2 0 2 2 2 1
 2 2 2 2 2 0 2 0 2 0 2 0 1 0 0 0 0 1 0 2 0 2 0 0 0 0 2 1 2 0 2 2 2 0 2 0 2
 2 0 2 1 0 0 2]

========== Cluster 2 ==========

Base classifier: LogisticRegression()

Selected Features: [3 1 7 5 4]

Labels: [0 0 0 0 0 0 0 0 0 1 0 0 1 0 2 2 1 0 0 1 2 0 0 0 1 0 0 1 2 1 1 2 1 0 2 2 2
 1 0 2 2 2 0 0 2 2 2 0 1 0 2 0 0 2 2 2 0 0 0 1 0 2 1 1 2 2 0 0 2 2 2 0 2 2
 0 0 0 0 2 0 2 1 2 1 0 0 2 0 1 2 0 2 1 0 2 2 0 2 0 0 1 0 1 2 0 0 0 0 2 0 1
 2 0 2 0 0 1 0 0 1 0 2 1 0 0 0 1 2 1 1 1 2 0 2 0 0 0 2 0 0 0 2 0 1 0 2 0 1
 2 2 0 0 0 2 0 1 2 0 0 2 0 0 0 0 0 1 2 1 0 1 0 2 0 0 0 2 2 1 1 1 2 2 0 1 0
 0 0 0 1 2 2 0 0 0 2 0 0 1 1 0 1 2 0 0 0 1 2 0 1 2 0 0 0 1 2 1 1 0 1 1 1 1
 1 0 2 1 2 1 0 2 2 0 0 0 1 0 0 2 2 0 0 2 0 2 0 0 2 2 0 2 0 0 1]

========== Cluster 3 ==========

Base classifier: RandomForestClassifier()

Selected Features: [3 0 7 2]

Labels: [0 0 0 0 0 0 2 2 0 0 0 0 0 1 0 0 2 0 0 0 0 0 0 2 0 0 2 2 0 2 0 0 2 1 0 0 2
 0 2 2 0 0 2 0 2 0 0 0 0 0 0 0 0 0 1 0 0 2 1 0 0 0 0 0 2 0 0 0 0 0 0 1 0 0
 2 1 2 0 2 0 0 0 1 0 0 0 0 0 0 0 1 2 0 0]

========== Cluster 4 ==========

Base classifier: LogisticRegression()

Selected Features: [1 3 6 8 2]

Labels: [1 1 0 1 0 0 0 2 0 1 1 0 0 2 1 1 0 1 2 1 2 2 2 1 2 1 0 2 0 2 1 2 2 1 2 0 0
 2 1 1 2 1 1 2 2 2 0 2 0 0 2 2 1 0 1 0 1 0 0 1 2 0 2 0 0 2 1 1 0 1 0 0 1 0
 0 1 2 1 1 2 2 1 2 0 1 1 1 0 1 1 1 2 1 0 1 0 1 2 2 0 2 1 1 2 2 0 0 2 1 0 1
 2 0 2 0 0 2 2 2 1 0 2 0 2 0 2 1 0 2 1 1 2 2 1 2 2 0 0 0 0 2 1 2 0 0 1 2 1
 0 0 0 1 1 0 0 0 0 2 0 0 0 1 2 0 2 1 2 0 0 0 0 2 1 2 0 0 1 2 2 0 1 2 2 2 0
 2 2 0 0 2 0 1 0 2 2 1 2 1 2 0 2 0 0 1 2 2 1 2 2 0 2 0 1 1 2 1 0 1 0 2 1 1
 0 0 2 1 2 1 2 2 2 2 0 0 1 2 2 1 2 2 2 1 0 1 1 0 2 0 1 1 1 1 1 2 2 2 2 2 0
 2 0 0 2 0 2 2 2 0 1 2 0 2 1 1 1 1 1 1 1 1 0 2 2 2 1 1 2 1 2 2 2 0 1 0 1 0
 1 0 1 2 0 1 0 1 2 0 0 0 0 2 1 0 2 2 2 2 2 1 2 1 2 0 0 1 1 0 0 2 1 2 0 2 2
 0 0 0 1 0 0 0 1 2 2 2 0 2 2 0 0 1 2 0 2 2 2 1 0 2 1 1 2 2 1 1 2 0 1 2 2 0]

========== Cluster 5 ==========

Base classifier: GaussianNB()

Selected Features: [3 7 2 8 6 4 5 1]

Labels: [1 1 0 0 2 0 1 0 0 0 0 0 1 2 1 1 1 2 1 0 1 2 0 2 0 1 1 2 2 2 0 1 2 2 1 2 2
 1 2 0 0 1 1 1 1 2 1 2 1 2 2 2 0 0 2 1 0 2 1 0 0 1 2]

