Clustering algorithm selected: fcm
=====================================

Clustering evaluation metric: dbc
Clustering evaluation value: 0.5147028639085283

========== Cluster 0 ==========

Base classifier: SVC(probability=True)

Minority Class: 1

Selected Features: [ 0  1  2  3  4  5  6  7  8  9 10 11 12 13 14 15 16 17 18 19 20 21 22 23
 24 25 26 27 28 29 30 31 32 33 34 35 36 37]

Labels: [1 1 1 1 0 0 0 1 0 0 1 1 0 1 0 0 1 0 1 0 0 0 0 0 1 0 0 0 0 0 1 1 1 0 0 0 1
 1 1 1 0 1 0 1 1 0 1 1 1 0 0 1 1 1 1 0 0 1 0 0 0 1 0 1 0 1 1 0 0 1 1 0 1 0
 0 1 1 0 0 0 1 1 1 1 1 1 0 0 1 0 0 1 0 1 0 1 1 1 0 1 1 1 1 0 0 1 1 0 1 1 0
 1 0 0 1 0 1 1 0 0 0 0 0 1 0 1 1 0 0 1 0 1 1 0 0 1 0 1 0 0 0 0 1 0 0 0 0 1
 1 0 0 1 1 1 0 1 1 1]

Synthetic samples indexes: [ 36  53  54 109 126 129 131 147 153 155]

========== Cluster 1 ==========

Base classifier: SVC(probability=True)

Minority Class: 1

Selected Features: [ 0  1  2  3  4  5  6  7  8  9 10 11 12 13 14 15 16 17 18 19 20 21 22 23
 24 25 26 27 28 29 30 31 32 33 34 35 36 37]

Labels: [1 0 1 1 1 0 1 0 0 1 1 1 0 1 1 0 1 0 0 0 0 0 1 0 0 0 0 1 1 1 1 1 1 1 0 1 1
 0 1 1 0 1 0 1 0 1 1 0 0 1 0 0 1 0 1 0 1 0 0 0 1 0 1 1 1 1 1 0 0 0 1 0 0 0
 1 1 0 0 1 1 0 0 0 1 0 1 0 0 0 1 0 0 0 0 1 0 0 0 0 0 0 0 1 0 1 1 0 1 1 1 1
 0 0 1 1 0 0 0 0 0 0 0 0 1 1 1 1 1 0 1 0 1 1 0 0 0 1 1 0 0 1 0 1 1 0 0 0 0
 1 1 1 0 1 1 1 1 1 1 1 1 1 0 1 0 0 0 1 0 0 1 0 1 0 1 0 1 1 1 1 1]

Synthetic samples indexes: [ 11  16  27  29  36  38  49  60  64  66  79 127 129 140 150 152 171 177]

========== Cluster 2 ==========

Base classifier: SVC(probability=True)

Minority Class: 1

Selected Features: [ 0  1  2  3  4  5  6  7  8  9 10 11 12 13 14 15 16 17 18 19 20 21 22 23
 24 25 26 27 28 29 30 31 32 33 34 35 36 37]

Labels: [0 1 1 1 1 0 1 1 1 0 1 0 1 1 0 1 0 1 0 0 0 0 0 0 1 1 0 0 1 1 0 0 1 1 1 1 1
 0 0 1 1 0 1 1 1 1 0 1 0 0 0 1 0 1 0 0 0 0 1 1 0 0 1 1 0 1 0 0 1 1 0 0 1 1
 1 1 0 1 0 0 0 0 1 0 0 1 0 1 0 0 1 0 0 1 0 1 0 0 1 0 0 0 1 1 0 0 0 1 0 0 1
 0 0 0 1 1 1 0 0 0 0 1 0 1 0 0 0 0 0 0 0 1 1 0 1 1 0 1 1 1 1 1 1 1 1 0 1 0
 0 1 1 0 0 1 0 0 0 0 1 0 1 0 1 0 1 1 1 1 1 1 0 0 0 0 1 1 1 1 1 1 0 0 0 1 0
 1 1 1 1 0 0 1 1 1 1 0 0 0 1 1]

Synthetic samples indexes: [  2   3   6  12  13  15  17  35  40  45  59  62  74  82  98 110 121 123
 131 134 140 141 146 160 174 175 176 178 179 185 187 192 198 199]

========== Cluster 3 ==========

Base classifier: LogisticRegression()

Minority Class: 1

Selected Features: [ 0  1  2  3  4  5  6  7  8  9 10 11 12 13 14 15 16 17 18 19 20 21 22 23
 24 25 26 27 28 29 30 31 32 33 34 35 36 37]

Labels: [1 1 0 0 1 0 0 0 0 1 0 1 0 1 0 1 0 0 1 0 1 0 1 0 0 0 1 1 0 1 0 0 0 0 1 1 1
 0 0 0 1 0 0 0 0 0 1 1 1 1 1 0 0 1 0 0 1 0 1 1 0 0 0 0 0 0 0 0 1 0 1 1 0 1
 1 1 0 1 0 1 0 0 1 1 1 1 1 1 0 1 0 1 1 1 1 1 0 0 0 0 0 1 1 0 0 0 0 1 1 1 1
 0 0 1 1 0 0 1 0 0 1 0 1 1 1 1 1 0 1 0 0 1 0 0 1 1 1 1 0 1 1 1 1 1 1 0 1 0
 0 1 1 0]

Synthetic samples indexes: [ 50  56  71  85 102 109 150]

