Clustering algorithm selected: kmeans
=====================================

Clustering evaluation metric: rand
Clustering evaluation value: 0.30916531233293

========== Cluster 0 ==========

Base classifier: RandomForestClassifier()

Minority Class: 1

Selected Features: [32 37 33 34 22  1 17 31  5  7 20 23  4 18 13 29 27 24 10 35  2  3 30  6
 28  8  9 11 25 12 14 15 16 36 19]

Labels: [1 0 1 1 0 0 0 0 0 1 1 0 0 0 0 0 0 0 0 0 0 1 0 1 0 0 0 0 0 1 1 1 0 0 0 0 0
 0 1 0 0 0 0 0 0 1 0 0 1 1 0 0 0 0 0 0 1 1 0 1 0 0 0 1 0 0 0 0 0 0 0 0 1 0
 0 0 0 1 1 0 0 0 0 0 0 0 0 0 0 0 1 0 0 1 1 1 1 0 0 0 0 0 0 1 0 1 1 0 0 1 0
 0 0 0 1 0 0 1 0 0 0 0 0 0 1 0 0 0 0 0 1 1 1 0 0 0 1 0 0 0 1 0 0]

========== Cluster 1 ==========

Base classifier: AdaBoostClassifier()

Minority Class: 1

Selected Features: [32 33 34 37 31  0 23 15 36 30 21 16 25  7  4 20 29 18  8 27 12  3  1 19
 10  2 28  5  6  9 22 11 13 14]

Labels: [1 0 1 1 0 1 0 0 1 0 0 1 1 0 0 0 0 1 0 0 0 0 0 0 0 1 0 1 0 0 0 0 0 0 0 0 1
 0 0 0 1 0 0 1 1 1 0 1 1 0 1 1 0 0 1 1 1 0 0 1 0 0 1 1 0 0 1 0 0 0 1 1 1 0
 1 0 1 1 1 0 0 0 1 0 0 0 1 1 0 0 0 0 0 1 1 1 0 0 1 1 0 0 0 1 1 1 0 1 1 0 0
 0 1 0 1 1 0 0 1 0 1 0 1 1 0 1 1 0 0 0 0 0 0 0 1 0 0 1 1 1 1 0 1 1 0 1 1 1
 1 0 1 0 0 1 0 0 0 0 0 1 1 0 1 1 1 0 1 0 1 1 0 1 1 0 0 0 1 0 0 1 0 1 1 0 0
 0 1 1 1 1 0 0 0 1 0 0 0 0 0 1 0 1 1 1 0 0 0 0 1 1 1 1 1 0 1 0 0 1 0 1 0 1
 1 1 1 0 1 0 1 0 1 1 0 1 0 1 1 1 0 1 0 1 0 1 0 1 0 1 1 1 1 1 1 1 1 1 1 1 1
 1 1 1 1 1 1 1 0 0 0 0 0 0 0 0 0 0 0 0 0 0 0 0 0 0 0 0 0 0 1 1 1 0 0 1 1 0
 1 0 0 1 0 0 0 1 1 1 1 0 0 0 1 1 0 1 0 1 0 0 1 1 0 0 1 1 0 1 0 0 1 1 1 0 1
 1 0 1 1 1 0 0 1 1 0 0 1 1 1 0 0 1 0 1 1 1 0 0 0 1 0 1 1 0 0 1 0 1 0 0 1 1
 0 0 1 1 1 0 1 1 1 0 1 0 0 1 0 1 0 0 0 1 0 0 0 1 0 0 0 1 1 1 1 0 1 1 0 0 0
 0 1 1 1 1 1 1 1 0 1 1 1 0 0 0 1 0 1 0 0 1 1 1 0 0 1 1 1 0 0 0 1 1 1 0 0 1
 1 0 0 1 1 0 1 0 1 1 1 0 0 1 1 1 1 0 0 1 1 1 0 1 0 1 1 1 0 0 1 0 1 1]

