Clustering algorithm selected: fcm
=====================================

Clustering evaluation metric: dbc
Clustering evaluation value: 0.20129570780902517

========== Cluster 0 ==========

Base classifier: GradientBoostingClassifier()

Selected Features: [1 0 3 8 2 7]

Labels: [1 0 0 0 2 1 2 2 1 0 1 0 0 1 0 2 2 2 0 2 1 0 2 1 0 2 0 0 0 0 1 2 0 1 0 2 0
 0 2 0 0 0 0 1 1 0 0 0 0 0 2 1 0 0 0 0 0 2 2 1 0 0 1 1 2 0 0 0 2 1 0 2 0 0
 0 2 1 1 0 1 2 0 0 1 0 1 0 0 0 2 2 1 2 1 0 1 0 0 2 1 2 2 1 0 0 0 1 2 2 2 0
 2 2 1 2 2 1 2 2 2 1 0 2 2 0 1 1 0 2 1 1 2 2 2 1 1 0 2 1 0 0 2 2 2 2 1 1 2
 1 0 2 2 0 2 2 1 1 0 2 1 2 0 0 2 0 0 0 0 2 0 2 0 2 0 0 2 1 1 1 1 2 1 0 2 2
 2 0 1 0 2 0 0 0 2 0 0 1 2 0 1 0 1 0 2 0 0 1 1 0 0 0 2 0 2 2 1 1 0 2 1 2 2
 0 1 2 1 0 2 1 1 0 1 1 1 1 2 0 2 1 1 1 0 1 2 1 1 2 2 2 0 0 0 2 1 0 0 2 1 0
 2 0 2 2 1 0 1 2 2 0 0 2 0 1 2 0 0 0 0 1 2 2 0 2 0 2 0 0 2 2 0 1 0 0 1 2 1
 1 0 0 2 0 2 2 0 0 2 0 2 0 0 0 0 0 1 0 2 2 0 0 1 2 0 0 0 2 0 0 2 1 1 2 2 0
 2 0 0 0 0 2 0 0 1 2 0 0 2 0 0 1 1 0 0 2 0 0 1 1 1 2 0 1 0 0 0 0 0 2 0 0 0
 0 1 1 2 2 0 2 0 2 2 2 0 0 1 2 2 0 0 0 0 2 0 0 0 1 0 0 0 0 2 2 2 2 2 2 2 0
 2 0 2 0 0 0 0 0 1 0 0 2 0 1 0 0 0 0 2 0 0 0 2 2 0 2 0 2 0 0 0 2 2 0 1 1 2
 2 1 2 0 0 0 2 0 2 0 1 2 1 2 1 0 2 2 0 0 1 0 1 0 0 0 2 0 0 0 1 1 1 2 2 0 0
 2 0 1 0 0 0 1 0 1 0 0 1 0 2 0 0 0 2 0 2 2 2 1 1 2 2 2 1 1 2 2 2 1 0 0 0 0
 2 0 2 0 0 1 2 1 0 1 2 0 1 0 0 0 2 0 2 2 0 1 2 2 2 1 0 2 2 0 0 1 0 2 0 2 0
 2 0 2 0 2 0 1 0 1 0 2 0 1 0 2 1 2 1 1 2 1 2 0 2 1 0 2 0 0 1 2 2 2 0 0 2 2
 2 0 1 0 2 0 0 0 0 0 0 0 1 0 2 0 1 0 0 1 0 0 2 0 0 1 2 2 0 2 2 0 0 0 0 0 2
 2 2 2 0 0 2 0 0 2 1 2 2 2 2 1 2 0 2 1 2 0 2 0 2 0 2 1 0 0 0 0 2 0]

========== Cluster 1 ==========

Base classifier: SVC(probability=True)

Selected Features: [6 0 3 1 7 2 8]

Labels: [2 0 1 1 0 0 2 0 2 2 0 0 0 1 0 0 2 1 1 2 2 0 0 1 0 0 2 1 2 1 0 2 2 0 0 0 1
 2 1 0 2 0 0 0 2 1 1 2 1 1 0 2 0 0 0 0 0 2 1 0 2 2 2 0 1 1 1 2 2 2 1 2 2 0
 2 0 0 0 0 0 2 0 2 0 2 0 2 0 0 0 0 2 2 0 0 0 0 0 0 2 0 2 0 2 0 0 2 1 1 0 0
 2 2 1 0 0 2 1 1 0 2 1 1 2 1 2 2 1 0 1 0 0 0 0 0 2 0 1 0 2 2 0 0 0 1 2 0 0
 2 1 0 1 1 2 2 2 2 2 1 0 0 1 1 2 0 0 2 0 0 0 2 0 2 2 0 2 0 2 0 0 2 1 1 1 0
 0 2 2 1 0 0 0 0 0 2 0 2 0 0 1 2 2 0 0 2 2 0 2 1 2 2 2 1 0 0 2 0 1 2 1 0 0
 0 1 2 2 2 0 0 2 0 1 1 1 2 2 1 2 1 2 1 0 0 2 0 0 0 1 1 2 0 2 0 2 1 2 0 2 1
 2 2 2 2 0 1 0 2 0 0 2 0 0 0 2 2 0 1 2 2 0 2 2 1 2 1 0 2 2 1 0 0 2 0 2 0 0
 0 1 1 0 0 1 2 0 2 1 1 0 2 2 2 2 2 0 0 1 2 0 1 2 2 0 1 0 0 0 1 0 0 0 0 0 0
 1 2 2 0 2 1 1 1 2 2 0 2 0 1 0 0 0 0 2 2 2 2 0 2 0 0 1 2 0 2 2 0 1 0 0 2 0
 2 2 0 0 0 1 2 0 1 2 0 0 1 0 2 0 0 1 0 2 0 2 1 1 1 0 1 0 2 2 1 0 2 2 2 0 2
 2 0 2 0 2 0 2 1 1 1 2 2 1 0 0 2 1 0 1 2 0 2 1 0 0 1 0 2 2 2 0 2 0 0 0 0 2
 2 0 0 0 1 0 2 2 0 0 1 0 2 1 2 2 2 2 0 0 0 0 2 0 2 2 1 2 0 2 1 2 2 2 1 1 0
 2 1 0 0 0 2 1 0 0 2 2 1 1 2 1 2 2 2 2 2 2 1 2 1 1 2 1 2 2 1 2 1 2 2 1 1 1
 0 0 0 2 0 0 2 1 2 2 1 2 0 2 2 1 2 2 0 2 0 1 0 1 1 0 2 0 0 0 1 0 1 0 2 1 1
 0 1 0 1 1 2 0 0 2 1 1 2 0 0 0 0 2 0 2 0 2 2 2 1 1 1 2 2 1 2 1 1 2 2 1 1 0
 1 0 1 0 2 1 1 0 2 0 1 0 2 1 2 2 2 0 2 0 2 0 0 1 0 2 0 0 0 2 0 2 2 0 1 0 2
 0 0 1 0 1 2 0 1 2 2 0 1 0 1 0 2 1 2 0 0 1 2 0 0 0 1 2 0 2 2 0 0 1 1 2]

