Clustering algorithm selected: kmeans++
=====================================

Clustering evaluation metric: dbc_rand
Clustering evaluation value: 0.26590585696557345

========== Cluster 0 ==========

Base classifier: LogisticRegression()

Minority Class: 1

Selected Features: [ 22 204   3  21   8 158 173 189 130  40  31   0 193 214 194 125 184  37
  25 212  24 149 156  88  56 109 103  30 110 164 126  19  35  47 196  54
 117   5  62  41  10 145 163 217  67 170  66 180  98 169  70  76  20  17
 135 155 165  29  36  90 203  44 210 199 153 190 185  46 175 213  82 174
  77 176 172 116 198   4 216  68 111 118  11  61  39 128 205 142  14 139
  18  75  95  92 120 137 206  91  43  89  87 119 102  80 187 207 154  65
  93   1  81  12  55  38  27   7  28  15   9  69  71  72  73  74  32  34
  42  45  26  51  53  52  57  58  59   6  23  60  33  50  49  63  64   2
  48  13  16 224  78 167 182 181 179 178 177 171 168 166 148 162 161 160
 159 157 152 151 183 186 188 191 222 221 220 219]

Labels: [0 0 0 0 0 1 0 0 1 0 0 0 0 0 0 1 0 0 1 0 0 0 0 1 0 0 0 1 0 0 0 1 0 0 1 0 0
 1 0 0 0 0 0 0 0 0 0 1 1 0 0 0 0 1 0 0 0 1 0 0 1 0 0 0 0 1 1 0 0 0 0 0 0 0
 1 1 0 0 1 1 1 0 0 0 0 0 1 1 0 1 0 0 0 1 0 0 0 1 1 0 1 0 0 1 0 0 0 0 1 0 0
 0 0 1 1 0 0 0 1 0 1 0 1 0 0 0 0 0 0 0 0 1 0 0 1 0 0 0 0 1 0 0 0 0 0 1 0 0
 0 0 0 0 0 0 0 0 0 0 1 0 0 0 0 0 0 0 0 0 1 0 0 0 0 0 0 1 0 1 1 0 0 0 1 1 1
 0 0 0 1 1 1 0 0 0 0 1 0 0 1 1 0 0 1 1 1 0 0 0 0 0 0 0 0 0 0 1 1 0 1 0 0 1
 0 0 0 0 0 0 1 0 0 1 0 0 0 0 0 0 0 0 0 0 0 0 0 0 0 0 0 0 0 1 1 0 0 0 0 0 1
 0 0 0 0 0 0 0 0 1 1 0 1 0 1 0 1 0 0 0 0 0 0 1 1 0 1 1 1 0 0 0 1 0 0 1 1 0
 0 0 0 0 0 0 0 1 0 0 0 0 0 0 0 0 0 0 0 0 0 0 0 0 0 0 1 0 0 0 0 1 0 1 0 0 0
 0 0 1 1 0 0 1 0 0 0 0 0 0 0 1 0 1 0 0 1 0 0 0 0 0 0 0 0 1 0 0 0 0 0 0 0 0
 0 0 1 0]

========== Cluster 1 ==========

Base classifier: LogisticRegression()

Minority Class: 1

Selected Features: [182  88  92   3 184 154  86 215   1 210 163 150 132  70  43 166  20 158
 120 192 190   0 128 187  26  80  48 122  29 109 135  22 204 212 178 208
 207 110  65  93  50 160  72   4 193   7 141   6  67 131  83 107 200 139
  10  36   8  16 143 206  97  89 156 205  78 171 197 164 151 123  38  79
 101 126 162   9 102 142 153  41 202 175  30 165  94 223  53 112  57  21
  84  46  23 214  44  98 224  55 181  74   5 173 124 119 220  63  71  14
 129 100 148  90  68 157 194 213 161  45  87  33 104  99  25  27 105 137
 198  32  31 199  34 201  35  28 111  37 196  39 195  42 127 145  47 191
  49  40 209 203  11 222   2 221 134 133 219 218 217 216 138  12  24  13
 140  15  17  18  19 211 130  51 144 189]

Labels: [1 0 0 0 0 0 0 0 1 0 1 1 1 1 0 0 0 0 0 0 0 0 0 0 1 1 1 0 1 0 0 1 0 0 1 0 0
 0 0 0 1 0 0 0 1 1 0 1 0 0 0 0 1 1 1 0 0 0 0 0 0 1 1 1 0 0 1 1 0 0 0 1 1 0
 1 1 0 0 0 0 0 1 0 1 0 0 1 1 0 0 0 0 0 1 1 0 1 0 0 0 0 0 0 0 0 0 0 1 0 0 0
 1 1 0 0 0 1 0 1 1 1 0 1 0 0 0 1 0 0 1 0 1 1 0 0 0 1 0 0 0 0 0 0 0 0 0 0 0
 0 0 0 1 0 0 0 0 0 0 0 0 0 0 0 1 0 0 1 0 1 0 0 0 1 1 0 1 0 1 0 0 0 0 0 1 1
 1 1 0 0 0 1 0 0 0 1 0 0 1 1 0 0 0 1 1 0 1 0 0 1 0 0 0 0 1 0 0 1 0 1 1 0 1
 0 0 0 0 0 0 0 0 1 0 0 0 1 0 0 1 1 1 0 0 1 1 0 0 0 1 0 0 0 1 0 0 0 0 0 0 0
 1 0 1 0 0 0 0 0 1 0 1 0 0 0 0 1 1 1 1 0 0 0 1 0 0 0 0 1 1 0 1 0 0 0 0 0 0
 0 1 1 1 1 1 1 1 1 1 1 0 1 0 0 0 1 0 0 0 0 0 0 1 0 0 0 0 1 0 1 0 0 0 1 1 0
 0 0 1 0 0 0 1 0 0 0 0 0 0 1 0 0 0 1 0 1 0 1 1 0 1 1 0 1 1 1 0 0 0 0 0 1 0
 0 0 0 0 1 0 0 1 0 0 0 0 1 0 1 0 0 0 0 1 1 1 0 0 0 1 0 0 0 0 0 1 0 0 0 1 1
 0 1 0 0 0 0 0 0 0 1 0 0 0 1 1 1 0 0 0 0 0 1 0 0 1 0 0 1 0 0 0 0 0 0 1 0 1
 0 1 0 0 0 1 1 1 0 0 0 0 0 0 0 0 1 1 0 1 1 0 0 0 0 0 1 0 1 0 0 0 1 0 0 1 0
 1 0 1 0 0 0 1 0 1 1 0 0 1 1 1 0 0 0 1 0 1 0 1 0 0 1 1 0 1 0 1 1 0 0 1 1 0
 1 0 1 1 1 0 1 0]

