Clustering algorithm selected: kmeans
=====================================

Clustering evaluation metric: dbc
Clustering evaluation value: 0.16822955575409038

========== Cluster 0 ==========

Base classifier: DecisionTreeClassifier(max_depth=6, min_samples_leaf=3, min_samples_split=5)

Minority Class: 1

Selected Features: [0 1 2 3 4 5 6 7 8]

Labels: [2 1 0 0 1 1 0 0 2 2 1 0 2 2 2 0 0 0 1 1 0 0 0 2 1 0 0 1 1 2 2 2 0 2 0 0 2
 1 2 0 0 2 0 1 0 1 0 1 2 0 0 0 0 0 2 0 2 0 1 0 2 2 1 0 1 2 2 1 1 0 0 0 2 0
 0 0 0 0 0 0 2 1 2 1 0 0 0 0 2 2 1 0 0 0 1 2 2 1 1 2 2 0 0 1 1 2 2 0 0 2 1
 2 0 2 0 0 0 2 0 2 2 0 1 0 0 2 0 0 0 2 2 0 2 0 1 0 0 0 0 2 0 2 0 2 2 2 1 2
 0 0 1 0 2 1 1 0 0 2 0 2 1 2 2 1 0 1 0 0 0 0 1 2 1 2 2 1 1 2 0 1 2 2 2 1 2
 2 1 2 1 0 2 2 1 0 0 0 0 0 2 2 0 1 2 0 2 2 0 1 1 2 1 2 2 2 1 1 1 0 2 0 2 2
 1 1 2 1 2 2 0 0 2 2 2 0 2 0 2 1 1 2 0 0 2 1 0 2 2 2 0 2 1 0 0 0 2 2 1 2 2
 0 2 0 0 0 2 0 0 0 0 2 2 1 0 2 0 2 1 1 1 0 2 1 0 2 1 2 0 0 1 0 0 2 0 0 2 0
 2 0 1 2 2 0 2 0 2 0 1 2 0 0 0 0 2 0 2 1 0 0 1 1 0 2 1 0 2 0 0 1 0 1 2 2 0
 2 0 2 0 1 2 1 2 1 1 0 1 2 2 1 2 0 1 2 1 1 1 2 0 0 2 1 1 1 1 2 0 0 1 1 1 1
 2 0 1 2 1 2 2 0 2 0 1 0 0 1 2 0 2 1 1 2 2 2 0 2 0 2 2 1 0 0 1 2 2 0 0 0 2
 2 0 1 2 2 0 1 2 0 2 0 0 0 2 2 2 2 2 0 0 2 0 0 0 0 2 2 0 2 0 0 0 0 0 2 0 1
 0 0 0 0 0 0 0 1 0 0 0 1 0 0 1 0 2 0 1 2 0 2 0 0 0 0 0 0 0 0 2 0 1 2 0 0 0
 0 1 2 2 2 2 0 0 2 2 1 2 2 2 0 2 2 2 2 0 0 2 2 0 0 0 1 0 0 1 0 2 0 2 1 1 0
 0 0 0 2 1 0 2 2 2 0 1 0 0 2 2 0 1 2 0 0 0 2 1 2 0 1 1 0 2 0 1 0 2 1 2 2 0
 2 0 2 0 0 2 0 2 0 2 0 2 0 1 1 0 1 0 2 2 2 0 2 0 1 0 0 2 0 1 1 2 2 2 0 0 0
 0 0 0 2 0 2 0 0 1 2 2 1 2 0 2 0 2 1 2 1 2 1 1 0 0 1 0 0 0 1 0 0 0 2 1 0 1
 0 0 2 0 0 2 2 2 1 2 1 2 1 1 2 2 1 2 0 2 2 2 2 0 0 0 0 1 2 0 1 0 1 2 2 1 2
 2 0 2 2 0 0 2 1 2 2 2 0 2 0 0 1 0 2 1 2 2 1 0 0 1 1 2 0 0 0 0 2 0 1 2 1 2
 1 1 2 0 1 2 2 2 0 2 1 0 0 2 2 2 0 2 2 2 0 0 2 2 0 2 1 0 0 2 2 0 2 2 0 0 0
 0 2 2 2 0 2 1 2 0 0 0 2 1 0 1 2 2 0 0 2 2 2 0 0 2 1 1 1 1 1 1 0 1 0 0 1 0
 0 1 2 2 0 1 0 0 2 0 1 1 2 2 1 0 1 2 2 0 2 2 1 2 2 0 2 1 0 1 0 0 0 2 0 0 0
 1 1 2 2 1 0 1 0 1 1 2 2 2 1 0 0 0 2 2 1 0 0 1 1 0 2 2 0 2 0 0 2 0 0 0 2 2
 2 0 0 1 2 0 0 2 2 1 2 0 1 2 2 2 2 2 1 1 1 2 1 2 2 2 0 2 1 0 1 1 0 0 2 2 0
 0 1 1 2 2 0 0 2 2 2 0 2 2 2 2 0 2 0 1 0 0 2 0 0 0 0 0 0 0 0 0 1 0 1 0 0 1
 0 0 2 0 2 0 2 2 0 0 1 2 2 0 2 0 0 1 0 0 0 0 0 1 2 2 0 2 2 1 2 2 0 1 0 1 0
 2 2 1 1 2 2 2 0 2 1 1 2 2 0 1 0 0 1 2 2 0 2 2 0 2 0 0 0 1 0 0 2 0]

========== Cluster 1 ==========

Base classifier: DecisionTreeClassifier(max_depth=6, min_samples_leaf=5, min_samples_split=7)

Minority Class: 1

Selected Features: [0 1 2 3 4 5 6 7 8]

Labels: [0 0 2 1 0 2 2 1 0 0 1 1 2 2 0 2 1 0 0 0 1 0 2 0 0 0 0 1 0 1 2 0 0 2 0 0 0
 0 2 1 0 1 0 0 0 1 0 0 0 1 0 2 2 1 0 2 0 1 2 0 0 0 0 1 0 0 1 2 1 1 1 2 0 1
 0 0 2 0 2 2 1 0 1 0 0 1 2 2 2 0 0 0 2 2 0 2 2 0 1 1 0 1 0 2 0 0 0 1 2 2 2
 2 0 0 0 1 1 0 2 1 1 0 2 2 0 0 2 2 2 0 1 2 2 0 0 0 0 0 2 0 2 2 2 0 2 0 0 2
 1 0 0 0 1 0 0 1 2 0 0 0 1 2 1 1 1 2 0 2 0 0 0 2 0 0 0 2 2 0 1 0 2 2 0 0 0
 1 2 2 0 0 0 1 2 0 0 1 1 2 0 2 0 0 2 2 0 1 0 2 0 0 2 2 0 1 2 1 0 1 0 0 2 0
 0 1 0 2 0 2 2 1 1 1 0 0 2 2 0 1 1 0 1 0 1 0 0 1 1 2 2 2 1 2 1 0 0 0 2 2 0
 0 2 2 1 0 1 0 1 0 2 0 0 0 1 2 0 1 2 2 0 0 0 1 2 1 1 1 0 1 1 1 0 1 1 2 0 2
 0 1 1 2 1 0 0 2 2 0 0 0 1 0 2 0 2 2 0 0 0 2 0 2 0 0 2 2 0 2 1 0 0 1 2]

