============== Classifiers Parameters ==============
[{'n_estimators': 222, 'max_depth': 6, 'min_samples_split': 5, 'min_samples_leaf': 8}, {'n_estimators': 302, 'max_depth': 4, 'min_samples_split': 2, 'min_samples_leaf': 5}, {'n_estimators': 382, 'max_depth': 7, 'min_samples_split': 5, 'min_samples_leaf': 10}]

Optimal clusterer: kmeans

External clustering metrics:
adjusted_rand_score: 0.3101448590534352
normalized_mutual_info_score: 0.266678383612365
v_measure_score: 0.26667838361236496
fowlkes_mallows_score: 0.5395416077200165

Internal clustering metrics:
silhouette: 0.34676120311878605
davies_bouldin: 0.9238854057494922
calinski_harabasz_score: 480.07195010141675

Base classifier: extra_tree
========== Cluster 0 ==========

Labels: [2 2 2 1 2 0 1 2 2 0 1 0 1 1 2 2 2 2 1 0 1 2 1 2 2 1 2 2 2 1 0 2 2 2 2 0 2
 2 2 0 0 2 2 1 2 2 2 2 1 2 0 1 2 2 0 2 2 2 0 2 2 0 0 1 2 0 1 2 2 2 2 0 2 2
 2 1 2 1 2 2 2 1 2 2 2 2 0 2 2 2 1 1 2 2 2 2 2 2 1 2 2 0 0 0 2 0 2 0 2 2 2
 1 1 2 2 2 2 1 2 0 1 0 2 2 0 2 0 2 1 2 2 2 2 2 2 2 0 2 2 2 0 2 2 2 2 2 1 2
 2 1 0 2 2 2 2 2 1 2 2 2 2 2 2 2 2 2 2 2 2 2 2 2 2 2 0 1 2 2 2 2 0 0 2 2 2
 2 2 2 2 2 2 2 1 2 2 0 2 1 2 1 1 2 2 2 2 2 2 2 2 2 2 2 2 2 2 2 1 2 2 2 0 1
 1 2 2 2 0 0 1 2 0 0 2 0 2 2 2 1 2 2 2 2 2 2 2 2 2 0 0 2 0 2 1 2 2 0 0]

========== Cluster 1 ==========

Labels: [1 1 1 1 1 1 1 1 0 1 1 1 1 0 0 0 1 2 1 1 0 0 0 1 1 1 1 1 1 0 0 1 1 1 1 1 0
 2 2 0 1 2 1 1 1 0 1 1 0 0 1 1 1 0 1 2 1 1 2 0 1 1 1 1 1 0 1 0 1 0 1 1 1 1
 0 1 1 1 1 2 1 1 0 2 1 1 1 1 1 1 1 1 1 1 0 1 1 1 1 1 1 2 1 1 1 1 1 1 1 1 2
 1 1 2 0 2 1 1 1 1 1 1 1 1 1 1 0 1 1 1 0 0 1 1 1 1 0 0 0 2 2 2 2 0 0 1 1 0
 2 1 1 1 1 1 1 1 1 1 1 1 1 1 1 1 1 0 2 0 2 1 1 2 0 0 0 1 1 1 1 2 1 1 1 1 1
 1 1 1 1 1 1 1 0 1 2 1 1 1 1 1 1 1 1 1 1 1 1 0 1 1 0 1 0 1 1]

========== Cluster 2 ==========

Labels: [0 0 2 0 0 0 1 1 0 1 0 0 0 1 0 0 0 1 0 0 1 0 2 0 0 0 0 0 1 0 2 0 0 1 0 0 0
 1 0 1 0 0 2 0 0 0 0 0 0 2 0 1 0 0 0 1 0 1 0 0 0 0 0 0 0 0 2 0 1 1 0 0 2 0
 0 1 0 0 2 0 0 2 0 0 0 0 2 0 0 1 0 2 0 0 0 0 0 0 2 0 0 1 0 0 1 0 2 0 2 0 1
 1 1 0 2 0 0 0 0 0 0 0 0 0 0 0 0 0 2 0 1 0 2 0 0 2 0 0 2 2 1 0 0 0 1 0 0 0
 0 0 1 0 0 1 0 2 0 0 0 0 2 0 1 0 0 0 2 2 0 0 0 2 0 0 0 0 0 0 1 0 0 1 0 2 0
 0 0 1 0 0 0 2 2 0 2 0 0 1 1 0 0 0 0]

