Clustering algorithm selected: fcm
=====================================

Clustering evaluation metric: rand
Clustering evaluation value: 0.009087377437976728

========== Cluster 0 ==========

Base classifier: LogisticRegression()

Minority Class: 1

Selected Features: [ 0  1  2  3  4  5  6  7  8  9 10 11 12 13]

Labels: [0 0 0 1 1 1 0 0 0 1 1 0 0 0 0 1 0 0 0 1 0 0 0 0 0 0 0 0 0 0 0 0 0 1 0 0 1
 0 1 1 0 0 0 0 0 0 0 0 1 0 0 0 0 1 0 1 0 0 1 0 1 0 0 1 0 0 1 0 0 0 1 0 0 0
 0 1 0 0 0 0 0]

========== Cluster 1 ==========

Base classifier: KNeighborsClassifier()

Minority Class: 0

Selected Features: [ 0  1  2  3  4  5  6  7  8  9 10 11 12 13]

Labels: [1 1 0 0 0 0 1 1 1 1 1 1 1 1 1 0 1 1 1 0 1 1 0 0 1 0 0 1 1 1 1 0 1 1 1 0 1
 1 0 1 0 1 1 0 1 1 1 0 1 1 0 0 1 0 0 1 0 1 0 1 0 0 1 0 0 0 0 0 0 0 1 0 1 0
 1 1 1 0 0 1 1 1 0 1 1 1 0 0 0 0 0 1 1 0 1 0 1 0 1 1 1 0 1 0 0 0 1 1 1 1 0
 0 1 1 1 0 0 1 0 0 0 1 1 0 1 0 0 1 1 1 1 1 1]

========== Cluster 2 ==========

Base classifier: SVC(C=514.6382307856702, gamma=272.6584598326524, probability=True)

Minority Class: 1

Selected Features: [ 0  1  2  3  4  5  6  7  8  9 10 11 12 13]

Labels: [1 0 1 0 0 0 0 0 0 1 1 1 0 0 1 0 0 0 0 0 0 0 1 1 1 0 0 0 0 1 1 0 0 0 0 0 1
 0 1 0 1 1 0 0 0 1 0 1 1 0 1 1 1 0 0 1 0 0 1 1 1 1 1 0 1 1 1 0 1 0 0 1 1 0
 0 0 0 1 1 0 1 0 1 0 1 1 0 1 1 0 0 0 0 0 0 0 0 1 0 1 0 0 0 1 0 0 1 0 0 0 1
 1 1 1 0 0 1 1 1 1 0 0 1 0 0 0 0 0 1 0 0 0 1 1 1 0 1 0 0 1 1 0 1 0 0 1 0 1
 1 1 0 0 0 1 0 1 0 0 1 0 1 1 0 0 0 0 1 0 0 1 0 1 0 0 0 0 1 1 1 0 0 0 0 1 0
 1 0 1 0 1 0 0 1 1 0 1 0 1 0 1 1 0 0 0 1 0 0 1 1 0 1 0 0 0 1 1 1 0 0 1 1 0
 1 1 0 0 0 0 0 0 1 0 1 1 1 0 1 0 1 0 0 1 0 1 1 1 0 0 0 0 0 1 1 0 0 1 1 1 0
 1 1 1 0 0 0 1 0 0 0 0 0 0 1 0 1 1 1 0 1 1 1 1 0 0 1 0 0 1 0 1 1 0 1 1 1 1
 1 0 0 1 1 1 0 1 1 1 0 1 0 1 1 1 0 0 0 1 0 1 1]

========== Cluster 3 ==========

Base classifier: LogisticRegression()

Minority Class: 1

Selected Features: [ 0  1  2  3  4  5  6  7  8  9 10 11 12 13]

Labels: [0 1 1 1 0 0 0 0 0 0 0 0 0 1 0 1 0 0 0 0 1 0 1 1 1 1]

========== Cluster 4 ==========

Base classifier: GaussianNB()

Minority Class: 1

Selected Features: [ 0  1  2  3  4  5  6  7  8  9 10 11 12 13]

Labels: [0 0 1 0 1 0 1 0 1 1 1 0 1 0 1 1 0 1 1 0 0 0 0 1 0 0 1 0 0 1 0 0 0 0 0 0 1
 1 0 0 1 0 1 1 0 1 1 0 0 1 1 1 1 1 1 1 0 0 1 1 1 0 0 0 0 1 1 0 0 1 1 0 0 1
 0 0 1 0 1 0 1 0 1 0 0 0 1 0 1 0 0 1 1 1 0 0 1 1 0 1 1 0 1 0 0 0 1 0 0 1 1
 1 0 0 1 0 0 1 0 0 1 1 1 0 0 0 0 1 0 0 0 1 0 1 1 1 1 1 0 0 0 1 0 0 1 0 1 1
 1 1 1 0 0 1 0 1 0 0 1 1 1 1 0 1 0 0 0 1 0 0 1 1 1 1 1 1 1 1 1 0 0 1 0 0 1
 0 0 1]

========== Cluster 5 ==========

Base classifier: KNeighborsClassifier(n_neighbors=7)

Minority Class: 1

Selected Features: [ 0  1  2  3  4  5  6  7  8  9 10 11 12 13]

Labels: [0 1 1 0 0 1 0 1 0 0 1 0 0 0 0 1 1 1 0 0 0 1 0 0 0 1 0 1 0 0 1 0 0 1 1 0 0
 1 1 1 0 1 1 0 1 0 0 0 0 0 0 0 1 1 0 0 0 1 1 0 1 0 0 1 0 0 0 1 0 1 0 1 1 0
 1 1 1 0 1 1 0 0 0 1 1 1 1 1 0 0 0 0 0 1 1 0 1 0 0 0 0 1 0 1 1 0 0 1 1 0 0
 0 1 0 0 1 1 1 1 0 0 1 1 1 0 0 1 1 0 1 1 0 1 1 1 1 1 0 1 0 1 0 0 1 0 0 0 0
 1 0 1 0 0 0 1 1 1 0 1 0 1 0 0 1 0 1 1 1 0 0 1 0 0 1 1 0 1 1 1 0 0 1 1 0 0
 1 0 1 0 0 0 1 1 0 1 1 1 1 1 1 1]

========== Cluster 6 ==========

Base classifier: DecisionTreeClassifier(max_depth=10, min_samples_leaf=4, min_samples_split=8)

Minority Class: 0

Selected Features: [ 0  1  2  3  4  5  6  7  8  9 10 11 12 13]

Labels: [1 0 1 1 0 1 1 0 0 1 1 1 1 1 1 1 1 1 1 1 1 1 1 1 1 1 1 1 1 1 1 1 1 1 1 1 1
 0 0 0 1 1 1 1 1 1 1 1 1 1 1 1 0 0 1 1 1 0 1 1 1 0 1 1 1 1 1 1 0 1 1 1 0 1
 0 0 0 1 0 1 1 1 1 1 1 1 1 1 0 1 1 1 0 0 1 1 1 1 0 1 0 0 1 1 0 1 1 1 1 1 1
 1 1 1 0 1 0 0 1 1 1 1 0 0 0 1 1 0 1 0 1 1 1 1 1 1 1 1]

========== Cluster 7 ==========

Base classifier: SVC(C=846.057852889691, gamma=464.58590031041854, probability=True)

Minority Class: 1

Selected Features: [ 0  1  2  3  4  5  6  7  8  9 10 11 12 13]

Labels: [0 0 1 0 1 1 0 1 1 0 0 1 1 1 1 0 1 1 1 0 0 0 1 1 1 1 1 0 1 1 0 0 1 1 1 0 1
 1 1 0 0 0 0 1 1 0 0 0 1 0 0 1 1 1 1 1 1 0 1 1 1 0 0 1 0 0 0 1 0 0 1 1 0 1
 0 0 0 0 1 1 0 1 0 0 0 1 0 0 0 0 0 1 1 1 1 0 0 0 0 1 0 1 1 1 1 0 0 0 0 0 0
 1 0 1 0 0 1 0 0 0 1 1 1 0 1 0 0 0 0 1 1 0 0 1 1 1 0 1 1 0 1 1 1 0 0 1 0 0
 1 0 1 1 0 1 0 0 1 1 0 1 0 0 0 0 1 0 0 1 0 0 0 1 1 0 0 0 0 1]

