Clustering algorithm selected: spectral
=====================================

Clustering evaluation metric: rand
Clustering evaluation value: 0.005807452347362975

========== Cluster 0 ==========

Base classifier: KNeighborsClassifier(n_neighbors=7)

Minority Class: 1

Selected Features: [ 0  1  2  3  4  5  6  7  8  9 10 11 12 13]

Labels: [0 0 0 1 1 0 1 1 1 1 0 0 0 0 0 0 0 0 0 0 0 0 1 0 1 0 0 1 0 0 1 0 1 1 0 1 1
 0 0 1 0 0 0 1 1 0 1 1 0 0 1 0 1 0 1 1 0 1 0 0 1 0 0 0 0 1 1 0 1 0 1 1 1 0
 1 0 1 1 1 1 1 0 0 0 0 1 1 0 0 0 0 1 1 1 1 1 1 1 1 1 0 0 0 1 1 1 1 1 1 1 1
 1 0 1 0 0 1 0 1 0 1 0 1 0 1 0 1 1 0 0 1 0 0 1 1 0 1 0 1 0 0 0 0 1 0 0 0 0
 0 0 0 0 0 0 1 1 0 1 1 0 1 1 0 1 0 0 0 1 1 0 1 0 0 0 1 1 0 1 1 0 0 0 1 0 1
 0 1 0 1 0 1 1 0 0 1 0 0 0 1 1 0 1 1 0 1 1 0 1 1 1 1 1 1 1 1 0 1 1 0 1 1 1
 0 0 0 0 1 0 1 0 0 1 1 0 1 1 0 0 0 0 0 1 0 0 1 0 0 0 1 0 0 1 1 1 0 0 0 0 0
 1 0 0 0 0 0 1 1 1 1 1 0 0 0 0 1 1 0 0 1 0 0 0 0 0 1 1 1 0 1 1 1 0 1 0 0 0
 1 1 0 0 1 1 1 0 0 0 0 1 0 0 1 0 0 1 1 0 1 0 1 1 0 0 0 1 1 0 0 0 0 0 0 1 0
 0 0 1 0 0 1 1 0 1 0 1 0 0 0 0 0 0 0 0 0 1 0 0 1 1 1 0 1 0 1 0 1 0 0 0 1 0
 1 0 0 1 0 0 1 0 0 1 0 0 1 0 1 1 1 1 0 0 1 0 0 0 1 0 0 0 1 0 0 1 0 0 1 1 0
 0 1 1 1 1 1 0 1 0 0 1 1 0 1 0 1 1 1 1 1 0 0 1 1 0 0 1 0 1 1 1 0 0 0 0 1 0
 1 0 0 1 1 1 0 0 1 0 0 0 0 0 0 0 1 1 0 1 0 0 1 0 0 0 1 1 1 0 1 0 0 0 1 1 0
 0 1 0 1 0 0 0 0 1 1 1 0 0 0 0 0 1 1 0 1 0 1 0 1 1 0 0 0 0 0 0 1 1 0 1 1 0
 0 1 1 1 0 0 1 0 1 1 0 0 1 0 1 0 0 1 0 0 0 0 1 1 0 0 0 1 0 1 0 1 1 0 1 1 1
 0 0 0 0 0 1 0 0 1 1 0 1 0 1 0 0 1 1 1 0 1 1 0 1 1 0 0 1 0 1 1 0 1 1 0 0 0
 1 1 0 0 0 1 0 1 1 0 1 1 1 0 1 1 0 0 1 1 0 0 0 0 1 1 1 0 1 1 1 0 1 1 0 1 0
 0 0 0 1 1 0 0 0 0 0 1 1 0 1 0 1 1 0 1 0 0 1 1 0 0 0 1 0 1 1 0 1 0 0 1 1 1
 0 1 0 0 0 0 1 1 1 0 0 0 0 0 1 1 0 1 1 0 1 1 0 1 1 1 0 1 0 1 1 0 0 0 0 0 1
 0 1 0 1 0 0 1 1 1 0 0 0 1 1 1 0 1 0 1 1 0 1 0 1 0 1 0 0 1 0 0 1 0 1 0 1 1
 0 1 0 0 0 1 1 1 0 1 1 0 0 1 1 0 1 1 1 0 1 0 0 0 1 1 0 1 1 0 0 1 0 1 1 1 1
 1 0 0 1 0 1 1 1 0 0 1 0 0 0 1 1 0 0 0 1 0 0 0 0 0 1 0 1 0 0 1 1 0 0 0 0 1
 0 1 1 1 0 1 1 0 1 0 0 0 1 0 1 0 0 1 1 0 1 0 0 0 0 1 0 1 0 1 0 0 0 0 1 1 1
 0 1 1 0 1 1 0 1 1 0 1 0 0 1 1 1 1]

========== Cluster 1 ==========

Base classifier: GaussianNB()

Minority Class: 0

Selected Features: [ 0  1  2  3  4  5  6  7  8  9 10 11 12 13]

Labels: [0 0 1 0 1 0 1 0 1 1 1 0 1 0 1 1 0 1 1 0 0 0 0 1 1 0 1 1 0 0 1 1 1 1 1 1 1
 0 0 1 1 1 0 0 0 0 1 1 0 0 1 1 1 0 0 1 0 0 1 0 1 0 1 0 1 0 0 0 1 0 1 0 0 1
 1 1 0 0 1 1 0 1 1 0 1 0 0 0 1 0 0 1 1 1 0 0 1 0 0 1 0 0 1 1 1 1 0 0 0 0 1
 0 0 0 1 0 1 1 1 1 1 0 0 0 1 0 0 1 0 1 1 1 1 1 0 0 1 0 1 0 0 1 1 1 1 0 1 0
 0 0 1 0 0 1 1 1 1 1 1 1 1 1 0 0 1 0 0 1 0 0 1 1 1 1 1 1 0 1 1 1 1 1 1 1 1
 1 1 0 0 1 0 0 1 1]

========== Cluster 2 ==========

Base classifier: DecisionTreeClassifier(max_depth=7, min_samples_leaf=2, min_samples_split=6)

Minority Class: 0

Selected Features: [ 0  1  2  3  4  5  6  7  8  9 10 11 12 13]

Labels: [0 1 1 1 1 0 0 1 1 0 0 1 1 0 0 1 1 1 1 1 1 1 1 1 1 1 0 1 1 1 1 1 0 0 0 0 1
 1 1 1 0 0 1 0 1 1 1 1 1 1 0 1 0 0 0 0 1 1 0 1 0 1 1 1 0 0 1 1 1 1 1 1 1 0
 0 1 1 1 0 1 0 0 0 0 1 0 1 1 0 1 1 0 1 1 1 1 0 1 1 1 1 0 1 1 0 1 0 0 1 0 1
 1 0 1 0 1 1 0 0 1 1 0 0 1 1 1 1 0 1 1 0 1 1 0 0 1 1 1 1 0 1 0 0 0 1 1 1 0
 0 1 1 1 0 0 0 1 1 0 1 1 0 1 1 0 0 1 1 1 1 0 1 0 0 1 0 0 0 1 0 1 0 1 1 0 1
 0 1 0 0 1 0 0 0 1 0 0 1 1]

