============== Classifiers Parameters ==============
[{'cost': 597.666054617474, 'gamma': 311.7211353154428}, {'cost': 41.48296501627166, 'gamma': 524.9340254300439}, {'cost': 7.014946989983059, 'gamma': 384.68687652708945}, {'cost': 390.2783742820877, 'gamma': 925.0990098567984}, {'cost': 831.9290693519772, 'gamma': 14.472319684950687}, {'cost': 363.32434368944536, 'gamma': 529.5779418255845}, {'cost': 994.5237622631142, 'gamma': 121.50412531651415}, {'cost': 394.89941712549444, 'gamma': 220.9008077741553}]

Optimal clusterer: kmeans

External clustering metrics:
adjusted_rand_score: 0.005925861009382574
normalized_mutual_info_score: 0.008557349515715127
v_measure_score: 0.008557349515715127
fowlkes_mallows_score: 0.7612217100124901

Internal clustering metrics:
silhouette: 0.01997479005056946
davies_bouldin: 1.2250431835660902
calinski_harabasz_score: 2.044477489022282

Base classifier: svm
========== Cluster 0 ==========

Labels: [0 0 0 0 1 0 0 1 0 1 0 1 0 0 0 0 0 1 0 1 0 0 1 1 0 0 1 1 0 0 0 1 0 0 0 1 0
 1 1 0 0 1 0 0 1 1 1 0 1 0 0 1 0 0 0 1 1 1 0 0 1 1 0 0 1 1 0 0 0 0 0 0 1 0
 0 1 1 1 1 0 1 1 1 0 1 1 1 0 0 1 0 0 0 0 0 1 1 0 0 0 0 1 0 1 0 0 1 0 0 0 1
 0 1 0 0 0 1 0 0 0 0 0 1 1 0 0 0 1 1 0 1 1 0 1 0 0 0 1 1]

========== Cluster 1 ==========

Labels: [1 1 0 0 0 0 1 1 0 1 0 0 0 0 0 1 0 0 1 0 0 1 0 1 1 1 0 1 0 0 0 0 0 1 1 0 0
 0 0 0 1 1 0 1 1 0 1 0 0 0 0 0 0 0 0 1 1 0 1 1 1 1 1 0 1 1 0 0 1 1 1 0 0 0
 1 1]

========== Cluster 2 ==========

Labels: [1 0 1 0 1 1 0 0 0 0 1 0 0 1 0 0 0 0 0 0 0 1 1 0 0 0 0 0 0 1 0 0 1 0 1 1 0
 0 0 1 0 0 0 1 1 0 0 0 0 0 0 0 0 0 0 0 0 0 0 1 0 0 0 0 0 0 0 1 1 0 0 0 0 0
 0 1 0 0 0 0 0 1 1 0 1 1 0 0 1 0 0 0 0 0 0 1 0 0 0 1 0 1 1 0 0 0 1 0 0 1 1
 1 0 1 1 0 0 1 0 1 0 0 0 1 0 0 0 0 0 1 0 1 1 0 0 0 0 0 0 1 0 0 0 1 0 0 0 1
 0 1 1 0 1 1 0 1 0 1 1 1 1 0 0 1 0 0]

========== Cluster 3 ==========

Labels: [0 0 0 1 0 0 0 0 1 0 0 0 1 1 1 0 1 0 0 0 0 1 0 0 0 0 0 0 0 0 0 0 0 1 0 0 1
 0 0 0 1 0 0 0 0 0 0 0 0 0 0 0 0 1 0 0 0 0 0 0 0 0 1 1 0 0 0 0 1 0 0 0 0 0
 1]

========== Cluster 4 ==========

Labels: [0 1 1 0 1 1 1 0 0 0 0 0 1 0 1 1 1 1 1 0 0 0 0 0 0 0 0 0 0 1 0 0 0 0 0 1 0
 0 1 0 1 1 1 1 0 0 1 1 0 1 0 0 0 0 0 0 0 0 0 0 1 0 0 1 0 0 0 0 0 0 0 0 0 1
 1 0 0 1 0 1 0 0 0 0 0 0 1 1]

========== Cluster 5 ==========

Labels: [0 0 0 1 0 0 0 0 1 0 1 0 1 0 0 1 0 0 0 1 0 0 0 0 1 0 0 0 0 0 0 0 1 1 0 0 0
 0 0 1 1 1 1 0 0 0 0 0 0 0 1 1 1 0 0 1 0 0 0 0 0 0 0 0 0 0 0 0 0 0 1 0 0 1
 0 1 1 0 0 0 0 0 0 0 1 0 0 0 0 1 0 0 0 0 0 0 0 0 0 1 0 0 0 1 1 0 0 0 0 1 0
 0 0 1 1 0 0 1 0 0 0 0 0 0 0 0 0 0 0 0 1 1 0 0 0 0 0 0 0]

========== Cluster 6 ==========

Labels: [0 0 0 0 0 0 0 0 0 0 0 0 0 0 0 1 0 1 1 0 1 0 0 0 0 0 0 0 0 0 0 0 0 0 1 0 1
 1 1 0 0 0 0 1 0 0 1 0 0 1 0 0 0 0 1 0 0 0 0 0 1 0 1 0 0 1 1 1 0 0 0 0 0 0
 0 0 0 0 0 1 0 0 0 1 1 1 0 0 0 0 0 0 0 0]

========== Cluster 7 ==========

Labels: [0 0 0 0 1 0 1 0 0 1 1 0 0 0 1 0 0 0 0 0 0 1 0 0 0 0 0 0 1 0 0 1 0 0 0 0 1
 0 0 0 1 0 0 0 0 0 1 1 0 0 1 0 0 1 1 1 0 1 0 0 1 0 1 1 0 0 1 0 1 0 0 0 0 0
 0 0 0 0 0 0 0 1 0 0 1 0 0 0 1 0 0 0 0 0 0 0 0 0 0 0 1 0 0 0 0 0 0 0 0 1 0
 0 1 0 0 1 0 0 0 0 1 0 1]

