Clustering algorithm selected: kmeans
=====================================

Clustering evaluation metric: silhouette
Clustering evaluation value: 0.3702488414509102

========== Cluster 0 ==========

Base classifier: SVC(probability=True)

Minority Class: 0

Selected Features: [ 0  1  2  3  4  5  6  7  8  9 10 11 12 13 14 15 16 17 18 19 20 21 22 23
 24 25 26 27 28 29 30]

Labels: [1 1 1 1 0 0 0 1 0 1 1 0 1 1 0 0 0 1 1 1 1 0 0 1 1 1 0 1 1 1 1 1 1 1 0 1 1
 1 1 1 0 1 1 0 1 0 1 0 1 1 1 1 1 0 1 1 0 1 1 1 0 1 0 1 0 0 0 1 1 0 1 0 0 0
 1 1 1 1 0 0 1 1 1 0 0 0 0 0 0 1 0 1 1 0 0 1 0 0 0 1 0 0 0 0 1 0 1 1 0 1 1
 0 0 1 0 0 1 0 0 1 0 0 0 0 1 1 0 0 1 1 1 1 1 1 0 0 0 0 0 0 1 0 1 0 0 0 1 1
 0 0 1 1 0 0 0 0 1 0 0 0 0 0 0 0 1 0 0 0 1 0 1 0 1 1 1 0 1 1 1 1 0 1 1 1 1
 1 0 1 1 1 0 1 1 0 0 0 0 1 1 1 1 1 1 1 1 0 0 0 0 1 1 0 0 0 0 1 0 0 0 0 0 0
 1 0 1 1 1 0 1 1 0 1 0 0 0 0 0 1 1 1 0 0 1 1 1 1 0 1 1 1 1 1 1 0 1 0 0 1 1
 0 1 0 0 1 1 1 0 1 0 0 0 0 0 1 1 0 0 0 1 0 1 1 1 0 1 1 0 0 0 0 0 1 0 1 1 0
 0 1 0 1 1 1 0 0 1 1 0 0 1 0 1 0 1 1 1 0 0 0 0 1 0 0 0 0 0 1 0 0 1 1 1 0 1
 0 0 1 1 1 0 0 0 1 1 0 1 1 0 1 0 1 0 1 0 1 0 0 0 1 1 0 1 1 1 1 0 1 1 0 0 0
 1 0 1 0 1 0 1 1 1 0 0 1 0 1 0 1 1 1 0 0 1 1 0 0 0 1 0 1 0 0 0 0 0 0 0 0 0
 0 1 1 0 0 0 0 0 0 0 1 0 1 0 1 1 0 0 0 0 1 0 0 1 1 0 0 1 1 1 0 1 1 1 1 1 1
 0 1 1 0 1 0 1 0 0 0 1 1 1 0 0 0 0 1 0 1 1 0 0 1 1 0 1 0 0 1 0 0 0 0 1 1 0
 1 1 1 1 1 0 0 0 1 1 0 1 0 1 0 0 1 0 0 1 1 0 1 1 1 1 1 1 1 1 0 0 1 0 0 1 0
 0 1 0 0 1 0 0 1 1 1 0 1 0 1 1 1 0 1 1 0 0 0 1 1 1 1 1 0 0 0 1 1 1 0 0 1 0
 1 0 1 0 0 0 1 1 0 1 0 0 1 0 1 1 1 1 1 0 1 0 1 0 1 0 1 1 1 0 1 1 0 0 0 0 1
 1 0 1 0 0 0 1 0 0 1 0 1 1 0 1 0 1 0 0 0 1 1 0 1 0 1 0 0 0 0]

Synthetic samples indexes: [  0   1   2   3   9  10  12  13  17  18  19  20  23  24  25  27  28  30
  31  33  35  36  38  39  41  46  48  49  50  52  54  55  57  58  59  61
  63  67  70  74  75  76  80  81  89  91  92  95  99 104 106 109 110 113
 116 119 124 125 129 131 133 140 142 146 147 150 151 156 164 168 170 172
 174 176 177 178 179 181 182 183 184 185 187 188 189 191 192 197 198 199
 200 201 202 203 204 209 210 215 222 224 225 226 228 229 231 237 238 239
 242 245 247 248 250 251 252 254 260 263 264 265 267 273 274 278 282 284
 285 291 293 294 297 299 300 301 305 308 310 312 313 314 319 325 328 329
 330 332 335 336 337 341 342 344 345 347 349 351 353 357 358 360 361 362
 363 365 366 370 372 374 376 377 378 381 383 385 386 387 390 391 395 397
 408 409 417 419 421 422 427 430 431 434 435 436 438 439 441 442 443 445
 446 448 450 454 455 461 463 464 467 468 470 473 478 479 481 482 483 484
 485 489 490 492 494 497 500 501 503 504 505 507 508 509 510 513 516 519
 522 526 527 529 531 532 533 535 536 541 542 543 544 548 549 550 553 555
 557 561 562 564 567 569 570 571 572 573 575 577 579 581 583 585 586 591
 592 594 598 601 603 604 606 608 612 613 615 617]

========== Cluster 1 ==========

Base classifier: GaussianNB()

Minority Class: 0

Selected Features: [ 0  1  2  3  4  5  6  7  8  9 10 11 12 13 14 15 16 17 18 19 20 21 22 23
 24 25 26 27 28 29 30]

Labels: [0 0 1 1 0 1 1 0 1 0 1 1 0 1 1 0 1 1 1 1 1 1 1 0 0 0 0 0 0 0 1 0 0 0 1 0 0
 1 1 0 1 0 0 1 0 1 0 0 1 1 1 0 1 0 0 1 0 1 1 0 1 1 1 1 0 1 0 1 0 0 1 1 1 1
 1 0 1 1 1 0 0 0 1 1 1 1 1 0 0 0 1 1 0 1 0 1 0 1 1 1 1 0 0 1 0 1 0 0 0 0 1
 1 1 0 1 0 0 1 0 1 0 1 0 0 1 0 1 0 1 1 0 0 1 0 0 0 1 0 0 0 1 1 1 0 1 0 1 0
 0 0 1 0 0 1 1 0 1 1 1 1 1 1 0 0 0 0 0 1 1 0 0 0 1 0 1 0 1 0 1 0 1 1 0 0 0
 0 1 1 0 0 0 1 0 1 1 1 0 0 0 0 0 1 0 1 1 0 1 1 1 0 1 1 1 1 0 1 1 1 0 1 0 0
 0 1 0 0 1 1 0 0 0 0 1 0 1 0 0 0 0 1 1 0 1 0 0 0 1 0 1 1 1 1 1 1 0 0 1 0 0
 1 0 0 1 0 1 1 1 0 1 1 1 0 1 1 0 0 0 1 1 0 1 1 1 1 0 0 0 0 0 1 0 1 1 1 0 1
 0 1 0 1 0 0 0 0 0 0 0 0 0 0 1 1 0 1 1 0 0 1 0 1 1 1]

Synthetic samples indexes: [  0   1   4   7   9  12  23  25  26  27  28  29  31  32  35  36  39  41
  42  44  46  47  51  53  54  56  59  66  68  69  75  80  81  87  88  89
  92  94  96 101 102 104 106 107 108 109 113 115 116 118 122 123 125 127
 131 133 134 135 138 139 143 145 147 148 149 151 152 155 162 163 164 165
 166 170 171 173 175 177 179 182 183 184 185 188 189 190 192 196 197 198
 199 200 202 205 209 214 218 220 221 222 224 225 228 229 230 231 233 235
 236 237 238 241 243 244 245 247 254 255 257 258 260 261 267 271 274 275
 276 279 284 285 286 288 290 294 296 298 300 301 302 303 304 305 306 307
 308 309 312 315 316 318]

