Clustering algorithm selected: kmeans
=====================================

Clustering evaluation metric: silhouette
Clustering evaluation value: 0.3836484138214458

========== Cluster 0 ==========

Base classifier: SVC(probability=True)

Minority Class: 0

Selected Features: [ 0  1  2  3  4  5  6  7  8  9 10 11 12 13 14 15 16 17 18 19 20 21 22 23
 24 25 26 27 28 29 30]

Labels: [1 0 1 0 0 1 0 1 0 1 1 0 1 0 0 0 1 1 0 1 0 1 1 1 1 0 0 0 0 0 0 1 0 1 1 1 1
 0 0 0 1 1 1 0 1 0 1 0 0 0 1 1 0 1 0 1 1 1 1 0 1 0 1 0 0 1 1 1 1 0 0 1 0 0
 0 1 1 1 0 0 1 0 1 0 0 0 1 1 0 0 1 0 1 0 0 1 0 1 1 0 0 0 0 0 0 0 0 0 1 1 0
 0 1 0 0 1 1 1 0 1 1 1 0 1 1 1 1 0 0 0 0 0 1 0 0 1 1 1 1 1 0 0 1 1 0 1 1 1
 0 0 1 0 0 0 0 0 0 1 0 1 0 0 0 0 1 0 0 1 1 1 1 0 1 1 1 0 0 1 0 1 1 1 1 0 0
 1 1 1 0 0 0 1 1 0 0 0 1 1 0 1 1 1 1 1 1 1 0 0 0 0 0 0 1 0 0 1 0 0 0 0 0 1
 1 1 0 1 0 1 1 1 0 0 1 0 0 0 0 0 0 0 1 0 0 0 0 0 0 1 0 0 0 0 1 1 0 0 0 0 1
 0 0 0 1 1 0 1 1 0 0 1 0 0 0 0 1 0 0 1 1 0 1 0 1 1 1 1 0 0 0 0 1 1 0 0 1 1
 0 0 0 0 0 0 1 0 0 0 0 0 0 1 1 1 1 1 0 1 0 1 0 1 1 1 0 1 0 1 0 0 1 0 1 0 0
 0 1 1 0 1 1 1 1 1 1 1 0 1 0 0 1 0 0 0 0 0 1 0 1 0 1 1 1 0 0 1 1 0 0 0 0 1
 1 0 0 1 1 1 1 0 0 0 1 1 0 1 1 0 0 0 0 0 1 1 0 1 1 0 1 0 1 0 0 0 0 1 0 1 0
 1 1 0 0 0 0 0 0 1 1 1 1 1 1 0 1 1 1 1 0 1 1 0 1 0 1 0 1 0 0 0 0 0 0 0 1 0
 1 1 1 1 0 1 0 1 0 1 1 0 1 1 1 0 0 1 0 1 0 1 1 1 0 0 0 1 0 0 1 0 0 1 1 1 0
 1 0 0 1 1 0 1 1 1 1 0 0 0 1 1 1 1 0 1 1 0 1 1 0 0 0 1 0 0 1 1 0 1 1 1 1 0
 0 0 0 1 1 1 0 1 1 0 0 1 0 0 1 0 1 0 1 1 0 1 1 1 0 0 1 1 1 1 1 0 1 1 1 0 1
 1 1 0 1 0 1 1 1 1 1 1 1 0 1 0 0 1 1 1 0 1 1 0 0 0 1 1 0 1 1 1 0 0 0 0 0 0
 1 1 1 0 1 0 0 0 1 0 0 1 0 1 0 1 1 1 1 1 1 0 1 0 1 1 0 1 1 1 1 0 1 1 1 1 0
 1 0 0]

Synthetic samples indexes: [  0   2   5   7   9  10  12  16  17  19  21  22  23  24  31  33  34  36
  40  41  42  44  46  51  53  55  56  57  58  60  62  65  66  67  71  75
  76  77  80  82  87  90  92  95  98 109 112 115 116 117 119 120 121 123
 124 125 126 132 136 137 138 139 145 146 147 150 157 159 164 167 168 169
 170 172 173 174 177 180 181 182 185 186 187 191 192 196 197 199 200 202
 203 204 205 212 215 221 223 225 227 228 229 232 240 247 252 253 258 262
 263 265 266 269 277 278 280 282 283 284 285 290 291 294 295 309 310 311
 312 313 317 319 320 321 323 325 328 330 334 335 337 338 339 341 342 343
 345 348 354 356 358 359 363 364 369 373 374 375 376 380 381 383 384 390
 391 393 394 396 398 403 405 407 408 415 417 418 420 422 423 424 425 427
 428 430 432 434 442 444 445 446 447 449 451 453 454 456 457 458 461 463
 465 466 467 471 477 478 479 481 484 485 487 489 490 494 495 496 497 499
 500 502 503 507 510 511 513 514 515 516 521 522 523 525 526 529 532 534
 536 537 539 540 541 545 546 547 548 550 551 552 554 555 556 558 560 561
 562 563 564 565 566 568 571 572 573 580 581 583 584 585 592 593 594 596
 600 603 605 607 608 610 611 612 614 617 619 620 622 624 625 626 627 629]

========== Cluster 1 ==========

Base classifier: GaussianNB()

Minority Class: 0

Selected Features: [ 0  1  2  3  4  5  6  7  8  9 10 11 12 13 14 15 16 17 18 19 20 21 22 23
 24 25 26 27 28 29 30]

Labels: [0 1 1 1 1 0 0 1 0 0 1 0 1 1 1 1 1 0 1 0 0 1 0 1 1 0 0 1 1 0 1 1 1 0 0 0 0
 0 0 1 1 1 1 1 1 0 0 1 1 0 0 0 0 1 0 0 0 0 0 1 0 0 0 1 1 1 0 1 0 1 1 1 0 1
 0 0 1 0 0 1 0 1 0 0 1 0 1 1 1 0 1 0 0 0 1 0 0 1 0 0 1 0 0 1 0 1 1 0 1 1 1
 0 0 0 1 0 1 0 1 0 0 1 0 1 1 1 0 0 1 0 0 0 1 1 0 1 1 0 0 1 1 1 0 1 0 1 0 1
 0 1 0 1 0 0 0 0 0 1 0 1 0 0 0 0 1 0 1 1 1 0 0 1 0 1 0 1 1 1 1 0 1 1 1 1 1
 0 0 0 0 0 1 1 1 0 1 0 1 1 1 0 1 1 1 1 1 0 1 1 0 0 0 1 0 1 1 1 1 0 1 0 1 1
 0 1 0 1 1 0 1 0 0 1 0 0 0 0 1 0 0 1 0 1 0 1 1 1 1 1 0 1 0 1 1 0 0 1 1 0 1
 0 1 0 0 0 0 1 1 1 0 0 1 1 0 0 0 0 1 0 0 0 0 0 0 1 1 1 1 0 0 1 0 1 1 1 1 1
 0 1 0 0 0 0 1 1 1 1 0 0 0 0 0 0 0 1 1 1 0 1 0 1 1 0 0 1]

Synthetic samples indexes: [  0   5   6   8   9  11  17  19  20  22  25  26  29  33  34  35  36  37
  46  49  50  51  52  54  55  57  58  60  61  62  66  68  72  74  75  77
  78  80  82  83  85  89  91  92  93  95  96  98  99 101 102 104 107 111
 112 113 115 117 119 120 122 126 127 129 130 131 134 137 138 144 146 148
 150 152 153 154 155 156 158 160 161 162 163 165 169 170 172 174 179 185
 186 187 188 189 193 195 199 205 208 209 210 212 219 222 224 227 229 230
 232 233 234 235 237 240 242 248 250 253 254 257 259 261 262 263 264 268
 269 272 273 274 275 277 278 279 280 281 282 287 288 290 296 298 299 300
 301 306 307 308 309 310 311 312 316 318 321 322]

