Clustering algorithm selected: fcm
=====================================

Clustering evaluation metric: rand
Clustering evaluation value: 0.2965786297098193

========== Cluster 0 ==========

Base classifier: LogisticRegression()

Minority Class: 2

Selected Features: [0 1]

Labels: [1 1 0 0 0 0 0 0 1 0 2 0 0 1 0 0 0 1 0 1 0 0 2 0 0 0 0 0 0 0 0 2 0 1 0 0 0
 1 0 1 0 0 0 0 0 0 0 0 2 1 0 1 0 1 0 2 0 0 1 1 0 0 2 1 0 0 0 0 0 0 2 0 0 1
 0 2 0 0 0 0 0 0 0 0 1 0 1 0 1 0 2 0 2 0 1 1 1 1 0 2 0 0 0 0 0 0 0 0 0 0 1
 0 0 0 0 2 0 0 1 0 0 0 0 0 2 1 0 1 1 0 1 0 1 1 2 0 0 0 0 0 2 0 0 2 1 2 0 0
 2 1 0 0 0 1 0 0 0 0 0 1 0 0 1 0 1 0 2 0 0 0 0 2 0 1 0 0 0 2 2 0 0 0 2 0 0
 0 0 0 0 1 0 0 1 0 2 0 0 1 1 0 0 0 2 0 2 0 0 1 1 0 1 0 0 0 0]

========== Cluster 1 ==========

Base classifier: GaussianNB()

Minority Class: 1

Selected Features: [1 0]

Labels: [1 1 1 0 0 2 0 0 2 2 1 2 2 2 2 2 0 1 2 2 0 2 2 2 0 2 2 0 0 1 2 0 2 2 2 2 0
 2 2 2 2 1 2 2 2 2 2 2 2 0 2 2 2 1 1 2 2 0 2 2 2 2 0 0 0 2 2 0 2 0 2 2 2 1
 2 2 2 2 1 2 0 1 0 0 2 0 2 1 2 2 2 2 2 2 2 0 2 2 2 0 2 2 2 1 2 1 2 2 2 2 2
 2 2 2 2 2 2 2 2 2 2 2 0 2 2 2 0 2 0 0 2 2 0 2 2 2 2 2 2 2 2 0 2 2 2 2 0 2
 2 2 0 2 2 2 0 2 2 2 2 2 0 0 2 2 2 2 2 2 2 2 2 2 1 2 2 2 1 2 1 2 2 2 2 2 2
 2 2 2 2 2 2 2 2 2 2 2 2 0 1 2 2 2 0 0 2 0 0 2 0 2 2 0 2 2 2 2 2 2 2 2 2 2
 0 0 2 0 2 1 2 0 0]

========== Cluster 2 ==========

Base classifier: GaussianNB()

Minority Class: 0

Selected Features: [0 1]

Labels: [1 1 1 1 1 1 1 0 0 1 1 1 1 1 0 2 2 0 1 1 2 1 1 1 0 1 1 0 1 1 1 1 1 2 1 1 1
 2 1 0 1 1 1 1 0 1 1 0 1 1 1 1 0 1 1 2 1 2 2 1 1 0 2 1 1 1 1 1 1 1 1 1 1 1
 0 1 1 1 1 2 1 2 1 2 1 1 1 1 2 1 1 1 2 1 2 0 2 2 1 1 1 1 1 2 1 2 1 0 1 1 1
 0 1 1 1 0 1 1 1 1 0 0 2 2 1 2 2 1 1 1 1 0 1 0 1 1 0 2 2 1 1 1 1 1 0 0 1 1
 0 1 0 1 1 2 2 1 1 1 0 2 1 1 1 1 1 1 1 1 1 1 1 1 1 1 1 1 0 2 0 2 1 1 1 2 0
 0 0 1 1 1 1 1 2 1 1 1 1 1 1 1 1 1 1 1 1 2 1 0 1 2 1 1 1 1 1 1 1 1 1 1 1 1
 1 0 1 0 2 1 1]

