3.586167703748520674e-01,-8.955740970028910342e-01,0.000000000000000000e+00
5.869065674505330454e-01,2.909977416913888670e-01,0.000000000000000000e+00
-1.819641105956043003e-01,-7.816929896319232407e-01,0.000000000000000000e+00
-5.639318055310201805e-01,-2.721546393150131027e-01,0.000000000000000000e+00
-2.747568482044369237e-02,1.947379841206116347e-01,0.000000000000000000e+00
-9.446804370735269185e-02,-3.311379801352632435e-01,0.000000000000000000e+00
2.124036899615706908e-01,-3.227230400199570526e-01,0.000000000000000000e+00
9.016547591332269018e-01,-4.106975420374750496e-02,0.000000000000000000e+00
-1.655798938819670052e-01,-2.315086350930097014e-01,0.000000000000000000e+00
-7.605759181236951827e-01,-1.767953502205063532e-01,0.000000000000000000e+00
-5.892690341388349129e-01,-7.588145676438424747e-01,0.000000000000000000e+00
1.264406161742529788e-01,7.982414599215130746e-01,0.000000000000000000e+00
6.928196391869978488e-01,-9.993675319883806030e-02,0.000000000000000000e+00
-9.395002145655684950e-03,-8.242494384408227681e-01,0.000000000000000000e+00
-8.576307649461065719e-01,-4.868471709266394831e-01,0.000000000000000000e+00
4.363082690862968849e-01,3.529344487187867641e-01,0.000000000000000000e+00
3.708569811155917884e-01,7.158604288514560168e-03,0.000000000000000000e+00
-3.639634314166370066e-01,-4.953736379566319181e-01,0.000000000000000000e+00
3.752067956340560673e-01,7.762297002613725849e-02,0.000000000000000000e+00
2.420330995447717015e-01,-9.232070929596682962e-01,0.000000000000000000e+00
-5.253676518676716478e-01,6.644887141952984244e-01,0.000000000000000000e+00
-5.363631346588147997e-01,4.982876356552515817e-01,0.000000000000000000e+00
2.413727423193312016e-01,4.813216610576706578e-01,0.000000000000000000e+00
-5.074766594481174842e-01,-2.936819491886841771e-01,0.000000000000000000e+00
-3.553210820377252221e-01,2.023282540706048405e-01,0.000000000000000000e+00
2.059399407702858509e-01,-4.340861165888841855e-01,0.000000000000000000e+00
7.013404820136659445e-01,-3.501535753934882922e-01,0.000000000000000000e+00
3.188064835739722880e-01,3.934437926188135148e-01,0.000000000000000000e+00
9.507710210953124186e-01,-1.218925754931767108e-01,0.000000000000000000e+00
2.448980521579759984e-01,3.539155039682602144e-01,0.000000000000000000e+00
-7.061818468757936618e-01,-2.774027086359264621e-02,0.000000000000000000e+00
4.408632325854126566e-01,-4.567958432096855259e-01,0.000000000000000000e+00
1.260157801972636160e-01,1.567628363218827314e-01,0.000000000000000000e+00
7.605266325488515555e-01,5.620507872241220504e-01,0.000000000000000000e+00
-7.633649303118156260e-01,-4.827022916043315903e-01,0.000000000000000000e+00
-8.707547114910532127e-01,3.801980208573439435e-01,0.000000000000000000e+00
-2.677671304313624656e-01,2.863729732630965197e-01,0.000000000000000000e+00
-2.284369846030310236e-01,-1.058451430857074438e-01,0.000000000000000000e+00
3.806995210203953373e-01,-1.399815190764291950e-01,0.000000000000000000e+00
-6.537915484847213188e-01,-3.625495581098606701e-01,0.000000000000000000e+00
-6.096269077649919543e-01,5.109147941018485906e-01,0.000000000000000000e+00
-2.316664845148892413e-02,3.559579348449444236e-01,0.000000000000000000e+00
3.829337726684107768e-01,4.953930682874798097e-01,0.000000000000000000e+00
-3.068686254550502812e-01,-5.988834011122454726e-01,0.000000000000000000e+00
-7.097521470054548587e-01,-4.598524952701382729e-01,0.000000000000000000e+00
-2.824673241694405923e-01,8.261589201510780023e-02,0.000000000000000000e+00
6.292946336800854246e-01,7.510183784878748936e-01,0.000000000000000000e+00
5.100004540414068144e-01,8.098175595764636192e-01,0.000000000000000000e+00
-2.333046863931010628e-01,2.368722781407537892e-01,0.000000000000000000e+00
-9.048001203825015715e-01,-2.422948364337904892e-01,0.000000000000000000e+00
-2.656384212801579658e-01,-9.526200252308285599e-01,0.000000000000000000e+00
-1.263339363486284429e-02,5.220120948496426161e-01,0.000000000000000000e+00
3.314437300364067585e-01,-4.112146087860832355e-01,0.000000000000000000e+00
-3.197136532299819228e-02,8.080508394379914971e-01,0.000000000000000000e+00
-5.653984480411166080e-01,-7.613309285121169223e-01,0.000000000000000000e+00
-4.724089950157672746e-01,-7.293697185519507631e-01,0.000000000000000000e+00
-5.320519854874103949e-01,-1.419983588766262628e-01,0.000000000000000000e+00
9.567343266428793847e-01,9.780925920395808215e-02,0.000000000000000000e+00
-6.244811470498023986e-01,-1.002194143236356388e-01,0.000000000000000000e+00
-3.427236534850051919e-02,-5.913626661790998273e-01,0.000000000000000000e+00
9.024254008963138451e-01,-2.794403526554318229e-01,0.000000000000000000e+00
4.021134238100788072e-01,2.232163741468255747e-01,0.000000000000000000e+00
-4.476486471310692772e-01,-4.640611055298216603e-01,0.000000000000000000e+00
-4.365107635044723766e-01,-3.648726048180572779e-01,0.000000000000000000e+00
-4.544845887542427465e-01,5.016019479567673800e-01,0.000000000000000000e+00
-7.287623968944364483e-01,3.358448071640835475e-01,0.000000000000000000e+00
1.801931689058547392e-01,-7.098900877666378673e-01,0.000000000000000000e+00
4.644386840959620066e-01,8.689655167927997637e-01,0.000000000000000000e+00
1.882373492537412762e-01,-5.399021481156164315e-01,0.000000000000000000e+00
-6.948428083923182674e-01,5.847288352409715229e-01,0.000000000000000000e+00
-9.084414863732358514e-01,3.495360496389472438e-01,0.000000000000000000e+00
6.150623725329441849e-02,-2.375572166312262812e-01,0.000000000000000000e+00
1.107901761470099500e-01,-9.354960413050458223e-01,0.000000000000000000e+00
-7.366678069320243827e-01,4.068593982647691343e-01,0.000000000000000000e+00
5.480101098385087299e-01,2.822021903555032574e-01,0.000000000000000000e+00
-4.059486881335552799e-01,-8.897926177723247676e-01,0.000000000000000000e+00
-4.211017660986642874e-01,3.349960236090951948e-01,0.000000000000000000e+00
-1.212147998672794130e-01,-3.703825187662782015e-02,0.000000000000000000e+00
-5.782519002969322974e-01,6.714852110520863615e-01,0.000000000000000000e+00
2.275204682932595035e-01,6.857850334171333717e-01,0.000000000000000000e+00
1.648194929961199484e-01,2.559225384167019834e-01,0.000000000000000000e+00
4.834437055793867621e-01,2.560878372395856695e-01,0.000000000000000000e+00
-4.477724244901545303e-01,-4.853161125681674237e-01,0.000000000000000000e+00
7.109925074715247595e-01,-5.481539588339371383e-01,0.000000000000000000e+00
-6.691852747588648009e-01,-3.055339386733678664e-01,0.000000000000000000e+00
-9.040678792079851478e-01,-2.289941434427652245e-01,0.000000000000000000e+00
7.217304626161443748e-01,-1.174954653811779992e-01,0.000000000000000000e+00
-5.536258939897140824e-02,1.663251352074572864e-01,0.000000000000000000e+00
-1.126988872969207633e-02,-5.739631966022635812e-01,0.000000000000000000e+00
-3.486583097775843298e-01,4.499395142465022479e-01,0.000000000000000000e+00
9.110152572736660015e-03,-1.809110288285941115e-01,0.000000000000000000e+00
-3.678697230108245869e-02,2.450268737662764096e-01,0.000000000000000000e+00
-9.576955115513667849e-01,-2.970418424578106023e-02,0.000000000000000000e+00
-8.520836596712794142e-01,4.022663668164795370e-01,0.000000000000000000e+00
4.695678766860346132e-01,-1.259457244290469180e-01,0.000000000000000000e+00
1.053783288463888135e-01,-2.662109514852281089e-01,0.000000000000000000e+00
7.040215333232209272e-01,-4.221223560560469767e-01,0.000000000000000000e+00
-6.293594149612341537e-01,1.452161053747871300e-01,0.000000000000000000e+00
-3.158351710475132967e-01,-6.319360798312355365e-02,0.000000000000000000e+00
-9.227479051679002842e-01,1.787383711555254884e-01,0.000000000000000000e+00
-3.112530531784469742e-02,-6.789552681625125041e-01,0.000000000000000000e+00
-2.380882783642473619e-02,1.361287498052472233e-01,0.000000000000000000e+00
-6.949723452839365878e-01,-1.019131948726269693e-01,0.000000000000000000e+00
6.803617065322387081e-01,6.273359570695914711e-02,0.000000000000000000e+00
6.224536862501117707e-01,4.543028958827244890e-01,0.000000000000000000e+00
-7.194372398038118011e-01,1.803546205887395504e-01,0.000000000000000000e+00
9.672383565946147677e-01,-1.944493356074555035e-01,0.000000000000000000e+00
4.697680097718066050e-01,7.358221018971833338e-01,0.000000000000000000e+00
2.641786675767703735e-02,-9.456962247574656200e-01,0.000000000000000000e+00
1.109989666040201162e-01,7.806119582110840893e-01,0.000000000000000000e+00
3.547626530788632881e-01,-6.415389821488918232e-01,0.000000000000000000e+00
-9.221233455994694017e-01,2.273513771711190845e-01,0.000000000000000000e+00
1.075231071704415842e-01,7.684340275459760061e-01,0.000000000000000000e+00
1.740066843034344390e-01,1.410226315039932732e-01,0.000000000000000000e+00
-1.839524903910020326e-01,6.085029336423997126e-01,0.000000000000000000e+00
9.223482969429156464e-01,2.080883163807979719e-01,0.000000000000000000e+00
4.779330661371563455e-02,9.461196655126461463e-01,0.000000000000000000e+00
-3.413842747409262524e-01,2.061765293559124357e-01,0.000000000000000000e+00
-3.568077552868649249e-01,-5.034345482008032446e-01,0.000000000000000000e+00
-8.365466444939696489e-01,-4.377367409972633960e-01,0.000000000000000000e+00
-7.490941191129231180e-01,-4.811430734441509149e-01,0.000000000000000000e+00
-5.641585703801628160e-01,1.046937900581723785e-01,0.000000000000000000e+00
-2.259850653574818069e-01,-2.923839691934090323e-01,0.000000000000000000e+00
5.224371245951031639e-01,6.231125283438737616e-01,0.000000000000000000e+00
-8.093023855435623748e-01,5.146035590627492384e-01,0.000000000000000000e+00
2.151165991823411339e-01,-8.991459643921105860e-01,0.000000000000000000e+00
-1.492044121574666662e-02,-3.519908731234115407e-01,0.000000000000000000e+00
-3.749926384320632633e-01,8.110920124187481761e-01,0.000000000000000000e+00
4.564272465876100249e-01,7.130807029395004326e-01,0.000000000000000000e+00
-3.719113874131790842e-01,-2.864150465388706213e-01,0.000000000000000000e+00
9.030158688854877935e-01,-2.956939580161853098e-01,0.000000000000000000e+00
-5.224490197461541729e-04,9.513586997514021926e-01,0.000000000000000000e+00
5.600183243958682944e-01,5.368854181789461943e-02,0.000000000000000000e+00
4.207856182584431837e-01,-4.949339602241253355e-01,0.000000000000000000e+00
-3.462175582250345274e-01,5.360303465647232590e-01,0.000000000000000000e+00
-4.758429716283014699e-01,-2.217319120157356105e-01,0.000000000000000000e+00
-9.095764727678666561e-02,2.705907964565986146e-01,0.000000000000000000e+00
4.535005881227689439e-01,7.584838419252074582e-01,0.000000000000000000e+00
4.560601214850301677e-01,-3.276101226228569224e-02,0.000000000000000000e+00
-2.629393661025611340e-01,9.423577835040791717e-01,0.000000000000000000e+00
4.694619260710857778e-01,5.940425376890233755e-01,0.000000000000000000e+00
9.015416454187591411e-01,2.360276897541380148e-01,0.000000000000000000e+00
-1.087906778877351154e-04,-7.579437759221795412e-01,0.000000000000000000e+00
-6.463192367871478661e-01,3.595162640753435390e-01,0.000000000000000000e+00
2.271793972937580508e-01,9.266416372228061249e-01,0.000000000000000000e+00
-7.004700752244215067e-01,1.472962269147519709e-01,0.000000000000000000e+00
2.176083063737342393e-01,-3.250978432075046776e-02,0.000000000000000000e+00
-6.144424016898053509e-01,-2.042754944888802437e-01,0.000000000000000000e+00
-1.828010412575834798e-01,2.797380108821119205e-01,0.000000000000000000e+00
1.836465195185989496e-01,2.696750608652081493e-01,0.000000000000000000e+00
8.944375138844807838e-01,-6.784767663906946522e-01,1.000000000000000000e+00
8.681584092657546048e-01,3.321446444088237138e-02,1.000000000000000000e+00
2.910488654855286628e-01,2.279834570368600988e-01,1.000000000000000000e+00
6.397831638337826421e-01,-8.913913998294087371e-02,1.000000000000000000e+00
1.267235746192706181e+00,2.805276427927180793e-01,1.000000000000000000e+00
5.656579497483208430e-01,2.117867150845579860e-01,1.000000000000000000e+00
1.381296696641954647e+00,4.192184814550377614e-01,1.000000000000000000e+00
1.478471354764781420e+00,7.687188786991140388e-01,1.000000000000000000e+00
8.932415654548486739e-01,-1.372604777956213384e-01,1.000000000000000000e+00
1.381090441106474387e+00,3.852441193675957831e-01,1.000000000000000000e+00
1.164012692980005426e+00,7.186611960114867859e-02,1.000000000000000000e+00
1.324411566570490084e+00,1.370760183552495182e-01,1.000000000000000000e+00
1.541450424184128920e+00,-1.451226063275959377e-01,1.000000000000000000e+00
1.580795936270400048e+00,-1.557726311970095145e-01,1.000000000000000000e+00
1.998322255278686344e+00,8.539341071853806531e-03,1.000000000000000000e+00
6.236902410205982239e-01,-8.534354099438971053e-01,1.000000000000000000e+00
1.170563952068777613e+00,-9.621108918878699123e-01,1.000000000000000000e+00
1.581125814138490515e+00,-7.998199673637419460e-01,1.000000000000000000e+00
5.527253586053451073e-01,1.642509320062418565e-01,1.000000000000000000e+00
4.631581000316046248e-01,7.523499428926164745e-01,1.000000000000000000e+00
7.717884476589110809e-01,-1.548664001279233815e-01,1.000000000000000000e+00
1.941702762427365059e+00,-3.001641157715542185e-01,1.000000000000000000e+00
4.873802050780723372e-01,2.971876658738621321e-02,1.000000000000000000e+00
1.550052049946130106e+00,-3.762532694337902273e-01,1.000000000000000000e+00
9.868113852099308358e-01,8.585221762130255119e-01,1.000000000000000000e+00
1.630785698061382405e+00,4.578182805693423174e-01,1.000000000000000000e+00
6.859062721660015294e-01,-7.037609405542981367e-02,1.000000000000000000e+00
1.069638835188053916e+00,-6.776220802850089209e-01,1.000000000000000000e+00
1.454561298479489784e+00,7.866336325020187870e-01,1.000000000000000000e+00
1.357007248158618173e+00,-8.684388889496922337e-01,1.000000000000000000e+00
8.389619420343210621e-01,5.783502728807484727e-01,1.000000000000000000e+00
4.059590925167922970e-01,4.428264460019885052e-01,1.000000000000000000e+00
8.561316333297956938e-01,7.109854353618160205e-01,1.000000000000000000e+00
2.385758628539150772e-01,-1.842527434952699328e-01,1.000000000000000000e+00
1.171338431559267423e+00,-3.887464525868862819e-01,1.000000000000000000e+00
5.868060381068374021e-02,1.053110703642674562e-01,1.000000000000000000e+00
1.276754568284473867e+00,6.703788202368000659e-01,1.000000000000000000e+00
4.559857178033285274e-01,-4.424335064119487293e-01,1.000000000000000000e+00
2.435478895722250625e-01,-3.677012714826444761e-01,1.000000000000000000e+00
1.903343567892204824e+00,-5.965161156450511648e-02,1.000000000000000000e+00
5.331902308019207393e-01,-8.770267590117103440e-01,1.000000000000000000e+00
3.052109610457982569e-01,-3.335855729007417003e-01,1.000000000000000000e+00
1.381055957606867279e+00,6.840043189306468374e-01,1.000000000000000000e+00
1.116788534140518596e+00,-8.604539665116410774e-01,1.000000000000000000e+00
1.745831733379707318e+00,-2.216844399648648933e-01,1.000000000000000000e+00
9.298667398784976612e-01,5.622057455020577077e-01,1.000000000000000000e+00
1.681758341073980034e+00,-6.221960376920430136e-01,1.000000000000000000e+00
1.487093586653022825e+00,4.116648820803388564e-01,1.000000000000000000e+00
1.592933553706977756e+00,7.496316875078658237e-03,1.000000000000000000e+00
7.617913021585265287e-01,5.529708766002916498e-01,1.000000000000000000e+00
1.384211050959193390e+00,7.870000404044465991e-01,1.000000000000000000e+00
1.665139395797878841e+00,1.655011372785887558e-01,1.000000000000000000e+00
1.132292473615664097e+00,4.431385310419425072e-01,1.000000000000000000e+00
1.204427734335871358e+00,3.551292953461180346e-01,1.000000000000000000e+00
1.807286234067367436e+00,-2.436114153879463118e-01,1.000000000000000000e+00
6.097712632562271029e-01,9.201559952429410050e-01,1.000000000000000000e+00
1.916473241813325679e-01,-1.705169318848101245e-01,1.000000000000000000e+00
1.360547414450568260e+00,1.431460220012694406e-01,1.000000000000000000e+00
4.254848352316589200e-01,4.226743115869233680e-01,1.000000000000000000e+00
8.450083299094477418e-01,-7.482552606854372401e-01,1.000000000000000000e+00
5.454461559806749182e-01,-6.798840725719214051e-01,1.000000000000000000e+00
1.787363562742979584e+00,-3.834188301337566607e-01,1.000000000000000000e+00
5.672129827959381254e-01,-5.309115417857263042e-01,1.000000000000000000e+00
5.813050473488767800e-01,8.987451191347677337e-01,1.000000000000000000e+00
4.869744943713231189e-01,-7.785346201453044630e-03,1.000000000000000000e+00
5.844499686643672698e-01,-2.882347585075958896e-01,1.000000000000000000e+00
8.492673047346890325e-01,-6.063541986875697898e-01,1.000000000000000000e+00
1.131568469381661890e-01,-1.870511275378983207e-01,1.000000000000000000e+00
3.290683207416528200e-01,5.038692605432013583e-01,1.000000000000000000e+00
7.035516672713000297e-01,6.604941397912091894e-01,1.000000000000000000e+00
1.364559683936724666e+00,-2.385671833812900711e-01,1.000000000000000000e+00
1.052823388410717431e+00,1.133761142325202635e-02,1.000000000000000000e+00
1.854460178989135732e-01,-2.772712810433368702e-01,1.000000000000000000e+00
1.136508048356128731e+00,-5.712081878976905946e-02,1.000000000000000000e+00
6.385528658674367586e-01,-2.832867780117709691e-02,1.000000000000000000e+00
5.305857330919673265e-01,-8.243508702981120484e-01,1.000000000000000000e+00
1.373954630605507710e+00,2.426573761174970478e-01,1.000000000000000000e+00
9.907940543347442119e-01,-7.840647700033052114e-01,1.000000000000000000e+00
8.133934101117792359e-01,8.139565804585383035e-02,1.000000000000000000e+00
6.485778751814064158e-01,-3.033986671314845562e-01,1.000000000000000000e+00
1.409434159483405891e+00,-2.011261384305810529e-01,1.000000000000000000e+00
8.319581436647940365e-01,-9.476654027954094506e-01,1.000000000000000000e+00
2.707121021555951579e-01,-1.129223915232431125e-01,1.000000000000000000e+00
3.380217005920865825e-01,-1.681855015696458178e-01,1.000000000000000000e+00
9.600181924355553065e-01,8.176053123061834960e-01,1.000000000000000000e+00
1.578179075441032975e+00,-4.550461442124287825e-01,1.000000000000000000e+00
1.126042292665961897e-01,-2.163596562408206803e-01,1.000000000000000000e+00
1.050735167974194528e+00,8.473388706310450713e-01,1.000000000000000000e+00
1.165236249096769150e+00,-1.263735273706314277e-01,1.000000000000000000e+00
1.423066701870831174e+00,-3.690080076607488158e-01,1.000000000000000000e+00
7.654552466580699654e-01,8.759270454981855636e-01,1.000000000000000000e+00
1.129162164243435962e+00,9.052384122726461202e-01,1.000000000000000000e+00
4.276420679599580721e-01,-4.476789218344854465e-02,1.000000000000000000e+00
1.219071409209030010e+00,-5.021082673817357789e-02,1.000000000000000000e+00
1.217709655074048936e+00,-4.183587259304473172e-01,1.000000000000000000e+00
1.572437944898114282e+00,-5.865791334495734644e-01,1.000000000000000000e+00
1.720302094110630620e+00,1.528491267158317048e-02,1.000000000000000000e+00
1.691770781117727385e+00,3.232342466241054368e-01,1.000000000000000000e+00
8.733073785562961433e-01,9.496872051661755521e-01,1.000000000000000000e+00
5.169098438028314479e-01,-2.280467797483743189e-02,1.000000000000000000e+00
7.839596350753523790e-01,-7.006712106452726019e-01,1.000000000000000000e+00
8.224249794526783397e-01,8.885262453360778245e-01,1.000000000000000000e+00
5.809661644295975869e-01,7.679192949747257191e-02,1.000000000000000000e+00
1.384895614882164061e+00,3.704729932815455928e-01,1.000000000000000000e+00
3.888487240645253085e-01,-3.897595024568246136e-01,1.000000000000000000e+00
6.598496332507578499e-01,-6.180132082575884311e-01,1.000000000000000000e+00
1.177756999748601929e+00,-4.233862935381123016e-01,1.000000000000000000e+00
1.534610452359423505e+00,1.832743703955769521e-01,1.000000000000000000e+00
1.231057416448958719e+00,3.183254938738930284e-01,1.000000000000000000e+00
6.351493226305882089e-01,-1.205248132217338619e-01,1.000000000000000000e+00
3.216934002992672958e-01,3.353139874688922939e-01,1.000000000000000000e+00
1.653108152858682844e+00,5.969423760658383316e-01,1.000000000000000000e+00
1.378744205872923789e+00,-4.230933494615216062e-01,1.000000000000000000e+00
2.428963245491725376e-01,1.188633148720656812e-01,1.000000000000000000e+00
7.503268015760060639e-01,-5.542365109764502140e-01,1.000000000000000000e+00
1.142850468721477331e+00,9.988373309418545343e-02,1.000000000000000000e+00
1.166691343635737343e+00,-4.427674205344292457e-01,1.000000000000000000e+00
1.042756423956828993e+00,6.104504847238004794e-01,1.000000000000000000e+00
1.187450319551305977e+00,-4.358172162910693981e-01,1.000000000000000000e+00
1.465962852972931385e+00,6.027612467573113531e-01,1.000000000000000000e+00
2.879189252793598053e-01,6.357499279681786408e-01,1.000000000000000000e+00
3.892668214160643902e-01,2.958814970302408587e-01,1.000000000000000000e+00
8.907728798530711867e-01,8.386393169317224450e-01,1.000000000000000000e+00
1.719407363201188588e+00,3.428458439869583319e-01,1.000000000000000000e+00
1.048632748760148337e+00,-6.022852403124206999e-01,1.000000000000000000e+00
1.634012722052981204e+00,3.259792956613760673e-01,1.000000000000000000e+00
1.781375719678139902e+00,-6.119522701347269722e-01,1.000000000000000000e+00
1.330594966077061514e+00,1.981916845401982263e-01,1.000000000000000000e+00
1.012688073377844278e+00,-9.600247842911564522e-01,1.000000000000000000e+00
7.319094969451060972e-01,1.525156477791423382e-01,1.000000000000000000e+00
1.124200927981517717e+00,-4.138323537360513171e-01,1.000000000000000000e+00
1.317662106847584003e+00,-2.096612044058633328e-01,1.000000000000000000e+00
3.672122076096081544e-01,-2.138641855269681480e-01,1.000000000000000000e+00
1.673760267281274361e+00,-4.079566097577058681e-01,1.000000000000000000e+00
1.113207857299403525e+00,-6.033129179248238882e-01,1.000000000000000000e+00
1.521772334855234554e+00,8.071218576233087916e-01,1.000000000000000000e+00
2.925857755042985398e-01,4.138902858790223238e-01,1.000000000000000000e+00
8.927948837765895540e-01,-6.037079496176153137e-01,1.000000000000000000e+00
1.282845926804130787e+00,3.197136868542265198e-01,1.000000000000000000e+00
1.152763636342671427e+00,9.355273367455068101e-01,1.000000000000000000e+00
1.465150547781536972e+00,-8.834734875848742064e-01,1.000000000000000000e+00
9.737973268254227488e-01,1.872703402267192341e-01,1.000000000000000000e+00
1.316942358408965674e+00,7.195446407296551827e-01,1.000000000000000000e+00
6.058596390562780432e-01,2.847539646201764363e-01,1.000000000000000000e+00
1.619923779628650085e+00,2.174258413306845161e-01,1.000000000000000000e+00
1.854054045960529473e+00,-2.061968066247325815e-01,1.000000000000000000e+00
1.859274313727715899e+00,-1.839078427792665282e-01,1.000000000000000000e+00
7.269885370761042243e-01,-4.651535948821449162e-01,1.000000000000000000e+00
3.128987255235294862e-01,-4.914042519293852496e-01,1.000000000000000000e+00
6.017527487749282367e-01,7.365227116376074079e-01,1.000000000000000000e+00
4.474548875018637961e-01,-4.371300243059066393e-01,2.000000000000000000e+00
9.221872599832763306e-01,-1.018026818876959227e+00,2.000000000000000000e+00
1.184041835038661006e+00,-6.598614616885505324e-01,2.000000000000000000e+00
1.085239981508008045e+00,-1.105402382673330353e+00,2.000000000000000000e+00
6.924298618333990518e-02,-1.473688540477122721e+00,2.000000000000000000e+00
7.246960711818073442e-04,-1.176770992895096679e+00,2.000000000000000000e+00
3.244488971753239914e-02,-7.787615218295568242e-01,2.000000000000000000e+00
2.702571611180897282e-01,-2.569940037464063520e-01,2.000000000000000000e+00
7.753797335606887886e-02,-7.535535925180594230e-01,2.000000000000000000e+00
-4.731629863956510196e-02,-9.539579152849166910e-01,2.000000000000000000e+00
3.178729256884110788e-01,-1.419230144151901074e+00,2.000000000000000000e+00
3.560564558928532852e-01,-1.527981175515060297e+00,2.000000000000000000e+00
1.116137913936070092e+00,-1.600693791941067534e+00,2.000000000000000000e+00
-1.312079004128227089e-01,-6.283173668177171045e-01,2.000000000000000000e+00
-2.160871566726239035e-01,-9.598964839956247719e-01,2.000000000000000000e+00
1.006785600047038320e+00,-2.702011360963676445e-01,2.000000000000000000e+00
1.012186099552993213e+00,-1.049097882426883066e+00,2.000000000000000000e+00
3.382418830822471745e-01,-1.027020037465701252e-01,2.000000000000000000e+00
1.654141712419182064e-01,-6.297041353083774329e-01,2.000000000000000000e+00
9.040865424712418719e-01,-3.983128356640912582e-01,2.000000000000000000e+00
-2.286600235565100503e-01,-1.526244901594626446e+00,2.000000000000000000e+00
6.107341870116228533e-01,-1.053711426799052164e-01,2.000000000000000000e+00
1.074942663783869379e-01,-4.209682187676793141e-01,2.000000000000000000e+00
1.038695838612157418e+00,-8.625246499314636051e-01,2.000000000000000000e+00
7.647763972993453230e-01,-4.405711507438100361e-01,2.000000000000000000e+00
1.017660777924837667e+00,-1.053943590798171126e+00,2.000000000000000000e+00
1.116865349638479277e+00,-1.649726115252801328e+00,2.000000000000000000e+00
3.203935533639427624e-01,-5.263113017809371019e-01,2.000000000000000000e+00
2.283203448316390993e-01,-3.840744900144528184e-01,2.000000000000000000e+00
4.975596524053895742e-01,-3.272281818446917123e-01,2.000000000000000000e+00
6.562989125402896029e-02,-1.869307569543612324e-01,2.000000000000000000e+00
1.171752824173313279e-01,-5.336475894041213808e-01,2.000000000000000000e+00
-3.119553486667431264e-01,-7.231395203983705944e-01,2.000000000000000000e+00
-1.028513631881795565e-01,-4.058448374911377554e-01,2.000000000000000000e+00
-4.368356974466014453e-01,-1.193592492971814245e+00,2.000000000000000000e+00
5.781600667989341691e-01,-1.215487787219036164e+00,2.000000000000000000e+00
1.007066096641155983e-01,-1.594654748303909741e-01,2.000000000000000000e+00
5.367900521318100804e-01,-1.633331362141265952e+00,2.000000000000000000e+00
9.146291257879956005e-01,-1.742909803163229521e+00,2.000000000000000000e+00
1.028446904281944962e-01,-1.332064800970000906e+00,2.000000000000000000e+00
6.005859372440272015e-01,-3.085213879892008126e-01,2.000000000000000000e+00
6.276117634991416061e-01,-1.674550330873801451e+00,2.000000000000000000e+00
1.281450316507544152e+00,-4.319519630083774597e-01,2.000000000000000000e+00
1.478704252643277539e-01,-9.689214284965905755e-01,2.000000000000000000e+00
6.557369079950964297e-02,-2.714069740781318574e-01,2.000000000000000000e+00
-3.703187780930272677e-01,-6.451508546436597324e-01,2.000000000000000000e+00
1.246403221513002313e+00,-9.235347951610786144e-01,2.000000000000000000e+00
-1.633626080525037993e-01,-1.330391209587500567e+00,2.000000000000000000e+00
-4.206902286550115999e-01,-1.296663564999744889e+00,2.000000000000000000e+00
1.142010424456871842e+00,-1.486522485448793285e+00,2.000000000000000000e+00
3.011206294794090965e-01,-1.747736219475760411e+00,2.000000000000000000e+00
8.469982494389560745e-01,-1.651292083997948357e+00,2.000000000000000000e+00
-1.018995625206733369e-01,-4.249305354295628279e-01,2.000000000000000000e+00
3.870634297401153168e-01,-1.101079521584760190e+00,2.000000000000000000e+00
1.173175233371585024e-01,-1.464221561537462524e+00,2.000000000000000000e+00
1.339765821755699804e+00,-1.241965476556501580e+00,2.000000000000000000e+00
8.334261124885262717e-01,-1.443368122692188393e+00,2.000000000000000000e+00
1.351580457640034538e+00,-1.104168623978990071e+00,2.000000000000000000e+00
6.362560679919688766e-01,-1.167635687172420944e+00,2.000000000000000000e+00
-8.055682410986930719e-02,-1.010368838096015853e+00,2.000000000000000000e+00
1.028358648299621869e+00,-2.390818956685851759e-01,2.000000000000000000e+00
4.722988269940014971e-01,-9.521250643141769832e-01,2.000000000000000000e+00
-2.533710289522018710e-01,-1.519030020858598284e+00,2.000000000000000000e+00
4.730208876718834388e-01,-3.776495217147330941e-01,2.000000000000000000e+00
5.568046456316134707e-01,-1.133450238874599947e+00,2.000000000000000000e+00
-1.454631138890549735e-03,-1.554631224399014799e+00,2.000000000000000000e+00
2.410859210382401696e-01,-5.093345196789520468e-01,2.000000000000000000e+00
1.070676723325296731e+00,-1.254762372145522775e+00,2.000000000000000000e+00
1.181565558403052441e+00,-1.059857353125220447e+00,2.000000000000000000e+00
1.048826123458499904e+00,-4.886719097333327433e-01,2.000000000000000000e+00
5.332127477129691151e-01,-6.376053663331506804e-01,2.000000000000000000e+00
6.307015944152372100e-01,-1.193355435591845204e+00,2.000000000000000000e+00
1.586026058175813436e-01,-4.058678750963127246e-01,2.000000000000000000e+00
2.239245129999722916e-02,-9.373249881391481075e-01,2.000000000000000000e+00
7.763137317553352457e-01,-3.374354301162629799e-01,2.000000000000000000e+00
1.108436315255447724e+00,-1.154585288251299691e+00,2.000000000000000000e+00
1.170730273579156488e+00,-1.479162427208028152e+00,2.000000000000000000e+00
9.779235990255394917e-01,-1.789404287651219061e+00,2.000000000000000000e+00
6.707184332127460458e-01,-1.489559002043494340e+00,2.000000000000000000e+00
1.763644609105713412e-01,-1.237796562375924170e+00,2.000000000000000000e+00
1.377608843002106065e+00,-8.479427522537792417e-01,2.000000000000000000e+00
-2.796633484136962222e-01,-1.445138881249853124e+00,2.000000000000000000e+00
3.179225468210150618e-02,-1.653231178003486734e+00,2.000000000000000000e+00
7.618644488245693847e-01,-7.225646427071674704e-02,2.000000000000000000e+00
9.556563870656323845e-01,-4.297132494274255032e-01,2.000000000000000000e+00
1.355028096590565223e+00,-9.134502688185159869e-01,2.000000000000000000e+00
4.801961727289611459e-01,-3.567708703363360323e-01,2.000000000000000000e+00
7.476373079846989622e-01,-1.165071814183752164e+00,2.000000000000000000e+00
1.039441474274578781e+00,-1.025478140818135486e+00,2.000000000000000000e+00
8.178825195519239255e-01,-1.430464998196561144e+00,2.000000000000000000e+00
4.489750301439204838e-01,-7.197717668455914097e-01,2.000000000000000000e+00
9.146904410135294761e-01,-1.342421204928629930e+00,2.000000000000000000e+00
-4.297134189325311215e-01,-6.607102015044409304e-01,2.000000000000000000e+00
8.545141803827784877e-01,-1.787410404884060444e+00,2.000000000000000000e+00
9.059753100017553518e-01,-8.003290494939879762e-01,2.000000000000000000e+00
1.051208058097709230e+00,-2.283745194483088881e-01,2.000000000000000000e+00
9.496934053622537730e-01,-4.511646030406727403e-01,2.000000000000000000e+00
3.600968145803268294e-02,-2.624053586280932215e-01,2.000000000000000000e+00
4.465032762109379938e-01,-1.105484065680586658e+00,2.000000000000000000e+00
6.589113931020622594e-01,-1.297026653928357254e+00,2.000000000000000000e+00
1.171933019520124519e+00,-1.452022077977171088e+00,2.000000000000000000e+00
4.665206740686047016e-01,-8.635647856213536366e-01,2.000000000000000000e+00
3.346191559420050865e-01,-3.789375317536017862e-01,2.000000000000000000e+00
2.854265330086978580e-01,-1.795829932008116137e-01,2.000000000000000000e+00
2.713113307867706103e-01,-9.575185189659953799e-01,2.000000000000000000e+00
8.391828806375444261e-01,-1.404969476296095365e+00,2.000000000000000000e+00
8.520756262093603928e-02,-1.331011283771114107e-01,2.000000000000000000e+00
1.195843955131989933e-01,-1.468997867306497618e+00,2.000000000000000000e+00
5.601649716980287019e-01,-6.283200377581434903e-01,2.000000000000000000e+00
5.164008583166261879e-01,-1.276117066227179686e+00,2.000000000000000000e+00
-1.868181333624826523e-01,-9.166475111586156466e-01,2.000000000000000000e+00
7.461806096751065764e-01,-1.434056377034161001e+00,2.000000000000000000e+00
-4.153158660726520290e-01,-1.301281394996285368e+00,2.000000000000000000e+00
-5.224628262103347964e-02,-6.182715309003319337e-01,2.000000000000000000e+00
-4.246750002435895066e-02,-1.158355964989904008e+00,2.000000000000000000e+00
-2.131302096719582817e-01,-1.038656487734082701e+00,2.000000000000000000e+00
1.212480388347561888e+00,-1.673247683122135676e+00,2.000000000000000000e+00
1.351580737525455711e-01,-8.941862560261956139e-01,2.000000000000000000e+00
5.393072322933207818e-01,-1.304579945439691802e+00,2.000000000000000000e+00
-1.523058450871651592e-01,-1.559180218834591569e+00,2.000000000000000000e+00
1.028172710047989824e+00,-2.073801489881714755e-01,2.000000000000000000e+00
-2.951430541782943395e-01,-9.064367781679739666e-01,2.000000000000000000e+00
7.751182078261290576e-01,-1.187681485227106704e+00,2.000000000000000000e+00
9.609789168937581394e-01,-7.903910662458997205e-01,2.000000000000000000e+00
1.266857308450208164e+00,-1.153982205942359229e+00,2.000000000000000000e+00
-1.493069254052024064e-01,-2.767231534736743770e-01,2.000000000000000000e+00
-6.054666443546574683e-03,-7.856746461309638274e-01,2.000000000000000000e+00
7.110827219254427511e-01,-8.471562938027484835e-01,2.000000000000000000e+00
1.023556839552550723e-01,-5.998574229589668239e-01,2.000000000000000000e+00
3.483055761524422866e-01,-7.318745000414602631e-01,2.000000000000000000e+00
3.860658270309781370e-01,-1.076075776590811328e+00,2.000000000000000000e+00
-2.835898261092983930e-01,-1.465755831472782544e+00,2.000000000000000000e+00
9.130589007357907683e-01,-1.571063902951311597e+00,2.000000000000000000e+00
1.350317527649037785e+00,-7.613522484483898900e-01,2.000000000000000000e+00
1.245961756534398557e+00,-5.587511996818899096e-01,2.000000000000000000e+00
-4.853211461406659044e-02,-8.617928184825270899e-01,2.000000000000000000e+00
9.016585424271558180e-01,-1.862271815059020508e+00,2.000000000000000000e+00
4.787052480765506268e-01,-4.272036235015896910e-02,2.000000000000000000e+00
-3.750750454650685350e-01,-1.420531310708750272e+00,2.000000000000000000e+00
4.531682402295033607e-01,-1.644959468409041836e+00,2.000000000000000000e+00
2.461895668327420683e-01,-1.918857791498934873e+00,2.000000000000000000e+00
3.101702233620495797e-02,-1.136710723707995641e+00,2.000000000000000000e+00
-4.065115368289466957e-01,-1.232701755642370944e+00,2.000000000000000000e+00
-9.776300119339909056e-02,-1.231071761747917659e+00,2.000000000000000000e+00
5.217769186319574093e-01,-5.647053017222810611e-01,2.000000000000000000e+00
1.261142896691770376e+00,-3.923222331569594656e-01,2.000000000000000000e+00
4.471184515656329017e-02,-1.527774882746333773e+00,2.000000000000000000e+00
-2.538916622861624450e-01,-1.033611575897853241e+00,2.000000000000000000e+00
1.159256327811271303e+00,-8.847979175021818410e-01,2.000000000000000000e+00
2.898558781412483576e-01,-7.506652248373144598e-01,2.000000000000000000e+00
