-1.484160241517579859e+00,8.521637502371383066e-01,0.000000000000000000e+00
1.056250482530953994e+00,8.035415668634450226e-01,0.000000000000000000e+00
-4.439452123217155766e-01,1.551497700262586266e+00,0.000000000000000000e+00
-7.137295019920926187e-01,-4.315164848281750620e-01,0.000000000000000000e+00
5.788991727382936797e-02,-9.000227501767378291e-01,0.000000000000000000e+00
7.479745564687944048e-01,9.243456088597746811e-01,0.000000000000000000e+00
2.011874775451726549e+00,1.070718689521289596e-01,0.000000000000000000e+00
8.469320541361002874e-01,-5.004977536069638196e-03,0.000000000000000000e+00
1.032016031165748471e+00,-1.056995513999912761e+00,0.000000000000000000e+00
-9.850376498198497310e-03,8.694080302959956708e-01,0.000000000000000000e+00
3.351855038461752923e-01,-5.582730058524213446e-01,0.000000000000000000e+00
-7.876410675022300634e-01,-9.703490327069246302e-01,0.000000000000000000e+00
-7.212820909136139491e-01,-6.145454263841446663e-01,0.000000000000000000e+00
-4.991547197035878236e-01,2.761138971539392473e-01,0.000000000000000000e+00
-6.082411056741188204e-01,-3.947209873358874938e-02,0.000000000000000000e+00
-3.918413085308140031e-01,4.365904274948796959e-01,0.000000000000000000e+00
1.985117875720122660e-01,1.228299619889321181e-01,0.000000000000000000e+00
-4.527850687956678222e-01,1.071150394273329809e+00,0.000000000000000000e+00
-1.267714547891015675e+00,6.884762613724175473e-02,0.000000000000000000e+00
2.167151632665336447e-01,4.019560476842542335e-02,0.000000000000000000e+00
-5.403491459442113509e-01,1.282955437111012120e+00,0.000000000000000000e+00
-1.237788612114005593e+00,-1.489995826691290048e+00,0.000000000000000000e+00
1.116183847244464511e+00,-1.446072079714198766e-01,0.000000000000000000e+00
-1.094300477934689042e-01,-6.454504379570941142e-01,0.000000000000000000e+00
5.671370369747790602e-02,-6.506242124168197805e-01,0.000000000000000000e+00
9.891245586412397151e-01,6.851069796634334796e-01,0.000000000000000000e+00
8.781439380272805517e-02,-1.830085588820612008e+00,0.000000000000000000e+00
-2.332046852829440464e+00,3.024812424781758158e-01,0.000000000000000000e+00
-2.797235958251103050e-01,2.293109177550801125e-01,0.000000000000000000e+00
-6.676497582514323570e-01,-4.047339669437104159e-02,0.000000000000000000e+00
5.062698634204859660e-01,-3.553893850984240488e-01,0.000000000000000000e+00
-5.468935297777610671e-01,9.241656134644758991e-01,0.000000000000000000e+00
-6.804734764446238593e-01,-1.034803950214371770e+00,0.000000000000000000e+00
-1.257418184969159247e+00,-1.697281936127811752e+00,0.000000000000000000e+00
8.063397370244818063e-01,2.917462707657254573e-01,0.000000000000000000e+00
4.392166382382880346e-02,-4.873503572499561232e-01,0.000000000000000000e+00
-7.362029254934143729e-02,3.624759167793289300e-02,0.000000000000000000e+00
-2.152357154004493622e-01,-7.288774730635334542e-01,0.000000000000000000e+00
1.654319194904365853e+00,9.993679578974571376e-01,0.000000000000000000e+00
1.352466345518519741e+00,7.536449390247712543e-01,0.000000000000000000e+00
-4.058855469654064629e-01,-3.631059502125589256e-01,0.000000000000000000e+00
-8.499919466388122791e-01,-2.490144895106280565e+00,0.000000000000000000e+00
-1.509740919122287028e+00,-1.989311920068227157e-01,0.000000000000000000e+00
6.545839258941539285e-01,7.293191271809149612e-01,0.000000000000000000e+00
-6.068644508468540311e-01,1.532345509540211426e+00,0.000000000000000000e+00
2.354046326739545336e-01,-4.593717096571278691e-01,0.000000000000000000e+00
-8.914211448448980946e-01,1.470827238833448458e+00,0.000000000000000000e+00
-1.257365920011751070e+00,-1.377225990816818846e-02,0.000000000000000000e+00
2.058380295540122695e+00,7.951438689540020199e-01,0.000000000000000000e+00
1.177352164031011839e+00,1.553501765481102970e+00,0.000000000000000000e+00
-9.657743636232462014e-01,-1.566338201553586051e+00,0.000000000000000000e+00
-8.718606331432217083e-01,-8.957536637986962536e-01,0.000000000000000000e+00
3.464622374198715882e-01,5.421082737647409111e-01,0.000000000000000000e+00
-1.524900760471708860e+00,-2.677447915739381568e+00,0.000000000000000000e+00
-9.834998130711821718e-01,-5.049675627818354107e-01,0.000000000000000000e+00
-9.357232030564933967e-02,2.104534242117376552e-01,0.000000000000000000e+00
3.354221763928851852e-01,9.744897245300891964e-01,0.000000000000000000e+00
-4.239514975374792938e-01,-1.081318815747086548e+00,0.000000000000000000e+00
1.811231929572355293e-01,-1.261045252331298050e+00,0.000000000000000000e+00
8.269495591673070578e-01,-8.557866887019363045e-01,0.000000000000000000e+00
-2.970450572792222577e-01,-5.054500155604914058e-01,0.000000000000000000e+00
5.208607416364579440e-02,5.142067971931396642e-01,0.000000000000000000e+00
-5.518029065535188238e-01,5.499908185975642405e-02,0.000000000000000000e+00
7.103892466255005145e-01,-2.151609357102939601e-01,0.000000000000000000e+00
1.294313299600361677e+00,-2.659949321878972150e-01,0.000000000000000000e+00
5.751793326624707881e-01,1.461364252543283920e-02,0.000000000000000000e+00
8.754381000437080895e-02,-7.772326893517382818e-01,0.000000000000000000e+00
-5.717212395592358165e-01,-9.813381508753502569e-01,0.000000000000000000e+00
-1.526173978379297580e+00,-1.656288388116056998e-01,0.000000000000000000e+00
8.909690364271861673e-01,4.239964625131527332e-02,0.000000000000000000e+00
1.183217291570608731e+00,-5.625304926518640003e-02,0.000000000000000000e+00
-9.618266718194441456e-01,-7.413629843866270663e-01,0.000000000000000000e+00
3.178387390437318327e-01,8.850497564596811195e-02,0.000000000000000000e+00
-6.543991709738403717e-01,-1.645537015815665471e+00,0.000000000000000000e+00
1.056851192109162563e+00,-8.676625508604492998e-01,0.000000000000000000e+00
2.855600644697012247e-01,8.523525846462827182e-01,0.000000000000000000e+00
-5.827593995363538060e-01,2.712902127001126096e-01,0.000000000000000000e+00
-2.140524251696999669e-01,-1.242247131924852921e+00,0.000000000000000000e+00
1.326346144750410572e+00,8.680836759401379110e-01,0.000000000000000000e+00
-1.563746956748189865e+00,9.123482343356302815e-01,0.000000000000000000e+00
5.757639465971911008e-01,1.027639463435786049e-01,0.000000000000000000e+00
-1.892235671166298872e+00,-1.025008851944833266e+00,0.000000000000000000e+00
1.758622620356868005e+00,8.135034600285486750e-01,0.000000000000000000e+00
-9.852212292247209957e-01,2.744903747336238098e-01,0.000000000000000000e+00
-5.355048741330971085e-01,-2.271533817873166328e+00,0.000000000000000000e+00
6.106186197886503964e-01,-3.231909862232559272e-01,0.000000000000000000e+00
2.922158046563593792e-01,-1.484047295757761731e+00,0.000000000000000000e+00
-1.287423205119680725e-01,-1.307732755321781459e+00,0.000000000000000000e+00
-4.746289266412503927e-01,-2.296404070108013062e+00,0.000000000000000000e+00
8.847395888231800454e-01,1.719013129185189337e+00,0.000000000000000000e+00
3.555973420817341857e-02,-1.041358492970448912e+00,0.000000000000000000e+00
4.474290831713628042e-02,-9.857425527977126123e-01,0.000000000000000000e+00
1.165255250853656666e+00,1.309075649497150939e+00,0.000000000000000000e+00
5.331529610510732375e-01,-1.549796618652192759e+00,0.000000000000000000e+00
1.736387990104755197e+00,-1.129324679612565552e+00,0.000000000000000000e+00
3.694189815937863886e-01,1.547719448812755028e+00,0.000000000000000000e+00
8.504896827241184565e-02,-1.728624652713935506e+00,0.000000000000000000e+00
-6.111486679592281757e-01,1.445085404258211303e+00,0.000000000000000000e+00
-7.141948928479244785e-01,-3.491245478077346087e-01,0.000000000000000000e+00
1.009963059472638980e+00,3.629098656407715451e-01,0.000000000000000000e+00
-1.170676860924666940e+00,6.111419505868432855e-01,0.000000000000000000e+00
-2.550091801027098981e-01,9.233148207101362637e-01,0.000000000000000000e+00
-1.697266831087360650e-01,-2.763101157531094199e+00,0.000000000000000000e+00
-6.623501494056158734e-01,-7.080742622250637552e-01,0.000000000000000000e+00
-5.215229462047950987e-02,1.496689554815544554e+00,0.000000000000000000e+00
-1.677318602381731028e-01,-1.476383202193035427e+00,0.000000000000000000e+00
-5.651154986548843073e-01,-3.678384541674947217e-01,0.000000000000000000e+00
1.982097563840053700e-01,4.569605615186050906e-01,0.000000000000000000e+00
1.348904990247157709e+00,7.616333309641954985e-01,0.000000000000000000e+00
7.674924638268081079e-02,2.225732911155739735e-01,0.000000000000000000e+00
-7.271924918978365238e-01,-2.966258590113566435e-02,0.000000000000000000e+00
8.290545653116356828e-01,6.943879215404286098e-01,0.000000000000000000e+00
5.715355722914762238e-01,-3.251887759680995027e-02,0.000000000000000000e+00
6.576916595011721434e-01,-7.650887409210581636e-01,0.000000000000000000e+00
-7.321935432198610760e-01,-5.801205960539552731e-01,0.000000000000000000e+00
9.444854169115675102e-01,-2.810249074061354699e-02,0.000000000000000000e+00
-1.709448559528131684e-01,-8.499151621554115188e-01,0.000000000000000000e+00
-4.891357735035294363e-01,-3.504036523010117254e-01,0.000000000000000000e+00
-1.285219427680437621e+00,-5.165853350662349408e-01,0.000000000000000000e+00
8.952635959824452039e-01,2.240382763954072154e-01,0.000000000000000000e+00
4.455715252944084798e-02,-1.734641598723230871e+00,0.000000000000000000e+00
1.366889586963280667e+00,-1.661120154082000588e-02,0.000000000000000000e+00
-7.926485460556770279e-01,-5.064553305334890121e-01,0.000000000000000000e+00
-5.840008305184343218e-01,4.518223070978079625e-01,0.000000000000000000e+00
-3.216102657520097940e-01,-8.288216632253174454e-03,0.000000000000000000e+00
-4.960017398343958273e-01,-1.211729367338565178e+00,0.000000000000000000e+00
5.039999521509265223e-01,-5.219544868802612481e-01,0.000000000000000000e+00
-5.389668131966228737e-01,-2.348938713380900323e-01,0.000000000000000000e+00
7.415449507262917850e-01,1.330112471906220173e-01,0.000000000000000000e+00
1.591225840391378377e+00,1.191406018924393351e+00,0.000000000000000000e+00
-7.308098752181185764e-01,-6.642888936795386945e-01,0.000000000000000000e+00
1.542585154591335384e+00,3.435314635356278012e-01,0.000000000000000000e+00
-7.300897012981830692e-01,-4.093761613208670158e-01,0.000000000000000000e+00
8.177039024872907458e-01,6.058716914307852308e-01,0.000000000000000000e+00
1.089666792699782588e-01,-4.403615587540680165e-01,0.000000000000000000e+00
5.397115804737959849e-02,-1.406424616501547264e+00,0.000000000000000000e+00
-7.120122682262646219e-01,-1.238566890650024233e+00,0.000000000000000000e+00
6.117782614662915092e-02,-2.216097504929025463e-01,0.000000000000000000e+00
-1.307810180246354037e-01,-6.476234577640915813e-01,0.000000000000000000e+00
-3.718537477414655124e-01,-1.293922308656383802e+00,0.000000000000000000e+00
-1.575145051628284998e+00,1.862791479761813640e-01,0.000000000000000000e+00
1.084234604437391170e+00,5.081363470681532490e-01,0.000000000000000000e+00
6.300865034986948832e-01,-7.535621636334766116e-01,0.000000000000000000e+00
-6.650784890276848493e-01,-3.406147143758100349e-01,0.000000000000000000e+00
3.702267952640844184e-01,1.121247123522050582e-01,0.000000000000000000e+00
-8.200754710774915690e-01,-1.075662290895890161e+00,0.000000000000000000e+00
-1.024876184538611623e+00,-1.452233618667821080e+00,0.000000000000000000e+00
-4.570649221690621933e-01,-4.741481903972306067e-01,0.000000000000000000e+00
-2.918448021613094245e-01,-2.542341340551298665e-02,0.000000000000000000e+00
-1.286247518825765941e-02,3.954045792111806068e-01,0.000000000000000000e+00
-5.570052588224948531e-01,-7.679609790889027621e-02,0.000000000000000000e+00
9.891468051980216725e-01,4.192245736203700224e-01,0.000000000000000000e+00
-1.447451260454561961e-01,7.990084665593925051e-01,0.000000000000000000e+00
-3.113563960721801305e-01,1.825631663485829947e-01,0.000000000000000000e+00
3.640545274532856479e-01,-1.038888708283713658e-01,0.000000000000000000e+00
9.279087071753365779e-01,7.473835652333339352e-01,0.000000000000000000e+00
-7.987398495267507004e-01,1.750910581637857844e-01,0.000000000000000000e+00
6.560142456091174745e-01,-4.355479970760334774e-01,0.000000000000000000e+00
5.028039166733246912e-01,-1.889682442954975783e-01,0.000000000000000000e+00
1.012956338745076623e+00,1.443805502169535293e+00,0.000000000000000000e+00
-4.268176138087694804e-01,-7.507931078180056506e-02,0.000000000000000000e+00
2.497896742153374650e+00,-2.483935353391092740e-02,0.000000000000000000e+00
9.456345085568333975e-01,1.072704278710028714e+00,0.000000000000000000e+00
-3.519932576469448349e-01,-1.013914967202301343e+00,0.000000000000000000e+00
-8.586917067845403206e-01,-2.526666947900970128e-01,0.000000000000000000e+00
-6.637360145357612540e-01,-5.243509346860636411e-01,0.000000000000000000e+00
1.861135589591396133e+00,8.302745236910856752e-01,0.000000000000000000e+00
-1.728813716262671274e-01,-9.496974952018765181e-01,0.000000000000000000e+00
-1.441948137514502903e+00,-7.175220487793620983e-01,0.000000000000000000e+00
1.076563369525449732e+00,8.270890019466650145e-01,0.000000000000000000e+00
-1.217884567351405378e+00,-1.007682860416142523e+00,0.000000000000000000e+00
3.149771306250180314e-01,-6.164830343651221956e-01,0.000000000000000000e+00
8.122785862835191217e-01,2.429167086852516699e-01,0.000000000000000000e+00
1.507341159837151556e+00,7.153543240962634275e-01,0.000000000000000000e+00
-6.868819775796682903e-01,-2.366587804879702051e-01,0.000000000000000000e+00
-4.156300084943944095e-01,3.217102883330575924e-01,0.000000000000000000e+00
6.921088206588209557e-01,8.697530305451186550e-01,0.000000000000000000e+00
-1.155392476037590654e+00,2.160893442992014857e-01,0.000000000000000000e+00
-1.129537806185427318e+00,-1.635948421437042333e+00,0.000000000000000000e+00
-2.604248116942217695e-01,-9.341470157028893828e-01,0.000000000000000000e+00
2.379327142784593008e+00,4.621804769694171089e-01,0.000000000000000000e+00
5.243709848478800284e-01,-6.579720133319119091e-01,0.000000000000000000e+00
-1.006970038018916158e+00,3.706303473960911865e-01,0.000000000000000000e+00
-1.258886855384427073e-01,1.348030277800190135e-01,0.000000000000000000e+00
6.532586737655772524e-02,1.853455250530375853e+00,0.000000000000000000e+00
-6.802794541528052186e-01,-1.101589236838161900e+00,0.000000000000000000e+00
3.661366836097285637e-01,6.579266617290997488e-01,0.000000000000000000e+00
1.896537729524609694e-01,1.075070209335856175e+00,0.000000000000000000e+00
1.206506154032769729e+00,-2.355158024659417815e-01,0.000000000000000000e+00
3.114938470343497912e-01,3.517674385504508949e-01,0.000000000000000000e+00
-2.218898237409443919e+00,-1.380315177960501849e+00,0.000000000000000000e+00
8.454865710015498914e-01,6.284044944268479815e-01,0.000000000000000000e+00
3.849598123547202655e-01,1.156091743005281502e+00,0.000000000000000000e+00
-1.036595574056003999e+00,-8.619498762315198626e-01,0.000000000000000000e+00
7.046722698361577164e-01,1.264634331241215159e+00,0.000000000000000000e+00
2.270193989482307551e+00,2.802496904936451205e+00,0.000000000000000000e+00
1.607890457394842265e+00,1.666506358760198592e-01,0.000000000000000000e+00
1.280663252679850705e+00,1.017919784740280331e+00,0.000000000000000000e+00
-1.380073412914771813e+00,-4.352905517682117975e-01,0.000000000000000000e+00
-1.377050947702321393e+00,-1.954941950353523250e+00,0.000000000000000000e+00
1.720679299451692845e+00,2.174168021139602502e-01,0.000000000000000000e+00
3.397033348036648803e-01,-1.658672432567931676e-01,0.000000000000000000e+00
-1.779998727549586324e+00,-5.455952306277898067e-01,0.000000000000000000e+00
1.103068227221050579e+00,3.283574006855223271e-01,0.000000000000000000e+00
1.395098938806590194e+00,1.770036927647574476e+00,0.000000000000000000e+00
9.278673417592333550e-01,-2.514480399200907934e-01,0.000000000000000000e+00
-7.518741519644428495e-02,-1.734040510116738876e+00,0.000000000000000000e+00
-1.002908553804511271e+00,-5.345002598491931378e-01,0.000000000000000000e+00
-1.322827366848966790e-01,-1.697222360081069026e-01,0.000000000000000000e+00
-1.157071025961451616e+00,7.236020991958017068e-02,0.000000000000000000e+00
-2.962017293721518896e-01,7.226979939758864102e-01,0.000000000000000000e+00
5.957136401591078823e-01,1.409779042996917919e+00,0.000000000000000000e+00
2.026869771173076096e+00,3.267609724737357557e-01,0.000000000000000000e+00
-1.648564237884753148e+00,-5.697180135321984196e-01,0.000000000000000000e+00
-1.279789229350903002e+00,-1.002077618484062231e-02,0.000000000000000000e+00
-4.728485047831103572e-01,2.429335457631077999e-01,0.000000000000000000e+00
-2.962521408473545725e-01,-7.958824365113318366e-01,0.000000000000000000e+00
5.604885352525271897e-02,2.251330351584248657e+00,0.000000000000000000e+00
1.164917277349467178e-01,2.027961699985006971e-01,0.000000000000000000e+00
2.522050805762252046e-01,4.978259000680873569e-01,0.000000000000000000e+00
-1.495602926133023480e+00,-1.511393835690887089e-01,0.000000000000000000e+00
-2.808794609686382504e+00,-6.795096805070472978e-01,0.000000000000000000e+00
-1.564095297637971393e+00,-1.314799527821472136e+00,0.000000000000000000e+00
5.178969242094123571e-01,-5.350695970523285938e-01,0.000000000000000000e+00
-4.011486906680507003e-01,3.912777597243218691e-02,0.000000000000000000e+00
5.979820670238306102e-01,1.351547004923642659e+00,0.000000000000000000e+00
-2.300573756506422984e-01,-1.381969722638150655e+00,0.000000000000000000e+00
1.033334386857754694e+00,6.999828341753140393e-01,0.000000000000000000e+00
-1.041261234195291596e+00,-1.230567394484335164e+00,0.000000000000000000e+00
-5.604485924093662724e-02,-5.295420161742244725e-01,0.000000000000000000e+00
2.024473136721353372e-01,5.520143238062873436e-01,0.000000000000000000e+00
-5.056748707399580933e-01,3.060662323652874051e-01,0.000000000000000000e+00
1.283710169160666936e+00,1.133669845011528787e+00,0.000000000000000000e+00
1.853715664229075299e+00,2.745621653493590109e-01,0.000000000000000000e+00
-5.544137272547319251e-01,-1.106126876102629053e+00,0.000000000000000000e+00
-1.771463944544934499e+00,-1.563317519196490424e-01,0.000000000000000000e+00
-8.274509243457826846e-02,-7.060050560980527523e-01,0.000000000000000000e+00
5.876567651847290907e-01,4.129978547996309701e-01,0.000000000000000000e+00
5.481544636558461914e-01,8.487177003778743067e-01,0.000000000000000000e+00
-7.416761044545735482e-01,8.012246709854456972e-01,0.000000000000000000e+00
-6.441674561367307650e-01,-6.158732743544063082e-01,0.000000000000000000e+00
-1.462808980785462509e+00,-4.753075575490051663e-01,0.000000000000000000e+00
2.028005907226296256e-01,-6.019343762187412405e-01,0.000000000000000000e+00
8.212564460248907849e-01,-5.464617062130038005e-02,0.000000000000000000e+00
1.110352975077253834e+00,1.047551474151666939e+00,0.000000000000000000e+00
4.300806260432312733e-01,8.499841342041338788e-01,0.000000000000000000e+00
-4.508423380186840079e-01,-3.115994056517574703e-02,0.000000000000000000e+00
5.803658603090272594e-01,1.383750640759853656e+00,0.000000000000000000e+00
6.536994825802923126e-01,-7.692768280802939618e-01,0.000000000000000000e+00
-4.049354481181350329e-01,-2.228856881089468001e+00,0.000000000000000000e+00
1.009045071512332914e+00,1.208852623079801569e+00,0.000000000000000000e+00
-7.782653354345148156e-01,-1.123095350135183468e+00,0.000000000000000000e+00
-6.649363967302955869e-01,8.451860666903851516e-02,0.000000000000000000e+00
-4.094523079326690129e-01,-7.762173332187073393e-01,0.000000000000000000e+00
-1.525247567768285961e+00,-1.471692310729052933e+00,0.000000000000000000e+00
-3.016026406249275871e-01,-8.342315570603624497e-01,0.000000000000000000e+00
-3.126109198539922529e-02,2.364086850231181258e-01,0.000000000000000000e+00
-6.747743291324422854e-01,-9.278675058935901276e-01,0.000000000000000000e+00
-1.769344452606881057e-01,-1.046737805391769305e+00,0.000000000000000000e+00
1.695813604313889833e+00,-4.244297305177969770e-01,0.000000000000000000e+00
3.122414736614891884e-01,-9.753804627891300427e-01,0.000000000000000000e+00
-6.904953461445672014e-01,-1.092380994916202885e+00,0.000000000000000000e+00
1.767476829406887384e-01,-1.309758245189823755e+00,0.000000000000000000e+00
8.675427815872864823e-01,7.359518828196223161e-01,0.000000000000000000e+00
8.618939845392674659e-01,1.152736339178725533e+00,0.000000000000000000e+00
6.057962583408629115e-02,-1.807584943565592850e+00,0.000000000000000000e+00
-6.922311703086476697e-01,-8.047496809138949825e-01,0.000000000000000000e+00
2.977942697424972973e+00,2.539672943202480937e+00,0.000000000000000000e+00
3.908098122042664713e-01,8.590570009890889924e-01,0.000000000000000000e+00
-1.225834972477075846e+00,-1.079777770982154328e+00,0.000000000000000000e+00
9.966275445852469383e-01,1.862720965825924280e+00,0.000000000000000000e+00
-3.967709529047133699e-01,2.663129588903370149e-01,0.000000000000000000e+00
-8.818013367033149252e-02,9.632728134475871951e-01,0.000000000000000000e+00
3.082263810957328043e-01,4.907061159524326310e-01,0.000000000000000000e+00
7.384627018599796422e-01,-5.466321333698648255e-01,0.000000000000000000e+00
7.787993619837116910e-01,-6.305452307951179280e-01,0.000000000000000000e+00
1.433010704182832606e+00,3.323301047161663080e-01,0.000000000000000000e+00
-1.247689003499253602e+00,-1.726534613190187084e+00,0.000000000000000000e+00
-6.362171359250894387e-01,5.658908486509119790e-02,0.000000000000000000e+00
3.364793644446042453e-01,7.571493242944984936e-02,0.000000000000000000e+00
-2.471026614600133897e-01,6.615730213362144285e-01,0.000000000000000000e+00
-2.409112547720268782e-01,9.582709747107859277e-01,0.000000000000000000e+00
1.962536182828875930e-01,-9.272588157517589469e-01,0.000000000000000000e+00
1.042655386339140344e+00,2.895513703418235996e-01,0.000000000000000000e+00
9.718518100264430526e-01,-1.664994835424042252e+00,0.000000000000000000e+00
3.277261216109008113e-01,4.832502610156963474e-01,0.000000000000000000e+00
5.359314492927141904e-01,1.468537235943638386e+00,0.000000000000000000e+00
1.959715222553317648e+00,-1.932344086524972193e-01,0.000000000000000000e+00
1.049963918447119449e+00,1.754525951995875799e+00,0.000000000000000000e+00
-2.501230000589346192e-01,5.740472797373515901e-01,0.000000000000000000e+00
-2.091497510134830318e+00,-1.137357599698018085e+00,0.000000000000000000e+00
1.218657834346127622e+00,5.526118362229737180e-01,0.000000000000000000e+00
-1.316379590061284244e+00,-1.150489944374573303e+00,0.000000000000000000e+00
2.264475558840843394e+00,1.991325111266609715e+00,0.000000000000000000e+00
-8.730939461629376730e-01,-3.134856997813557644e-01,0.000000000000000000e+00
-2.790113249473367141e+00,-1.007447418406284045e+00,0.000000000000000000e+00
-1.297625732605402815e+00,-1.376402574786149025e+00,0.000000000000000000e+00
5.673487482344735655e-02,8.463471015723618429e-02,0.000000000000000000e+00
-8.943133078208401754e-01,-3.336159792799329726e-01,0.000000000000000000e+00
9.113535772902842114e-02,1.131635550926925138e+00,0.000000000000000000e+00
7.209728795853280747e-01,1.063236024460367801e+00,0.000000000000000000e+00
-1.381971394224794203e+00,8.550796139442645716e-02,0.000000000000000000e+00
-8.124971558135394289e-01,8.124700326968657960e-01,0.000000000000000000e+00
7.771102963252772833e-01,-4.113167629546065629e-01,0.000000000000000000e+00
-1.380285905271979363e+00,-6.186435039785146417e-01,0.000000000000000000e+00
2.282879217659733673e+00,1.408083396551103705e+00,0.000000000000000000e+00
9.891879458552108595e-01,1.195885265059999147e+00,0.000000000000000000e+00
-1.138016609746915764e+00,2.152774595341186148e-01,0.000000000000000000e+00
3.107497276268537667e-01,-6.290303776048354889e-01,0.000000000000000000e+00
1.010428510122933110e+00,2.085269984680414856e-01,0.000000000000000000e+00
3.938179379808709468e-01,-1.567230537759362941e+00,0.000000000000000000e+00
-1.334555163734015171e+00,-3.577721467558626411e+00,0.000000000000000000e+00
2.010061107181519979e+00,1.396374198733195238e+00,0.000000000000000000e+00
1.772489335654785725e+00,1.912745669730782749e+00,0.000000000000000000e+00
8.941119168165082565e-01,1.083515707350660273e+00,0.000000000000000000e+00
-9.595407681077722239e-01,-7.937210560774278501e-02,0.000000000000000000e+00
9.526471976388304341e-01,1.835512438215347875e-01,0.000000000000000000e+00
-1.727466914085469485e+00,-6.319363022487433090e-01,0.000000000000000000e+00
5.990569981762464136e-02,6.120275107427208816e-02,0.000000000000000000e+00
-6.167062164566888827e-01,-1.671872285135990399e+00,0.000000000000000000e+00
-7.145207929890404763e-01,-1.980048853604822190e-01,0.000000000000000000e+00
-8.775158007725378795e-01,-1.391622151104186411e+00,0.000000000000000000e+00
-1.968409161050620193e-01,-1.384236265250171849e+00,0.000000000000000000e+00
1.893731328846129935e+00,1.466573651349602603e+00,0.000000000000000000e+00
-1.020990815344137524e-03,-1.409293804697437258e+00,0.000000000000000000e+00
-1.539940206408987322e-01,1.217138749091605104e-01,0.000000000000000000e+00
1.394406693524811724e-01,5.983008963342837383e-01,0.000000000000000000e+00
-9.794124372929224887e-01,-1.337189084841745812e+00,0.000000000000000000e+00
-1.900988779106836390e-01,6.878405321804775298e-03,0.000000000000000000e+00
5.289193627654887875e-01,9.867525737020497179e-01,0.000000000000000000e+00
-3.561873188540573554e-01,-8.296751867713324513e-01,0.000000000000000000e+00
-8.833864771491006795e-01,1.048032902854155068e+00,0.000000000000000000e+00
4.201050510425926587e-01,-9.666423446618560567e-01,0.000000000000000000e+00
-2.257846255804643043e-01,6.461979621034250609e-01,0.000000000000000000e+00
-1.012602416632536029e+00,-2.156369723001624994e+00,0.000000000000000000e+00
-6.979868481217645915e-01,-5.591855531278031588e-01,0.000000000000000000e+00
-7.372509358554499848e-01,5.082845742944084449e-02,0.000000000000000000e+00
2.566228113328154481e-01,3.836913961089910563e-01,0.000000000000000000e+00
5.443191134689342459e-01,6.665172309127608274e-01,0.000000000000000000e+00
1.778625601485189500e-01,1.478628191542294135e-01,0.000000000000000000e+00
-1.109965573862085497e+00,1.435598147471791819e+00,0.000000000000000000e+00
1.148192163771961233e-01,8.931798380878878119e-01,0.000000000000000000e+00
4.612417208048387174e-01,5.243207509836867591e-02,0.000000000000000000e+00
-5.081320195712873966e-01,-4.858542412377177544e-01,0.000000000000000000e+00
6.506462323481719823e-01,1.343060973899314670e+00,0.000000000000000000e+00
-1.627501082566304991e+00,6.003620412815432461e-01,0.000000000000000000e+00
1.157160981517812548e+00,1.713943868077247634e+00,0.000000000000000000e+00
-6.134581835126911020e-01,-8.485116812049193769e-01,0.000000000000000000e+00
4.732860674657251576e-01,-1.869863305387911678e+00,0.000000000000000000e+00
5.105004887343319586e-01,5.602865118336519679e-01,0.000000000000000000e+00
1.191166140851953381e+00,1.186471801647118074e+00,0.000000000000000000e+00
7.226874091064772188e-01,-5.982066026600749709e-01,0.000000000000000000e+00
-1.220975988372509313e+00,-3.766387206015129885e-01,0.000000000000000000e+00
1.293379443671747842e+00,1.303014641698787113e+00,0.000000000000000000e+00
1.103227441159757793e+00,8.605232034470513547e-01,0.000000000000000000e+00
2.262967639558273625e+00,1.354725849373509705e+00,0.000000000000000000e+00
-7.442592778409690135e-01,-6.420427614191061005e-01,0.000000000000000000e+00
7.317948314140018673e-02,1.262545467666443266e-01,0.000000000000000000e+00
6.947575433777937459e-02,1.172046178468792998e+00,0.000000000000000000e+00
9.996410326377086486e-01,6.245714499645882434e-01,0.000000000000000000e+00
6.355240235676952176e-01,8.652323601004884290e-01,0.000000000000000000e+00
-2.518450092376689042e+00,-1.416813212368681185e+00,0.000000000000000000e+00
-7.182665929215422684e-01,1.119232692254962913e+00,0.000000000000000000e+00
-4.626739011262290813e-01,-5.452845115258985187e-01,0.000000000000000000e+00
8.321836131338610221e-01,5.539396978150251671e-01,0.000000000000000000e+00
1.153424553539722730e+00,3.534358661734899876e-01,0.000000000000000000e+00
-8.454238348698659422e-01,-5.952042427697383786e-01,0.000000000000000000e+00
-2.052073027888117462e-01,4.443688037422066639e-01,0.000000000000000000e+00
3.575066203440652735e-01,-9.578689667335449354e-01,0.000000000000000000e+00
-1.628052664282329642e+00,-2.571086402584336295e+00,0.000000000000000000e+00
-1.245266914586554030e+00,-1.008308644072211102e+00,0.000000000000000000e+00
-1.542278972046630559e+00,-1.429878977424494102e-01,0.000000000000000000e+00
-8.668294956900497450e-01,6.578244468758022157e-01,0.000000000000000000e+00
-2.488693219622567510e-02,-3.653440407479285890e-01,0.000000000000000000e+00
-4.832704581624357454e-01,-1.818958359490102997e-02,0.000000000000000000e+00
-2.867754650796397464e-01,-1.050601405117318921e+00,0.000000000000000000e+00
1.494175032233366618e-01,3.063892164870475887e-01,0.000000000000000000e+00
6.112208438214399298e-01,-3.301446609012544386e-01,0.000000000000000000e+00
2.609381035180163844e-01,1.063512528951055414e+00,0.000000000000000000e+00
6.604203275533038209e-01,2.077844130414860935e-01,0.000000000000000000e+00
1.288579652482033211e+00,4.254125137824225078e-01,0.000000000000000000e+00
-1.058288433668385098e+00,-9.583229523098433233e-01,0.000000000000000000e+00
-7.756770684319551634e-01,-1.059385155951510171e+00,0.000000000000000000e+00
-2.046906469972290532e-01,-2.432118126633379673e-01,0.000000000000000000e+00
4.892127881894303143e-01,-8.354808071054684593e-01,0.000000000000000000e+00
-1.472999347110616197e-01,-8.639290468886666741e-01,0.000000000000000000e+00
1.535579609551900315e+00,6.666331356148401666e-01,0.000000000000000000e+00
-1.938316862346108449e+00,-1.530523107034097885e+00,0.000000000000000000e+00
-6.923617573255075319e-01,-1.781271040109934312e+00,0.000000000000000000e+00
-2.134544059845762676e-01,4.957851892331067156e-01,0.000000000000000000e+00
1.512466283479818374e+00,-1.263115742379623541e+00,0.000000000000000000e+00
-1.460930308494299057e+00,-1.515545285170125378e-01,0.000000000000000000e+00
-2.649076211126469849e-01,-4.212488589676949280e-01,0.000000000000000000e+00
-1.531514172949851371e+00,-1.242116805595506746e+00,0.000000000000000000e+00
7.061911658747977993e-01,2.317426947873930665e-01,0.000000000000000000e+00
6.330684623353406426e-01,7.979656916718198545e-01,0.000000000000000000e+00
6.138717283660668489e-01,-4.378229447876371555e-02,0.000000000000000000e+00
1.141296702888024317e+00,-1.214224446766825283e+00,0.000000000000000000e+00
-4.266492137705706345e-01,-4.381382390765349299e-01,0.000000000000000000e+00
1.748671709779666683e+00,5.755878915735374024e-01,0.000000000000000000e+00
-1.185154487272888080e+00,1.816419344980833295e-01,0.000000000000000000e+00
4.401928395155882967e-01,2.946140593011260522e-01,0.000000000000000000e+00
-7.493517265447815490e-01,-7.260093370419415937e-01,0.000000000000000000e+00
-5.701156554703876722e-01,-1.895258734755687735e+00,0.000000000000000000e+00
-1.966573873037663900e-01,-1.099811555938710050e+00,0.000000000000000000e+00
-1.591477611401979519e+00,-6.156833358989084459e-01,0.000000000000000000e+00
-1.027192497110013675e-01,2.688323634846879751e-01,0.000000000000000000e+00
9.904096162662289204e-01,6.056460874021941249e-02,0.000000000000000000e+00
-6.731281388975504099e-01,-9.723621806670327272e-01,0.000000000000000000e+00
1.240968605500550437e+00,2.794843669541313691e-01,0.000000000000000000e+00
2.359916858069762979e-01,2.457458318689264676e+00,0.000000000000000000e+00
4.128874416300768457e-01,-1.484342897880247814e-01,0.000000000000000000e+00
1.107866046925411324e-01,-1.631409673843420061e+00,0.000000000000000000e+00
-4.586291620744388786e-01,-3.870154881168386130e-01,0.000000000000000000e+00
-8.862979955572036772e-02,-1.418445495502037801e+00,0.000000000000000000e+00
2.183790004482630387e+00,1.148873291344009839e+00,0.000000000000000000e+00
-1.107842486472268156e-01,-1.232407076080940800e-01,0.000000000000000000e+00
9.923588492462112054e-01,4.948800361603292730e-01,0.000000000000000000e+00
-3.856589675206081314e-01,-1.098780553639374880e+00,0.000000000000000000e+00
1.920911027537635929e-01,2.788460019491373898e-01,0.000000000000000000e+00
8.794144699018621170e-01,-2.610571681651772113e-01,0.000000000000000000e+00
9.129645729564379586e-01,-7.388788756812353364e-01,0.000000000000000000e+00
2.996874099424383875e+00,1.873262698008301141e+00,0.000000000000000000e+00
-3.907081398876535161e-01,-1.181210251215984719e-02,0.000000000000000000e+00
-8.287594041064507699e-01,-7.024542186067440630e-01,0.000000000000000000e+00
8.582185200684816495e-01,6.965064735931471018e-01,0.000000000000000000e+00
1.541195861834159908e+00,2.533726833479947427e+00,0.000000000000000000e+00
-1.400112546283864834e+00,-2.197442433197390077e+00,0.000000000000000000e+00
1.429855456072131936e+00,-5.215241664772235497e-02,0.000000000000000000e+00
3.074922477970454260e-01,7.644263495060761304e-01,0.000000000000000000e+00
-6.090115417699968337e-01,7.607073057260529403e-01,0.000000000000000000e+00
3.101346732199063538e+00,1.423776334104639663e+00,0.000000000000000000e+00
-6.303960094595131292e-01,-7.186385619247944723e-01,0.000000000000000000e+00
1.323366073204477467e-01,4.007381438891548936e-02,0.000000000000000000e+00
-2.613351386329489448e-02,5.458595519987048394e-01,0.000000000000000000e+00
1.188458680906691267e+00,-1.675315960259849968e+00,0.000000000000000000e+00
-1.167456421589542437e+00,-4.496584914909033670e-01,0.000000000000000000e+00
3.741667674033969868e-03,4.924164679905845832e-01,0.000000000000000000e+00
-2.216015413636366560e+00,-1.330005230412199202e+00,0.000000000000000000e+00
-1.183364976252624157e+00,-7.557125849924298810e-01,0.000000000000000000e+00
-1.020062150007422508e+00,-8.120111780581463767e-01,0.000000000000000000e+00
-7.071126845885001844e-01,-7.068128669872657255e-02,0.000000000000000000e+00
8.790174240394325045e-01,1.324364589510809376e+00,0.000000000000000000e+00
-6.464036167512717812e-01,1.086726251357848227e-01,0.000000000000000000e+00
-1.806276776241839022e+00,3.236754285733269842e-01,0.000000000000000000e+00
3.429366875830127004e+00,1.112742801232582845e+00,0.000000000000000000e+00
-3.162645905399906754e-01,-9.347937838985899417e-02,0.000000000000000000e+00
-1.990860219307366341e+00,-3.981220045391093421e-01,0.000000000000000000e+00
3.105047599425690419e-01,1.879981509467107958e+00,0.000000000000000000e+00
-3.577594441416781512e-01,5.503349454832120319e-02,0.000000000000000000e+00
3.538659467381125023e-01,3.349129677167713703e-01,0.000000000000000000e+00
-1.104233067246665367e+00,1.347569396701443267e+00,0.000000000000000000e+00
1.841437210393766233e-01,1.637001077208942057e+00,0.000000000000000000e+00
1.201794068978222718e+00,1.036805445015299698e+00,0.000000000000000000e+00
6.748188468277286356e-01,-5.093634310264996135e-01,0.000000000000000000e+00
7.924349942922166712e-02,1.838019996277814760e+00,0.000000000000000000e+00
2.635154512934689830e-01,-8.544664191423443356e-01,0.000000000000000000e+00
2.289220417101520688e+00,1.873921691465485484e+00,0.000000000000000000e+00
8.092418867152791073e-02,3.513720416576192607e-01,0.000000000000000000e+00
-5.897149553680645084e-01,-2.988121698238629942e-01,0.000000000000000000e+00
-3.108965614595428084e-01,1.010026250358336819e+00,0.000000000000000000e+00
-8.432470852817438578e-01,-1.577093274553567903e-01,0.000000000000000000e+00
3.110798160558009978e-02,1.077267537619088639e-01,0.000000000000000000e+00
5.977904515687203491e-01,1.047327805506646614e+00,0.000000000000000000e+00
5.250038958920231202e-01,6.454632645461577667e-02,0.000000000000000000e+00
-4.296267237530865812e-01,-3.760838176975017655e-01,0.000000000000000000e+00
-1.017486488102848502e-01,-1.980344676713307120e-02,0.000000000000000000e+00
-9.902084364154642993e-01,8.541189012957275395e-01,0.000000000000000000e+00
-1.851846528400246772e+00,-7.464898881595614100e-01,0.000000000000000000e+00
4.020224888548550313e-01,4.644901247901982166e-02,0.000000000000000000e+00
-1.210453102138617787e+00,-1.286649440480482243e+00,0.000000000000000000e+00
1.145322103610671327e+00,2.113341542623240699e+00,0.000000000000000000e+00
1.121561650739569593e+00,-4.224833817908026784e-02,0.000000000000000000e+00
-1.290258865194120697e+00,-7.783238271715811063e-01,0.000000000000000000e+00
1.809699880658989457e+00,1.539615254676344636e+00,0.000000000000000000e+00
7.934736623507999687e-01,-3.762246447508698632e-01,0.000000000000000000e+00
-9.502969696476700756e-01,-1.268132665849735385e+00,0.000000000000000000e+00
-1.634538759789069040e+00,-7.566546610703418496e-01,0.000000000000000000e+00
4.882985757660349146e-01,1.470980965158171339e+00,0.000000000000000000e+00
-2.532887051220077956e-01,1.204931844149703446e+00,0.000000000000000000e+00
-3.390549992740561347e-01,1.894305552025829509e-01,0.000000000000000000e+00
-9.582939788420383742e-01,1.893416581407965538e+00,0.000000000000000000e+00
5.538968603564978777e-01,-1.266478105816521149e-01,0.000000000000000000e+00
-8.391029955520029615e-01,-2.973156514677646745e-01,0.000000000000000000e+00
-3.836099193482432890e-01,8.909403928393421213e-01,0.000000000000000000e+00
-8.799325886273458019e-01,1.268483719510368757e-01,0.000000000000000000e+00
5.547461932822234099e-01,-7.575848228667032835e-02,0.000000000000000000e+00
5.976841059601376571e-01,1.602051267532910606e+00,0.000000000000000000e+00
-2.365772213940058599e-01,4.534000099813010887e-01,0.000000000000000000e+00
-2.040251954610572960e-01,-9.203279389327778670e-01,0.000000000000000000e+00
1.048159627886818379e+00,-1.008759654573456510e+00,0.000000000000000000e+00
-3.995980681443500049e-01,-4.440860578309028805e-01,0.000000000000000000e+00
-9.722792083743801994e-01,-1.578252705278244683e+00,0.000000000000000000e+00
2.823184790026431745e+00,1.575157218371862289e+00,0.000000000000000000e+00
-3.139431971081410588e-01,6.193154084256349279e-01,0.000000000000000000e+00
-6.182779594004436108e-01,1.053968455713066188e+00,0.000000000000000000e+00
-6.699621589349569195e-01,-1.257148021272036509e+00,0.000000000000000000e+00
1.071639907575981043e+00,5.290161698834947579e-01,0.000000000000000000e+00
6.902866065599221335e-01,-4.151741983939194469e-01,0.000000000000000000e+00
5.340452314858259442e-01,1.841931827104989761e-01,0.000000000000000000e+00
1.907844327452727029e+00,2.943149601501087620e+00,1.000000000000000000e+00
1.756488416051829038e+00,2.928289474305879825e+00,1.000000000000000000e+00
3.627061277289909125e-01,2.957204873183538751e+00,1.000000000000000000e+00
1.602554640598175428e+00,4.557471674159607744e-01,1.000000000000000000e+00
5.189523562181643790e-01,1.851130156284206629e+00,1.000000000000000000e+00
2.376307371396201962e+00,2.733288396799401720e+00,1.000000000000000000e+00
2.463428874295577220e+00,1.761835956981324003e+00,1.000000000000000000e+00
2.313374698886508263e+00,6.437018851427434019e-01,1.000000000000000000e+00
1.800456056407966354e+00,2.073790345467544594e+00,1.000000000000000000e+00
3.525083464568092850e+00,3.299913654306102728e+00,1.000000000000000000e+00
3.720819688364336741e+00,3.288891107720913975e+00,1.000000000000000000e+00
1.939114704789588917e+00,3.158511383534625239e+00,1.000000000000000000e+00
3.567772372904758793e+00,1.062953967717079840e+00,1.000000000000000000e+00
1.962314868254888767e+00,1.649373481205359315e+00,1.000000000000000000e+00
1.085665334037295704e+00,1.638428980959935943e+00,1.000000000000000000e+00
2.895879839981124526e+00,2.841766711032329695e+00,1.000000000000000000e+00
1.512895737780714178e+00,2.971945417014950852e+00,1.000000000000000000e+00
1.643646413629079595e+00,2.850641356974229268e+00,1.000000000000000000e+00
4.055624817834022622e+00,2.127642630310467631e+00,1.000000000000000000e+00
1.509956667892320414e+00,2.342669307293201442e+00,1.000000000000000000e+00
1.236855065056396530e+00,2.165398739142155193e+00,1.000000000000000000e+00
1.783875730335355847e+00,1.823368737681537288e+00,1.000000000000000000e+00
1.800204186548775454e+00,1.754089374813712299e+00,1.000000000000000000e+00
2.094140936444863765e+00,2.319336116518791790e+00,1.000000000000000000e+00
1.009910235058562034e+00,-2.658403518168661606e-02,1.000000000000000000e+00
7.772555039257194043e-01,1.361934457589158542e+00,1.000000000000000000e+00
1.984502855939430654e+00,1.075063717239391980e+00,1.000000000000000000e+00
2.501585395695988367e+00,1.400682189987333848e+00,1.000000000000000000e+00
1.588834933510534064e+00,1.699711081895279863e+00,1.000000000000000000e+00
5.309679156506190711e-01,1.739448774015906585e+00,1.000000000000000000e+00
1.558251161297445675e+00,1.255920852774503604e+00,1.000000000000000000e+00
1.417798597168250296e+00,2.740672963973788789e+00,1.000000000000000000e+00
1.624854460668953227e+00,1.665221636401212679e+00,1.000000000000000000e+00
1.926057898395263868e+00,9.363406025280009981e-01,1.000000000000000000e+00
2.480565823096245737e+00,1.598929791961328561e+00,1.000000000000000000e+00
1.198588528349064708e+00,2.002961178254033747e+00,1.000000000000000000e+00
6.842079127331373023e-01,3.041024680868818386e+00,1.000000000000000000e+00
2.018151823252428922e+00,1.775169716388659280e+00,1.000000000000000000e+00
3.364053145273163903e+00,3.984387315443466804e+00,1.000000000000000000e+00
2.335334075352180960e+00,2.615504925837639938e+00,1.000000000000000000e+00
1.320011855978395321e+00,2.462452221173540234e+00,1.000000000000000000e+00
3.916778644588002845e+00,1.958882471863257146e+00,1.000000000000000000e+00
1.949173252203392215e+00,1.969600571200212924e+00,1.000000000000000000e+00
1.449744859801402441e+00,9.217545813929366449e-01,1.000000000000000000e+00
9.821524159790200326e-01,1.665574285779028774e+00,1.000000000000000000e+00
9.240226130191577791e-01,2.448847781008792523e+00,1.000000000000000000e+00
1.475098339916491863e+00,2.823774704623250198e+00,1.000000000000000000e+00
1.299542815913094618e+00,2.042869851032088402e+00,1.000000000000000000e+00
3.073744753514088934e+00,1.602899142849384395e+00,1.000000000000000000e+00
1.838897032391056729e+00,1.338471408440014887e+00,1.000000000000000000e+00
2.440556338882106324e+00,2.300049742893036431e+00,1.000000000000000000e+00
3.070842029566158260e+00,2.160966427529898759e+00,1.000000000000000000e+00
2.523372944335917634e-01,1.221758706515833515e+00,1.000000000000000000e+00
4.439573391469715524e-01,1.220363778483020578e+00,1.000000000000000000e+00
2.109779515745460188e+00,1.390493346505070171e+00,1.000000000000000000e+00
2.528233006384500214e+00,2.637305349149499989e+00,1.000000000000000000e+00
2.439888247164173851e+00,2.569573403657271271e+00,1.000000000000000000e+00
2.235500241884786465e+00,8.449215577364510565e-01,1.000000000000000000e+00
2.599855520242805085e+00,2.080386805035244091e+00,1.000000000000000000e+00
2.872853377746636294e+00,2.813569268014648905e+00,1.000000000000000000e+00
1.999190567684483666e+00,1.254106644163528905e+00,1.000000000000000000e+00
2.737955574217277643e+00,2.889868064109054391e+00,1.000000000000000000e+00
2.727020047763873301e+00,2.393022344895203712e+00,1.000000000000000000e+00
1.667184481901162529e+00,2.091951558417219914e+00,1.000000000000000000e+00
1.699990212623263552e+00,4.165100566953812145e-01,1.000000000000000000e+00
2.350175472272885813e+00,3.227384338230132155e+00,1.000000000000000000e+00
1.627831881450888085e+00,2.078148762083645629e+00,1.000000000000000000e+00
1.937849913893242570e+00,3.097741916502995352e+00,1.000000000000000000e+00
2.706516605347093485e+00,1.437431460273424388e+00,1.000000000000000000e+00
1.215273969052330649e+00,2.700466157181025117e+00,1.000000000000000000e+00
3.098023904128696770e+00,2.419474848431927949e+00,1.000000000000000000e+00
2.236289588258287608e+00,1.661318010659565969e+00,1.000000000000000000e+00
2.902717601213886667e+00,2.441048052409679592e+00,1.000000000000000000e+00
5.289695521424937041e+00,3.444208446805729906e+00,1.000000000000000000e+00
4.534657496352345607e-01,2.073913634543016027e+00,1.000000000000000000e+00
2.485643048006154654e+00,2.655187740275636532e+00,1.000000000000000000e+00
2.602583678995178396e+00,6.949968991852604194e-01,1.000000000000000000e+00
1.830992560568730276e+00,7.106281555833826591e-01,1.000000000000000000e+00
1.449130388865562669e+00,1.567808301574429075e+00,1.000000000000000000e+00
2.843887074866128017e+00,4.487836920879257008e+00,1.000000000000000000e+00
1.964659541702345358e+00,2.776996719252506463e+00,1.000000000000000000e+00
1.799248840724831044e+00,3.574518414629669572e+00,1.000000000000000000e+00
1.679378530268626379e+00,1.727797871575651234e+00,1.000000000000000000e+00
1.317226804945731633e+00,1.728539780063547138e+00,1.000000000000000000e+00
1.245406580203437752e+00,2.234359894360948839e-01,1.000000000000000000e+00
1.827523404995499590e+00,-1.524259603870015134e-01,1.000000000000000000e+00
1.853746708970154256e+00,2.484253513838714955e+00,1.000000000000000000e+00
3.012598990794820963e+00,2.762515451845088510e+00,1.000000000000000000e+00
2.666605038941983974e+00,8.700261693485260572e-01,1.000000000000000000e+00
4.322299945661473686e+00,2.751456763057166022e+00,1.000000000000000000e+00
2.192531922460306149e+00,2.343553727991187330e+00,1.000000000000000000e+00
2.338259907803098336e+00,1.842883928562702334e+00,1.000000000000000000e+00
2.700406325623581516e+00,2.336723682463564433e+00,1.000000000000000000e+00
3.616288405538226058e+00,2.387145558362537390e+00,1.000000000000000000e+00
3.109095168274319310e+00,2.845869958900709928e+00,1.000000000000000000e+00
2.314505481050094460e+00,1.558579069535910966e+00,1.000000000000000000e+00
-5.576031410123305498e-01,-4.957199003483570010e-03,1.000000000000000000e+00
1.704139042705515861e+00,2.667075145335853215e+00,1.000000000000000000e+00
1.785789281895292735e+00,1.102343473722949385e+00,1.000000000000000000e+00
9.447628339545675047e-01,2.325708601356682781e+00,1.000000000000000000e+00
1.080246434847384140e+00,3.612538392888035688e+00,1.000000000000000000e+00
1.376359492817920138e-01,1.943526489390731582e+00,1.000000000000000000e+00
2.226867367575694256e+00,3.453292844347704449e+00,1.000000000000000000e+00
1.893190793086279244e+00,1.469775231032476981e+00,1.000000000000000000e+00
2.688813156180663633e+00,3.163707450576850100e+00,1.000000000000000000e+00
3.723116109425181897e+00,2.283527816579224101e+00,1.000000000000000000e+00
2.879064730054135879e+00,2.724270754872476274e+00,1.000000000000000000e+00
2.800701469618044559e+00,3.106741199913036766e+00,1.000000000000000000e+00
2.955545446007158628e+00,3.533468717781472535e+00,1.000000000000000000e+00
5.951702456689407228e-01,1.643242211964370370e+00,1.000000000000000000e+00
1.396112961088748161e+00,9.481469274450817775e-01,1.000000000000000000e+00
1.119247832938659037e-01,1.112962690178413760e+00,1.000000000000000000e+00
1.749207585545394794e+00,-1.060267648778000726e+00,1.000000000000000000e+00
1.720940848881031382e+00,1.283663207129345896e+00,1.000000000000000000e+00
1.675752360744069192e+00,1.472399073519833124e+00,1.000000000000000000e+00
4.376473816426534214e+00,2.815476834669439654e+00,1.000000000000000000e+00
-2.033360408120756802e-01,1.249819515273485893e+00,1.000000000000000000e+00
7.644531882390999122e-01,2.071457740155284721e+00,1.000000000000000000e+00
4.058247341461830970e+00,1.946759859435505113e+00,1.000000000000000000e+00
2.522826638502803753e+00,1.168242007657777970e+00,1.000000000000000000e+00
5.642196832597938805e-01,4.586297094683915443e-01,1.000000000000000000e+00
1.955234004731103648e+00,1.513119149414296816e+00,1.000000000000000000e+00
1.827304505830618542e+00,2.073421919302746108e+00,1.000000000000000000e+00
1.926588322787559759e+00,2.099913686018612502e+00,1.000000000000000000e+00
2.559600626525782907e+00,1.903786298920028486e+00,1.000000000000000000e+00
3.258455031370073307e-01,5.983367859084360862e-01,1.000000000000000000e+00
1.662837546602108585e+00,3.042523179162853530e+00,1.000000000000000000e+00
1.763755797015656102e+00,1.216875542084280948e+00,1.000000000000000000e+00
3.504982914472030586e+00,3.778228517931747632e+00,1.000000000000000000e+00
7.951818357480622268e-01,-3.209807008259479844e-01,1.000000000000000000e+00
4.104994565490569514e+00,3.584314996964849342e+00,1.000000000000000000e+00
2.577732464611068863e+00,2.680698227067814354e+00,1.000000000000000000e+00
4.238794445738271577e+00,2.084455044993437589e+00,1.000000000000000000e+00
1.451655671718568907e+00,2.354153533042513402e+00,1.000000000000000000e+00
2.003349021567641941e+00,2.662130293639122680e+00,1.000000000000000000e+00
1.350827378877789808e+00,2.854524518219655693e+00,1.000000000000000000e+00
2.864659207758752490e+00,2.641446263942035522e-01,1.000000000000000000e+00
1.787527298195869196e+00,2.931705981047357579e+00,1.000000000000000000e+00
2.053856158378084995e+00,1.612756365975578365e-01,1.000000000000000000e+00
2.357947741430448385e+00,2.827729910392754231e+00,1.000000000000000000e+00
-1.831539549941219036e-02,1.447537031995528967e+00,1.000000000000000000e+00
3.395754828154633032e+00,2.829697885909122412e+00,1.000000000000000000e+00
1.527999409911928064e+00,1.085342820859918733e+00,1.000000000000000000e+00
2.125684002400149986e+00,1.688343493871322432e+00,1.000000000000000000e+00
1.397475684137733154e+00,3.283110933588218039e-02,1.000000000000000000e+00
1.504889108317812640e+00,2.665749867113085259e+00,1.000000000000000000e+00
5.579882693594260257e-01,2.727358362916558754e+00,1.000000000000000000e+00
3.763212056537223127e+00,3.796088885835628979e+00,1.000000000000000000e+00
2.922682364078175166e+00,3.224686355303631125e+00,1.000000000000000000e+00
7.681042024331048435e-01,4.362729162710856645e-01,1.000000000000000000e+00
2.052014754614357450e+00,1.907154398729994815e+00,1.000000000000000000e+00
1.621755520860771238e+00,3.852923113182521231e+00,1.000000000000000000e+00
3.270612983204556290e+00,3.086639456970027062e+00,1.000000000000000000e+00
1.904047841888039772e+00,1.296275177422928415e+00,1.000000000000000000e+00
3.598593389039356882e+00,2.549149025203787389e+00,1.000000000000000000e+00
2.251867025255256838e+00,2.037037538592189279e+00,1.000000000000000000e+00
8.281980829381851983e-01,1.745931740078326966e+00,1.000000000000000000e+00
1.909199836094274794e+00,1.387551829284031868e+00,1.000000000000000000e+00
4.581976740055273556e-01,1.345490842228816986e+00,1.000000000000000000e+00
2.207365629988624178e+00,2.376687816009236176e+00,1.000000000000000000e+00
2.105670443040909667e+00,2.113727938466449796e+00,1.000000000000000000e+00
2.260489915638952407e+00,2.915270412756987284e+00,1.000000000000000000e+00
3.133403588324499722e+00,2.302613793382815910e+00,1.000000000000000000e+00
2.174345800638817661e+00,7.445459280134112401e-01,1.000000000000000000e+00
1.889756440855109076e+00,3.072289577488070300e+00,1.000000000000000000e+00
1.058479253453032953e+00,1.026352258822930130e+00,1.000000000000000000e+00
1.124521647148536418e+00,1.622853592746701157e+00,1.000000000000000000e+00
3.737350142603493630e+00,3.286097127444266519e+00,1.000000000000000000e+00
2.486296505046447614e+00,1.396033856633111636e+00,1.000000000000000000e+00
1.772170950011863644e+00,2.636007752622573364e+00,1.000000000000000000e+00
2.699667107366479968e+00,1.737763861263060372e+00,1.000000000000000000e+00
2.361444287835977818e+00,2.658468229220515067e+00,1.000000000000000000e+00
1.386560440253809645e+00,2.182343732734254083e+00,1.000000000000000000e+00
2.318640343748364696e+00,1.795986628526870632e+00,1.000000000000000000e+00
1.248256335103224757e+00,2.284479804907635803e+00,1.000000000000000000e+00
1.561850666245688801e+00,2.826247063503166679e+00,1.000000000000000000e+00
1.035611651649879894e+00,5.767690885645080368e-01,1.000000000000000000e+00
1.573853078889876578e+00,2.208325796910303396e+00,1.000000000000000000e+00
1.976012456926624195e+00,2.654933055308630774e+00,1.000000000000000000e+00
2.215006038085075346e+00,1.691457052889504320e+00,1.000000000000000000e+00
1.711453788292542022e+00,7.161565021561862032e-01,1.000000000000000000e+00
1.539088027755705967e+00,8.574485336944928093e-01,1.000000000000000000e+00
2.804929922119810293e+00,9.922989933638883819e-01,1.000000000000000000e+00
4.402894564091104357e+00,3.875027594237466566e+00,1.000000000000000000e+00
2.285783343766554676e+00,3.826166722151520538e+00,1.000000000000000000e+00
2.551187308631721606e+00,1.170171126246129845e+00,1.000000000000000000e+00
3.440358142274109632e+00,3.495786708866233106e+00,1.000000000000000000e+00
1.732939270644873409e+00,9.501438904078001180e-01,1.000000000000000000e+00
5.658721654436201121e+00,3.356509832031696838e+00,1.000000000000000000e+00
8.977894322235235869e-01,1.345572098583828868e+00,1.000000000000000000e+00
3.563750165037100626e+00,1.789676058207797960e+00,1.000000000000000000e+00
1.698483871537265211e+00,1.669243770168105545e+00,1.000000000000000000e+00
2.648145200202960847e+00,3.720902744513241878e+00,1.000000000000000000e+00
3.244215523782923771e+00,3.130082760489539595e+00,1.000000000000000000e+00
2.488134052388414563e+00,9.331804283451070603e-01,1.000000000000000000e+00
2.817173587043867666e+00,3.894883818938877695e+00,1.000000000000000000e+00
2.088280061160209478e+00,2.183885257137531788e+00,1.000000000000000000e+00
4.254244521225589715e-01,2.842804304266364213e+00,1.000000000000000000e+00
-1.011440501446142726e+00,1.059852230191749234e+00,1.000000000000000000e+00
1.887147335779217894e+00,1.591738835064588242e+00,1.000000000000000000e+00
1.705237935391017867e+00,1.811079611645024290e+00,1.000000000000000000e+00
2.668188963858722840e+00,1.989811765187029513e+00,1.000000000000000000e+00
3.019138038783862221e+00,2.009545012355169913e+00,1.000000000000000000e+00
2.288412064887930697e+00,2.481867866458496330e+00,1.000000000000000000e+00
-2.845695211958205739e-01,6.408235005550992902e-01,1.000000000000000000e+00
1.089181497146801902e+00,2.347607656021609479e+00,1.000000000000000000e+00
2.420395668776788689e+00,2.396897286535474514e+00,1.000000000000000000e+00
1.365174952149611709e+00,1.427730658754190918e+00,1.000000000000000000e+00
1.182096223971761617e+00,7.209237460352249105e-01,1.000000000000000000e+00
1.351219951591427382e+00,1.366562476829670469e+00,1.000000000000000000e+00
1.283468414015059844e+00,9.611412025930297087e-01,1.000000000000000000e+00
2.105476270594864641e+00,2.396159204401444143e+00,1.000000000000000000e+00
1.983068067237574006e+00,2.431934013731209987e+00,1.000000000000000000e+00
1.542334699020376121e+00,1.458314049185111649e+00,1.000000000000000000e+00
1.540214344960227688e+00,2.323411967508247855e+00,1.000000000000000000e+00
2.465803815536057098e+00,3.059333721155607755e+00,1.000000000000000000e+00
1.325133712351602266e+00,2.023961179257339094e+00,1.000000000000000000e+00
2.672376072116766643e+00,2.510062253325867410e+00,1.000000000000000000e+00
2.849817689616617855e+00,1.752376629349048809e+00,1.000000000000000000e+00
1.737885356705606732e+00,8.870598893491978831e-01,1.000000000000000000e+00
3.305623702636842687e+00,3.283300596251543357e+00,1.000000000000000000e+00
2.405635657657382520e+00,2.490680803283384037e+00,1.000000000000000000e+00
4.408001358514630486e-01,5.747247962160322299e-01,1.000000000000000000e+00
2.849342342161388153e+00,4.106298180833965361e+00,1.000000000000000000e+00
2.117069529771717473e+00,1.782275849956920455e+00,1.000000000000000000e+00
3.151138557648615723e+00,2.421996437044865225e+00,1.000000000000000000e+00
2.026993221606728568e+00,2.238855210589145273e+00,1.000000000000000000e+00
2.444396762779889265e+00,1.596355825015300267e+00,1.000000000000000000e+00
1.996545662094096896e+00,2.808349548146885422e+00,1.000000000000000000e+00
2.034203186364816229e+00,1.018049306973320967e+00,1.000000000000000000e+00
1.647493141160475849e+00,1.296855774808279627e+00,1.000000000000000000e+00
1.542444457492267107e+00,1.816312424289251881e+00,1.000000000000000000e+00
1.409375110441491330e+00,9.635297265777493791e-01,1.000000000000000000e+00
2.834865718376386123e+00,3.038025776397669908e+00,1.000000000000000000e+00
3.742090686553387613e-01,-2.494023428073375293e-01,1.000000000000000000e+00
1.087050177774214754e+00,1.402372554907491020e+00,1.000000000000000000e+00
-9.702831615947227206e-01,5.670952993421545241e-01,1.000000000000000000e+00
2.715691092735002865e+00,3.677681439346396353e+00,1.000000000000000000e+00
1.416775096192048888e+00,9.766656840468916911e-01,1.000000000000000000e+00
2.885563694581657845e+00,3.427187751079576294e+00,1.000000000000000000e+00
2.683248893222659248e+00,2.264703556317233524e+00,1.000000000000000000e+00
3.788249578697746145e+00,2.076703494920887128e+00,1.000000000000000000e+00
2.088642176996502453e-01,1.707370574266312335e+00,1.000000000000000000e+00
-1.161776408329044941e-01,2.453291269563695032e+00,1.000000000000000000e+00
1.407559767578449028e+00,2.002606930981494671e+00,1.000000000000000000e+00
3.355371556586922210e+00,2.559437601436031606e+00,1.000000000000000000e+00
1.179873664565654678e+00,2.375298451750933904e+00,1.000000000000000000e+00
3.332300962439152858e+00,1.981232798791141558e+00,1.000000000000000000e+00
-1.470044951246576304e-01,2.046829998958292762e+00,1.000000000000000000e+00
2.453532994340694717e+00,2.753319772773689778e+00,1.000000000000000000e+00
1.347060823148805708e+00,4.749553064701617089e-02,1.000000000000000000e+00
1.621581260010968251e+00,2.190743903415186544e+00,1.000000000000000000e+00
1.295719075304291756e+00,2.283746764633506565e+00,1.000000000000000000e+00
3.212239609858176692e+00,2.300743894752870222e+00,1.000000000000000000e+00
1.638345615402672095e+00,2.051926842922306982e+00,1.000000000000000000e+00
3.462152196605440935e+00,3.778108103135679574e+00,1.000000000000000000e+00
3.656676845915855623e+00,3.461258798323092023e+00,1.000000000000000000e+00
2.166617098520625895e+00,3.152980543386231460e+00,1.000000000000000000e+00
1.324408235371988818e+00,2.166808330828703610e+00,1.000000000000000000e+00
1.964782092850174244e+00,1.911065828030852565e+00,1.000000000000000000e+00
1.443092624044967076e+00,2.392412676759645418e+00,1.000000000000000000e+00
2.377577553813669198e+00,2.279017957713052489e+00,1.000000000000000000e+00
1.811205246092653098e+00,-7.715973594213343389e-02,1.000000000000000000e+00
2.195891791699244422e+00,4.503395106795735181e+00,1.000000000000000000e+00
2.547339977597694816e+00,3.328468482296660813e+00,1.000000000000000000e+00
-1.597743697019922138e-01,9.935416910078864738e-01,1.000000000000000000e+00
2.418827315637404496e+00,3.605493043766000216e+00,1.000000000000000000e+00
1.707030520923285444e+00,1.179499471830351531e+00,1.000000000000000000e+00
2.097945476269003517e+00,2.173815440399424315e+00,1.000000000000000000e+00
3.048092970574661997e+00,3.269111452306818322e+00,1.000000000000000000e+00
2.100463203934992418e+00,1.968165160457344021e+00,1.000000000000000000e+00
2.516614628542262810e+00,8.448533247824836501e-01,1.000000000000000000e+00
2.728197770418919532e+00,1.756160291143115781e+00,1.000000000000000000e+00
2.942934493253911210e+00,3.516308512247378282e+00,1.000000000000000000e+00
6.686529508242047282e-01,1.195304987405314989e+00,1.000000000000000000e+00
1.969126035267957597e+00,1.632123081195945957e+00,1.000000000000000000e+00
2.864223659681718992e+00,3.700525786332014455e+00,1.000000000000000000e+00
2.209490906321516679e+00,1.615264350120270809e+00,1.000000000000000000e+00
4.023101625032735384e+00,2.463947355266679295e+00,1.000000000000000000e+00
2.719979779265073283e+00,9.017948858852691263e-01,1.000000000000000000e+00
4.164120287636913886e+00,3.133462015729632455e+00,1.000000000000000000e+00
1.422292177876401276e+00,2.226934318927894729e+00,1.000000000000000000e+00
1.830905455178031938e+00,1.999779252195542423e+00,1.000000000000000000e+00
3.240116426288429885e+00,3.089934093327925346e+00,1.000000000000000000e+00
1.276652897648869134e+00,1.903095479314562022e+00,1.000000000000000000e+00
1.686333765859540756e+00,4.036934765153072036e+00,1.000000000000000000e+00
2.856491719418229103e+00,1.872723264109578345e+00,1.000000000000000000e+00
1.467681220197117220e+00,3.122501047108499073e+00,1.000000000000000000e+00
1.987292030906028240e+00,9.504385647484610011e-01,1.000000000000000000e+00
9.553985974958345562e-01,2.084934092339777667e+00,1.000000000000000000e+00
2.923388398775951913e+00,4.027023281849670511e+00,1.000000000000000000e+00
2.333481641203194457e-02,6.099014844114345468e-01,1.000000000000000000e+00
2.183741742201414038e+00,2.849024522274327342e+00,1.000000000000000000e+00
2.612272684019556923e+00,2.702254797916468831e+00,1.000000000000000000e+00
1.062438548719008224e+00,2.137830429687032741e+00,1.000000000000000000e+00
3.154438630406815047e-01,2.265058183442073769e+00,1.000000000000000000e+00
2.259054792853132820e+00,1.479943476293460680e+00,1.000000000000000000e+00
1.103594891320558657e+00,1.538477986322162039e+00,1.000000000000000000e+00
1.020210281842876210e+00,3.704901924542646441e+00,1.000000000000000000e+00
3.277813327249904596e+00,1.568320240716131408e+00,1.000000000000000000e+00
2.237208349632143989e+00,1.829867060611059859e+00,1.000000000000000000e+00
2.698693133870661676e+00,1.424613129363651254e+00,1.000000000000000000e+00
2.979668066618976319e+00,1.069528642723319933e+00,1.000000000000000000e+00
3.754771028677308387e+00,3.785221837811315382e+00,1.000000000000000000e+00
1.202430058589245565e+00,1.585577174048517168e+00,1.000000000000000000e+00
4.415921067399992239e+00,2.931164437797517230e+00,1.000000000000000000e+00
1.469062987758814831e+00,3.312535204441231507e+00,1.000000000000000000e+00
2.613164620964499196e+00,1.310331097914404719e+00,1.000000000000000000e+00
1.699158194728213278e+00,2.594195267775741165e+00,1.000000000000000000e+00
1.931712440911214301e+00,2.732961310293913648e+00,1.000000000000000000e+00
2.138312169031387100e+00,1.425048856307011391e+00,1.000000000000000000e+00
4.352289181683753228e+00,3.583773146861608971e+00,1.000000000000000000e+00
-5.794108768752703753e-01,6.746774447006951281e-01,1.000000000000000000e+00
2.672351891564352044e+00,1.517959517008319104e+00,1.000000000000000000e+00
1.066062156374714576e+00,-4.438791490517641769e-01,1.000000000000000000e+00
1.825410557880746687e-01,1.463674741054406425e+00,1.000000000000000000e+00
1.884195714267955735e+00,2.769744548106414239e+00,1.000000000000000000e+00
3.297492916464327628e+00,3.109659257360861240e+00,1.000000000000000000e+00
7.838268138310002797e-01,7.620883531685895829e-01,1.000000000000000000e+00
1.146104613311791587e+00,2.708021882782254419e-01,1.000000000000000000e+00
3.531914875918200636e+00,3.154496424748799654e+00,1.000000000000000000e+00
2.211101204341535453e+00,2.175247554766232216e+00,1.000000000000000000e+00
4.309998517538735641e+00,2.765027978071565862e+00,1.000000000000000000e+00
2.144171821133824096e+00,2.246865494208223790e+00,1.000000000000000000e+00
3.225019783792850259e+00,4.707354014145462173e+00,1.000000000000000000e+00
3.303272735356079792e+00,6.623434526501406072e-01,1.000000000000000000e+00
3.269687073930262144e+00,2.229066823654398899e+00,1.000000000000000000e+00
2.563303451789662457e+00,3.158123689473402163e+00,1.000000000000000000e+00
3.153129471924733807e+00,2.755942768948957955e+00,1.000000000000000000e+00
1.992736580893017750e+00,2.056642847684833075e+00,1.000000000000000000e+00
3.118229782952028906e-01,-7.721715449998667324e-02,1.000000000000000000e+00
1.377321247196543696e+00,3.201632818021289850e+00,1.000000000000000000e+00
1.761870532573187598e+00,2.653231757652573464e+00,1.000000000000000000e+00
2.966702356716687028e+00,2.857727772466957195e+00,1.000000000000000000e+00
2.092998890245682198e+00,2.861290841916682481e+00,1.000000000000000000e+00
-1.119707775843921560e+00,7.930074196207683723e-01,1.000000000000000000e+00
2.548200855869192427e+00,2.758646717189050523e+00,1.000000000000000000e+00
1.206627406136800751e+00,1.284021006794483055e+00,1.000000000000000000e+00
2.755046838886413774e+00,2.794515362477704379e+00,1.000000000000000000e+00
1.140763384106671108e+00,1.690479254907466533e+00,1.000000000000000000e+00
3.045867690028963182e+00,8.777539948225796529e-01,1.000000000000000000e+00
2.211032900633501885e+00,2.603769433708565284e+00,1.000000000000000000e+00
2.896258162712921802e+00,2.861383557976093339e+00,1.000000000000000000e+00
2.397294797807702604e+00,2.799792339589240786e+00,1.000000000000000000e+00
2.911821520609520153e+00,3.065139472288645361e+00,1.000000000000000000e+00
1.435476293483803456e+00,1.978079722018620368e+00,1.000000000000000000e+00
2.875260908532589532e+00,3.216673336780514258e+00,1.000000000000000000e+00
3.069819458645182575e+00,2.582541433824441235e+00,1.000000000000000000e+00
9.646241316949821787e-01,3.284429751782261597e+00,1.000000000000000000e+00
-3.047897459326911473e-01,2.244434547079786402e+00,1.000000000000000000e+00
1.931385343656133013e+00,1.182309993168215501e+00,1.000000000000000000e+00
2.472755103397927368e+00,2.511252657991315473e+00,1.000000000000000000e+00
1.487953015957268477e+00,2.522327850280516426e+00,1.000000000000000000e+00
1.375276385515831867e+00,1.325674330926565059e+00,1.000000000000000000e+00
1.808213765771839343e+00,2.540102080112956351e+00,1.000000000000000000e+00
2.715402737805488798e+00,9.527743636263923399e-01,1.000000000000000000e+00
9.084900251795118287e-01,2.086472385479217095e+00,1.000000000000000000e+00
2.126386811970865320e+00,2.342973283839640875e+00,1.000000000000000000e+00
8.561959101021845431e-01,1.643569520858564115e+00,1.000000000000000000e+00
1.955092973236820741e+00,2.272437392266565048e+00,1.000000000000000000e+00
1.245036386278245200e+00,1.180183589825261947e+00,1.000000000000000000e+00
1.221318580593588221e+00,1.561968245370524366e+00,1.000000000000000000e+00
1.428203649279835563e+00,1.918023846668076127e+00,1.000000000000000000e+00
1.956257694468681363e+00,3.254587989413009197e+00,1.000000000000000000e+00
2.557178107204395090e+00,2.027421909804360212e+00,1.000000000000000000e+00
2.437468619575966944e+00,1.728382215270875211e+00,1.000000000000000000e+00
2.061038861581403925e+00,2.074874743770610763e+00,1.000000000000000000e+00
2.302183994060717165e+00,2.864823562011839631e+00,1.000000000000000000e+00
8.756328255435448238e-01,1.317214140042589410e+00,1.000000000000000000e+00
1.198070808947132804e+00,1.590586861072909919e+00,1.000000000000000000e+00
1.342564415299298819e+00,6.294635223700371096e-01,1.000000000000000000e+00
1.772897481331669578e+00,1.670886486824266548e+00,1.000000000000000000e+00
1.079602908542513617e+00,1.764408422425600476e+00,1.000000000000000000e+00
2.275617943396616383e+00,2.580498490904516551e+00,1.000000000000000000e+00
2.786723914148879544e+00,4.147457896414147527e+00,1.000000000000000000e+00
1.561412255993802845e+00,9.419116905924078686e-01,1.000000000000000000e+00
8.782465715615868085e-01,1.433432571912212961e+00,1.000000000000000000e+00
1.740707250737193457e+00,6.918277920505444545e-01,1.000000000000000000e+00
2.889171281575285022e+00,1.226257305967995537e+00,1.000000000000000000e+00
1.894632653073047734e+00,2.094952496004426123e+00,1.000000000000000000e+00
1.353762418558172254e+00,9.225505790764392255e-01,1.000000000000000000e+00
4.785089023137953923e-01,1.892648286592865325e+00,1.000000000000000000e+00
2.694127713773568633e+00,2.196910891342517047e+00,1.000000000000000000e+00
-2.163858514857857074e-01,1.707645031651152667e+00,1.000000000000000000e+00
1.875086503468037069e+00,1.780804099025310450e+00,1.000000000000000000e+00
2.080793510730378326e+00,1.406364555556987694e+00,1.000000000000000000e+00
1.826200834555157249e+00,2.463019477237487376e+00,1.000000000000000000e+00
3.155212660540902991e+00,2.631630353182921045e+00,1.000000000000000000e+00
1.577121201673119533e+00,6.094797136071901100e-01,1.000000000000000000e+00
8.737574395909213365e-01,2.348098494685472382e+00,1.000000000000000000e+00
1.321363614580080226e+00,1.893835299429066810e+00,1.000000000000000000e+00
2.055708200724438051e+00,3.063090248680537808e+00,1.000000000000000000e+00
6.498735573139038380e-01,1.207271075499100066e+00,1.000000000000000000e+00
1.173448676928652290e-01,9.901903370083313671e-01,1.000000000000000000e+00
1.434006266990090150e+00,1.186641023998211697e-01,1.000000000000000000e+00
3.269967475959989045e+00,3.356430506945078385e+00,1.000000000000000000e+00
8.993063789024526855e-01,1.814013816720207783e+00,1.000000000000000000e+00
1.767176559219414189e+00,2.284153025848421503e+00,1.000000000000000000e+00
1.411820457421812947e+00,2.435185313491632364e+00,1.000000000000000000e+00
1.682408606334563794e+00,1.977282885392240841e+00,1.000000000000000000e+00
5.421158178374139158e-01,6.952600292583901442e-01,1.000000000000000000e+00
1.759249050774003509e+00,2.410898381493675746e+00,1.000000000000000000e+00
8.592412222907193087e-01,1.778555159982142753e+00,1.000000000000000000e+00
1.974244196934749951e+00,2.257248330742426923e+00,1.000000000000000000e+00
2.001721059155633142e+00,8.446299929971425868e-01,1.000000000000000000e+00
1.927500473608068088e+00,1.024051632942548640e+00,1.000000000000000000e+00
1.962243854256662035e+00,4.616237710282034001e-01,1.000000000000000000e+00
3.776746609755550654e+00,3.993838539304539470e+00,1.000000000000000000e+00
1.477701410777075175e+00,1.994765176877082880e+00,1.000000000000000000e+00
1.772579309831841421e+00,1.883943621846710936e+00,1.000000000000000000e+00
1.854805566016367813e+00,1.075061895893529407e+00,1.000000000000000000e+00
1.170176888692653794e+00,1.080757320699024859e+00,1.000000000000000000e+00
1.306800440294081600e+00,1.742680512043407015e+00,1.000000000000000000e+00
8.314602190139297466e-01,2.184332302554307770e+00,1.000000000000000000e+00
1.013225357360664880e+00,2.236025732518983844e+00,1.000000000000000000e+00
3.781297567248060876e-01,1.115568251677739209e+00,1.000000000000000000e+00
9.001685274740478526e-01,1.570935171990951673e+00,1.000000000000000000e+00
1.150376445820428195e+00,-3.029581854927481110e-01,1.000000000000000000e+00
8.232545704963956101e-01,1.007084445402774087e+00,1.000000000000000000e+00
-4.953102553581003598e-01,1.890446032337623539e+00,1.000000000000000000e+00
2.148788232072081694e+00,2.288028482511258677e+00,1.000000000000000000e+00
2.091256062140183669e+00,3.299779546400795738e+00,1.000000000000000000e+00
1.707055193084323186e+00,1.600136922248755589e+00,1.000000000000000000e+00
2.982989342695543389e+00,2.413880089834668841e+00,1.000000000000000000e+00
2.237959090418501606e+00,1.411864124750068950e+00,1.000000000000000000e+00
2.156839243341612367e+00,5.490491899307632373e-01,1.000000000000000000e+00
2.107058224364675159e+00,2.553891115841921078e+00,1.000000000000000000e+00
4.506685204045575155e-01,4.239382552228745382e-01,1.000000000000000000e+00
1.269022290129348862e+00,1.184803860331946179e+00,1.000000000000000000e+00
5.466077826870970213e+00,3.793353067041346449e+00,1.000000000000000000e+00
2.239410860301118689e+00,2.493029906386614591e+00,1.000000000000000000e+00
1.977382823703678127e+00,2.416592656310774689e+00,1.000000000000000000e+00
1.915450764534827099e+00,2.795533621498658139e+00,1.000000000000000000e+00
2.092063077669835458e+00,2.910908455110580384e+00,1.000000000000000000e+00
9.685749303264115095e-01,1.021253584524798530e+00,1.000000000000000000e+00
2.103014127263951760e+00,1.437004043674385168e+00,1.000000000000000000e+00
4.031287714107854470e+00,3.089371296972945213e+00,1.000000000000000000e+00
5.520827178723179962e-01,2.451381773092331073e+00,1.000000000000000000e+00
1.749945736278552211e+00,2.321916290054097942e+00,1.000000000000000000e+00
1.930409466491984860e+00,1.499363173732065402e+00,1.000000000000000000e+00
2.610301957371301551e+00,2.539836695203281813e+00,1.000000000000000000e+00
2.993885461084206501e+00,1.198752023833526748e+00,1.000000000000000000e+00
2.950326989712916514e+00,9.671545749133991787e-01,1.000000000000000000e+00
2.765134969501355400e+00,2.009281614226477775e+00,1.000000000000000000e+00
3.339577969857033146e+00,3.148385417552643339e+00,1.000000000000000000e+00
1.060559150815458374e+00,-1.344681000447711661e-01,1.000000000000000000e+00
2.768513145616262605e-01,-2.235788140091181653e-01,1.000000000000000000e+00
1.304905526073702138e+00,2.335168695731083766e+00,1.000000000000000000e+00
1.152906182631802334e+00,1.245184256307000803e+00,1.000000000000000000e+00
2.501824152116482125e+00,3.264079836425950454e+00,1.000000000000000000e+00
3.425775367685284678e+00,3.664055893955546317e+00,1.000000000000000000e+00
3.348736900065802491e+00,4.013800768866457425e+00,1.000000000000000000e+00
8.167510630623480150e-01,1.754593704433209611e+00,1.000000000000000000e+00
1.330128685100343100e+00,-2.845182418705078931e-01,1.000000000000000000e+00
1.277461633245615680e+00,2.109382630177053297e+00,1.000000000000000000e+00
2.804800481746661855e+00,1.081527216576805284e+00,1.000000000000000000e+00
4.238794903858123853e+00,3.794852517187334850e+00,1.000000000000000000e+00
2.932773294911011241e+00,2.843131682843321961e+00,1.000000000000000000e+00
2.010645575397024931e+00,2.535964099065215915e+00,1.000000000000000000e+00
2.010405361968920612e+00,2.212270192313124717e+00,1.000000000000000000e+00
2.296786540243167973e+00,2.047715787644563523e+00,1.000000000000000000e+00
2.779487031090249083e+00,2.757288218706166028e+00,1.000000000000000000e+00
2.236160697736960579e+00,2.752506356770247908e+00,1.000000000000000000e+00
2.113923145391276126e+00,2.912274554213724720e+00,1.000000000000000000e+00
2.858890719120635637e+00,2.787249468639779515e+00,1.000000000000000000e+00
1.039370941997217912e+00,1.829798253120590523e+00,1.000000000000000000e+00
2.730608815340190620e+00,2.257844829565808897e+00,1.000000000000000000e+00
2.904822855067672904e+00,2.313427368176834253e+00,1.000000000000000000e+00
2.024399154845236914e+00,1.614986101962065268e+00,1.000000000000000000e+00
6.488270943177525396e-01,2.573350337761721729e-01,1.000000000000000000e+00
1.884435417128213830e+00,3.086155601473142163e+00,1.000000000000000000e+00
3.414621396518956242e+00,3.081601583954746815e+00,1.000000000000000000e+00
2.697937811276952758e+00,2.233199788252588469e+00,1.000000000000000000e+00
1.760268830159012365e+00,3.333345412938249819e+00,1.000000000000000000e+00
1.384299331822678614e+00,3.187765591135822252e+00,1.000000000000000000e+00
3.994761476185606952e+00,3.564606094071298692e+00,1.000000000000000000e+00
1.449138738001924942e+00,1.396200148896692417e+00,1.000000000000000000e+00
1.194075550051612922e+00,3.011809497216293874e+00,1.000000000000000000e+00
1.024623763013123412e+00,-5.757118728360373083e-01,1.000000000000000000e+00
2.968246311066248033e+00,1.101058204576173649e+00,1.000000000000000000e+00
1.791239986812043883e+00,1.604821024828504195e+00,1.000000000000000000e+00
1.585194712272741890e+00,3.759697856061547494e+00,1.000000000000000000e+00
2.096878188144931432e+00,3.844936960880478871e+00,1.000000000000000000e+00
5.712358657025189412e-01,1.051508378495266349e+00,1.000000000000000000e+00
3.171806093579542463e+00,3.277342514164847120e+00,1.000000000000000000e+00
4.482201276064001760e-01,1.452303213745518740e+00,1.000000000000000000e+00
2.325074041449626705e+00,2.558373726433446294e+00,1.000000000000000000e+00
2.618021089646446864e+00,3.916141578526495692e+00,1.000000000000000000e+00
1.199434156490534420e+00,2.342835059953519483e+00,1.000000000000000000e+00
2.242538981366355433e+00,2.804644802136271764e+00,1.000000000000000000e+00
3.001471516538106510e+00,2.543944355934624646e+00,1.000000000000000000e+00
1.712989878964330526e+00,2.446471848844749442e+00,1.000000000000000000e+00
1.905598999092459778e+00,2.429642180259413475e+00,1.000000000000000000e+00
3.745051530088729930e-01,9.161864856349075659e-01,1.000000000000000000e+00
2.290845063849431096e+00,1.314464711990927182e+00,1.000000000000000000e+00
2.248047987162325789e+00,2.577998609770927985e+00,1.000000000000000000e+00
2.807185111287774593e+00,2.491817424506420409e+00,1.000000000000000000e+00
2.284672937296274853e+00,1.100205350243337543e+00,1.000000000000000000e+00
2.092178485785936015e+00,1.609812757470375333e+00,1.000000000000000000e+00
2.742584352660219604e+00,3.051593686608489620e+00,1.000000000000000000e+00
