Clustering algorithm selected: kmeans
=====================================

Clustering evaluation metric: dbc_ss
Clustering evaluation value: 0.30907032538196444

========== Cluster 0 ==========

Base classifier: GaussianNB()

Selected Features: [32 34 33 37 31 36 25 29  9 13  8 11  0 26  3 20  4 22 16 27 30 18 28 15
 24 23 10 14 35 21 17 19 12]

Labels: [1 0 1 1 0 1 0 0 1 0 0 1 1 0 0 0 0 1 0 0 0 0 0 0 0 1 0 1 0 0 0 0 0 0 0 0 1
 0 0 0 1 0 0 1 1 1 0 1 1 0 1 1 0 0 1 1 1 0 0 1 0 0 1 1 0 0 1 0 0 0 1 1 1 0
 1 0 1 1 1 0 0 0 1 0 0 0 1 1 0 0 0 0 0 1 1 1 0 0 1 1 0 0 0 1 1 1 0 1 1 0 0
 0 1 0 1 1 0 0 1 0 1 0 1 1 0 1 1 0 0 0 0 0 0 0 1 0 0 1 1 1 1 0 1 1 0 1 1 1
 1 0 1 0 0 1 0 0 0 0 0 1 1 0 1 1 1 0 1 0 1 1 0 1 1 0 0 0 1 0 0 1 0 1 1 0 0
 0 1 1 1 1 0 0 0 1 0 0 0 0 0 1 0 1 1 1 0 0 0 0 1 1 1 1 1 0 1 0 0 1 0 1 0 1
 1 1 1 0 1 0 1 0 1 1 0 1 0 1 1 1 0 1 0 1 0 1 0 1 0 1 1 0 0 1 0 1 0 0 1 1 0
 1 1 0 1 0 1 1 0 1 1 1 0 1 1 1 0 0 1 0 1 1 1 0 0 1 1 0 0 0 1 0 0 0 0 0 1 1
 0 0 0 1 1 0 0 0 0 1 1 0 1 0 0 0 1 0 0 0 1 0 0 1 0 0 1 1 1 0 1 0 1 0 0 1 0
 1 0 1 1 1 0 0 1 1 0 1 0 0 1 0 0 0 1 1 1 1 0 0 0 1 1 0 1 0 1 0 0 1 1 0 0 1
 1 0 1 0 0 1 1 1 0 1 1 0 1 1 1 0 0 1 1 0 0 1 1 1 0 0 1 0 1 1 1 0 0 0 1 0 1
 1 0 0 1 0 1 0 0 1 1 0 0 1 1 1 0 1 1 1 0 1 0 0 1 0 1 0 0 0 1 0 0 0 1 0 0 0
 1 1 1 1 0 1 1 0 0 0 0 1 1 1 1 1 1 1 0 1 1 1 0 0 0 1 1 1 1 1 1 1 1]

========== Cluster 1 ==========

Base classifier: GaussianNB()

Selected Features: [32 34 22 28 33  5  7 37  3 17  0 26 10  4 15 24 21 36 19  1 31 23 18  8
 35 20 29 30 27]

Labels: [1 0 1 1 0 0 0 0 0 1 1 0 0 0 0 0 0 0 0 0 0 1 0 1 0 0 0 0 0 1 1 1 0 0 0 0 0
 0 1 0 0 0 0 0 0 1 0 0 1 1 0 0 0 0 0 0 1 1 0 1 0 0 0 1 0 0 0 0 0 0 0 0 1 0
 0 0 0 1 0 0 0 0 0 1 0 0 0 1 0 0 1 1 0 0 0 1 1 0 0 0 1 0 0 1 1 0 1 0 0 0 0
 0 1 0 0 1 1 1 1 0 0 0 0 0 0 1 0 1 1 0 0 1 0 0 0 0 1 0 0 1 0 0 0 1]

