Clustering algorithm selected: kmeans++
=====================================

Clustering evaluation metric: dbc
Clustering evaluation value: 0.13626587522496392

========== Cluster 0 ==========

Base classifier: SVC(probability=True)

Selected Features: [2 3 0 1]

Labels: [0 0 2 1 0 2 2 1 0 0 1 1 2 2 0 2 1 0 0 0 1 0 2 0 0 0 0 1 0 1 2 0 0 2 0 0 0
 0 2 1 0 1 0 0 0 1 0 0 0 1 0 2 2 1 0 2 0 1 2 0 0 0 0 1 0 0 1 2 1 1 1 2 0 1
 0 0 2 0 2 2 1 0 1 0 0 1 2 2 2 0 0 0 2 2 0 2 2 0 1 1 0 1 0 2 0 0 0 1 2 2 2
 2 0 0 0 1 1 0 2 1 1 0 2 2 0 0 2 2 2 0 1 2 2 0 0 0 0 0 2 0 2 2 2 0 1 2 1 0
 0 2 0 1 2 0 2 1 0 2 2 2 2 0 2 0 0 0 1 1 0 1 2 0 0 0 0 0 2 0 1 2 0 1 2 0 0
 1 0 0 0 1 0 0 2 1 2 0 0 0 1 2 1 1 1 2 0 2 0 0 0 2 0 0 0 2 2 0 1 0 2 2 0 0
 0 1 2 2 0 0 0 1 2 0 1 1 2 0 2 0 0 2 2 0 1 0 2 0 0 2 2 0 1 2 1 0 1 0 0 2 0
 0 1 0 2 0 2 2 1 1 1 0 0 2 2 0 1 1 0 1 0 1 0 0 1 1 2 2 2 1 2 1 0 0 0 2 2 0
 0 2 2 1 0 1 0 1 0 2 0 0 0 1 2 0 1 2 2 0 0 0 1 2 1 1 1 0 1 1 0 0 0]

========== Cluster 1 ==========

Base classifier: SVC(probability=True)

Selected Features: [0 3 1 2]

Labels: [2 0 0 0 2 2 2 2 1 0 0 2 2 2 2 2 1 0 2 0 0 0 0 0 0 2 0 0 2 2 0 0 2 0 0 2 0
 0 0 2 2 0 0 0 2 0 0 1 0 0 2 1 2 0 0 0 0 0 0 0 0 0 2 2 0 0 0 2 0 2 0 2 2 2
 1 0 2 0 1 2 2 0 0 0 2 2 1 0 2 2 1 0 0 0 2 0 2 0 0 1 1 2 2 1 0 0 2 2 1 2 0
 0 2 2 2 2 2 0 0 2 0 2 2 0 2 0 0 0 0 0 2 1 0 0 2 1 2 2 0 0 0 2 0 0 2 2 2 2
 0 0 1 2 0 0 2 0 0 0 2 1 2 2 2 0 2 0 2 0 1 1 0 2 1 0 2 1 2 0 1 1 2 0 2 0 0
 2 2 1 2 2 0 0 0 2 2 2 1 2 0 0 1 0 2 0 0 0 0 1 1 2 0 0 2 0 0 2 1 0 0 0 0 0
 0 0 2 1 0 0 0 0 2 0 0 0 0 2 0 1 2 2 2 2 0 2 0 2 0 1 0 0 2 2 0 2 2 0 2 0 0
 2 0 0 2 1 2 0 2 0 2 0 0 2 2 2 2 0 0 0 0 0 0 0 0 0 0 2 2 0 2 2 2 0 2 2 2 0
 0 1 0 1 2 1 0 0 0 2 1 0 2 2 2 0 1 0 0 2 2 0 1 0 0 0 0 1 1 0 0 2 1 0 2 0 2
 0 2 0 0 2 0 2 0 1 0 2 2 0 2 0 1 2 0 2 0 0 0 0 0 0 0 0 0 2 2 2 0 0 0 0 0 0
 0 2 2 2 1 2 0 2 0 0 0 1 2 0 1 2 2 0 2 2 0 0 2 0 2 0 0 1 0 2 0 0 2 2 2 0 2
 0 1 0 0 2 2 0 0 2 0 2 2 0 0 0 2 2 2 0 0 2 2 0 0 2 2 2 0 0 2 0 0 0 0 1 0 1
 0 0 0 1 0 2 0 2 2 1 2 0 0 2 0 0 1 1 2 1 2 1 0 0 2 2 0 2 2 0 0 2 2 0 0 2 0
 2 2 2 2 2 2 2 0 0 2 0]

========== Cluster 2 ==========

Base classifier: LogisticRegression()

Selected Features: [3 7 0 8 6 2 1 4]

Labels: [1 1 1 0 2 1 0 0 0 0 1 0 1 0 0 1 1 2 0 0 0 2 0 1 0 1 0 1 2 0 2 1 1 1 2 2 1
 1 0 0 0 0 0 0 0 2 1 1 0 1 1 2 2 1 1 2 1 2 2 2 0 2 2 2 1 2 0 0 2 1 0 0 2 0
 1 0 2 1 1 0 0 2 1 1 0 0 1 1 2 1 2 1 2 2 2 1 1 2 1 0 2 2 0 0 2 1 2 2 1 2 2
 1 1 2 2 1 1 2 0 0 2 1 1 1 2 0 2 1 0 0 2 1 2 2 2 0 2 0 0 2 2 1 1 0 1 0 1 2
 0 1 0 0 1 2 0 2 0 0 2 1 1 1 0 2 1 0 0 0 1 0 0 1 2 1 1 1 2 2 2 1 1 1 2 0 1
 1 1 0 1 1 1 1 2 2 2 1 0 0 1 0 1 2 2 0 2 2 1 0 1 2 2 0 0 2 0 1 2 0 1 2 0 2
 0 0 0 2 1 2 2 1 0 2 0 0 2 0 2 1 0 1 0 2 0 2 1 1 2 2 1 2 1 2 0 0 0 0 0 2 1
 1 2 1 0 0 1 2 0 1 0 0 0 1 2 0 1 1 0 0 0 0 2 0 1 2 0 0 0 1 2 0 2 1 2 1 2 2
 0 0 0 0 0 2 1 2 0 0 1 2 2 0 1 2 2 2 0 2 2 0 0 0 0 2 0 1 0 2 2 1 2 2 0 1 2
 2 0 2 1 0 1 2 2 0 1 0 0 1 2 2 2 1 2 2 1 0 2 0 1 1 2 1 1 0 1 0 0 1 0 2 1 1
 0 0 2 1 2 1 1 2 2 1 2 2 2 2 0 0 1 2 1 2 1 2 2 2 2 1 2 2 1 0 0 1 1 0 0 2 0
 1 1 1 1 1 2 2 2 2 2 2 0 2 2 1 0 0 2 0 2 2 0 2 0 1 2 0 0 2 1 1 1 1 1 1 1 1
 1 1 0 2 2 2 1 1 2 2 1 2 2 2 0 1 0 1 0 0 2 1 0 1 0 1 2 2 0 1 0 1 1 0 2 2 0
 0 0 0 2 1 0 2 2 1 0 1 2 2 2 1 1 2 2 0 0 0 0 2 0]

