Clustering algorithm selected: kmeans++
=====================================

Clustering evaluation metric: dbc
Clustering evaluation value: 0.3757444449676579

========== Cluster 0 ==========

Base classifier: GaussianNB()

Minority Class: 1

Selected Features: [17 12 14 10 16  2  8  1  7  3  4  5  6]

Labels: [2 0 0 0 2 2 0 2 0 0 0 2 0 2 0 1 2 0 2 1 2 0 0 0 0 2 2 1 0 0 2 2 0 2 2 0 0
 0 2 0 2 2 0 0 2 0 1 0 0 2 1 0 1 0 1 2 2 2 0 0 2 2 1 0 0 2 0 2 0 1 1 2 2 1
 2 2 2 0 2 1 0 2 1 0 2 0 1 0 2 1 0 0 2 1 1 2 0 2 0 2 0 2 2 2 2 2 0 2 0 1 1
 2 2 0 2 2 0 2 0 0 1 2 2 2 1 2 1 1 0 2 2 0 2 1 2 1 2 2 2 2 2 0 2 2 2 1 0 0
 2 2 1 2 0 2 2 1 0 2 0 0 2 2 0 2 0 2 0 2 0 2 2 0 1 0 2 0 1 1 2 0 1 0 2 0 0
 2 0 2 0 0 0 0 2 0 0 1 2 0 0 0 0 0 0 2 0 2 0 0 2 0 2 0 0 1 2 1 2 0 0 2 0 0
 1 0 1 0 2 2 0 2 2 0 2 2 0 0 2 1 2 2 1 0 0 1 0 2 2 0 0 0 2 0 1 0 0 0 1 1 0
 1 0 2 0 0 0 0 1 0 1 2 1 2 1 2 0 2 0 1 0 0 0 2 0 2 0 0 2 1 1 1 1 2 2 1 1 0
 0 0 0 1 0 2 0 0 2 0 1 2 0 1 1 2 2 0 2 0 1 2 0 2 1 0 0 1 1 0 1 1 2 1 1 0 2
 1 2 2 1 1 0 0 0 2 0 2 0 0 1 0 2 2 0 0 0 0 1 2 0 0 0 2 0 2 0 0 0 1 1 0 2]

========== Cluster 1 ==========

Base classifier: GaussianNB()

Minority Class: 0

Selected Features: [17 20  6  4 14  3 19  0 16 15  8 12 11 13  9  7  5 18]

Labels: [1 1 1 0 1 2 1 0 1 0 1 1 1 2 0 0 2 1 1 1 0 1 2 0 1 2 1 0 1 1 1 2 1 0 0 0 0
 0 1 0 2 1 0 1 2 0 1 0 0 1 2 2 1 1 1 2 0 0 2 2 2 1 1 1 0 1 0 0 2 1 1 0 2 1
 0 0 2 1 1 1 1 1 2 1 1 2 2 1 2 2 1 1 2 2 0 2 2 0 0 2 1 2 1 0 1 1 2 1 1 2 2
 1 0 1 2 0 0 1 1 1 1 2 2 0 0 0 1 2 2 2 0 2 0 2 0 0 2 2 0 1 1 1 0 2 2 1 0 1
 2 1 0 0 2 2 0 2 1 0 2 1 1 0 0 0 0 1 0 1 0 1 2 1 1 0 2 2 1 1 1 2 0 1 0 1 1
 1 0 1 1 1 1 1 1 0 2 2 2 2 2 0 0 1 0 1 2 0 2 1 1 0 1 2 0 0 2 0 0 1 2 0 2 0
 2 0 0 2 2 1 0 2 0 0 2 2 1 1 1 1 0 2 1 1 0 2 2 2 2 1 1 0 1 2 1 0 0 0 2 1 1
 2 1 0 1 2 0 1 1 0 1 2 0 0 2 1 1 0 1 0 1 0 1 2 2 0 2 1 0 0 2 2 0 1 2 1 2 1
 2 1 0 2 2 0 2 0 0 0 0 0 0 1 0 0 2 2 2 0 2 2 1 2 2 1 2 2 2 0 0 0 2 1 1 0 0
 0 1 2 2 0 0 1 1 2 2 2 2 2 2 1 0 2 1 1 2 1 2 1 0 1 0 1 0 1 1 0 2 2 1 2 2 2
 1 2 2 2 2 2 1 1 2 2 2 1 2 2 1 1 2 2 0 0 2 2 0 1 2 2 1 1 2 0 2 2 1 1 1 1 0
 0 0 0 0 2 1 2 1 0 1 0 1 2 1 2 0 1 0 1 1 0 2 2 0 0 0 0 2 1 0 2 1 1 2 2 1 1
 2 1 1 1 2 1 2 1 0 1 0 1 0 0 1 2 0 2 2 1 2 2 0 2 0 0 1 0 0 2 0 2 1 0 2 0 2
 2 0 2 0 1 0 0 1 2 0 2 2 1 0 1 2 2 1 2 2 1 0 1 2 1 1 0 2 2 0 0 1 2 0]

========== Cluster 2 ==========

Base classifier: GaussianNB()

Minority Class: 1

Selected Features: [17 19  8  5  0 16  3  4  6 12 11  1  2]

Labels: [0 0 2 2 1 0 0 0 2 2 2 0 0 2 0 2 2 0 0 0 0 0 0 2 0 2 0 0 0 2 0 0 0 2 0 0 0
 2 2 0 0 0 2 1 0 0 1 0 1 0 2 1 2 0 0 0 0 0 0 0 2 0 2 0 0 0 0 0 0 0 0 2 0 2
 0 2 2 0 2 0 0 2 0 0 0 2 0 0 2 1 2 1 0 0 2 0 2 0 0 1 0 2 2 1 0 0 2 2 2 2 0
 0 2 0 2 2 0 2 2 0 0 0 0 0 0 2 1 1 0 2 0 2 2 0 0 0 0 0 0 0 0 1 2 0 0 0 1 0
 0 2 0 1 2 0 0 2 1 2 1 0 2 1 0 0 2 0 2 0 1 1 2 0 0 0 0 2 2 2 0 0 0 2 0 0 0
 1 0 2 0 0 2 0 0 0 0 0 2 1 1 0 2 0 0 2 0 0 0 2 1 0 2 0 0 0 0 0 0 2 1 0 0 0
 0 0 0 0 0 2 0 2 2 2 2 0 2 0 0 1 0 0 0 0 2 2 2 0 2 0 2 0 1 2 0 0 2 0 0 2 0
 1 2 2 0 0 2 2 1 0 0 0 0 0 0 0 0 0 2 2 0 2 2 2 0 0 1 0 0 0 2 2 1 2 1 0 0 0
 0 2 0 2 0 0 2 0 2 0 0 2 2 2 1 2 2 2 0 0 0 0 0 0 0 0 0 0 0 0 1 2 0 2 2 0 2
 0 0 0 0 0 2 2 0 2 1 2 2 1 2 1 2 2 1 0 0 0 0 0 2 1 2 0 2 1 2 0 0 0 0 2 0 1
 2 2 0 0 2 0 2 0 0 2 2 0 0 0 2 2 2 2 2 2 2 2 0 0 2 2 0 0 2 0 2 0 2 0 1 0 0
 0 0 0 0 0 0 0 0 0 1 2 0 2 0 2 0 0 0 2 1 2 0 0 2 2 2 2 0 2 2 2 0 2 0 0]

