Clustering algorithm selected: spectral
=====================================

Clustering evaluation metric: dbc
Clustering evaluation value: 0.17624331292517031

========== Cluster 0 ==========

Base classifier: SVC(C=488.8302133300276, gamma=584.0593796078302, probability=True)

Minority Class: 1

Selected Features: [0 1 2 3]

Labels: [0 0 0 0 0 0 0 0 0 0 0 0 0 0 0 0 0 0 0 0 0 0 0 1 0 1 0 1 1 0 0 0 0 0 0 0 0
 1 1 0 0 0 0 1 1 0 0 0 0 0 0 0 0 0 0 0 0 0 0 0 0 1 0 1 0 0 0 0 0 1 0 0 1 0
 0 1 0 0 0 1 1 0 0 0 1 0 0 0 0 0 1 0 0 0 0 1 1 0 1 0 0 0 0 1 0 0 0 0 0 1 1
 0 0 0 0 0 0 0 0 1 0 0 1 0 0 0 1 0 0 1 0 0 0 0 1 0 1 1 0 0 0 0 0 0 0 0 0 0
 0 0 0 0 0 0 0 0 0 1 0 1 0 1 0 0 0 0 1 0 0 0 0 0 0 1 1 0 0 0 0 0 0 0 0 0 0
 0 0 1 0 0 0 0 0 0 0 1 1 1 0 1 0 0 1 0 0 0 0 0 0 0 0 0 0 0 0]

========== Cluster 1 ==========

Base classifier: DecisionTreeClassifier(max_depth=2, min_samples_leaf=4, min_samples_split=9)

Minority Class: 1

Selected Features: [0 1 2 3]

Labels: [0 0 0 0 0 0 0 0 1 1 0 0 1 0 1 0 0 0 0 1 0 0 1 0 0 0 0 0 0 0 0 0 0 0 1 1 0
 1 1 0 0 0 0 1 1 1 0 0 0 1 1 0 0 0 0 0 1 0 0 0 1 0 0 0 1 0 0 0 0 0 0 1 1 0
 0 0 1 0 1 0 0 0 0 1 0 0 0 0 0 1 1 1 0 0 0 1 1 0 0 0 0 1 0 1 0 0 0 1 1 1 1
 1 1 1 0 0 0 0 1 1 1 0 0 0 0 0 0 0 0 0 1 1 0 0 0 0 0 1 0 0 1 0 1 0 1 0 0 0
 1 0 0 0 0 0 0 1 1 0 1 1 1 0 1 0 0 0 0 1 1 0 0 0 0 0 0 0 0 0 0 1 0 0 0 0 0
 0 0 0 1 1 0 1 0 0 0 0 0 0 1 0 0 0 0 0 0 0 0 0 0 0 0 0 0 0 0 1 1 0 0 1 1 0
 0 0 0 0 0 1 1 0 0 0 0 1 1 0 0 1 1 1 0 0 0 0 0 1 0 1 0 1 1 1 0 0 0 0 0 1 1
 0 0 0 0 1 0 0 0 0 0 1 0 0 1 0 1 0 0 0 0 0 0 0 0 0 0 0 1 1 0 0 0 0 0 0 0 1
 0 0 1 1 0 1 0 0 0 0 0 0 0 0 0 0 0 1 0 1 0 0 0 0 0 0 0 0 0 1 0 0 0 0 0 1 0
 0 0 1 1 0 1 0 0 0 0 0 0 0 0 1 0 0 0 0 0 0 0 0 0 0 0 0 0 1 0 0 0 0 0 0 0 0
 0 1 0 0 1 1 0 0 0 0 1 0 0 0 0 0 0 1 1 1 0 0 0 1 1 0 0 0 1 0 0 0 0 0 0 1 1
 1 0 0 0 0 0 0 0 0 0 0 0 1 0 1 0 0 0 0 0 0 0 0 0 0 0 0 0 1 0 1 0 1 0 0 0 0
 0 0 0 0 1 0 0 0 1 0 1 0 0 0]

