============== Classifiers Parameters ==============
[{'cost': 539.0532561253399, 'gamma': 310.86560538131636}, {'cost': 163.85985063769266, 'gamma': 0.2447032933717218}, {'cost': 899.0141910179275, 'gamma': 453.97283563343154}, {'cost': 443.71029501356315, 'gamma': 452.063272203012}, {'cost': 394.0963147843663, 'gamma': 693.1797292080488}, {'cost': 418.7207033011635, 'gamma': 218.27056948715983}]

Optimal clusterer: kmeans

External clustering metrics:
adjusted_rand_score: 0.10987879593884099
normalized_mutual_info_score: 0.055675056251718515
v_measure_score: 0.05567505625171852
fowlkes_mallows_score: 0.6040216735941357

Internal clustering metrics:
silhouette: 0.26469605877024904
davies_bouldin: 1.60736584363272
calinski_harabasz_score: 209.7125280299681

Base classifier: svm
========== Cluster 0 ==========

Labels: [0 0 0 1 0 0 0 1 1 0 1 1 1 1 1 1 0 0 1 1 1 1 0 1 1 1 1 1 0 0 1 1 1 0 1 0 0
 1 0 1 1 1 0 0 0 1 1 1 1 0 0 0 0 0 1 0 1 0 0 1 1 1 1 1 0 1 0 1 1 0 0 1 1 1
 0 0 0 0 0 0 1 1 0 0 0 0 0 0 0 1 1 1 0 0 1 0 0 0 0 0 1 1 1 0 1 1 0 1 1 1]

========== Cluster 1 ==========

Labels: [0 1 1 1 1 1 1 0 1 0 1 1 1 0 0 1 0 1 0 1 1 0 0 0 0 1 0 1 0 1 0 1 0 1 0 1 0
 1 1 1 0 0 1 1 1 1 1 1 1 1 1 0 1 1 0 1 0 1 1 1 0 1 1 1 1 1 0 0 1 0 0 0 1 1
 1 1 0 0 1 1 1 1 1 1 1 1 0]

========== Cluster 2 ==========

Labels: [0 0 0 0 1 0 0 0 0 0 1 0 1 0 0 0 1 1 1 0 0 0 1 1 0 0 1 0 1 1 0 1 0 1 1 0 0
 1 0 1 0 1 1 1 1 0 0 1 0 0 1 1 1 1 0 0 0 1 0 0 1 1 1 0 0 0 0 1 1 1 1 0 1 1
 1 1 1 1 0 1 0 0 1 0 0]

========== Cluster 3 ==========

Labels: [0 1 1 1 0 0 1 0 0 1 1 0 1 0 1 0 0 0 1 0 0 1 0 0 0 0 0 0 0 1 1 1]

========== Cluster 4 ==========

Labels: [0 0 1 0 0 1 0 0 1 1 0 0 0 0 0 0 1 0 0 1 0 0 0 0 0 0 0 0 0 0 1 0 0 1 0 0 0
 0 0 0 1 0 1 0 0 1 0 0 1 0 0 0 0 0 1 0 1 0 0 0 0 0 0 0 0 0 0 1 0 0 0 0 1 0
 0 0 0 1 1 0 1 0 0 1 0 0 1 0 0 1 0 1 0 1 0 1 1 0 1 0 0 0 0 0 0 0 0 0 0 0 0
 0 1 0 0 0 0 0 0 1 0 0 0 0 1 0 0 0 1 0 1 1 0 0 0 0 0 0 0 0 0 0 0 0 0 1 0 1
 0 0 1 0 0 0 0 1 1 1 0 0 0 0 0 0 0 0 0 0 0 1 1 0 0 1 0 0 0 0 0]

========== Cluster 5 ==========

Labels: [0 0 0 0 0 0 0 0 1 0 0 0 0 0 0 0 0 0 1 0 0 0 0 0 0 0 0 0 1 0 0 0 0 0 1 0 0
 0 0 1 0 1 0 1 0 0 0 0 0 0 0 0 0 0 0 0 0 0 0 0 0 0 0 0 0 0 0 0 0 0 0 0 0 0
 0 0 1 0 0 0 1 1 0 1 0 0 0 1 0 0 0 0 0 0 0 0 0 0 0 0 1 1 1 0 0 0 0 0 0 0 0
 0 1 0 0 0 0 0 0 0 0 0 0 0 0 0 1 0 0 0 0 1 0 1 0 0 0 1 0 1 0 0 0 0 0 1 0 0
 0 0 1 1 1 0 1 0 0 0 0 0 0 0 0 0 1 1 0 0 1 0 0 0 0 0 0 0 0 0 0 0 1 0 0 0 0
 1 0 0 0 0 0 1 0 0 0 0 0 0]

