Clustering algorithm selected: fcm
=====================================

Clustering evaluation metric: rand
Clustering evaluation value: 0.009087377437976728

========== Cluster 0 ==========

Base classifier: KNeighborsClassifier(n_neighbors=7)

Minority Class: 1

Selected Features: [ 9  5 10  7 12  2  8  6  1]

Labels: [0 0 0 1 1 1 0 0 0 1 1 0 0 0 0 1 0 0 0 1 0 0 0 0 0 0 0 0 0 0 0 0 0 1 0 0 1
 0 1 1 0 0 0 0 0 0 0 0 1 0 0 0 0 1 0 1 0 0 1 0 1 0 0 1 0 0 1 0 0 0 1 0 0 0
 0 1 0 0 0 0 0]

========== Cluster 1 ==========

Base classifier: GaussianNB()

Minority Class: 0

Selected Features: [ 9  7  8 11 10 12  4  2  0]

Labels: [1 1 0 0 0 0 1 1 1 1 1 1 1 1 1 0 1 1 1 0 1 1 0 0 1 0 0 1 1 1 1 0 1 1 1 0 1
 1 0 1 0 1 1 0 1 1 1 0 1 1 0 0 1 0 0 1 0 1 0 1 0 0 1 0 0 0 0 0 0 0 1 0 1 0
 1 1 1 0 0 1 1 1 0 1 1 1 0 0 0 0 0 1 1 0 1 0 1 0 1 1 1 0 1 0 0 0 1 1 1 1 0
 0 1 1 1 0 0 1 0 0 0 1 1 0 1 0 0 1 1 1 1 1 1]

========== Cluster 2 ==========

Base classifier: GaussianNB()

Minority Class: 1

Selected Features: [ 9  8 11 12 10  5  1 13  7  6]

Labels: [1 0 1 0 0 0 0 0 0 1 1 1 0 0 1 0 0 0 0 0 0 0 1 1 1 0 0 0 0 1 1 0 0 0 0 0 1
 0 1 0 1 1 0 0 0 1 0 1 1 0 1 1 1 0 0 1 0 0 1 1 1 1 1 0 1 1 1 0 1 0 0 1 1 0
 0 0 0 1 1 0 1 0 1 0 1 1 0 1 1 0 0 0 0 0 0 0 0 1 0 1 0 0 0 1 0 0 1 0 0 0 1
 1 1 1 0 0 1 1 1 1 0 0 1 0 0 0 0 0 1 0 0 0 1 1 1 0 1 0 0 1 1 0 1 0 0 1 0 1
 1 1 0 0 0 1 0 1 0 0 1 0 1 1 0 0 0 0 1 0 0 1 0 1 0 0 0 0 1 1 1 0 0 0 0 1 0
 1 0 1 0 1 0 0 1 1 0 1 0 1 0 1 1 0 0 0 1 0 0 1 1 0 1 0 0 0 1 1 1 0 0 1 1 0
 1 1 0 0 0 0 0 0 1 0 1 1 1 0 1 0 1 0 0 1 0 1 1 1 0 0 0 0 0 1 1 0 0 1 1 1 0
 1 1 1 0 0 0 1 0 0 0 0 0 0 1 0 1 1 1 0 1 1 1 1 0 0 1 0 0 1 0 1 1 0 1 1 1 1
 1 0 0 1 1 1 0 1 1 1 0 1 0 1 1 1 0 0 0 1 0 1 1]

========== Cluster 3 ==========

Base classifier: DecisionTreeClassifier()

Minority Class: 1

Selected Features: [ 9 11  7 12  8  0  2 13 10  6]

Labels: [0 1 1 1 0 0 0 0 0 0 0 0 0 1 0 1 0 0 0 0 1 0 1 1 1 1]

========== Cluster 4 ==========

Base classifier: GaussianNB()

Minority Class: 1

Selected Features: [ 9 11 12 10  7 13  8  2  5  6  4]

Labels: [0 0 1 0 1 0 1 0 1 1 1 0 1 0 1 1 0 1 1 0 0 0 0 1 0 0 1 0 0 1 0 0 0 0 0 0 1
 1 0 0 1 0 1 1 0 1 1 0 0 1 1 1 1 1 1 1 0 0 1 1 1 0 0 0 0 1 1 0 0 1 1 0 0 1
 0 0 1 0 1 0 1 0 1 0 0 0 1 0 1 0 0 1 1 1 0 0 1 1 0 1 1 0 1 0 0 0 1 0 0 1 1
 1 0 0 1 0 0 1 0 0 1 1 1 0 0 0 0 1 0 0 0 1 0 1 1 1 1 1 0 0 0 1 0 0 1 0 1 1
 1 1 1 0 0 1 0 1 0 0 1 1 1 1 0 1 0 0 0 1 0 0 1 1 1 1 1 1 1 1 1 0 0 1 0 0 1
 0 0 1]

========== Cluster 5 ==========

Base classifier: GaussianNB()

Minority Class: 1

Selected Features: [ 9  8  7 11  3  2 12 10 13]

Labels: [0 1 1 0 0 1 0 1 0 0 1 0 0 0 0 1 1 1 0 0 0 1 0 0 0 1 0 1 0 0 1 0 0 1 1 0 0
 1 1 1 0 1 1 0 1 0 0 0 0 0 0 0 1 1 0 0 0 1 1 0 1 0 0 1 0 0 0 1 0 1 0 1 1 0
 1 1 1 0 1 1 0 0 0 1 1 1 1 1 0 0 0 0 0 1 1 0 1 0 0 0 0 1 0 1 1 0 0 1 1 0 0
 0 1 0 0 1 1 1 1 0 0 1 1 1 0 0 1 1 0 1 1 0 1 1 1 1 1 0 1 0 1 0 0 1 0 0 0 0
 1 0 1 0 0 0 1 1 1 0 1 0 1 0 0 1 0 1 1 1 0 0 1 0 0 1 1 0 1 1 1 0 0 1 1 0 0
 1 0 1 0 0 0 1 1 0 1 1 1 1 1 1 1]

========== Cluster 6 ==========

Base classifier: GaussianNB()

Minority Class: 0

Selected Features: [ 9  7  0  1 12 13  4 10 11  3]

Labels: [1 0 1 1 0 1 1 0 0 1 1 1 1 1 1 1 1 1 1 1 1 1 1 1 1 1 1 1 1 1 1 1 1 1 1 1 1
 0 0 0 1 1 1 1 1 1 1 1 1 1 1 1 0 0 1 1 1 0 1 1 1 0 1 1 1 1 1 1 0 1 1 1 0 1
 0 0 0 1 0 1 1 1 1 1 1 1 1 1 0 1 1 1 0 0 1 1 1 1 0 1 0 0 1 1 0 1 1 1 1 1 1
 1 1 1 0 1 0 0 1 1 1 1 0 0 0 1 1 0 1 0 1 1 1 1 1 1 1 1]

========== Cluster 7 ==========

Base classifier: GaussianNB()

Minority Class: 1

Selected Features: [10  7  9 11 12  1  2  8 13  6]

Labels: [0 0 1 0 1 1 0 1 1 0 0 1 1 1 1 0 1 1 1 0 0 0 1 1 1 1 1 0 1 1 0 0 1 1 1 0 1
 1 1 0 0 0 0 1 1 0 0 0 1 0 0 1 1 1 1 1 1 0 1 1 1 0 0 1 0 0 0 1 0 0 1 1 0 1
 0 0 0 0 1 1 0 1 0 0 0 1 0 0 0 0 0 1 1 1 1 0 0 0 0 1 0 1 1 1 1 0 0 0 0 0 0
 1 0 1 0 0 1 0 0 0 1 1 1 0 1 0 0 0 0 1 1 0 0 1 1 1 0 1 1 0 1 1 1 0 0 1 0 0
 1 0 1 1 0 1 0 0 1 1 0 1 0 0 0 0 1 0 0 1 0 0 0 1 1 0 0 0 0 1]

