Clustering algorithm selected: kmeans
=====================================

Clustering evaluation metric: dbc_ss
Clustering evaluation value: 0.3079566499835147

========== Cluster 0 ==========

Base classifier: SVC(probability=True)

Minority Class: 1

Selected Features: [32 34 31 37 33 23 24 18  4  5 36 26 29 28  8 35 14 17 30 16 21  6  1  0
 19  2 11 20 27 25 22  9 13 12]

Labels: [1 1 1 1 0 1 1 0 0 0 1 0 0 0 0 1 1 1 0 1 1 1 1 0 1 1 1 0 1 0 1 1 0 0 0 1 0
 1 1 1 1 0 1 0 1 1 1 0 0 0 1 1 1 1 1 0 0 0 0 0 0 0 1 0 1 1 0 0 1 0 0 1 1 0
 1 0 1 1 0 0 0 0 0 1 0 0 0 0 1 0 0 0 0 0 1 0 1 1 0 1 1 0 1 0 1 0 1 0 1 1 1
 1 1 1 0 1 1 1 1 0 0 0 0 0 0 1 0 0 0 0 0 0 0 0 1 0 0 1 0 0 0 1 0 0 0 0 1 0
 1 0 1 1 1 0 0 1 0 1 1 0 0 1 1 1 1 1 0 0 0 1 1 1 0 1 0 1 1 0 1 1 0 1 1 1 0
 1 0 0 0 0 0 1 1 1 0 1 0 1 0 1 0 1 1 0 0 0 0 1 0 0 0 1 0 1 1 0 1 1 1 1 1 1
 0 0 1 0 1 0 1 0 1 0 0 1 0 1 1 0 0 0 1 1 0 1 0 1 1 1 0 1 1 0 0 0 0 1 1 1 0
 0 0 0 0 1 0 0 1 1 1 1 0 1 0 1 0 1 0 0 1 1 1 1 0 0 0 1 1 0 1 1 0 1 1 0 1 1
 0 0 0 0 0 1 0 1 0 0 1 1 0 1 1 0 1 0 0 0 1 1 0 1 1 1 1 1 1 0 0 0 0 1 0 0 1
 0 1 1 1 0 1 1 1 0 1 0 1 0 0 1 1 1 0 0 0 0 1 0 0 1 1 0 0 1 0 1 1 0 1 1 0 0
 1 1 0 1 0 0 1 0 1 0 0 1 1 1 1 0 0 1 0 0 0 0 1 0 1 1 0 0 0 0 1 1 0 1 0 0 0
 0 1 1 0 1 1 0 1 1 1 1 1 0 0 0 0 1 1 1 1 1 1 0 0 0 0 1 0 0 0 1 0 0 0 1 0 0
 1 0 0 1 0 0 1 1 1 1 1 1 0 1 0 1 1 1 1 1 0 1 0 1 0 1 1 0 0 1 0 1 1 0 0 0 1
 1 1 1 0 0]

Synthetic samples indexes: [ 68 134 214 240 247 280 289 482]

========== Cluster 1 ==========

Base classifier: LogisticRegression()

Minority Class: 1

Selected Features: [32 34 37 33 31 35 10 36 17 30 20 28  3 29 26 27 11  4 15 12  9  6 16 25
 19 18 23 24 22 21  8 13 14  7  5]

Labels: [0 1 0 0 0 1 0 1 0 0 0 0 1 0 0 1 0 1 1 1 1 0 1 0 1 1 1 0 0 0 0 0 0 0 1 0 1
 1 1 1 1 0 1 1 0 0 0 0 0 0 1 0 1 0 0 1 1 1 1 1 0 1 0 1 0 0 1 1 0 1 1 0 1 0
 0 1 1 0 1 0 0 0 1 1 0 0 0 0 0 1 0 0 1 1 1 0 0 1 1 1 0 1 0 0 1 1 1 0 0 1 0
 1 1 1 0 0 1 0 1 0 1 1 0 0 0 1 0 1 1 0 1 0 1 0 0 1 0 0 0 1 0 1 1 0 0 1 1 0
 0 1 1 1 1 0 1 1 0 0 1 1 1 1 0 1 1 1 1 1 1 0 0 1 1 1 1 0 0 0 0 1 0 0 1 1 1
 0 1 0 1 1 0 0 0 0 0 0 1 0 1 1 1 1 0 0]

Synthetic samples indexes: [  1   5  12  15  17  19  20  22  24  26  34  36  37  42  50  55  56  57
  58  61  63  66  67  72  76  78  82  83  89  92  93  94  97  98 101 104
 105 109 111 112 113 118 121 125 127 130 135 141 150 155 159 164 165 166
 167 168 174 184 186 199 200]

