Clustering algorithm selected: kmeans
=====================================

Clustering evaluation metric: dbc_rand
Clustering evaluation value: 0.016274505058594912

========== Cluster 0 ==========

Base classifier: KNeighborsClassifier()

Minority Class: 0

Selected Features: [0 1 2 3 4 5 6 7 8 9]

Labels: [0 1 1 0 1 1 0 0 1 1 0 1 0 0 0 1 1 1 0 0 0 1 1 1 0 0 0 1 1 1 1 0 1 0 1 0 1
 0 1 1 1 0 0 0 1 1 1 1 0 1 1 0 1 0 1 0 1 0 1 0 0 1 0 0 0 1 1 0 0 1 1 1 0 0
 1 1 0 0 0 1 1 0 0 0 0 1 1 0 1 0 0 0 1 1 1 1 1 1 0 0 0 1 0 1 1 1 0 0 1 0 0
 1 1 0 0 1 1 0 0 0 0 0 0 0 0 1 0 1 0 0 0 0 0 1 1 1 0 1 1 0 1 0 0 1 1 0 1 1
 0 1 1 0 0 1 0 0 0 0 0 1 1 1 0 1 1 0 1 1 0 0 0 0 0 1 1 1 1 1 1 0 0 0 0 0 0
 1 0 1 1 0 0 0 0 0 1 1 0 0 1 0 0 1 1 0 0 1 0 1 0 0 0 1 1 0 1 0 0 1 0 0 0 1
 1 1 0 1 1 0 0 1 1 0 0 1 0 1 1 1 1 1 0 1 0 1 0 1 1 1 0 1 0 1 1 1 1 1 1 1 1
 1 0 1 1 0 1 0 1 0 1 0 0 0 0 1 1 0 1 1 1 0 0 1 1 1 0 0 0 0 1 0 0 0 0 0 0 1
 0 1 0 1 1 1 1 1 0 0 0 1 0 1 1 1 0 0 1 0 1 1 1 1 1 0 1 1 1 1 1 0 1 1 1 0 1
 1 0 0 1 0 1 1 1 1 0 1 1 0 0 0 0 0 1 1 0 1 0 1 0 1 1 1 0 1 1 0 1 1 1 0 0 1
 1 0 1 0 1 1 1 0 0 0 1 0 1 0 1 0 1 1 1 0 1 1 0 1 0 0 0 1 0 0 0 1 0 0 0 0 0
 0 1 0 1 0 0 0]

========== Cluster 1 ==========

Base classifier: SVC(C=396.43539248166877, gamma=1.092945809706066, probability=True)

Minority Class: 1

Selected Features: [0 1 2 3 4 5 6 7 8 9]

Labels: [1 1 1 1 1 1 0 1 1 1 0 1 1 1 0 1 0 0 0 1 0 0 0 1 0 1 0 1 0 1 0 1 0 0 1 1 0
 1 0 0 1 0 0 1 0 0 0 1 0 1 0 1 0 0 0 0 1 1 1 1 1 1 1 1 0 1 1 1 0 1 1 0 1 0
 1 0 0 1 0 0 0 1 0 0 0 0 1 1 0 0 0 1 0 0 0 1 0 1 0 1 1 0 1 0 1 1 0 0 0 0 1
 0 1 0 1 1 0 0 0 0 1 1 1 0 0 1 1 0 1 0 0 1 0 0 0 0 0 0 0 1 1 0 0 0 1 0 0 0
 1 1 0 0 1 0 0 1 1 0 0 1 1 1 0 1 1 1 1 1 0 1 0 1 0 0 0 0 0 0 0 1 0 1 1 1 1
 1 1 0 0 1 0 0 1 1 0 0 0 1 0 0 0 1 1 0 0 0 1 1 1 0 0 0 0 1 1 0 1 1 1 0 1 0
 1 0 0 1 0 1 0 1 1 1 1 0 0 0 1 0 1 0 0 0 0 0 1 1 0 0 1 1 0 0 0 0 1 1 0 1 0
 1 0 0 0 0 0 0 1 1 1 1 1 0 1 0 0 1 0 1 1 0 1 0 1 1 0 0 1 0 0 1 0 0 0 0 1 0
 1 1 1 0 1 0 0 0 1 1 1 0 0 0 1 0 1 1 1 1 0 1 1 1 1 0 0 0 1 1 0 1 0 1 1 0 1
 0 0 0 0 1 1 1 1 1 0 1 1 1 1 1 1 1 0 1 0 1 1 0 1 1 1 1 0 1 0 0 1 1 1 0 0 0
 1 1 0 0 1 1 1 1 1 1 1 1 1 0 0 0 0 1 1 1 1 0 1 0 1 1 0 1 1 1 1 1 0 1 1 0 0
 1 0 1 0 1 0 0 0 0 0 1 0 1 1 1 0 1 0 0 0 0 0 1 0 1 0 0 0 0 0 1 1 0 1 0 0 1
 1 0 0 0 0 1 0 0 0 1 0 0 1 1 1 1 1 1 0 1 1 0 1 0 1 1 0 0 0 1 0 0 0 1 1 0 1
 0 0 0 1 0]

