Clustering algorithm selected: kmeans
=====================================

Clustering evaluation metric: silhouette
Clustering evaluation value: 0.3846719547627156

========== Cluster 0 ==========

Base classifier: SVC(probability=True)

Minority Class: 0

Selected Features: [24 23 21  0  1  3  4  8  2 28 14  7 22 27]

Labels: [1 1 1 1 1 1 0 1 1 0 0 1 1 1 0 0 0 0 0 1 0 1 0 1 1 0 0 1 1 1 0 0 0 1 0 1 0
 1 0 1 0 0 0 0 0 0 0 0 1 0 1 0 1 1 1 1 0 1 1 1 0 1 0 0 0 0 0 1 0 1 1 0 0 1
 1 0 1 1 0 0 0 0 0 0 1 0 0 1 0 0 0 1 1 0 1 0 0 0 0 0 1 0 0 0 1 1 1 0 0 1 1
 1 0 0 0 0 0 0 0 0 0 0 0 0 0 1 1 0 0 0 1 1 0 0 0 0 1 0 1 1 1 0 1 0 1 1 1 1
 1 1 0 1 1 1 1 0 0 0 1 1 1 0 1 0 0 1 0 1 0 0 1 0 0 1 0 1 1 0 1 0 1 0 1 0 1
 0 1 0 0 1 1 0 0 0 1 0 0 0 1 0 0 1 1 1 1 0 0 1 0 1 0 1 1 1 0 0 1 1 0 1 0 1
 1 0 1 1 0 0 1 1 1 0 1 0 0 0 1 0 1 1 1 0 0 0 1 0 0 1 0 0 0 1 1 1 0 0 0 1 1
 0 0 1 0 1 0 0 0 0 0 0 0 1 1 1 1 0 1 1 0 1 0 1 1 0 1 0 1 1 1 1 1 1 0 1 1 1
 0 1 0 0 1 1 1 1 0 0 0 0 0 0 0 1 0 0 0 0 1 1 1 0 0 0 0 0 0 0 0 1 1 0 0 0 0
 0 1 0 0 0 0 0 1 1 0 0 1 1 1 1 0 1 1 1 1 0 0 1 1 1 0 1 0 0 1 1 1 1 1 0 0 1
 1 1 0 1 0 1 1 1 0 1 1 1 0 0 0 1 1 0 0 1 1 1 1 1 1 0 1 1 1 0 1 1 0 1 0 1 1
 0 1 0 0 0 1 1 0 0 0 0 1 1 1 0 1 0 0 0 0 0 1 0 1 1 1 1 0 0 0 1 0 1 0 0 0 0
 1 1 0 0 1 1 1 1 1 1 1 1 0 1 1 1 0 1 0 0 1 0 1 1 1 1 1 0 1 0 0 1 1 0 0 0 0
 1 1 1 1 1 0 1 0 1 0 1 1 0 0 0 1 1 0 1 0 0 1 1 1 0 0 0 0 0 1 0 0 1 1 1 1 1
 1 0 1 0 1 1 0 1 1 0 0 1 1 1 1 0 0 0 1 1 1 1 1 1 0 0 0 1 1 0 0 1 1 1 0 1 1
 0 1 0 1 1 0 0 0 1 0 0 0 0 0 1 1 1 0 0 0 1 0 0 0 0 1 0 0 0 0 0 0 1 0 1 1 1
 1 1 1 1 1 1 1 1 0 0 1 1 0 1 1 1 0 0 1 0 0 1 0 1 0 0 1 0 1 1 0 0 1 1 1 1 0
 0]

Synthetic samples indexes: [  0   1   2   3   4   5   7   8  11  12  13  19  21  23  24  27  28  29
  33  35  37  39  48  50  52  53  54  55  57  58  59  61  67  69  70  73
  74  76  77  84  91  92  94 100 104 105 106 109 126 130 131 136 138 139
 140 142 144 145 146 147 148 149 151 152 153 154 158 159 160 162 165 167
 170 173 176 178 180 184 186 189 190 198 201 202 203 204 207 209 211 212
 213 216 217 219 221 224 228 229 230 232 236 238 239 240 244 247 251 252
 253 257 258 263 271 272 273 274 276 277 279 281 282 286 287 288 290 291
 293 294 295 297 300 301 303 311 316 317 318 327 328 334 340 341 344 345
 346 347 349 350 351 352 355 357 359 362 363 364 365 366 369 370 371 373
 376 377 379 380 381 385 386 389 390 392 393 396 397 400 401 403 405 406
 408 413 418 419 420 422 428 430 431 432 433 439 444 445 449 450 451 452
 453 454 455 457 458 459 461 464 466 467 468 469 470 472 475 476 481 482
 483 484 485 487 489 491 496 497 499 502 503 504 510 513 515 516 517 520
 522 525 526 529 530 531 532 536 537 539 540 541 545 546 549 551 553 554
 556 558 559 563 569 570 571 575 580 587 590 591 592 593 594 595 596 597
 598 599 602 603 605 606 607 610 613 615 618 621 625 626]

========== Cluster 1 ==========

Base classifier: SVC(probability=True)

Minority Class: 0

Selected Features: [21 24 23 22  0  3  1  4  2 19 20 17 16  8 10 14 28]

Labels: [0 1 0 0 1 0 1 0 0 1 1 0 0 0 0 0 0 1 1 1 1 0 1 0 1 1 0 0 1 1 0 0 1 0 1 1 0
 1 0 0 0 1 0 0 1 1 1 0 1 0 0 0 1 0 0 1 0 1 1 1 1 0 0 0 0 0 0 1 1 0 0 1 0 0
 0 0 1 0 0 1 0 1 1 1 1 0 0 1 0 1 1 0 1 0 0 1 0 1 1 0 0 0 1 1 0 1 1 0 0 0 0
 0 1 0 0 0 1 1 0 0 1 0 1 0 0 1 1 1 0 0 0 0 1 1 1 0 0 1 0 0 0 1 1 1 1 1 0 1
 1 0 0 0 0 1 0 1 1 0 1 1 0 1 0 0 1 1 1 0 1 1 0 1 0 0 1 0 0 0 1 1 0 1 0 1 0
 1 0 1 1 1 1 0 1 0 0 1 1 0 0 0 1 1 1 1 1 1 1 1 0 0 1 1 0 0 1 0 0 0 1 1 1 1
 1 0 0 0 0 1 1 0 1 1 1 1 1 0 1 0 1 1 0 1 0 0 1 1 0 1 0 0 0 1 1 0 0 0 1 0 1
 1 0 1 0 1 0 0 1 1 1 0 0 0 0 1 1 0 0 0 1 1 0 1 1 0 1 1 0 1 1 0 0 0 1 1 0 1
 1 0 0 0 1 1 0 0 1 1 1 1 1 0 0 1 1 1 1 0 0 1 1 0]

Synthetic samples indexes: [  0   2   5   7   8  11  12  13  14  15  16  21  23  26  27  30  31  33
  36  38  39  40  42  43  47  49  50  51  53  54  56  61  62  63  64  65
  66  69  70  72  73  74  75  77  78  80  85  86  88  91  93  94  99 100
 101 104 107 108 109 110 111 113 114 115 118 119 121 123 124 128 129 130
 131 135 136 138 139 140 146 149 150 151 152 154 157 160 162 163 167 170
 172 173 175 177 180 182 186 191 193 194 197 198 199 208 209 212 213 216
 217 223 224 225 226 229 235 237 240 242 243 246 248 249 250 253 254 255
 257 260 262 264 265 269 270 271 272 275 276 277 280 283 286 289 290 291
 294 297 298 299 302 303 309 310 315 319]

