Clustering algorithm selected: kmeans++
=====================================

Clustering evaluation metric: silhouette
Clustering evaluation value: 0.37747055230579873

========== Cluster 0 ==========

Base classifier: SVC(probability=True)

Minority Class: 1

Selected Features: [24 21 22 23  1  3  4  0 20 28 16  8 18 10  2 14  6]

Labels: [1 1 1 0 1 0 0 0 1 1 0 0 0 0 0 1 1 0 1 1 1 0 0 1 0 1 1 1 1 1 0 0 0 1 0 1 0
 0 0 0 0 1 0 1 1 1 1 0 0 0 1 1 0 1 0 0 0 1 1 0 0 1 0 0 0 1 0 1 1 0 1 1 1 0
 0 1 0 0 1 1 1 0 1 0 0 1 1 1 0 1 1 0 0 1 0 0 0 0 1 0 0 1 1 0 0 0 1 1 0 0 0
 0 1 0 1 1 0 0 1 0 1 1 1 1 1 1 0 1 1 1 0 0 0 1 0 1 1 0 1 0 1 0 1 1 0 0 0 1
 0 1 0 1 0 0 0 0 1 1 0 1 1 1 0 0 0 1 0 1 0 0 1 0 0 0 1 1 0 0 0 0 1 0 0 1 0
 0 1 0 1 1 1 1 1 1 0 1 0 1 0 1 0 1 0 1 1 0 1 1 1 0 1 1 1 0 1 0 1 0 0 0 1 0
 0 1 0 1 0 1 0 0 1 0 1 0 0 0 1 0 1 0 1 0 0 0 1 0 1 0 1 0 0 1 1 0 1 0 0 1 0
 1 1 1 1 1 1 1 1 0 0 1 1 1 1 1 1 1 0 1 0 1 1 0 0 1 1 0 1 0 1 0 0 1 1 1 0 0
 0 0 1 1 0 1 0 1 0 1 1 0 0 1 0 1 0 0 0 0 1 0 1 1]

Synthetic samples indexes: [  3   5   6   7  10  11  12  13  14  17  21  22  24  30  31  32  34  36
  37  38  39  40  47  48  49  52  54  55  56  59  60  62  63  64  66  69
  73  74  77  81  83  84  88  91  92  94  95  96  97  99 100 103 104 109
 110 111 113 116 117 119 126 130 131 132 134 137 139 141 144 145 146 148
 150 152 153 154 158 162 164 166 168 169 171 172 173 176 177 178 179 181
 182 184 185 187 196 198 200 202 205 209 213 215 217 218 219 221 222 224
 226 228 229 231 233 234 235 237 239 241 242 243 245 247 249 250 253 255
 256 258 267 268 276 278 281 282 285 287 289 290 294 295 296 297 300 304
 307 308 310 313 314 315 317]

========== Cluster 1 ==========

Base classifier: SVC(probability=True)

Minority Class: 1

Selected Features: [21 24 23  0  3  4  1  8 14  2 22 28 27  7 11]

Labels: [0 0 1 1 0 0 0 1 1 0 1 1 0 1 1 1 1 0 1 1 1 1 0 1 1 0 0 0 1 0 1 1 1 0 0 1 1
 1 0 1 0 1 0 0 0 0 1 1 1 1 0 0 1 0 0 0 0 1 0 1 1 0 1 1 0 0 1 0 0 0 0 1 1 1
 1 0 1 0 1 0 1 0 0 0 0 0 1 1 1 0 0 0 0 0 0 0 0 0 1 1 1 1 1 0 0 0 1 0 1 1 1
 1 1 1 0 0 1 0 1 0 1 1 1 1 0 1 0 0 1 0 1 0 1 0 1 0 1 0 0 0 1 0 0 0 0 1 1 1
 0 0 0 1 0 1 1 1 1 0 0 0 1 0 1 0 0 1 1 0 0 0 0 1 0 1 0 1 1 1 0 1 1 0 0 1 1
 1 1 1 1 0 1 1 0 1 0 0 1 0 0 1 0 1 0 1 0 1 0 0 1 0 0 0 0 1 0 0 1 1 1 1 1 1
 1 0 1 0 1 0 1 1 0 0 0 0 1 0 1 1 1 1 0 0 0 0 1 1 1 1 1 0 1 0 0 1 1 1 1 0 1
 0 0 1 0 0 1 0 1 1 0 1 1 1 0 0 1 1 0 0 1 1 1 0 0 0 1 1 0 0 0 0 0 0 0 0 0 1
 1 0 0 1 0 0 1 1 1 0 0 0 0 0 0 0 1 0 0 0 0 1 1 1 0 1 1 0 0 1 0 1 0 0 0 0 1
 1 1 0 0 0 1 1 0 0 1 1 1 0 1 0 0 0 1 0 1 1 0 0 0 1 0 1 1 0 0 0 1 1 0 0 0 1
 0 1 1 1 0 0 0 1 0 0 0 1 1 1 1 0 1 0 1 0 1 0 1 0 1 1 0 0 0 1 0 0 1 1 0 1 0
 1 1 1 1 0 1 0 0 1 1 0 1 0 1 0 1 1 1 0 1 0 0 1 1 1 1 1 0 1 1 0 0 0 1 0 0 1
 0 1 0 1 1 0 1 1 0 0 1 1 0 1 1 0 1 1 1 0 0 1 0 0 1 1 0 0 1 0 1 0 1 0 1 0 0
 0 0 1 1 0 1 1 0 0 0 1 0 1 0 0 0 1 1 1 1 0 0 0 0 1 1 1 1 0 0 0 0 1 0 1 0 0
 0 0 1 0 0 0 1 1 1 1 1 1 0 1 1 0 0 1 0 0 0 1 1 1 1 1 0 0 1 1 1 1 1 0 0 0 0
 0 0 1 1 0 1 1 1 1 1 0 0 1 1 0 0 1 1 1 0 0 0 1 0 1 0 0 0 1 1 1 1 0 0 1 0 1
 1 0 1 0 0 0 1 1 1 1 0 1 1 1 1 0 1 0 1 1 0 0 0 1 1 0 1 0 1 0 1 0]

Synthetic samples indexes: [  2   8  10  11  13  14  15  16  18  19  20  21  23  24  28  30  31  32
  35  36  37  39  41  46  47  48  49  52  57  59  60  62  63  66  71  72
  74  76  78  80  86  87  88  98  99 100 101 102 106 108 109 110 111 112
 113 116 118 120 121 122 123 125 130 140 145 146 147 151 153 154 155 156
 160 162 165 166 171 173 175 179 183 184 185 186 187 188 190 191 193 196
 201 203 205 208 213 216 217 218 219 220 221 222 224 226 228 229 234 236
 238 239 244 245 246 247 248 250 253 254 255 256 258 261 264 266 267 269
 270 271 275 278 279 280 284 295 296 299 302 303 304 312 317 318 319 321
 322 325 327 332 333 334 338 339 342 343 344 346 350 352 353 357 359 360
 364 371 372 373 377 381 382 383 384 386 388 390 392 394 399 402 403 405
 408 410 412 415 416 418 420 422 424 426 429 430 431 432 433 435 436 440
 443 445 448 450 451 454 455 457 458 461 462 465 468 469 472 474 476 478
 483 484 486 487 493 497 498 500 505 506 507 508 513 515 520 524 526 527
 528 529 531 532 535 539 541 543 546 547 548 550 557 558 560 562 563 564
 567 568 571 572 573 577 579 583 584 585 586 589 591 592 598 599 600 601
 603 604 605 608 610 611 615 616 618 620 622]

