Clustering algorithm selected: fcm
=====================================

Clustering evaluation metric: rand
Clustering evaluation value: 0.04144159673789404

========== Cluster 0 ==========

Base classifier: LogisticRegression()

Minority Class: 1

Selected Features: [12 17  6 16 15  9  4 11 14  0 18  2 10]

Labels: [2 0 0 0 2 0 2 2 2 0 1 0 0 2 0 2 2 2 0 0 2 2 0 2 2 2 0 0 0 0 0 0 2 0 0 0 2
 2 0 0 0 2 0 0 2 0 0 0 2 2 0 0 0 2 2 1 0 0 1 0 0 2 2 0 0 0 0 0 0 0 0 2 0 0
 0 0 2 2 0 0 0 0 0 0 0 2 0 2 0 2 2 2 1 0 2 1 2 2 2 0 2 0 0 2 0 2 0 0 2 1 2
 1 0 0 0 2 0 2 0 0 1 0 2 0 2 1 0 0 2 2 1 2 2 0 0 2 2 2 1 2 2 2 0 0 2 1 0 2
 2 2 0 0 0 2 1 0 0 0 0 0 0 0 2 1 0 1 0 2 2 0 2 1 2 2 0 0 0 0 0 2 0 0 2 2 2
 0 2 0 1 2 0 2 0 0 0 1 2 0 0 0 2 0 2 1 2 2 2 0 0 2 0 2 0 0 2 2 1 0 2 2 1 0
 0 2 0 1 2 0 2 1 1 2 0 2 0 0 0 2 2 1 2 2 2 0 0 0 2 0 0 0 0 2 2 0 2 1 2 0 0
 2 2 0 0 2 0 0 2 0 0 0 0 2 1 1 2 0 0 2 0 0 0 2 0 2 0 1 0 2 0 2 0 0 0 0 2 0
 2 1 0 0 0 0 0 2 0 0 0 0 0 2 1 1 2 2 2 0 2 0 2 0 0 0 1 0 0 0 2 0 2 0 2 2 0
 0 2 0 2 0 2 0 1 1 2 0 0 0 2 0 2 0 0 2 0 1 2 2 2 0 2 2 2 1 0 0 0 1 0 0 0 0
 0 2 0 0 0 0 0 2 0 2 2 2 0 2 2 0 0 0 0 1 0 2 1 0 0 0 0 2 1 0 2 2 0 1 0 0 2
 0 2 0 1 0 0 0 1 1 0 2 1 0 2 0 0 2 0 2 0 0 2 0 2 2 0 2 1 0 2 2 0 1 2 0 1 0
 2 0 0 0 0 0 0 0 0 0 0 1 2 2 0 2 0 2 0 2 1 0 0 0 0 0 0 0 2 2 2 0 2 2 1 1 2
 2 1 1 2 1 2 2 2 2 1 1 0 0 0 0 0 0 0 2 1 0 2 0 2 2 1 2 0 0 0 0 2 2 0 1 1 2
 0 2 1 0 0 2 2 2 0 2 2 0 0 2 2 0 0 2 0 0 2 1 2 0 2 2 1 1 2 2 1 2 1 2 1 0 1
 2 2 0 0 2 0 1 0 2 0 2 0 1 0 0 0 0 0 0 1 0 0 0 2 0 1 1 2 0 2 0 2 0 0 0 2 1
 2 2 0 0 0 0 2 1 2 2 0 2 2 0 0 2 2 2 0 2 0 2 1 1 0 0 2]

========== Cluster 1 ==========

Base classifier: LogisticRegression()

Minority Class: 1

Selected Features: [17 16  5  1 12  8  4  2 10  6 18  7  3]

Labels: [0 0 2 0 1 0 0 2 1 1 0 1 2 2 0 0 2 1 0 1 2 2 0 0 1 1 2 0 0 0 0 2 1 2 0 1 1
 2 0 0 0 2 2 0 0 2 0 0 0 0 1 2 1 1 0 0 1 0 1 2 1 2 2 2 1 2 1 2 2 2 0 2 0 1
 1 1 2 0 0 1 1 2 0 1 0 2 2 2 2 2 1 0 0 1 1 2 0 1 2 2 2 1 1 1 1 0 0 1 1 0 2
 2 1 2 1 2 2 1 0 1 0 0 1 1 0 2 2 2 2 0 2 1 0 2 2 0 2 2 1 2 2 2 0 2 0 0 2 1
 2 2 0 1 0 0 0 0 2 0 0 2 2 2 0 2 0 1 0 0 2 1 2 0 0 0 2 2 0 1 0 0 0 2 1 2 0
 0 0 0 0 0 0 0 0 2 2 0 1 2 2 2 0 2 1 0 2 2 0 2 2 2 2 2 0 2 1 0 2 1 2 0 0 1
 0 2 2 0 0 0 1 0 0 0 2 2 0 0 0 1 2 2 2 1 2 1 1 0 2 0 2 1 1 0 0 2 2 2 2 2 2
 1 2 1 0 0 2 2 2 0 2 1 0 0 0 0 2 1 0 1 1 2 2 2 0 0 2 0 0 1 2 1 0 2 1 1 1 0
 1 0 0 2 2 2 2 1 2 2 2 0 0 1 0 0 0 0 2 2 0 0 1 2 2 1 0 2 0 2 0 0 0 0 0 0 1
 2]

========== Cluster 2 ==========

Base classifier: KNeighborsClassifier(n_neighbors=7)

Minority Class: 2

Selected Features: [16  4  3 13 17  5 15 20  6  7  1  2 10  8]

Labels: [1 1 1 0 1 2 0 0 1 0 1 1 1 2 2 0 0 1 1 0 1 0 1 1 1 1 1 0 0 0 0 0 2 0 1 0 1
 1 2 1 1 2 2 0 2 2 2 1 1 1 0 1 1 0 2 1 0 0 0 0 2 1 1 1 1 2 1 2 1 0 0 1 2 2
 0 2 1 1 2 2 1 1 2 0 0 1 1 1 2 0 1 2 2 0 0 2 0 0 2 2 1 1 0 2 2 1 0 1 0 0 0
 0 2 0 2 1 1 0 0 0 0 1 0 1 2 1 1 2 1 1 0 1 1 1 1 1 1 1 2 0 1 0 1 2 1 0 1 0
 0 2 0 1 2 0 1 0 2 0 2 1 2 0 2 2 1 1 1 1 2 1 2 1 0 2 2 1 1 0 1 2 1 0 0 0 2
 1 1 2 1 1 0 1 0 0 1 2 1 0 1 1 0 0 1 2 0 1 0 0 0 2 1 1 2 1 1 2 1 0 2 0 2 0
 0 0 0 2 0 1 0 0 2 2 2 0 2 1 2 2 2 2 1 1 0 1 2 2 2 0 2 1 1 2 1 1 0 0 0 2 1
 1 0 0 2 1 1 2 2 2 1 2 1 1 2 2 1 2 1 1 2 0 0 1 1 2 2 1 1 0 2 2 0 1 1 1 0 0
 0 1 2 1 0 1 1 0 1 1 2 0 0 0 0 2 1 0 2 1 2 2 1 1 2 1 2 0 1 0 1 0 2 1 0 2 0
 2 0 0 1 0 0 2 0 2 1 0 2 0 2 0 2 0 0 1 0 2 0 2 1 0 2 1 2 2 1 0 1 2 1 1 0 2
 2 0 0]

