Clustering algorithm selected: fcm
=====================================

Clustering evaluation metric: rand
Clustering evaluation value: 0.05166926764813181

========== Cluster 0 ==========

Base classifier: LogisticRegression()

Minority Class: 1

Selected Features: [17 15 20 16  4  0  1  6 19  2 11  7  3 14 13 12  9]

Labels: [2 0 0 0 2 0 2 2 2 0 0 0 2 0 2 2 2 0 0 2 2 0 2 2 2 0 0 0 0 0 0 2 0 0 0 2 2
 0 0 0 2 0 2 0 0 0 2 2 0 0 0 2 2 1 0 1 0 0 2 2 0 0 0 0 0 0 0 0 2 0 0 0 0 2
 2 0 0 0 0 0 0 0 2 0 2 0 2 2 2 1 0 2 1 2 2 2 0 2 0 0 2 0 2 0 0 2 1 2 1 0 0
 0 2 0 2 0 0 0 2 0 2 1 0 0 2 2 1 2 2 0 0 2 2 2 1 2 2 2 0 0 2 1 0 2 2 2 0 0
 0 2 1 0 0 0 0 0 0 0 2 1 0 1 0 2 2 0 2 1 2 2 0 0 0 0 0 2 0 0 2 2 2 0 2 0 1
 2 0 2 0 0 0 1 2 0 0 0 2 0 2 1 2 2 2 0 0 2 0 2 0 0 2 2 1 0 2 2 1 0 0 2 0 1
 2 0 2 1 1 2 0 2 0 0 0 2 2 1 2 2 2 0 0 0 2 0 0 0 0 2 2 0 2 1 2 0 0 2 2 0 0
 2 0 2 0 0 0 0 2 1 1 2 0 0 0 0 0 2 0 2 0 1 0 2 0 2 0 0 0 0 2 0 2 1 0 0 0 0
 0 2 0 0 0 0 0 2 1 1 2 2 2 0 2 0 2 0 0 0 1 0 0 0 2 0 2 0 2 2 0 0 2 0 2 0 2
 0 1 1 2 0 0 0 2 0 2 0 0 2 0 1 2 2 2 0 2 2 2 1 0 0 0 1 0 0 0 0 0 2 0 0 0 0
 0 2 2 2 2 0 2 2 0 0 0 1 0 2 1 0 0 0 2 1 0 2 0 1 0 0 2 0 2 0 1 0 0 0 1 1 0
 2 1 0 2 0 0 2 0 2 0 0 2 0 2 2 0 2 1 0 2 2 0 1 2 0 1 0 2 0 0 0 0 0 0 0 0 0
 0 1 2 2 0 2 0 2 0 2 1 0 0 0 0 0 0 0 2 2 0 2 0 2 1 1 2 0 0 2 1 0 0 0 1 2 0
 1 0 2 0 2 2 0 2 1 0 2 0 0 0 1 2 0 0 0 0 0 2 2 2 2 1 2 0 2 0 1 0 0 2 2 0 0
 2 0 2 0 2 0 1 0 0 2 2 0 0 0 0 2 2 0 0 2 2 2 0 0 2 0 0 0 2 0 0 1 0 0 2 1 0
 2 0 2 2 1 2 0 0 0 0 2 2 0 1 1 2 0 2 1 0 0 2 2 2 0 2 2 0 0 2 2 0 0 2 0 0 2
 1 0 2 2 1 2 2 2 2 0 2 0 0 0]

========== Cluster 1 ==========

Base classifier: KNeighborsClassifier(n_neighbors=7)

Minority Class: 2

Selected Features: [17 16  8 13  1  2  3  9 11  6  0 10 19  7]

Labels: [1 1 1 0 1 2 0 1 0 1 0 1 1 1 2 2 0 0 1 1 0 1 0 1 1 1 2 1 1 0 0 0 0 0 2 0 1
 0 1 1 2 1 1 2 2 0 2 2 2 1 1 1 0 1 1 0 2 1 0 0 0 0 2 1 1 1 1 2 1 2 1 2 0 0
 1 2 2 0 2 1 1 2 2 1 1 2 0 0 1 1 1 2 0 1 2 2 0 0 2 0 0 2 2 1 1 0 2 2 1 0 1
 0 0 0 0 2 0 2 1 1 0 0 0 0 1 0 1 2 1 1 2 1 1 0 1 1 1 1 1 1 1 2 0 1 0 1 2 1
 0 1 0 0 2 0 1 2 0 1 0 2 0 2 1 2 0 2 2 1 1 1 1 2 1 2 1 0 2 2 1 1 0 1 2 1 0
 0 0 2 1 1 2 1 1 0 1 0 0 1 2 1 0 1 1 0 0 1 2 0 1 0 0 0 2 1 1 2 1 1 2 1 0 2
 0 2 0 0 0 0 0 2 0 1 0 0 2 2 2 0 2 1 2 2 1 2 2 2 1 1 0 1 2 2 2 0 2 1 1 2 1
 1 0 0 0 2 1 1 0 0 2 1 1 2 2 2 1 2 1 1 2 2 1 2 2 2 2 1 0 0 1 1 0 2 0 1 1 1
 1 1 2 0 2 2 2 1 1 0 0 0 2 1 2 2 2 1 0 2 2 1 1 1 0 1 1 1 1 1 1 2 2 0 0 1 1
 2 2 1 1 0 2 2 0 1 1 1 0 0 0 1 2 1 1 0 1 1 0 1 1 2 0 0 0 0 2 1 0 2 1 2 2 1
 1 2 2 0 0 0 0 2 0]

========== Cluster 2 ==========

Base classifier: LogisticRegression()

Minority Class: 1

Selected Features: [17 10  4 18  9  6  3 13 16 19  8]

Labels: [0 0 2 0 1 0 0 2 1 1 0 1 2 2 0 0 2 1 0 1 2 0 0 0 1 1 2 0 0 0 0 2 1 0 2 0 1
 1 2 0 0 0 2 2 0 0 2 0 0 0 0 1 2 1 1 0 0 1 0 1 2 1 2 2 2 1 1 2 2 2 0 2 0 1
 1 1 1 2 0 0 1 1 2 0 1 0 2 2 2 2 2 1 0 0 1 1 2 0 1 2 2 2 1 1 1 1 0 0 1 1 0
 2 2 1 2 1 2 2 1 0 1 0 0 1 1 0 2 2 2 2 0 2 1 0 2 2 0 2 2 1 2 2 2 0 2 0 0 2
 1 2 2 0 1 0 0 0 0 0 2 2 0 0 2 2 2 0 2 0 1 0 0 2 1 2 0 0 0 2 2 0 1 0 0 0 2
 1 2 0 0 0 0 0 0 0 0 0 2 2 0 1 2 2 2 0 2 1 0 2 2 0 0 2 2 2 2 0 2 0 2 1 0 2
 2 1 2 0 0 0 2 0 0 0 1 0 0 0 2 2 0 0 0 1 2 2 2 1 2 1 1 0 2 0 2 1 1 0 0 2 2
 2 2 2 0 2 0 2 1 0 0 2 2 0 0 1 1 2 0 2 1 1 0 2 2 2 0 2 2 0 1 2 0 1 0 1 0 0
 2 2 2 1 2 2 1 0 1 0 0 1 2 2 2 0 2 1 0 0 0 0 2 0 1 1 2 2 2 0 0 2 0 0 1 2 2
 1 0 2 1 1 1 0 0]

