Clustering algorithm selected: fcm
=====================================

Clustering evaluation metric: rand
Clustering evaluation value: 0.048308555805839405

========== Cluster 0 ==========

Base classifier: LogisticRegression()

Minority Class: 1

Selected Features: [17  7 10 11  5  3 13  9 16 19  0]

Labels: [0 0 2 0 1 1 0 0 2 1 1 0 1 2 1 2 0 0 2 1 0 1 2 2 0 0 0 1 1 2 0 0 0 0 2 1 0
 2 0 1 1 2 0 0 0 2 2 0 0 2 0 0 0 0 1 2 1 1 0 0 1 0 1 2 1 2 2 2 1 2 1 2 2 2
 0 2 0 1 1 1 1 2 1 0 1 0 1 1 2 0 1 0 2 2 2 2 2 1 0 0 1 1 2 0 1 2 2 2 1 1 1
 1 0 0 1 1 0 2 2 1 2 1 2 2 1 0 1 0 0 1 1 0 2 2 2 2 0 2 1 0 2 2 0 2 2 1 2 2
 2 0 2 0 0 2 1 2 2 0 1 0 0 0 0 0 2 2 2 0 0 2 2 2 0 2 0 1 0 0 2 1 1 2 0 0 0
 2 2 0 1 0 0 0 2 1 2 0 2 0 0 0 0 0 0 0 0 0 2 2 0 0 0 1 2 2 2 1 2 1 1 0 2 0
 2 1 1 0 0 2 2 2 2 2 0 2 0 2 1 0 0 2 2 0 0 1 1 2 0 2 1 1 0 2 2 2 2 0 2 2 0
 1 2 0 1 0 1 0 0 2 2 2 1 2 2 1 0 1 0 0 1 2 2 2 0 2 1 0 0 0 0 2 1 0 1 1 2 2
 2 0 0 2 0 0 1 2 2 1 0 2 1 1 1 0 1 0 0 2 2 2 2 1 2 2 2 0 0 1 0 0 0 0 0 2 2
 0 0 1 2 2 1 0 2 0 2 2 0 0 2 0 2 0 0 0 1 2]

========== Cluster 1 ==========

Base classifier: LogisticRegression()

Minority Class: 1

Selected Features: [17  4 16 15 10 13 14  8  7  1  2 20  9 19  6]

Labels: [2 0 0 0 2 0 2 2 2 0 0 0 2 0 2 2 2 0 0 2 2 0 2 2 2 0 0 0 0 0 0 2 0 0 0 2 2
 0 0 0 2 0 2 0 0 0 2 2 0 0 0 2 2 1 0 1 0 0 2 2 0 0 0 0 0 0 0 0 2 0 0 0 0 2
 2 0 0 0 0 0 0 0 2 0 2 0 2 2 2 1 0 2 1 2 2 2 0 2 0 0 2 0 2 0 0 2 1 2 1 0 0
 0 2 0 2 0 0 0 2 0 2 1 0 0 2 2 1 2 2 0 0 2 2 2 1 2 2 2 0 0 2 1 0 2 2 2 0 0
 0 2 1 0 0 0 0 0 0 0 2 1 0 1 0 2 2 0 2 1 2 2 0 0 0 0 0 2 0 0 2 2 2 0 2 0 1
 2 0 2 0 0 0 1 2 0 0 0 2 0 2 1 2 2 2 0 0 2 0 2 0 0 2 2 1 0 2 2 1 0 0 2 0 1
 2 0 2 1 1 2 0 2 0 0 0 2 2 1 2 2 2 0 0 0 2 0 0 0 0 2 2 0 2 1 2 0 0 2 2 0 0
 2 0 2 0 0 0 0 2 1 1 2 0 0 0 0 0 2 0 2 0 1 0 2 0 2 0 0 0 0 2 0 2 1 0 0 0 0
 0 2 0 0 0 0 0 2 1 1 2 2 2 0 2 0 2 0 0 0 1 0 0 0 2 0 2 0 2 2 0 0 2 0 2 0 2
 0 1 1 2 0 0 2 2 2 2 2 2 2 2 2 0 0 0 0 0 0 0 0 0 0 0 0 0 0 2 0 2 2 0 2 0 1
 0 2 0 0 0 0 0 0 0 0 0 0 1 2 2 0 2 0 2 0 2 1 0 0 0 0 0 0 0 2 2 0 2 0 2 1 1
 2 0 0 2 1 0 0 0 1 2 0 1 0 2 0 2 2 0 2 1 0 2 0 0 0 1 2 0 0 0 0 0 2 2 2 2 1
 2 0 2 0 1 0 0 2 2 0 0 2 0 2 0 2 0 1 0 0 2 2 0 0 0 0 2 2 0 0 2 2 2 0 0 2 0
 0 0 2 0 0 1 0 0 2 1 0 2 0 2 2 1 2 0 0 0 0 2 2 0 1 1 2 0 2 1 0 0 2 2 2 0 2
 2 0 0 2 2 0 0 2 0 0 2 1 0 2 2 1 1 2 2 1 2 1 2 1 0 1 2 2 0 0 2 0 1 0 2 0 2
 0 1 0 0 0 0 0 1 0 0 0 2 0 1 1 2 0 2 0 2 0 0 0 2 1 2 2 0 0 0 0 2 1 2 2 0 2
 2 0 0 2 2 0 0 2 1 1 0 0 2]

========== Cluster 2 ==========

Base classifier: KNeighborsClassifier(n_neighbors=7)

Minority Class: 2

Selected Features: [ 8 16 17  7 18 14 20  2  1  3  4  5  6 10  9 19 11]

Labels: [1 1 1 0 1 2 0 0 1 0 1 1 1 2 2 0 0 1 1 0 1 0 1 1 1 1 0 0 0 0 0 2 0 1 0 1 1
 2 1 1 2 2 0 2 2 2 1 1 1 0 1 1 0 2 1 0 0 0 0 2 1 1 1 1 2 1 2 1 0 0 1 2 2 0
 2 1 2 2 1 2 0 0 1 1 1 2 0 1 2 2 0 0 2 0 0 2 2 1 1 0 2 2 1 0 1 0 0 0 0 2 0
 2 1 1 0 0 0 0 1 0 1 2 1 1 2 1 1 0 1 1 1 1 1 1 1 2 0 1 0 1 2 1 0 1 0 0 2 0
 1 2 0 1 0 2 0 2 1 2 0 2 2 1 1 1 1 2 1 2 1 0 2 1 1 0 1 2 1 0 0 0 2 1 1 2 1
 0 1 0 0 1 2 0 2 0 0 1 2 2 2 0 2 1 1 2 1 1 0 0 0 2 1 1 0 0 2 1 1 2 2 2 1 2
 1 1 2 2 1 2 2 2 2 1 0 0 1 1 0 2 0 1 1 1 1 1 2 0 2 2 1 1 0 0 0 2 1 2 2 2 1
 0 2 2 1 1 1 0 1 1 1 1 1 1 2 2 0 0 1 1 2 2 1 1 0 2 2 0 1 1 1 0 0 0 1 2 1 0
 1 1 0 1 1 2 0 0 0 0 2 1 0 2 1 2 2 1 1 2 1 2 0 1 0 1 0 2 1 0 2 0 2 0 0 1 0
 0 2 0 2 1 0 2 0 2 0 2 0 0 1 0 2 0 2 1 0 2 1 2 1 0 1 2 1 1 0 2 2 0 0]

