Clustering algorithm selected: kmeans
=====================================

Clustering evaluation metric: silhouette
Clustering evaluation value: 0.291111789986061

========== Cluster 0 ==========

Base classifier: GaussianNB()

Selected Features: [2 3 8 4 7 5]

Labels: [2 0 2 2 0 0 1 0 0 1 2 0 2 0 2 2 0 0 0 2 0 2 1 0 2 0 2 0 2 0 1 1 2 1 0 1 2
 0 1 2 1 2 0 0 1 2 2 1 2 2 2 0 2 2 0 0 2 2 1 0 2 1 2 0 2 2 0 2 2 2 0 1 2 2
 2 0 2 1 2 1 2 2 2 2 1 1 2 1 2 2 2 0 2 0 0 1 0 1 0 0 0 1 2 0 0 0 2 0 0 2 0
 1 0 2 0 0 1 0 0 2 2 0 2 0 0 2 0 2 2 0 0 1 1 0 2 0 0 1 0 0 2 0 1 0 1 2 2 2
 0 1 0 2 2 2 0 2 2 0 0 2 1 2 2 2 0 1 2 0 1 1 2 2 2 2 2 1 2 1 1 0 1 2 2 0 0
 1 2 0 0 2 1 2 1 2 0 2 2 2]

========== Cluster 1 ==========

Base classifier: GaussianNB()

Selected Features: [0 3 4 8 1 5]

Labels: [0 0 0 2 2 2 0 2 2 2 2 2 0 0 0 0 0 0 0 2 0 0 2 0 0 2 0 2 0 0 0 2 2 0 0 2 0
 1 0 0 2 2 0 0 0 0 0 0 0 2 2 0 0 2 0 2 0 2 2 2 0 2 2 0 0 0 2 2 0 2 2 1 0 0
 0 2 0 2 0 1 2 2 1 0 0 2 1 0 0 2 2 2 0 0 2 2 0 2 0 0 0 0 0 2 1 0 0 2 2 0 0
 2 0 0 2 2 0 1 0 0 2 0 0 2 1 2 2 0 0 1 0 1 0 2 0 1 2 0 2 0 0 2 2 2 2 0 0 2
 2 1 2 0 0 0 2 0 0 0 1 0 2 0 0 2 1 0 0 0 0 0 0 2 1 0 0 0 2 0 0 0 0 2 0 1 2
 2 2 2 0 0 2 0 0 2 2 2 2 0 2 0 2 0 2 1 2 2 0 2 0 0 2 2 2 2 0 0 0 0 0 0 0 0
 0 0 2 2 2 2 2 0 1 0 2 0 0 2 1 0 2 2 1 0 0 2 2 1 0 0 0 0 1 0 2 1 0 2 0 2 0
 2 0 0 2 0 0 1 0 2 2 2 0 0 2 0 0 0 0 0 0 0 0 0 2 0 2 2 0 0 0 0 0 0 0 2 0 2
 1 2 2 0 0 1 2 0 1 0 0 0 2 0 2 0 0 1 0 0 2 2 2 0 2 0 0 0 0 0 0 2 2 0 0 0 2
 2 0 0 2 0 0 2 2 2 0 0 2 0 0 0 0 1 0 0 0 1 0 2 0 2 1 2 0 0 2 0 1 1 2 2 1 0
 0 2 0 2 2 0 2 0 0 2 0 2 2 2 2 0 0 0 0]

========== Cluster 2 ==========

Base classifier: GaussianNB()

Selected Features: [1 7 0 3 2 4]

Labels: [0 0 2 1 0 2 2 1 0 0 1 1 2 2 0 2 1 0 0 0 1 0 2 0 0 0 0 1 0 1 2 0 0 2 0 0 0
 0 2 1 0 1 0 0 0 1 0 0 0 1 0 2 2 1 0 2 0 1 2 0 0 0 0 1 0 0 1 2 1 1 1 2 0 1
 0 0 2 0 2 2 1 0 1 0 0 1 2 2 2 0 0 0 2 2 0 2 2 0 1 1 0 1 0 2 0 0 0 1 2 2 2
 2 0 0 0 1 1 0 2 1 1 0 2 2 0 0 2 2 2 0 1 2 2 0 0 0 0 0 2 0 2 2 2 0 1 2 1 0
 2 0 1 2 0 2 1 0 2 2 2 2 0 2 0 0 0 1 1 0 1 2 0 0 0 0 0 2 0 1 2 0 1 2 0 0 1
 0 0 0 1 0 0 2 1 2 0 0 0 1 2 1 1 1 2 0 2 0 0 0 2 0 0 0 2 2 0 1 0 2 2 0 0 0
 1 2 2 0 0 0 1 2 0 1 1 2 2 0 0 2 2 0 1 0 2 0 2 2 0 1 2 1 0 1 0 0 2 0 0 1 0
 2 0 2 2 1 1 1 0 0 2 2 0 1 1 0 1 0 1 0 0 1 1 2 2 2 1 2 1 0 0 0 2 2 0 0 2 2
 0 1 0 1 0 2 0 0 0 1 2 0 1 2 2 0 0 0 1 2 1 1 1 0 1 1 0 0]

========== Cluster 3 ==========

Base classifier: GaussianNB()

Selected Features: [1 2 8 7 3 4 6 5]

Labels: [1 1 1 1 0 0 1 0 1 0 1 1 2 0 0 0 1 0 1 0 1 2 1 1 1 2 2 1 1 0 0 0 0 0 0 2 1
 1 0 1 1 2 2 1 1 1 2 2 0 2 2 1 0 1 0 0 2 0 0 1 0 0 2 1 1 0 1 1 2 1 2 1 2 2
 1 1 2 0 2 0 2 1 2 2 1 2 1 1 2 2 1 2 0 0 2 1 1 1 2 0 1 2 1 2 0 2 0 0 2 2 1
 1 0 1 0 1 0 0 1 0 0 0 2 1 1 0 1 0 0 0 1 0 0 1 2 1 1 2 1 1 1 0 1 1 1 0 1 1
 1 1 2 2 1 0 0 1 0 1 2 0 2 1 0 1 2 0 0 2 1 2 0 1 2 0 2 0 0 2 2 2 1 2 0 2 0
 2 1 1 0 2 2 1 1 2 1 2 1 2 0 0 0 0 0 2 1 1 2 1 0 0 1 0 1 0 0 0 1 2 0 1 0 0
 0 2 0 1 2 0 0 0 1 2 0 2 1 2 1 2 0 0 0 0 0 1 2 0 1 2 2 1 2 2 0 2 2 0 0 0 2
 0 1 0 2 2 1 2 2 1 2 2 0 2 1 0 1 2 2 0 0 1 2 2 2 1 1 0 2 1 1 2 1 1 0 0 1 0
 2 1 1 0 0 1 2 1 1 2 2 1 2 0 1 2 2 1 2 2 2 2 1 2 2 1 0 0 1 0 2 0 1 1 1 1 2
 2 2 2 2 0 2 2 1 0 0 2 0 2 2 0 2 0 1 2 0 0 2 1 1 1 1 1 1 1 1 0 2 2 2 1 1 2
 2 1 2 2 0 1 0 1 0 2 1 0 1 0 1 2 2 0 1 0 1 1 2 2 0 0 0 0 2 0 2 1 2 2 2 1 1
 2 2 0 0 0 0 2 0]

