Clustering algorithm selected: fcm
=====================================

Clustering evaluation metric: dbc_rand
Clustering evaluation value: 0.3322858383146481

========== Cluster 0 ==========

Base classifier: DummyClassifier(strategy='most_frequent')

Minority Class: 0

Selected Features: [210 200 206 141 205 224  88  87  86  85  82  81  80  79  91  78  77  76
  75  74  72  70  69  67  66  65  89  96  92  93 122 121 120 119 118 116
 115 114 113 108 107 106 105 102 101 100  99  98  63  64  57  62  16  29
  28  26  24  23  22  19  18  17  15  58  14  11  10   8   7   6   3   2
   1  31  32  34  35 126  55  54  53  52  51  50  49  48  47  46  45  44
  43  42  40  39  38  36 123 112 127 188 186 185 184 182 181 180 179 178
 176 175 172 170 168 166 165 164 163 162 161 187 189 158 190 222 221 219
 218 216 215 213 212 209 208 207 202 199 198 197 196 195 193 191 159   0
 150 131 142 143 145 146 136 135 134 133 132 138 130 155 129 153   9  30
 220 201 128 223 124 137 111 110  33 109  27 203  25 217 204   4  21  20
   5 194 211 117 214  13  12 157 140  37 139 174 125 151 171  90 169  68
 152 167  71  73 154 156  84  83]

Labels: [0 0 0 0]

========== Cluster 1 ==========

Base classifier: RandomForestClassifier()

Minority Class: 1

Selected Features: [ 93 208 198 126   3 212 164  89   4 131   9 206 222 119 105 221 224   7
 125 190  47 214  22 159 169 107  63  80 132  71  24 166  12 167  94 145
 152 187  52 217 104  55 121 137   0 219  95 184 148  54 193  43  60  32
 113 165 189   5  26  29 207  51 146  53 110 123  78 144  17  65 139 182
 203  56 157 154 174  27  79 178 142 200 195 138  62 158 163  61   2 205
  10  77  66 211 204 151 133  58 122  90   6  37  33 220 106  97   1  69
 183  35  40  70 209  67  68  59  64  49  57  50 179  48 213 218   8 216]

Labels: [0 0 0 0 1 0 0 1 0 0 0 0 0 0 0 1 0 0 0 1 0 0 0 0 1 0 0 0 1 0 0 0 1 0 0 1 0
 0 1 1 0 0 0 0 0 0 0 0 0 1 1 0 0 0 0 1 0 0 0 0 0 0 1 0 0 0 0 1 1 0 0 0 0 0
 0 0 0 0 0 0 1 1 0 1 1 0 0 1 1 1 0 0 0 0 0 0 0 1 1 0 0 1 0 0 0 1 0 0 0 1 1
 0 1 0 0 0 1 0 1 0 0 0 1 0 0 0 0 1 1 0 1 0 0 0 0 1 0 1 0 0 1 0 0 0 0 0 0 0
 1 0 0 1 0 1 0 0 0 1 0 0 0 0 0 1 0 0 0 0 0 0 0 0 0 0 0 0 1 0 0 0 0 1 0 0 0
 0 0 0 1 0 0 0 0 0 0 0 0 1 0 0 1 1 0 0 0 1 1 1 0 0 0 1 1 1 0 0 0 0 0 1 0 0
 0 1 0 0 0 0 0 0 0 0 0 0 0 0 1 0 1 0 0 0 0 0 0 0 0 0 0 0 0 0 0 1 1 0 0 0 1
 1 0 1 1 0 1 0 0 0 0 1 0 0 0 1 0 0 1 1 0 0 1 0 0 0 0 0 0 0 0 0 0 1 1 0 1 0
 0 1 0 0 0 0 0 0 1 0 0 0 1 0 0 0 0 0 0 0 0 0 0 0 0 0 0 0 0 1 0 0 0 0 0 1 0
 0 0 0 0 1 0 0 0 0 0 0 0 1 1 0 1 0 1 0 0 0 0 0 0 0 0 1 1 0 0 1 1 1 0 0 0 1
 0 0 1 1 0 0 0 0 0 0 0 0 0 0 1 0 0 0 0 0 0 0 0 0 0 0 0 0 0 1 0 0 0 1 0 0 0
 0 1 0 0 0 1 1 1]

========== Cluster 2 ==========

Base classifier: AdaBoostClassifier()

Minority Class: 1

Selected Features: [193  54  93 122 104  59 108 146  11 214 185  51 128 150  96 215 224 149
  99   6  78  15   3  84  20  49 208  35 125 184  88 141 127  62 199 130
  31 162 105  34 164 187 209 195  38   1 115 124  66 200  30 100  44 106
 213  13 138   2  64  67  63 126 154 206 166   0 143  25 201  40  19 161
 178  42  33 210  98 148  57  50 203 123  36   9  86 157  55 171  24  81
   4 196 202 222  61 173 155   8 144 191 169  76  69  43 175   5]

Labels: [1 0 0 0 0 0 0 0 0 1 0 1 1 1 1 0 0 0 0 0 0 0 1 1 1 0 1 0 0 1 0 0 1 0 0 0 0
 0 1 0 0 0 1 1 0 1 0 0 0 0 1 1 1 0 0 0 0 0 0 1 1 0 0 1 1 0 0 0 1 1 1 1 0 0
 0 1 0 0 1 0 1 0 0 1 1 0 0 0 0 0 1 1 0 1 0 0 0 0 0 0 0 0 0 0 1 0 0 1 1 0 1
 1 0 1 0 0 1 0 0 1 0 1 1 0 0 0 1 0 0 0 0 0 0 0 0 0 0 0 0 1 0 0 0 0 0 0 0 0
 0 0 1 0 0 1 0 1 0 0 0 1 1 0 1 1 0 0 0 0 0 1 1 1 0 0 0 1 0 0 0 1 0 1 1 0 0
 0 1 0 1 0 0 1 0 0 0 1 0 0 1 0 1 0 1 0 0 0 0 0 0 0 0 1 0 0 0 1 0 0 1 1 1 0
 0 1 1 0 0 0 0 0 1 0 0 0 0 0 1 0 1 0 0 0 0 1 0 1 0 0 0 0 1 1 1 1 0 0 0 1 0
 0 0 1 1 0 1 0 0 0 0 0 0 1 0 0 1 0 0 1 1 1 1 1 0 1 0 1 0 1 1 1 0 0 0 1 1 1
 0 0 0 1 0 0 1 0 1 1 1 0 1 0 0 0 1 0 1 1 0 0 1 0 1 0 1 1 1 0 1 0 0 0 0 1 0
 1 0 0 0 0 0 0 1 0 0 0 0 1 0 1 0 0 0 1 1 0 0 0 1 0 0 1 0 0 0 0 0 1 0 0 0 1
 0 1 1 0 1 1 1 0 1 1 1 0 0 0 0 0 0 1 0 0 0 0 0 1 0 0 1 0 0 1 0 1 0 1 0 0 0
 0 1 1 1 0 0 0 1 0 0 0 0 0 1 0 0 1 1 0 1 0 0 0 0 0 0 1 0 0 0 1 1 1 0 0 0 1
 0 0 1 0 0 1 0 0 0 0 0 0 1 0 1 0 0 1 0 0 0 1 1 0 0 0 0 0 0 1 1 0 1 1 1 1 1]

