Clustering algorithm selected: fcm
=====================================

Clustering evaluation metric: dbc_rand
Clustering evaluation value: 0.33549434639587855

========== Cluster 0 ==========

Base classifier: RandomForestClassifier()

Minority Class: 1

Selected Features: [146   1   4  80 187 135   8 138  57   3   9   7 162  66  14   0  20 123
 216 177 106  64  83 186 142 110  48  75 221  45 120 201  90  69  54 210
 214 173  43 215  30  34 131  86  15  51 217 147 133 171 164 208  35 188
  18 152  97 150 224 114 137 194 212  47 157 136 174 213  49 160 113 108
 154  37 192 200 159 129 122  84  98 121 172  44 145  89  27 161  12 103
  46 191 167 168 141 158 155 104  31  74 156 148  10   6 204 144 176]

Labels: [0 0 0 0 1 0 0 1 0 0 0 0 0 0 0 1 0 0 0 0 1 0 0 0 0 1 0 0 0 1 0 0 0 1 0 0 1
 0 0 1 1 0 0 0 0 0 0 0 0 0 1 1 0 0 0 0 1 0 0 0 0 0 1 0 0 0 0 1 1 0 0 0 0 0
 0 0 0 0 0 0 1 1 1 0 0 0 0 1 1 0 1 0 0 0 0 1 0 1 0 0 1 0 0 0 0 0 0 0 1 0 0
 1 0 1 0 0 0 1 0 0 0 0 0 1 0 0 0 0 0 0 0 0 0 0 0 0 1 0 0 0 0 1 0 0 0 0 0 0
 1 0 0 0 0 0 0 0 0 1 0 0 1 1 0 0 0 1 1 1 0 0 0 1 1 1 0 0 0 0 0 0 1 0 0 0 1
 0 0 0 0 0 0 0 0 0 0 0 0 0 1 0 1 0 0 0 0 0 0 0 0 0 0 0 0 0 0 1 1 0 0 0 1 1
 0 1 1 0 1 0 0 0 0 1 0 0 0 0 0 1 0 0 1 1 0 0 1 0 0 0 0 0 0 0 0 0 0 1 1 0 1
 0 0 1 0 0 0 0 0 1 0 0 0 1 0 0 0 0 0 0 0 0 0 0 0 0 0 0 0 0 0 1 0 0 0 0 0 1
 0 0 0 0 0 1 0 0 0 0 0 0 0 0 1 1 0 1 0 1 0 0 0 0 0 0 0 0 0 1 1 0 0 1 1 1 0
 0 0 1 0 0 1 1 0 0 0 0 0 0 0 0 0 0 1 0 0 0 0 0 0 0 0 0 0 0 0 0 0 1 0 0 0 1
 0 0 0 0 1 0 0 0 1 0 0 0 0 0 1 1 0 0 1 0 0 0 0 0 0 0 1 1 0 1 0 0 1 0 0 0 0
 0 0 0 0 0 1 0 0 0 0 0 0 0 0 0 0 1 0]

========== Cluster 1 ==========

Base classifier: DummyClassifier(strategy='most_frequent')

Minority Class: 0

Selected Features: [204 217 224  80  89  88  87  86  85  84  83  82  81  79  93  77  76  74
  73  72  70  69  68  67  91  94  64  95 122 121 120 116 114 113 223 110
 109 107 106 104 103 102 101 100  98  97  96  65  62  63  14  24  23  22
  21  20  19  17  16  15  13 128  11  10   8   6   5   4   3   2   1  25
  26  28  29  61  59  56  54  52  50  47  46  45  44  43  42  39  38  37
  36  33  31  30 124 112 129 172 184 182 181 180 179 178 176 174 171 188
 169 168 167 166 165 164 162 160 185 189 158 207 222 220 218 214 213 211
 209 208 206 192 205 203 201 200 199 198 195 194 159 175 157 150 132 134
 136 138 156 141 142 143 144 145 146 147 149 140 153 152 170 133  18 118
 117 155 115 202 135 163 137  27 111 197 196 119 210  32 161 212  12 131
 123   9 215   7 216 130 219 125 221 126 154  34 139  51  66 148 127  71
 177  99  60 151  58  57  55]

Labels: [0 0 0]

========== Cluster 2 ==========

Base classifier: SVC(probability=True)

Minority Class: 1

Selected Features: [  5 181 205  78 118   3  90  77  36  42  68 168 215 219 156 216 221 134
  69 217  45 132 190  41 113 133 140 214 148  16 142 175  92  13 198 101
 172  83 179 151  18  82 211 171 222 223  85 152 167 170 174  48   0 203
  19 104  74 117  21 111 102 137 120 177 100  67 207  51 143 197 123   4
 188 183 139 103   2  73  52  27 180 146  93 105  86   8  59  29 160 157
  46 210 182  23 129  12  81  99 161  58 126  54  84  28  64 162  25 218
  63  33 147 176 202  50  57  65   7  66   6]

Labels: [1 0 0 0 0 0 0 0 0 1 0 1 1 1 1 0 0 0 0 0 0 0 1 1 1 0 1 0 0 1 0 0 1 0 0 0 0
 0 1 0 0 0 1 1 0 1 0 0 0 0 1 1 1 0 0 0 0 0 0 1 1 0 0 1 1 0 0 0 1 1 1 1 0 0
 0 1 0 0 1 0 1 0 0 1 1 0 0 0 0 0 1 1 0 1 0 0 0 0 0 0 0 0 0 0 1 0 0 1 1 0 1
 1 0 1 0 0 1 0 0 1 0 1 1 0 0 0 1 0 1 0 0 1 0 0 0 1 0 0 1 0 1 0 1 0 0 0 0 0
 0 0 0 1 0 0 0 1 0 0 1 1 1 0 0 1 1 0 0 0 0 1 0 0 0 0 0 1 0 1 0 0 0 0 1 0 1
 0 0 0 0 1 1 1 1 0 0 0 1 0 0 0 1 1 0 1 0 0 0 0 0 0 1 0 1 0 0 1 1 1 1 1 0 1
 0 1 0 1 1 1 0 0 0 1 1 1 0 0 0 1 0 0 1 0 1 1 1 0 1 0 0 0 1 0 1 1 0 0 1 0 1
 0 1 1 1 1 0 0 0 0 1 0 1 0 0 0 0 0 0 1 0 0 0 0 1 0 1 0 0 0 1 1 0 0 0 1 0 0
 1 0 0 0 0 1 0 0 0 1 0 1 1 0 1 1 1 0 1 1 1 0 0 0 0 0 1 0 0 0 0 0 1 0 0 1 0
 0 1 0 1 0 1 0 0 0 0 1 1 1 0 0 0 1 0 0 0 0 0 1 0 0 1 1 0 1 0 0 0 0 0 0 1 0
 0 0 1 1 1 0 0 0 1 0 0 1 0 0 1 0 0 0 0 0 0 1 0 1 0 0 1 0 0 0 1 1 0 0 0 0 0
 0 1 1 0 1 1 0 0 0 0 0 1 0 1 0 0 0 1 0 0 1 0 1 0 1 0 0 0 0 1 1 0 0 1 1 1 0
 0 0 1 0 1 0 1 0 1 1 0 1 0 1 1 0 0 1 1 0 1 0 1 1 1 0 1 0]

