Clustering algorithm selected: fcm
=====================================

Clustering evaluation metric: dbc_rand
Clustering evaluation value: 0.3555037947065501

========== Cluster 0 ==========

Base classifier: DummyClassifier(strategy='most_frequent')

Minority Class: 0

Selected Features: [  0   1   2   3   4   5   6   7   8   9  10  11  12  13  14  15  16  17
  18  19  20  21  22  23  24  25  26  27  28  29  30  31  32  33  34  35
  36  37  38  39  40  41  42  43  44  45  46  47  48  49  50  51  52  53
  54  55  56  57  58  59  60  61  62  63  64  65  66  67  68  69  70  71
  72  73  74  75  76  77  78  79  80  81  82  83  84  85  86  87  88  89
  90  91  92  93  94  95  96  97  98  99 100 101 102 103 104 105 106 107
 108 109 110 111 112 113 114 115 116 117 118 119 120 121 122 123 124 125
 126 127 128 129 130 131 132 133 134 135 136 137 138 139 140 141 142 143
 144 145 146 147 148 149 150 151 152 153 154 155 156 157 158 159 160 161
 162 163 164 165 166 167 168 169 170 171 172 173 174 175 176 177 178 179
 180 181 182 183 184 185 186 187 188 189 190 191 192 193 194 195 196 197
 198 199 200 201 202 203 204 205 206 207 208 209 210 211 212 213 214 215
 216 217 218 219 220 221 222 223 224]

Labels: [0]

========== Cluster 1 ==========

Base classifier: DummyClassifier(strategy='most_frequent')

Minority Class: 1

Selected Features: [208 206 204 140 217 213 201  78  76  77 224  75  80  81  82  83  79  74
  86  73  72  69  68  67  66  65  64  63  62  59  85  93  87 106 117 116
 115 114 113 223 110 108 107 102  88 101 100  99  98  96  95  94  57  89
  58  52  56  53  23  22  20  19  18  17  16  15  14  12  11  10   9   8
   7   6   5   4   3   2   1  24  25  27  43 119  51  50  49  48  47  46
  45  44  42  28  39  38  37  36  34  33  31  30  29 118 112 120 159 187
 186 185 184 183 182 181 180 179 178 176 175 174 172 170 121 166 165 164
 163 162 188 189 190 207 222 220 218 215 214 212 211 210 209 205 191 202
 200 199 198 197 196 195 193 192 161 167   0 150 149 129 130 146 145 144
 143 131 142 141 132 138 137 134 136 128 135 153 122 126 151 123 156 152
 155 154 127 103 221 133  21 111 104 105 219 203 124 216 125 194 109  13
  70  26  97 160 158 157  61  60 168]

Labels: [1 1 1]

========== Cluster 2 ==========

Base classifier: GaussianNB()

Minority Class: 0

Selected Features: [205 200 206   6 220 212 208 141   3 217 210 107   5 196  43  57 103 147
  28 139  76  51 218 136 148  66 151  31  68  47 116  60  29 171 221  20
 121  19  72  99 129 156 119  24  25  71  70  44 203 194 197 201 164 125
  26  65  69  81  83  53  37 100 123 131 128  41 160  77  48  79  84  73
 110  67  64 224  74  75  78  80  82  85  86  87  88  89  90  63  46  62
  13  23  22  21  18  17  16  15  14  12  61  11  10   9   8   7   4   2
   1  27  30  32  33  59  58  56  55  54  52  50  49  92  45  42  40  39
  38  36  35  34  91 112  93 175 184 183 182 181 180 179 178 177 176 174
 161 173 172 170 169 168 167 166]

Labels: [0 1 0 0 1 1]

========== Cluster 3 ==========

Base classifier: DummyClassifier(strategy='most_frequent')

Minority Class: 0

Selected Features: [204 212 221 208 210 206 217 200 223  69  70  71 224  72  68  74  75  76
  77  78  73  65  67  66  80  64  63  62  61  60  59  58  57  56  79  85
  81  82 105 104 103 102 101 100  99  98  97  96  95  94  93  92  91  90
  89  88  87  86  54  84  83  55  49  53  13  24  23  22  21  20  19  18
  17  16  15  14  12  52  11  10   9   8   7   6   5   4   3   2   1  25
  26  27  28  51  50 107  48  47  46  45  44  43  42  41  40  39  38  37
  36  35  34  33  32  31  30  29 106 112 108 189 187 186 185 184 183 182
 181 180 179 178 177 176 175 174 173 172 171 170 169 168 167 166 165 188
 190 163 191 222 220 219 218 216 215 214 213 211 209 207 205 203 202 201
 199 198 197 196 195 194 193 192 164 162 109 135 133 132 131 130 129 128
 127 126 125 124 123 122 121 120 119 118 117 116 115 114 113 111 110 134
 136 161 137 160 159 158 157 156 155 154 153 152 151]

Labels: [0 0 0 0 0 0]

========== Cluster 4 ==========

Base classifier: LogisticRegression()

Minority Class: 1

Selected Features: [117 170 215  76 201  34  26 133  98  75  23   3 118  42 144 188 223 163
 126 131 155  67 142  61  52  64 129  25 160 205  81 185 150  90  19 209
 116 140 190 200 174 143   6 124  28 157   9  57 192 179  94  43 158  50
 221 101  87  93  88 161 181   0 180 172 107 123 135  91 149 184 191 119
 198  51   8  56 154 197 100 167 146 111  13  31  45 175  35  14 165  36
 204 148  95  30 125  66  84  20  71 214  72 222  82 147 189  53 168   1
  62  74  54 213  86 199  38  15   4  65  41   5  40  39   2  27  68]

Labels: [1 0 0 0 0 0 0 0 1 0 1 1 1 1 0 0 0 0 0 0 0 0 1 1 1 0 1 0 0 1 0 0 1 0 0 0 0
 0 1 0 0 0 1 1 0 1 0 0 0 0 1 1 1 0 0 0 0 0 0 1 1 0 0 1 1 0 0 0 1 1 1 1 0 0
 1 0 0 1 0 1 0 0 1 1 0 0 0 0 1 1 0 1 0 0 0 0 0 0 0 0 0 0 1 0 1 1 0 1 1 0 1
 0 0 1 0 0 1 0 1 1 0 0 0 1 0 0 0 0 0 0 0 0 0 0 0 0 1 0 0 0 0 0 0 0 0 0 1 0
 0 1 0 1 0 0 0 1 1 0 1 1 0 0 0 0 0 1 1 1 0 0 0 1 0 0 0 1 1 0 0 0 1 0 1 0 0
 1 0 0 0 1 0 0 1 0 1 0 1 0 0 0 0 0 0 0 0 1 0 0 0 1 0 0 1 1 1 0 0 1 1 0 0 0
 0 0 1 0 0 0 0 0 1 0 1 0 0 0 0 1 0 1 0 0 0 0 1 1 1 1 0 0 0 1 0 0 0 0 1 1 0
 1 0 0 0 0 0 0 1 1 0 0 1 0 0 1 1 1 1 1 0 1 0 1 0 1 1 1 0 0 0 1 1 1 0 0 0 1
 0 0 1 0 1 1 1 0 1 0 0 0 1 0 1 1 0 0 0 1 0 1 0 1 1 0 1 0 0 0 0 1 0 0 1 0 0
 0 0 0 0 1 0 0 0 1 0 1 0 0 0 1 1 0 0 0 1 0 0 1 0 0 0 0 0 1 0 0 0 1 0 1 1 0
 1 1 0 1 1 1 0 0 0 0 0 1 0 0 0 0 0 1 0 0 1 0 0 0 1 0 1 0 0 0 0 1 1 1 0 0 0
 1 0 0 0 0 0 1 0 0 0 1 1 0 1 0 0 0 0 0 0 0 0 0 0 0 0 0 0 0 1 0 1 0 1 0 0 0
 1 1 0 0 1 1 1 0 0 0 1 0 1 0 1 0 0 1 1 0 1 0 1 1 0 0 1 1 0 1 0 1 1 1 0 1 0]

========== Cluster 5 ==========

Base classifier: AdaBoostClassifier()

Minority Class: 1

Selected Features: [ 17  14  90  58 138   8  37  81  39 105 214  66  43 129  96 162 200 144
 115 119 166 165  18 108 180  10  42  73 213 216 217 192 102   6  19 128
  38   3 209 135  32  36 181 116 194 177 133  77 172 204  51  57   9 147
 104  75 175 206  12  35  64  48  93 131 123 186 163  76  47 157 207 167
 189 106 190  50   5  97 100  98 169 178 120   7  60   4  82 101 176  26
 141 122  20  86 134  53  68 107 197]

Labels: [0 0 0 0 1 0 0 1 0 0 0 0 0 0 1 0 0 0 1 0 0 0 0 1 0 0 0 1 0 0 0 1 0 0 1 0 0
 1 0 0 0 0 0 0 0 0 0 1 1 0 0 0 0 1 0 0 0 0 0 0 1 0 0 0 0 1 0 1 0 0 0 0 0 0
 0 0 0 0 0 1 1 0 1 1 0 0 1 1 1 0 0 0 0 0 0 1 1 0 0 1 0 0 0 1 0 0 0 1 1 0 1
 0 0 0 1 0 0 0 0 1 0 0 0 0 0 1 1 0 1 0 0 0 0 1 0 1 0 0 1 0 0 0 0 0 0 0 1 0
 0 1 0 1 0 0 0 1 0 0 0 0 0 1 0 0 0 0 0 0 0 0 0 0 0 0 1 0 0 0 1 0 0 0 0 0 0
 1 0 0 0 0 0 0 0 0 1 0 0 1 1 0 0 0 1 1 1 0 0 0 1 1 1 0 0 0 0 0 1 0 0 0 0 0
 0 0 0 0 0 0 0 0 0 0 1 0 1 0 0 0 0 0 0 0 0 0 0 0 0 0 0 1 1 0 0 0 1 1 0 1 1
 0 1 0 0 0 0 1 0 0 0 1 0 0 1 1 0 1 0 0 0 0 0 0 0 0 0 0 1 1 0 1 0 0 1 0 0 0
 0 0 0 1 0 0 0 1 0 0 0 0 0 0 0 0 0 0 0 0 0 0 0 0 1 0 0 0 0 0 1 0 0 0 0 0 1
 0 0 0 0 0 0 0 1 1 0 1 0 1 0 0 0 0 0 0 0 0 1 1 0 0 1 1 0 0 0 0 0 0 0 1 0 0
 0 0 0 0 0 1 1 0 1 0 0 1 0 0 0 0 0 0 0 0 1 0 0 0 0 0 0 0 0 0 0 1 0]

