Clustering algorithm selected: kmeans
=====================================

Clustering evaluation metric: silhouette
Clustering evaluation value: 0.37703277173628635

========== Cluster 0 ==========

Base classifier: SVC(probability=True)

Minority Class: 0

Selected Features: [ 0  1  2  3  4  5  6  7  8  9 10 11 12 13 14 15 16 17 18 19 20 21 22 23
 24 25 26 27 28 29 30]

Labels: [1 1 0 0 0 1 1 0 0 0 1 1 1 1 0 1 0 0 0 0 0 1 1 0 0 1 1 1 0 1 1 0 0 0 1 0 1
 0 0 1 0 1 1 1 1 1 0 0 1 1 0 1 0 0 0 1 0 0 0 0 0 0 0 0 0 0 1 0 1 0 1 1 1 0
 0 0 1 1 1 1 1 1 1 1 0 1 0 0 0 1 0 1 1 0 0 0 1 1 1 1 0 0 1 1 1 1 0 1 1 1 0
 0 1 0 0 0 1 0 0 1 0 0 1 1 1 1 1 0 0 1 1 0 0 1 1 1 0 0 0 1 1 0 0 0 0 1 1 1
 1 1 0 0 0 1 1 0 1 0 0 1 0 1 0 1 0 0 1 1 1 0 1 1 0 0 1 1 1 0 1 1 0 1 0 1 1
 1 1 1 1 1 1 0 1 0 1 1 1 0 0 1 0 0 1 1 1 1 0 0 1 0 1 1 0 1 0 1 1 1 1 0 0 1
 1 1 1 1 0 1 1 1 1 0 1 0 0 1 0 0 0 1 0 0 0 1 0 1 1 0 0 1 0 1 1 0 1 0 0 0 1
 0 0 0 0 0 1 0 0 0 0 1 1 0 0 1 1 1 1 1 1 0 1 1 0 1 0 0 1 1 0 0 1 0 0 0 1 1
 0 0 0 1 0 0 1 0 0 1 1 0 1 1 1 0 0 0 1 0 0 1 0 1 0 0 0 1 0 0 1 1 1 1 1 0 1
 0 0 1 1 1 0 1 0 0 1 0 1 1 1 0 1 1 0 0 1 0 1 0 1 1 0 0 0 0 0 0 0 0 0 1 1 0
 1 1 1 0 1 0 0 1 0 0 1 0 1 0 1 1 1 0 1 1 1 0 0 1 1 0 0 0 1 0 1 1 0 1 0 0 1
 1 0 1 1 0 0 1 0 0 1 1 0 0 1 0 0 1 1 1 1 0 1 1 1 0 0 0 1 1 1 0 1 1 0 0 1 1
 1 0 1 0 1 1 0 1 1 0 0 0 0 1 0 0 1 1 0 1 1 0 0 0 0 0 1 1 0 1 0 0 0 0 0 1 1
 0 1 1 1 1 1 0 1 0 1 1 0 0 1 0 0 0 1 0 1 1 1 1 0 1 0 0 0 1 1 0 0 0 0 1 0 0
 0 0 0 1 1 0 1 1 1 1 0 1 1 0 0 0 1 1 1 1 0 0 0 0 0 1 0 1 1 0 0 0 1 1 1 0 1
 0 1 0 0 0 0 1 1 0 1 0 0 0 1 1 1 1 0 0 0 1 0 0 1 1 1 1 1 0 0 0 0 1 1 0 0 1
 1 0 1 0 0 0 0 1 0 1 0 0 0 0 1 1 0 0 0 1 1 0 1 1 0 1 0 1 0 0]

Synthetic samples indexes: [  0   1   5   6  11  12  13  15  21  25  27  29  30  34  36  39  41  42
  43  44  45  48  49  51  55  66  68  70  71  72  76  78  79  82  83  85
  89  91  92  96  97  98  99 102 103 104 105 107 108 109 112 116 119 122
 123 124 126 129 130 133 134 135 139 145 146 147 148 149 153 154 156 161
 163 166 167 168 170 171 174 175 176 178 179 181 183 184 185 187 188 189
 190 192 194 195 196 199 202 204 210 211 213 215 216 217 218 221 222 223
 224 225 227 228 229 230 232 235 239 243 245 249 251 252 254 258 264 269
 270 273 274 275 276 277 278 280 281 283 286 287 290 294 295 302 305 306
 308 309 310 317 319 323 326 328 329 330 332 335 337 339 342 344 345 346
 348 349 352 354 357 367 368 370 371 374 377 380 382 384 385 386 388 389
 390 394 398 400 401 403 406 407 409 410 413 416 417 420 423 424 425 426
 429 430 434 436 438 439 442 443 444 446 449 451 452 457 460 461 464 470
 471 473 479 480 482 483 484 485 486 488 490 491 494 498 500 501 502 503
 505 509 510 515 521 522 524 525 526 527 529 534 535 536 537 543 545 546
 552 554 556 561 562 564 568 569 570 575 578 579 581 582 587 591 592 594
 599 601 606 607 611 612 614 615 617 619]

========== Cluster 1 ==========

Base classifier: GaussianNB()

Minority Class: 0

Selected Features: [ 0  1  2  3  4  5  6  7  8  9 10 11 12 13 14 15 16 17 18 19 20 21 22 23
 24 25 26 27 28 29 30]

Labels: [0 1 1 0 1 0 0 0 0 1 0 0 1 1 0 1 0 0 0 1 0 0 1 0 0 1 0 0 0 1 0 1 1 0 0 1 1
 1 1 0 0 1 0 0 1 1 0 1 1 0 0 1 0 0 0 0 1 1 0 0 1 0 0 1 0 0 1 1 0 0 0 1 0 1
 1 0 1 1 0 0 1 0 1 0 0 1 0 1 0 1 0 1 1 0 0 0 1 1 1 0 1 0 0 0 1 1 1 1 0 0 1
 1 0 0 1 1 1 1 1 1 1 0 1 0 1 0 0 0 1 0 1 1 0 1 0 0 1 0 0 1 0 1 0 0 0 1 0 0
 1 0 0 0 0 0 1 1 0 0 1 1 0 0 0 0 0 0 1 0 0 0 1 1 0 1 0 0 0 1 0 1 0 1 1 1 1
 1 0 0 0 1 1 0 0 0 0 0 1 1 0 1 0 1 1 0 1 1 0 1 0 1 1 1 0 1 1 1 1 0 1 1 1 0
 1 0 1 0 1 1 1 0 1 1 1 1 0 0 1 0 1 1 1 1 0 0 0 0 0 0 0 0 0 0 0 1 0 0 1 1 0
 1 1 0 0 1 1 0 1 1 1 1 0 0 1 1 1 1 1 0 0 1 1 1 1 1 0 1 0 1 0 1 0 1 1 0 1 1
 1 1 1 0 1 1 0 1 0 1 1 1 0 0 0 1 0 0 1 1 1 0 0 1]

Synthetic samples indexes: [  0   3   5   6   7   8  10  14  16  17  18  20  21  23  24  26  27  28
  30  33  34  40  42  43  46  49  50  52  53  54  55  58  59  61  62  64
  65  68  69  70  72  75  78  83  86  88  90  93  94  95  99 101 102 103
 108 109 112 113 121 125 126 127 129 132 134 137 138 140 142 143 144 146
 147 149 150 151 152 153 156 157 160 161 162 163 165 167 168 169 172 174
 175 176 178 180 186 187 188 191 192 193 194 195 198 200 203 206 208 212
 217 221 223 225 229 234 235 237 242 243 244 245 246 247 248 249 250 251
 252 254 255 258 261 262 265 270 271 277 278 284 286 288 293 299 302 308
 309 310 312 313 317 318]

