Clustering algorithm selected: kmeans++
=====================================

Clustering evaluation metric: silhouette
Clustering evaluation value: 0.07386258348890977

========== Cluster 0 ==========

Base classifier: GaussianNB()

Selected Features: [214 116 120 191 170   3  89 111  33  65  75  68   0  53 139 182 206  78
  57  55 146 176 110 175 124  73 140 172  35  83 153  12 167  45  10 114
   8  79  27 109  50  70  87   1 177  14  36 150 133 173 201  71  24 112
 171 197  46 207  81 123 103 209 187 128 102  74  84 147   4  47 159 219
 104   2 190 100 215  40 108 188 222 137 119  26  72 132 202  22 149 157
 212 174 208  93 184 156  56  85  90  42 161  67 185  95  96 216 169  49
 151 135  48]

Labels: [0 0 0 0 0 1 0 0 1 0 0 0 0 0 0 1 0 0 1 0 0 1 0 0 0 1 0 0 0 1 0 0 1 0 0 1 0
 0 0 0 0 0 0 0 0 1 1 0 0 0 0 1 0 0 0 1 0 0 1 0 0 0 0 1 1 0 0 0 0 0 0 0 1 0
 0 0 1 1 0 0 0 1 0 1 0 1 0 0 0 0 0 0 0 0 1 0 0 1 0 0 1 0 0 0 0 0 1 0 0 0 0
 0 0 0 0 0 0 0 0 1 0 0 0 0 0 0 0 0 0 1 0 0 0 0 0 0 1 0 1 1 0 0 1 1 1 0 0 0
 1 1 1 0 0 0 1 0 0 0 0 0 0 0 0 0 0 0 0 0 0 0 1 0 0 0 0 0 0 0 0 0 0 1 1 0 0
 1 1 0 1 0 1 1 0 0 1 0 0 0 1 1 1 0 0 0 0 0 0 0 0 0 0 1 1 0 1 0 0 1 0 0 0 0
 0 0 1 0 1 0 0 0 0 0 0 0 0 0 0 0 0 0 0 0 0 0 1 1 0 0 0 0 0 1 0 0 0 0 0 0 0
 0 1 1 0 1 0 1 0 1 0 0 0 0 0 0 1 1 0 1 1 1 0 0 0 1 0 0 1 1 0 0 0 0 0 0 0 0
 1 0 0 0 0 0 0 0 0 0 0 0 0 0 0 0 0 0 1 0 0 0 0 1 0 1 0 0 0 0 0 1 1 0 0 1 0
 0 0 0 0 0 1 0 1 0 0 1 0 0 0 0 0 0 0 0 1 0 0 0 0 0 0 0 0 0 0 1 0]

========== Cluster 1 ==========

Base classifier: GaussianNB()

Selected Features: [  3   0 106 152 125 169 174 113 127 110 215  36  64   4 200 203  50 134
  70  76 115 104  59 151 214 197 101 212  99  41 217  57  18 121 141 177
  98  85 220  15 120  79  16   9 171 108 166 129 147  28  24 216  89  29
 196 157 172 193 206 165 103  23 107 185  48  60 198  37 164  22  25 204
 140  43 163   1  91  87 143  51 219  97  63  86  21 156  32  80  10  67
 190  82  71 145 122 188  68  78 184  56 175 133 119   8 102 137  26 132
 207 100  72]

Labels: [1 0 0 0 0 0 0 0 1 0 1 1 1 1 0 0 0 0 0 0 0 0 0 0 0 0 1 1 1 0 1 0 0 1 0 0 1
 0 0 0 0 0 1 0 0 0 1 1 0 1 0 0 0 0 1 1 1 0 0 0 0 0 0 1 1 1 0 0 1 1 0 0 0 1
 1 0 1 1 0 0 0 0 0 1 0 1 0 0 1 1 0 0 0 0 0 1 1 0 1 0 0 0 0 0 0 0 0 0 0 1 0
 0 0 1 1 0 0 0 1 0 1 1 1 0 1 0 0 1 0 0 0 1 0 0 1 1 0 0 0 1 1 0 1 0 0 1 0 0
 0 0 1 0 0 1 0 0 1 1 0 1 0 0 0 0 0 0 0 0 0 1 0 0 0 1 0 0 1 1 1 0 0 1 1 0 0
 0 1 0 0 0 1 0 0 0 0 0 0 0 1 0 1 0 0 0 0 0 1 0 0 1 0 0 0 0 1 1 1 1 0 0 0 1
 0 0 0 0 0 1 1 0 1 0 0 0 0 0 0 0 1 1 0 0 1 0 0 1 1 1 1 1 0 1 0 1 0 0 1 0 1
 1 1 0 0 0 0 1 1 0 1 0 0 0 1 0 0 0 1 0 1 1 1 0 0 1 0 0 1 0 1 0 0 1 0 0 0 1
 0 1 0 1 0 0 1 1 0 1 0 0 0 0 1 0 1 0 0 0 1 0 0 0 0 0 0 1 0 0 0 0 1 0 1 0 0
 0 1 1 0 0 0 1 0 0 0 0 1 0 0 0 0 0 0 0 0 1 0 0 0 1 0 1 0 1 1 0 1 1 0 1 1 1
 0 0 0 0 0 1 0 0 0 0 0 1 0 0 1 0 0 0 0 1 0 1 0 0 0 0 1 1 1 0 0 0 1 0 0 0 0
 0 1 0 0 0 1 1 0 1 0 0 0 0 0 0 0 1 0 0 0 1 1 1 0 0 0 0 0 1 0 0 1 0 0 0 1 0
 0 0 0 0 0 1 0 1 0 1 0 0 0 1 1 1 0 0 0 0 0 0 0 0 1 1 0 1 1 0 0 0 0 0 1 0 1
 0 0 0 1 0 0 1 0 1 0 1 0 0 0 0 1 0 1 1 0 0 1 1 1 0 0 0 1 0 1 0 1 0 0 1 1 0
 1 0 1 1 0 0 1 1 0 1 0 1 1 1 0 1 0]

