Clustering algorithm selected: kmeans++
=====================================

Clustering evaluation metric: dbc
Clustering evaluation value: 0.16531169168817333

========== Cluster 0 ==========

Base classifier: GaussianNB()

Minority Class: 1

Selected Features: [ 0  1  2  3  4  5  6  7  8  9 10 11 12 13 14 15 16 17 18 19 20 21 22 23
 24 25 26 27 28 29 30]

Labels: [0 0 1 0 0 0 0 1 1 0 1 0 0 1 0 1 1 0 0 1 0 1 1 0 1 0 1 0 1 0 0 0 1 0 1 0 0
 1 0 1 1 1 0 0 0 0 1 0 0 0 1 0 1 0 1 0 0 0 1 0 1 1 0 0 0 1 1 1 0 0 1 1 1 1
 0 1 0 0 1 0 1 1 0 1 0 0 0 1 0 0 0 1 1 0 1 0 1 0 1 0 0 0 1 1 0 1 0 0 1 1 0
 0 0 1 0 0 1 1 1 0 0 1 0 0 1 1 1 1 1 0 0 0 1 1 1 0 1 1 1 0 1 0 0 0 1 1 1 0
 0 0 1 1 0 1 0 1 0 0 1 1 0 1 0 0 1 0 0 1 0 0 0 0 0 0 1 0 0 1 1 0 0 0 1 1 0
 0 1 1 1 1 1 1 1 1 1 0 1 0 1 0 1 0 0 1 0 1 1 0 1 0 1 1 0 1 0 1 0 1 1 0 1 1
 1 0 1 0 0 0 1 1 1 1 0 0 1 1 1 1 0 0 0 1 1 0 1 0 1 1 0 1 0 0 1 1 0 1 1 0 1
 1 0 1 1 0 0 0 0 0 0 0 1 1 1 1 1 1 1 0 1 1 1 0 0 1 0 1 1 0 0 1 1 0 1 1 1 1
 0 0 0 0 0 0 1 1 1 1 1 0 0 0 0 1 0 0 0 1 1 1 1 0]

Synthetic samples indexes: [  0   1   3   4   5   6   9  11  12  14  17  18  20  23  25  27  29  30
  31  36  38  42  43  44  45  47  48  49  51  53  55  56  59  62  63  64
  68  69  74  77  79  82  84  86  88  89  90  93  95  97  99 100 101 104
 106 107 110 111 112 114 115 119 122 123 129 130 131 135 139 141 142 147
 148 149 152 154 156 157 160 162 163 165 166 168 169 170 171 173 175 176
 179 180 181 184 185 197 201 202 204 207 209 212 214 216 219 223 225 226
 227 232 233 238 239 240 243 245 248 250 251 254 257 260 263 264 265 266
 267 268 269 277 281 282 284 287 288 291 296 297 298 299 300 301 307 308
 309 310 312 313 314 319]

========== Cluster 1 ==========

Base classifier: GaussianNB()

Minority Class: 1

Selected Features: [ 0  1  2  3  4  5  6  7  8  9 10 11 12 13 14 15 16 17 18 19 20 21 22 23
 24 25 26 27 28 29 30]

Labels: [1 0 1 1 0 0 0 0 0 0 0 1 1 1 0 0 0 1 1 1 1 1 1 1 0 1 1 0 0 1 0 1 1 0 1 1 1
 0 1 1 1 1 1 1 1 0 0 0 0 1 1 0 0 0 0 1 1 0 1 1 1 1 1 0 0 0 1 1 1 0 0 0 0 0
 0 1 1 1 1 1 0 1 1 1 0 1 1 1 0 0 1 0 1 0 0 0 0 0 0 0 1 0 0 1 1 0 0 0 0 1 0
 1 1 1 1 1 1 1 1 0 1 1 1 1 1 0 0 0 1 1 0 1 1 0 0 0 1 1 0 0 0 0 0 0 1 0 0 1
 0 0 0 1 0 0 1 1 1 1 1 0 1 0 0 0 0 0 1 1 1 0 0 0 1 1 0 1 0 0 0 1 0 1 0 1 0
 0 0 1 0 0 0 1 1 1 0 0 0 0 0 1 0 0 0 0 1 1 1 1 1 0 0 1 1 1 0 0 0 1 1 0 0 0
 1 0 0 0 1 0 0 0 0 1 1 1 0 0 1 0 1 0 1 1 0 1 1 0 1 0 0 0 1 0 1 1 1 1 0 0 1
 0 0 0 1 0 0 1 0 1 0 0 1 1 0 0 0 0 1 0 0 0 0 0 0 1 1 0 1 0 1 1 1 0 0 1 0 1
 0 0 1 1 0 1 0 1 1 1 0 1 1 1 0 1 1 0 0 1 1 0 1 1 0 1 0 1 1 1 1 0 0 0 1 1 1
 1 0 0 1 1 1 0 1 1 0 1 0 1 0 0 1 1 0 1 0 0 0 1 0 1 0 0 1 1 1 0 1 1 1 0 1 0
 1 0 0 1 1 1 0 1 1 0 1 0 0 0 0 1 1 0 1 1 1 0 1 1 0 1 0 1 0 0 1 0 0 0 0 0 0
 1 0 1 1 1 1 0 0 1 1 0 0 0 0 1 1 0 1 0 1 1 1 1 1 1 0 1 1 1 1 1 1 1 0 0 0 0
 0 0 0 1 1 0 1 1 1 1 1 0 1 0 0 1 1 1 0 1 0 1 0 0 1 0 1 0 1 0 0 0 0 0 1 1 0
 0 1 0 1 0 1 0 1 0 0 1 1 0 1 1 0 1 0 0 0 0 1 1 1 1 0 1 1 0 0 0 0 1 0 0 1 1
 0 1 1 1 1 0 1 1 1 1 0 0 0 0 1 0 0 1 1 1 0 1 1 1 0 1 1 1 0 0 1 0 0 0 0 1 0
 0 1 0 1 0 1 1 1 0 0 0 1 0 0 0 0 0 1 0 1 1 1 1 0 1 1 1 0 1 1 0 1 0 0 1 0 1
 0 1 1 0 1 1 0 0 1 1 0 0 1 0 0 0 0 0 1 1 0 0 0 1 0 0 0 1 0 1]

Synthetic samples indexes: [  0   2   3  11  12  13  17  18  20  21  22  23  25  26  29  32  34  35
  36  38  39  40  41  42  43  44  50  55  56  58  60  61  62  66  67  68
  75  76  77  78  81  82  83  85  86  87  90  92 103 104 109 111 112 113
 114 115 117 118 120 121 122 123 124 128 129 131 132 136 137 144 147 151
 154 155 156 157 158 160 167 172 173 175 179 181 187 192 193 199 204 205
 206 207 208 211 212 213 218 222 226 231 232 233 240 243 244 246 250 252
 253 254 255 258 265 267 270 271 276 283 284 286 288 289 290 293 295 298
 299 301 303 304 305 307 308 309 311 312 315 316 318 319 321 323 324 325
 326 330 331 332 333 336 337 338 340 343 345 349 351 355 357 360 361 362
 364 365 366 368 375 377 378 380 385 386 388 389 392 393 395 397 400 407
 409 410 411 412 415 416 421 422 424 426 427 428 429 430 433 434 435 437
 438 439 447 448 450 451 452 454 456 459 460 461 463 465 468 470 478 479
 482 486 488 491 492 494 495 497 502 504 505 507 508 513 516 517 519 520
 521 522 524 525 526 527 532 535 536 539 540 541 543 544 545 548 553 556
 558 560 561 562 566 572 574 575 576 577 579 580 581 583 584 586 591 593
 594 596 597 600 601 604 610 615 619 621]

