Clustering algorithm selected: kmeans++
=====================================

Clustering evaluation metric: dbc
Clustering evaluation value: 0.16879175595674334

========== Cluster 0 ==========

Base classifier: GaussianNB()

Minority Class: 0

Selected Features: [ 0  1  2  3  4  5  6  7  8  9 10 11 12 13 14 15 16 17 18 19 20 21 22 23
 24 25 26 27 28 29 30]

Labels: [1 1 0 1 1 1 0 1 1 0 1 0 0 0 0 0 1 1 0 0 0 0 1 0 1 0 1 0 0 1 1 0 1 0 1 1 0
 0 1 1 1 0 0 1 0 0 0 1 0 0 0 1 0 0 1 0 0 1 1 1 0 0 1 1 1 1 1 0 0 0 0 0 1 1
 0 1 0 1 1 1 0 0 0 0 0 0 0 1 0 0 1 0 0 0 1 0 1 0 1 0 1 1 0 1 1 1 0 0 0 0 0
 0 0 1 1 0 1 0 1 1 0 0 1 0 1 0 0 1 1 0 0 1 0 0 0 0 1 0 1 1 1 0 1 0 0 1 0 0
 1 0 1 0 0 0 1 0 1 0 1 0 1 1 0 1 0 0 1 1 1 0 1 0 0 1 1 0 1 0 0 0 0 0 1 0 1
 0 0 0 1 0 0 0 0 0 1 1 0 0 1 0 0 1 0 0 0 1 1 0 1 0 1 1 0 1 0 0 1 0 0 1 0 1
 0 0 1 1 1 1 1 0 0 1 0 1 0 1 0 1 1 1 1 0 1 0 1 1 1 0 1 1 1 1 1 0 1 0 0 0 1
 1 0 0 1 0 0 1 0 1 1 1 0 0 1 1 1 0 1 1 0 1 0 1 1 0 0 0 0 0 0 0 1 1 1 0 0 0
 1 0 1 0 1 1 1 0 1 1 1 1 1 1 0 1 1 1 0 1 1 0 0 0 0 1 1 0 0 1 0 1 0 0 0 1 1
 1 1 1 1 0 1 1 1 1 1 0 0 1 1 1 1 1 0 1 1 1 0 0 0 1 1 0 0 1 1 0 1 0 1 1 0 0
 1 0 1 0 0 0 1 1 0 0 0 1 0 0 1 0 0 1 0 1 1 1 1 1 0 1 1 0 1 0 0 1 1 1 0 1 1
 0 1 0 0 1 1 1 1 1 1 0 0 1 0 0 0 1 0 0 0 0 0 0 1 0 1 0 0 1 1 1 1 0 1 0 0 0
 1 1 0 0 1 0 0 0 1 1 1 0 0 0 0 1 0 1 1 1 1 1 1 0 0 1 0 0 1 1 0 1 0 1 0 0 1
 1 1 1 1 0 1 0 1 1 0 1 0 0 1 0 0 0 1 0 1 0 1 1 1 1 0 0 0 1 1 0 1 1 1 1 0 0
 1 0 0 1 1 0 1 1 0 1 1 0 1 0 0 1 0 1 1 0 0 1 1 0 1 0 0 0 0 1 0 1 1 0 1 1 0
 0 1 1 0 1 0 1 0 1 0 1 0 1 0 0 1 0 1 1 0 0 1 0 0 0 1 1 1 0 0 0 0 0 1 1 1 1
 1 0 1 1 0 1 0 1 0 0 0 1 0 0 0 0 1 0 1 0 1 1 1 1 1 1 1 0 1 0 1 0 0 1 0 1]

Synthetic samples indexes: [  0   1   3   4   5   7   8  10  16  17  22  24  26  29  30  34  35  38
  39  40  43  51  54  57  58  59  62  63  66  72  75  77  78  79  87  90
  94  96 100 101 103 104 105 113 114 116 118 119 122 124 127 128 131 136
 138 139 140 142 145 148 150 154 158 160 161 163 166 167 168 170 173 174
 176 182 184 194 195 198 201 205 206 208 210 213 216 219 221 225 226 227
 228 233 235 237 238 239 240 242 244 245 246 248 249 250 251 252 254 258
 259 262 265 268 269 272 273 274 276 277 279 281 282 290 291 292 298 300
 301 302 304 305 306 307 308 309 312 313 315 316 321 322 325 331 333 334
 335 336 338 341 342 345 346 347 348 349 351 352 353 357 358 361 362 364
 366 367 370 376 377 381 384 387 389 390 391 392 393 395 396 398 401 402
 403 405 406 408 411 412 413 414 415 416 419 423 430 432 435 436 437 438
 440 444 445 448 452 453 454 459 461 462 463 464 465 466 469 473 475 480
 481 483 484 486 488 489 491 494 498 500 502 504 505 509 513 514 515 518
 521 522 524 525 527 528 530 533 535 536 539 540 542 547 549 550 552 553
 556 557 561 563 565 567 570 572 573 576 580 581 582 588 589 590 591 594
 595 597 599 603 608 610 613 614 615 616 617 618 620 622 625 627]

========== Cluster 1 ==========

Base classifier: GaussianNB()

Minority Class: 0

Selected Features: [ 0  1  2  3  4  5  6  7  8  9 10 11 12 13 14 15 16 17 18 19 20 21 22 23
 24 25 26 27 28 29 30]

Labels: [1 0 1 0 0 1 0 0 1 1 0 0 1 0 1 0 1 0 0 0 1 1 0 1 1 1 0 1 0 0 1 0 0 0 0 1 1
 0 0 0 0 0 1 1 1 0 0 0 1 0 1 1 1 1 1 1 0 0 1 0 1 0 1 1 0 1 0 0 1 1 0 0 0 1
 0 0 0 0 0 0 1 0 1 1 1 0 1 1 1 1 1 1 0 1 0 0 0 0 0 0 1 0 0 1 1 1 1 1 1 0 0
 1 1 0 1 1 0 1 0 0 1 1 0 0 1 0 0 0 1 1 1 0 1 0 0 0 1 1 0 0 1 0 1 1 0 1 0 1
 1 1 1 0 0 0 1 1 0 0 0 1 1 0 1 0 0 0 1 1 1 1 0 1 0 1 1 1 0 0 1 0 1 0 1 0 0
 0 0 0 0 0 1 1 1 0 0 0 1 1 0 0 0 0 0 1 1 1 1 0 0 1 1 1 1 1 0 1 0 1 1 1 1 1
 1 0 1 0 0 1 1 1 1 1 1 0 0 0 0 1 0 1 1 1 1 1 1 0 1 1 1 0 0 0 0 1 1 0 0 0 0
 1 1 1 0 1 0 0 1 0 0 1 0 1 1 0 0 1 1 0 0 0 0 0 0 0 1 0 1 0 1 1 1 1 1 1 1 1
 1 0 0 0 0 0 1 0 1 1 1 0 1 0 0 1 0 0 0 0 1 0 1 1 1 0 0 1 0 0]

Synthetic samples indexes: [  1   3   4   6   7  10  11  13  15  17  18  19  22  26  28  29  31  32
  33  34  38  39  40  41  45  46  47  49  56  57  61  64  67  70  71  72
  74  75  76  77  78  79  81  85  92  94  95  96  97  98  99 101 102 109
 110 113 116 118 119 122 123 125 126 127 131 133 134 135 138 139 141 144
 146 151 152 153 156 157 158 161 163 165 170 172 176 177 179 181 183 184
 185 186 187 188 189 193 194 195 198 199 200 201 207 208 214 216 223 225
 226 233 234 235 236 238 245 249 250 251 252 255 256 257 258 262 264 265
 267 268 270 273 274 277 278 279 280 281 282 283 285 287 297 298 300 301
 303 309 310 312 313 314 315 317 321 322 324 325]

