Clustering algorithm selected: kmeans++
=====================================

Clustering evaluation metric: dbc
Clustering evaluation value: 0.16567022770299303

========== Cluster 0 ==========

Base classifier: GaussianNB()

Minority Class: 0

Selected Features: [ 0  1  2  3  4  5  6  7  8  9 10 11 12 13 14 15 16 17 18 19 20 21 22 23
 24 25 26 27 28 29 30]

Labels: [0 0 0 1 1 1 1 0 0 0 0 0 0 1 0 0 1 0 1 0 0 0 0 1 0 0 1 0 0 0 1 0 0 0 1 1 1
 0 1 0 1 0 1 1 0 1 0 0 1 0 0 1 0 1 0 0 0 0 1 1 0 1 1 0 1 1 0 1 0 0 0 0 0 1
 1 1 0 0 0 0 1 0 0 0 1 1 0 1 1 0 0 0 1 1 1 0 1 1 1 1 1 0 1 1 0 1 0 1 0 1 1
 0 0 0 0 0 1 1 1 0 0 1 0 0 1 0 0 1 1 1 1 0 1 1 1 0 0 0 0 1 0 1 0 1 0 0 1 1
 0 0 0 0 0 1 1 0 1 1 0 1 0 1 0 0 1 0 1 0 1 1 0 1 0 0 1 0 1 0 0 0 0 1 1 1 1
 0 0 1 0 1 1 1 1 1 1 1 0 0 0 0 1 1 1 0 1 0 1 0 1 0 0 0 0 0 1 1 0 1 1 0 0 1
 1 1 0 0 1 0 0 0 0 1 0 0 0 0 0 1 0 0 0 0 0 0 0 1 1 1 0 0 1 0 1 0 1 1 1 0 1
 1 1 1 0 0 0 1 0 0 1 0 0 1 0 0 1 0 1 1 1 1 1 1 0 0 0 0 1 1 0 0 1 0 0 1 1 0
 1 0 0 1 1 1 1 0 1 1 1 1 1 0 0 0 1 1 0 1 0 0 0 1 1 0 0 0 1 1 0 0 1 1 0 0 1
 0 1 0 0 1 1 0 0 0 0 1 0 0 1 1 1 1 0 0 1 1 1 1 0 1 1 0 0 0 1 0 0 1 1 0 0 1
 0 1 1 1 0 0 1 1 1 1 1 0 0 1 1 1 0 0 1 0 0 1 1 1 0 0 1 1 1 0 1 1 0 1 0 0 1
 1 0 1 1 1 1 0 1 1 1 0 1 1 1 1 0 0 1 1 0 1 0 0 1 1 0 0 1 1 0 1 1 0 0 1 1 1
 0 0 1 0 1 1 1 1 1 1 1 1 0 1 1 1 0 1 0 1 0 0 1 0 0 0 1 1 1 1 1 0 1 1 1 0 0
 1 0 1 1 1 1 1 0 1 0 1 1 1 0 0 0 1 1 1 0 0 0 0 1 1 0 0 0 1 1 0 1 0 0 1 1 0
 1 1 0 1 1 1 1 1 1 0 0 0 1 1 1 1 1 0 1 1 0 1 0 0 1 0 0 0 1 1 1 0 0 1 0 0 1
 1 1 1 0 1 1 0 0 0 0 0 1 0 1 0 0 1 1 0 1 1 1 0 1 1 1 0 0 1 0 0 0 0 1 0 1 1
 0 0 0 0 1 1 0 0 0 1 1 1 0 0 1 0 0 1 0 1 0 0 0 0 0 0 0 0 0 0 0 1 1 0]

Synthetic samples indexes: [  3   4   5   6  13  16  18  26  30  34  35  36  38  40  42  43  45  48
  53  58  59  61  62  64  65  67  73  74  75  80  84  85  87  88  92  93
  96  97  98  99 100 103 105 107 109 110 116 117 118 121 124 127 128 130
 132 133 134 139 141 146 147 153 154 156 157 159 161 164 166 168 169 171
 174 176 181 182 183 184 187 189 192 193 194 195 200 201 202 204 206 208
 214 215 217 218 221 222 223 226 231 237 245 246 247 255 256 258 259 260
 261 265 268 271 274 276 277 278 279 280 281 286 287 290 294 296 299 300
 301 302 304 305 306 307 308 312 313 315 319 320 324 325 328 329 334 337
 338 346 347 348 349 352 353 354 355 357 358 362 365 366 369 371 372 373
 376 377 378 379 383 384 385 388 391 392 393 396 397 400 403 406 407 409
 410 411 412 414 415 416 418 419 421 424 430 431 435 437 438 441 443 448
 449 451 452 453 454 455 457 458 459 461 463 466 470 472 473 474 476 477
 478 481 483 484 485 486 487 489 491 492 493 497 498 499 504 509 512 515
 516 518 519 521 522 524 525 526 530 532 533 534 536 537 539 542 546 547
 548 551 554 555 557 560 566 568 571 572 574 575 576 578 579 580 583 588
 590 591 596 597 601 602 603 606 609 611 623 624]

========== Cluster 1 ==========

Base classifier: GaussianNB()

Minority Class: 0

Selected Features: [ 0  1  2  3  4  5  6  7  8  9 10 11 12 13 14 15 16 17 18 19 20 21 22 23
 24 25 26 27 28 29 30]

Labels: [0 0 0 1 1 1 1 1 0 1 0 1 1 1 0 1 1 1 1 0 0 0 0 0 0 1 0 0 1 0 1 1 1 0 1 1 1
 1 0 0 1 1 1 0 1 1 1 0 0 0 0 0 0 0 1 1 1 1 0 1 0 1 0 0 1 0 0 1 0 1 1 0 0 0
 1 1 0 0 0 1 1 1 1 1 1 1 1 1 0 0 0 1 0 0 0 1 0 1 1 0 1 1 1 0 0 0 1 1 0 0 0
 0 1 0 0 0 0 1 1 1 1 0 1 0 0 1 0 1 0 0 0 0 0 1 0 0 0 0 0 0 1 1 1 1 1 1 0 0
 1 0 0 0 1 0 1 1 0 0 0 0 0 0 0 1 0 1 0 0 0 0 1 0 1 0 1 1 1 1 1 0 1 0 1 1 0
 0 1 0 0 1 1 1 1 1 0 1 1 1 0 1 0 1 1 0 0 1 1 0 0 0 1 1 1 0 0 0 1 0 0 1 0 1
 1 0 1 1 1 0 1 0 1 0 0 1 1 1 1 0 0 0 1 1 1 0 1 0 0 0 1 0 1 1 0 0 1 1 1 0 1
 1 1 0 0 1 0 0 0 0 0 0 1 1 0 1 1 1 0 0 1 0 1 1 0 0 1 1 1 1 0 0 1 1 0 0 1 0
 1 1 1 0 0 0 1 1 1 0 0 1 1 0 0 1 0 0 1 0 1 0 0 1]

Synthetic samples indexes: [  0   1   2   8  10  14  19  20  21  22  23  24  26  27  29  33  39  43
  47  48  49  50  51  52  53  58  60  62  63  65  66  68  71  72  73  76
  77  78  88  89  90  92  93  94  96  99 103 104 105 108 109 110 111 114
 115 116 121 123 124 126 128 129 130 131 132 134 135 136 137 138 139 146
 147 149 150 153 156 157 158 159 160 161 162 164 166 167 168 169 171 173
 179 181 184 185 187 188 194 200 203 207 208 209 213 214 215 217 218 220
 223 227 229 231 232 237 238 239 243 245 246 247 249 252 253 257 261 262
 264 265 266 267 268 269 276 279 282 283 288 289 292 293 295 299 300 305
 306 309 310 312 313 315 317 318]

