Clustering algorithm selected: kmeans++
=====================================

Clustering evaluation metric: dbc
Clustering evaluation value: 0.1719553641768375

========== Cluster 0 ==========

Base classifier: GaussianNB()

Minority Class: 0

Selected Features: [ 0  1  2  3  4  5  6  7  8  9 10 11 12 13 14 15 16 17 18 19 20 21 22 23
 24 25 26 27 28 29 30]

Labels: [1 1 0 1 0 0 0 1 1 1 1 1 1 1 0 1 0 0 0 1 0 0 0 0 1 1 1 1 1 0 0 0 0 1 1 0 0
 1 1 1 0 0 1 1 0 1 0 1 1 0 1 1 1 0 1 1 1 1 0 1 1 0 1 0 1 0 0 0 0 1 0 0 1 0
 1 0 0 1 1 0 0 1 0 0 0 0 0 1 1 0 1 1 0 0 1 1 0 0 1 1 1 1 0 1 1 0 0 0 1 0 0
 0 0 1 1 1 1 0 1 0 0 1 0 0 0 0 1 1 0 1 1 1 0 1 1 0 0 0 0 0 0 0 0 0 1 0 1 1
 1 1 0 0 1 0 0 0 0 0 1 0 0 1 0 0 0 1 1 0 0 0 1 1 0 0 0 1 1 0 1 1 1 1 1 0 0
 1 1 0 0 1 0 1 1 1 1 1 1 0 1 1 1 1 0 0 1 1 1 0 1 0 1 1 1 0 1 0 0 1 1 0 0 1
 0 0 0 1 1 0 1 0 1 0 1 1 0 0 1 1 0 0 1 1 0 1 1 0 1 0 1 1 1 0 0 0 1 0 1 1 0
 1 1 1 1 1 1 1 0 1 1 1 1 1 0 0 1 0 1 0 0 0 1 1 1 0 0 1 1 0 1 0 1 0 0 1 1 1
 1 1 0 0 0 0 0 1 1 0 1 0 0 0 1 1 0 1 1 1 1 1 1 1 0 1 1 1 1 1 1 0 1 1 0 1 1
 0 0 0 0 1 1 1 0 0 0 0 1 1 0 0 0 0 0 1 0 0 1 1 1 0 0 0 0 0 0 0 0 0 1 0 1 1
 0 1 0 1 0 0 0 0 0 1 0 0 1 1 0 0 1 1 1 0 1 1 0 0 1 0 1 0 1 1 1 1 0 0 1 1 0
 0 0 0 1 0 1 0 1 0 1 1 1 0 0 0 1 1 0 1 0 0 0 1 0 0 0 0 1 0 1 1 1 1 1 0 0 1
 0 1 1 1 1 0 0 0 1 0 0 1 0 0 0 1 0 1 0 1 1 1 0 0 1 0 0 1 0 1 0 1 0 0 0 1 1
 0 1 0 1 1 1 0 0 0 0 0 0 0 1 1 0 1 0 0 0 0 0 0 1 0 0 0 0 1 1 0 1 1 0 0 1 1
 0 1 1 0 0 1 1 0 1 1 0 0 0 1 1 1 1 1 1 1 0 0 0 0 1 0 0 0 0 0 1 1 0 1 0 1 0
 1 0 1 1 0 1 1 1 1 0 0 1 0 0 1 1 0 0 0 1 0 1 1 1 0 1 0 0 1 1 1 1 0 0 0 0 1
 0 0 1 0 0 0 0 1 0 1 1 0 1 0 0 1 1 0 0 1 1 1 1 0 0 0 1 0 1 1 1 1 0 1]

Synthetic samples indexes: [  0   1   7   8   9  10  11  12  13  15  19  24  25  26  27  28  33  34
  37  38  39  42  43  45  48  50  51  52  54  55  56  57  59  60  62  64
  69  72  74  77  78  81  87  90  91  94  95  98  99 100 101 103 104 108
 114 115 116 118 121 126 127 129 130 131 134 144 146 147 148 149 152 158
 165 166 170 171 175 178 179 180 181 185 186 189 191 192 193 194 196 198
 199 200 201 204 205 208 210 211 212 214 217 218 221 225 226 228 230 232
 233 236 237 240 241 243 244 246 249 254 256 259 260 261 262 263 264 265
 267 268 269 270 271 274 276 280 281 282 285 286 288 290 293 295 296 303
 304 306 310 311 314 316 317 318 319 321 323 324 325 326 328 329 331 337
 338 339 344 345 354 355 356 366 368 369 371 373 379 382 383 386 387 388
 390 391 394 396 398 399 400 401 404 405 410 412 414 416 417 418 422 423
 425 429 434 436 437 438 439 440 443 445 446 447 448 452 455 459 461 463
 464 465 468 471 473 475 479 480 482 484 485 486 494 495 497 504 509 510
 512 513 519 520 523 524 526 531 532 533 534 536 537 542 548 549 551 553
 555 557 558 560 561 562 566 569 570 574 576 577 578 580 583 584 585 586
 591 594 599 601 602 604 607 608 611 612 613 614 618 620 621 623 625]

========== Cluster 1 ==========

Base classifier: GaussianNB()

Minority Class: 0

Selected Features: [ 0  1  2  3  4  5  6  7  8  9 10 11 12 13 14 15 16 17 18 19 20 21 22 23
 24 25 26 27 28 29 30]

Labels: [1 1 0 0 0 1 0 1 0 1 0 1 1 0 1 1 0 1 0 1 1 0 0 1 1 1 1 1 1 0 0 0 0 1 1 1 0
 1 0 1 0 1 1 1 0 1 1 1 1 0 0 1 0 1 1 1 1 1 0 0 0 1 1 1 0 1 1 1 1 0 1 0 0 1
 1 0 1 1 1 1 0 1 1 1 1 0 1 0 0 1 0 0 0 1 1 1 1 0 0 0 1 1 1 0 0 0 1 0 0 0 0
 0 0 0 0 0 1 0 0 1 1 1 0 0 1 0 0 1 0 1 0 1 1 0 1 1 0 0 1 0 1 1 0 0 0 0 0 0
 1 0 1 1 0 0 1 1 1 0 0 0 0 0 0 1 1 1 0 0 0 0 0 0 1 0 0 0 0 0 0 0 1 0 1 1 0
 0 1 0 0 1 0 1 1 1 1 0 0 0 0 0 1 1 0 1 0 1 1 0 1 0 1 0 1 1 1 0 0 0 0 1 1 1
 1 0 1 1 1 0 1 1 1 0 1 1 1 1 0 0 1 1 1 1 0 0 1 0 0 1 1 1 1 1 1 1 1 1 1 0 1
 1 0 1 0 0 0 1 1 0 0 0 0 0 1 0 0 0 0 1 0 1 1 0 0 0 0 0 1 0 0 0 0 0 0 1 1 0
 0 0 1 0 1 0 1 1 1 0 0 0 1 0 0 1 1 0 1 0 1 1 1 1 0 0 1 0 0 0 1 0 1 1]

Synthetic samples indexes: [  2   3   4   6   8  10  13  16  18  21  22  29  30  31  32  38  40  44
  49  50  52  58  59  60  64  69  71  72  75  80  85  87  88  90  91  92
  97  98  99 103 104 105 107 109 110 111 112 113 114 115 117 118 122 123
 125 126 128 130 133 136 137 139 142 143 144 145 146 147 149 152 153 157
 158 159 160 161 162 166 167 168 169 170 171 173 174 175 177 178 179 181
 184 185 187 188 190 195 196 197 202 204 207 209 211 215 216 217 218 223
 227 231 236 237 242 243 245 246 260 263 264 267 268 269 270 271 273 274
 275 276 278 281 282 283 284 285 287 288 289 290 291 292 295 296 297 299
 301 305 306 307 309 313 315 320 321 323 324 325 327]

