Clustering algorithm selected: kmeans
=====================================

Clustering evaluation metric: silhouette
Clustering evaluation value: 0.0739590088380329

========== Cluster 0 ==========

Base classifier: GaussianNB()

Selected Features: [123   3 211 215  13 214 102 131 157 178   8 156 198  43 199 162 189  99
  76 168  61  85 133  12  40 104  96 166 110  19   1 155 171 221 125  78
 137 143  80 127 175 153  28  46  66 142  82 170 187 117 165 100  69   4
 188 126 148  11   2 145  63 144  35 114 163  48  75 181   5 183  51 206
 195 120  73  22 132  68  92 158  17 135  90 151  47 147 115  56 213 182
  41 130 152  44 107 218 164 161 167 149 173  50 174  81 136 203  64  77
 185  23  45  30 116 202   0 172 217 124 150 105 141  10 140  87 129 222]

Labels: [0 0 0 0 1 0 0 1 0 0 0 0 0 0 0 1 0 0 0 1 0 0 0 0 1 0 0 0 1 0 0 0 1 0 0 1 0
 0 1 1 0 0 0 0 0 0 0 0 0 1 1 0 0 0 0 1 0 0 0 0 0 1 0 0 0 0 1 1 0 0 0 0 0 0
 0 0 0 0 0 1 1 0 1 1 0 0 1 1 1 0 0 0 0 0 1 1 0 0 1 0 0 0 1 0 0 0 1 1 0 1 0
 0 0 1 0 1 0 0 0 1 0 0 0 0 0 1 1 0 1 0 0 0 0 1 0 1 0 0 1 0 0 0 0 0 0 0 1 0
 0 1 0 1 0 0 0 1 0 0 0 0 0 1 0 0 0 0 0 0 0 0 0 0 0 1 0 0 0 0 0 0 0 0 0 0 0
 0 0 1 0 1 0 0 0 0 0 0 0 0 0 0 0 0 0 0 1 1 0 0 0 1 1 0 1 1 0 1 0 0 0 0 1 0
 0 0 1 0 0 1 1 0 1 0 0 0 0 0 0 0 0 0 0 1 1 0 1 0 0 1 0 0 0 0 0 0 1 0 0 0 1
 0 0 0 0 0 0 0 0 0 0 0 0 0 0 0 0 1 0 0 0 0 0 1 0 0 0 0 1 0 1 0 0 0 0 0 0 0
 1 1 0 1 0 1 0 0 0 0 0 0 0 0 1 1 0 0 1 1 1 0 0 0 1 0 0 1 1 0 0 0 0 0 0 0 0
 0 0 1 0 0 0 0 0 0 0 0 0 0 0 0 0 0 1 0 0 0 1 0 0 0 0 1 0 0 0 1 0 0 0 0 0 1
 1 0 0 1 0 0 0 0 0 0 0 1 1 0 1 0 0 1 0 0 0 0 0 0 0 0 0 1 0 0 0 0 0 0 0 0 0
 0 1 0]

========== Cluster 1 ==========

Base classifier: GaussianNB()

Selected Features: [ 82  22 205 212 115 215 220 210   7 161  21 132  47 157  36  27 148  35
  97   1  86 146  34 121 136 163 211  12 187 158  17  46  79 103  95  60
 183 174 204  91  89  65 197  76 111  70   4 177 149 222  72 223 153  37
  51  28  78  43  49  45 155 142 129 208 182 101  30  74   2 108 140 179
 164 152  62  77  83  67  63  64  66  87  68  80  69  61  75  84  85  88
  73  71  81 224  59  14  24  23  20  19  18  16  15  13  26  11  10   9
   8   6   5   3  25  29  58  48]

Labels: [0 0 1 0 1 0 0 0 0 0 0]

========== Cluster 2 ==========

Base classifier: GaussianNB()

Selected Features: [126 115 204   1 183  82  89  20  34  92 108  31  96  70 145  32 214 132
 139 171 168  41 135 107 141 160  14 178 137 104 153  10 166 146  28  66
 195 187  12 158  53 128  29 118 184 103  80 194  63  90 142 193 130 203
  83  17  38  72   3 162 121  43 200  99 106  94 172 220 186 102  98   0
  33  62 216 208  76 131  59   2 180 112 100  81 223 189 105 185   9  40
 201  39  50  42 199 202  37  44  45  46  47  48  49  52  51  35 198  54
  55  56  57  58 197  60  61 196]

Labels: [0 1 0 1 0 0 0 0 0 0 0 0 0 0 0 1 1 1 0 0 0 0 0 0 1 1 0 0 1 1 0 0 0 1]

========== Cluster 3 ==========

Base classifier: GaussianNB()

Selected Features: [ 90 124  68 204  50 137   3 201 134  76 125 158 218 216 214  22 110 128
 105  27  49 180 101 117 114 190 143   0 149 108 106 170 156   4  56 178
 207 139  75 203  14  78  24  87  81 200  30 215  21  70  35  98   8  85
  57 221  86 148 155  67  94  41 123 162  93 202 144 167  91 175 146 135
 116 205  38 165 133 136  69  16 219 102  28 142 198  84 111 115   7 129
  53  89  13  20  29  15  96 150  55  60  58  83 168 113 177 197  43  77
  25 206  34 192  62   1  63  64  71]

Labels: [1 0 0 0 0 0 0 0 0 1 0 1 1 1 1 0 0 0 0 0 0 1 1 1 0 1 0 0 1 0 0 1 0 0 0 0 0
 1 0 0 0 1 1 0 1 0 0 0 0 1 1 0 0 0 0 0 1 1 0 0 1 0 0 0 1 1 0 1 1 0 0 0 1 0
 0 1 0 1 0 0 1 1 0 0 0 0 0 1 1 0 1 0 0 0 0 0 0 1 0 1 1 0 1 1 1 0 0 1 0 0 1
 1 1 0 0 0 1 0 0 0 0 0 0 0 0 0 0 0 0 0 1 0 0 0 0 0 0 0 0 0 0 1 0 0 1 1 0 1
 1 0 1 1 0 0 0 0 1 0 0 0 1 0 0 1 0 1 1 0 0 0 1 0 1 0 0 1 0 0 0 1 0 0 1 0 1
 0 1 0 0 0 0 0 0 0 0 1 0 0 0 1 0 0 1 1 1 1 0 0 0 1 1 1 0 1 0 1 0 1 1 0 0 0
 1 1 1 0 0 0 1 0 0 1 0 1 1 1 0 1 0 0 0 1 0 1 1 0 0 1 0 1 1 1 1 0 0 0 1 0 1
 0 0 0 0 1 0 0 0 0 1 0 1 0 0 0 1 1 0 0 0 1 0 0 1 0 0 0 1 0 0 0 1 0 1 1 0 1
 1 0 1 1 1 0 0 0 0 0 1 0 0 0 0 1 0 0 1 0 0 1 0 1 0 1 0 0 0 0 1 1 0 0 0 1 0
 0 0 0 0 1 0 0 1 1 0 1 0 0 0 0 0 0 1 0 0 0 1 1 0 1 0 0 0 0 1 0 0 0 0 0 0 1
 0 0 0 1 0 0 0 1 1 0 0 0 0 0 0 1 1 0 1 1 0 0 0 0 0 1 0 1 0 0 0 1 0 0 1 0 1
 0 1 0 0 0 0 1 1 0 0 1 1 1 0 0 1 1 0 1 0 1 1 0 1 1 1 0 0 1 1 0 0 1 1 1 0 1
 0]

