Clustering algorithm selected: fcm
=====================================

Clustering evaluation metric: dbc
Clustering evaluation value: 0.4921321519817748

========== Cluster 0 ==========

Base classifier: SVC(probability=True)

Minority Class: 1

Selected Features: [  8   6 215 204 143 214  82   5 124  35  24 141 223 166  83   2 216 160
 135 138   7 192 153  11 144  47 115   3  98  50 200 145  20  36 209 108
 102 193  69 170 137   1  79 109  95  28  87  76 106 221  16  37  58 211
 114  54 136 147 198 202 210  18 150 165 168  88 122 161 151  17  23 130
  97 140  99 164  66 178 212 118   4 220  44  89  81 100   0  90  27  86
 224 213 206 180 107 155  21 188  75  30  55 203 201 181 191 171  85 152
  78  72 175  57  77  63  42]

Labels: [0 1 0 1 1 1 0 0 0 0 1 0 1 1 1 0 0 1 0 0 1 0 0 1 0 1 1 0 1 1 1 0 0 0 0 0 0
 1 1 1 0 0 1 1 0 1 0 1 0 0 0 1 1 0 1 1 1 1 0 0 0 0 0 1 1 1 1 0 0 0 0 0 0 1
 0 1 0 0 0 0 1 1 1 0 1 1 1 1 0 0 1 1 1 0 0 1 0 1 1 1 1 1]

Synthetic samples indexes: [  1   4  10  12  14  17  25  26  30  37  38  39  42  45  47  51  55  56
  64  65  66  81  82  84  85  87  90  91 100 101]

========== Cluster 1 ==========

Base classifier: SVC(probability=True)

Minority Class: 1

Selected Features: [  0 219 140 205 202  11 135 214 136   3 144 143 204 216  72  25 137 200
  48 146 218 211 156 184  37 162 142   1  75 224 125  54 166 109 223 157
 217  18 215  84  36  45 151  62 170 213   2 148 119  33  71  20 185 101
  65  35 152   6  19 141 107 126  70  87  99 134 128 145 180 160 129 221
 100   8 132  93 138  23  96  14 161   5 196  66 118 174 158 150 167 112
  69  22  47  57  85  49 104  41  64  79 188  95 193 195 198 110  80  61
 186 163 222 117 194  46   9 122 103 169  29 147 123  90  56 113 191  32
  89 179  77 176  24 209 127  59 159  34 210 212]

Labels: [0 1 1 0 0 1 0 0 0 1 0 1 0 0 1 1 0 1 0 1 0 1 0 1 1 0 1 0 1 0 0 1 0 0 0 1 0
 1 0 1 1 1 0 1 1 1 1 0 1 1 1 1 0 1 1 0 1 0 0 0 0 1 1 1 1 1 0 0 0 1 0 0 0 1
 1 0 0 0 0 0 0 0 1 0 0 1 1 0 0 0 1 1 0 1 1 1 0 1 0 1 1 0 0 0 1 1 1 0 1 1 0
 0 0 1 1 1 1 1 1 0 0 0 0 1 1 0 0 0 0 0 0 1 1 0 1 0 0 0 1 1 1 1 1 1 1 1 0 0
 1 0]

Synthetic samples indexes: [  5  11  14  15  19  21  23  26  31  37  39  40  41  43  48  49  50  51
  54  61  63  64  65  69  73  74  82  85  86  90  93  94  95  99 100 104
 105 106 108 109 113 114 116 117 118 123 124 132 139 141 142 143 144 145
 148]

========== Cluster 2 ==========

Base classifier: SVC(probability=True)

Minority Class: 1

Selected Features: [114 174   3 216   0 191  42  10 152 220 113 151 215 214  35 142 145 194
  36 162  85 137 202  77  53  71 219 124 141  25   1 154 204 169  50 133
 217 112 134 213  32  11  49  45  39 139  93  97  67  33  76 203 197 109
 171 188 131 206 136 218  68 161 198 177 120 105 163  55  23 183   5  88
 221 170 140  59  63  96 146 164  70 180 153 224 148  52  73  57 187 147
 189 168 212 207 201 125 159 143  28  48 100 223  72 205 195 150  89 211
 126  65 181 179   4  27  75 110 210  21  38 130 192  86 108 222 209 200
 199 196 193 128 129 135 132 138 158]

Labels: [1 0 1 0 1 0 1 0 1 1 1 1 1 0 0 0 0 1 0 1 0 1 1 1 0 0 0 1 0 1 1 0 1 0 1 0 1
 0 1 0 0 1 0 1 0 1 0 1 1 0 1 0 1 1 0 0 0 0 0 0 1 1 0 1 1 1 0 1 0 0 1 1 0 0
 1 1 0 1 1 1 0 1 1 0 1 1 0 0 1 0 1 0 1 0 0 0 1 1 0 0 0 0 0 0 1 1]

Synthetic samples indexes: [ 0 23 27 30 34 36 38 43 45 47 50 52 53 63 65 67 71 74 75 78 79 81 82 84
 85 97]

========== Cluster 3 ==========

Base classifier: SVC(probability=True)

Minority Class: 1

Selected Features: [  3   8   1 221 219 193 200 216 206 215 155 162  86  37  44 121 114 156
 218 136 201 220  48 134 116 154 140  85 207 146  83 110  13 158  50 172
   7 145  66 222  55   4 132 138   0 139  46  58  14  19  18  52 175 182
 160  24  74 214 217  90  51 199  75 133 157 105  53  91 224  22  62 173
 131 108 204  93 178  11 213 183  30  15  41   6 104  20   5 148  39 143
 176 119 149 147 118  12  71 125  94 185  88 205 166 197  31 106 188 135
 181  21 103 179  38 180 151 101 194  68 203  98 150  73  69 144 186  45
 123  49 137 208 223 212 211]

Labels: [1 1 1 1 1 0 0 0 1 1 1 0 1 0 0 0 0 0 0 0 0 1 1 0 1 1 1 0 1 0 0 0 0 1 0 0 0
 1 0 0 1 1 0 1 0 1 0 1 1 0 1 0 0 1 0 0 0 0 1 0 0 0 0 0 0 1 1 0 1 0 1 0 0 1
 1 1 1 1 0 1 0 1 0 1 0 1 1 0 1 1 0 0 1 0 1 1 0 0 1 0 1 1 1 1 0 0 0 0 1 1 0
 1 1 1 1 0 0 1 1 0 1 1 0 1 1 0 0 1 1 1]

Synthetic samples indexes: [  0   1   2   8  10  12  24  26  28  33  37  41  47  48  50  53  66  68
  70  74  76  77  81  83  94  95  98 100 101 102 103 108 113 114 120 121
 123 127 129]

========== Cluster 4 ==========

Base classifier: SVC(probability=True)

Minority Class: 1

Selected Features: [ 75 224 200 136  14 216 145  28   0 135 108 197 215 118  95 209  65 120
 201   1 144 223 187 150  54  62 141 205 206  84  30  63 190   3  94  64
 153  90 132  41 214 212  12 155 115 127 179  48  68 194 184 102  18 142
  34 172  59  24 183  96  45 143 203 219 204  81 178  38  19  91 186  10
 175  33 130 138  70  80 207  60 168 116   7 180   9 154 199 128 134 129
 164 167  51  78 217 156 125 208 169 218 171 131 160 124  37  97 210 126
 146 191 177  36 133  32  53  29 213 220  92  71   6  85 107 176  21 222
 139  17  16  47 112 158 137]

Labels: [1 0 1 1 0 0 0 0 0 1 1 0 0 0 0 0 1 1 0 1 0 0 0 1 0 1 0 1 0 0 1 1 0 1 1 1 0
 0 1 0 1 1 0 1 1 1 0 0 1 1 0 0 1 1 1 1 0 0 0 1 1 1 1 1 0 1 1 0 0 0 0 0 1 1
 1 0 0 1 1 0 1 0 1 0 1 0 0 0 1 0 0 0 0 1 1 0 1 0 1 0 1 0 0 1 1 1 1 1 1 1 1
 1 0 0 0 1 0 1 0 0 1 0 1 1 0 1 0 0 1 0]

Synthetic samples indexes: [  0   2   3  10  23  27  35  38  40  41  43  48  52  54  55  59  60  61
  72  74  77  78  84  93  96 100 103 104 106 109 111 115 123 125 128]

========== Cluster 5 ==========

Base classifier: SVC(probability=True)

Minority Class: 1

Selected Features: [223  91  25   3 215 108  87 201 216  78 211 163 189 120 154 139 195  38
 200 136   8 205  47  55 197 179  17 148 135 124   1 204  13 123 214  98
  28 210  90 212 104   7  34 132  30 137 224  86  83  76  18 146 218 171
 114 206 219 159  44  75 184  53  42 161 158 196  16 143 145  35  68 144
 164 115 186 129 199  82  93  19 122  71 167 118  60  61  67  73  40 127
  31 217 203 152 128 193 109 192   9 116 169 172  70   6 155 110  24 168
  66   2 174  22 103  12  43  62 180 166  23 113  58  14  45  79]

Labels: [0 0 0 1 0 1 1 0 1 0 0 1 0 0 1 1 1 0 1 1 0 0 0 0 1 0 0 0 1 1 0 0 0 1 0 0 1
 0 1 1 0 1 1 1 1 1 1 0 1 1 0 0 0 0 1 0 0 1 1 0 1 0 1 0 1 0 1 0 0 0 0 1 0 0
 0 1 1 0 1 1 0 1 1 1 0 1 1 1 1 0 0 0 1 0 1 1 0 1 1 1 1 0 1 1 0 0 0 0 1 0 1
 0 1 0 1 0 1 1]

Synthetic samples indexes: [  3   6   8  16  24  33  36  38  44  45  48  57  60  62  66  78  81  83
  87  88  92  95  99 100 103 108 110 114 117]

========== Cluster 6 ==========

Base classifier: SVC(probability=True)

Minority Class: 1

Selected Features: [  0 112 215   3 135  37 217   8   2 176 146 221 144 125 150 145   6 218
  12 124 216 160 180 148 198 114 106  93 147 188 224 141  63 136 111 201
 214 143 109  57   7  64  82 137 220 165  75 205  80  35 128   4 171  55
  52  13  32 155 130  71 182  27 200 119  53 167 213 207 190  14 185  18
  39  69 223  50 134 172  72  36  61 186  85 132 131 196 187 219  77 159
  95  46 194 142  34 202  45 110  28 195 169 222 140  48  73  40  96   1
  16  31 166 139  30 104  92 212  47 209  89  68 156 197  49  38 211  99
 108 138 133 208 210]

Labels: [0 1 0 1 0 0 1 1 1 0 0 0 1 0 1 1 1 0 0 1 1 1 1 1 0 0 1 0 0 0 0 0 1 0 1 1 1
 1 0 0 1 0 0 0 1 1 1 0 1 0 1 0 0 1 1 1 1 0 0 0 0 0 0 1 0 0 1 1 0 0 1 0 0 0
 1 1 1 0 1 1 0 1 1 0 1 0 1 1 0 0 0 1 1 0 0 1 0 0 0 0 1 1 1 1 1 1 1 0 0 1 0
 1 0 0 0 1 1 1 0 1 0 0 1 1 0 1 0 1 0 1 0 1 1 0 1 0]

Synthetic samples indexes: [  1   3   6  15  16  19  22  23  26  32  34  35  45  48  53  54  63  66
  67  70  74  79  81  82  86  87  91  92 100 102 103 104 105 115 117 119
 122 123 125 131]

========== Cluster 7 ==========

Base classifier: SVC(probability=True)

Minority Class: 1

Selected Features: [223   8 217   1 168   0 215  48  41 159 198 144 200 140  75 189   6 221
  82  73 127 143 216   7  25 100  26 116 106 214  11 204  47 138  31 145
 208 161  78 173  28  37  60 153 165  39 137 150   5  74  97 152 131 167
 151  80 193  84 124  30 205  57 180 218  94 160 169 120  71  29 111   9
   2 126  17  49 135  15 185 119 199 102 109  96  36  69 105 213  12 118
  20  21  43 224  88 171  66 142 104 156 163  76 220 129 179  40  34 176
 202 155 125 172 178 219 108 222 158 141  86 154  59]

Labels: [0 1 0 0 0 1 0 0 1 0 1 1 1 0 0 0 1 1 0 1 1 1 0 1 1 0 0 1 0 0 1 0 0 1 1 1 1
 1 1 0 1 1 0 0 0 0 1 0 1 0 0 0 1 1 0 0 1 1 0 0 1 1 1 1 1 1 0 1 0 1 1 0 0 0
 1 1 0 0 1 0 0 0 0 0 0 1 0 1 1 1 1 1 0 0 0 1 0 0 1 1 0 1 0 1 1 0 1 0 1 1 0
 0 1 0 0 0 0 0 1 1 1 0 0 1 1 1 1 0 1 1 0 1 0 0 1 0 0 1]

Synthetic samples indexes: [  1   8  12  16  17  19  20  23  30  33  34  35  40  41  53  57  60  61
  62  63  64  65  67  69  75  78  87  89  90  91  98  99 101 103 108 112
 118 119 125 131 134 137]

========== Cluster 8 ==========

Base classifier: SVC(probability=True)

Minority Class: 1

Selected Features: [146  23  55 216 121  11   1   0 181 141 109 135  53  29  21 208  37  66
 215 149 219 154 155 179  79 140 213 134 207  83  30 145 183 152 144 180
 205  90 122 170 157  32 102 212 193  76 107  27  51 201  48 137   8  41
 210 185 114  40 220  78  92 110 162  39 151 214  52  31 160  95  67  62
 199 150  16 204  74 221 166   7 209 165 168 136   3  49 133 113  85  69
 105 164  75 143  97 189 211 126  58 200 108  87 182 148  89 132 187 194
 153 159 192 177  60 169 176 138  36 123 128 130 129 223 203 206 202 196
 197 198 195 224 222 218 131 142 139]

Labels: [1 1 1 0 0 1 0 1 0 0 0 1 1 1 0 0 0 0 0 1 1 0 1 1 0 0 1 0 0 1 1 1 0 0 1 1 1
 1 0 1 1 1 0 1 0 0 1 0 1 0 1 0 1 0 1 0 0 0 0 0 1 1 0 0 1 1 0 1 0 1 1 0 0 0
 0 0 1 1 0 1 1 0 0 0 0 0 0 0 1 0 0 1 1 1 0 1 1 0 1 0 0 0 1 0 1 1 1 0 1 1 1
 1 0 1 0 1 1 1]

Synthetic samples indexes: [  0   2   7  12  13  22  26  29  31  34  43  46  48  54  69  77  88  93
  96  98 102 105 109 110 111 115]

========== Cluster 9 ==========

Base classifier: SVC(probability=True)

Minority Class: 1

Selected Features: [  3  83   8 136  95 148 133 221   5 142  47 138 141   6  49 200  68 217
  63 151 145  57 214  16 140 110  23   2 184 117   0 166   9 102  48 108
  43  86  58 201 219  13 143  34  52 165  90  54 134  85 205 191 126  35
   7 207 101 135 202 188  56  80  93 175 218 106 111  74  70  15  22  14
   4 216 210  45 211 213  62 155 129  41  98  17 168  82 171 176 173 150
 121  97 107 130 153 181  28 160  42]

Labels: [0 1 0 1 1 1 0 1 0 1 1 0 0 1 0 1 0 1 0 0 1 0 1 0 1 1 1 0 0 1 0 1 1 1 1 1 1
 0 0 0 0 0 0 0 0 1 0 1 1 0 1 1 0 1 0 1 1 0 1 0 0 1 1 0 0 0 0 0 0 0 0 1 0 0
 1 1 0 1 0 0 0 1 1 1 0 0 1 0 0 0 1 1 1 0 1 1 1 0 0 1 1 0 1 1 0 0 1 1 1 1 0
 0 0 0 1 1 0 0 0 0 0 1 1 1 0 1 0 1 1 1 1 1]

Synthetic samples indexes: [  4   7  17  20  22  25  26  29  32  33  35  36  48  50  53  56  61  62
  74  75  81  82  83  86  92  95  96 103 106 107 108 109 121 123 125 127
 130 131]

