Clustering algorithm selected: kmeans
=====================================

Clustering evaluation metric: dbc_ss
Clustering evaluation value: 0.2655206027660675

========== Cluster 0 ==========

Base classifier: SVC(probability=True)

Minority Class: 1

Selected Features: [  0 214   3 215 216  20 134 136 135 224  16 138  33 221  71   1 161  10
 205  87  62  36   6 143   2 144 212 183 152 209 111 168  24  22  68 165
 122 116  95  65 154  46 219 131  26 126 202 140 196 150  94  17 158  81
 114 108 223 151  70  59  30 153 197 106  61 218 177 170 129  56 145 127
 189 137 204 121 155  40 132 201  60 186 162 200 142 139 211 163  82  11
  28 217 192  99  92  42 178  39  13 146 113  76   8 117  15  19  69  54
 164 141 157  79 160 199  64 203 176 195 100 167  50  37 172  55 148  88
  31 102 222  66 206  23]

Labels: [1 1 0 1 0 0 0 0 1 1 1 1 0 1 0 1 1 1 0 0 0 0 1 0 1 1 1 1 1 1 0 0 0 0 1 1 1
 0 0 0 1 0 0 1 0 1 0 0 0 0 1 1 0 1 1 0 1 1 1 1 0 0 1 1 1 0 1 0 1 0 1 1 0 0
 1 0 1 1 0 1 1 0 0 0 1 0 0 1 1 0 0 1 1 0 1 0 1 0 0 0 1 1 1 0 0 0 1 1 1 1 1
 0 1 0 1 0 0 1 1 0 0 1 1 0 0 0 1 1 1 0 1 1 1 0 1 0 0 0 1 1 0 1 0 1 0 0 0 0
 0 1 1 1 1 0 1 1 0 0 0 0 0 0 1 0 1 0 1 1 1 1 0 1 0 1 0 1 1 1 0 1 1 1 0 0 1
 0 1 1 0 1 0 0 0 0 0 0 0 0 1 1 0 0 1 0 0 1 1 1 1 1 0 0 1 1 1 1 0 1 1 0 0 1
 0 1 1 0 0 0 1 1 0 0 0 1 0 0 0 1 0 1 0 0 1 1 1 1 1 1 1 0 1 0 0 0 0 1 0 1 1
 0 1 1 1 0 1 0 0 0 1 0 1 1 1 1 0 1 1 0 1 0 1 1 1 0 1 0 1 0 1 1 1 0 0 1 1 1
 1 1 0 0 0 0 0 1 1 0 1 0 1 0 0 1 1 1 1 1 1 1 1 0 0 0 0 0 1 1 1 1 1 1 1 1 0
 0 1 1 0 0 1 1 0 0 1 0 0 0 0 1 0 0 0 1 1 1 0 0 1 1 0 0 1 0 1 1 1 0 0 0 0 1
 1 1 0 0 1 1 1 1 1 1 0 0 1 0 0 0 1 1 0 1 0 0 0 1 0 1 0 1 0 1 0 1 1 1 1 0 1
 0 1 1 0 1 1 1 0 0 1 1 1 1 1 1 1 0 0 1 1 0 0 0 1 0 1 0 0 0 0 1 1 1 0 0 0 1
 1 1 1 0 0 0 0 1 0 0 1 0 1 0 0 0 1 0 0 1 0 1 1 0 1 0 1 0 0 0 0 0 0 1 0 0 1
 1 1 1 1 0 0 1 0 0 0 0 0 0 0 0 0 0 1 0 0 1 0 1 0 1 1 1 1 1 0 0 1 0 1 0 1 0
 1 0 0 1 0 0 0 0 0 1 0 0 0 0 1 1 0 0 1 0 1 1 1 0 1 1 0 0 0 0 0 1 0 0 0 0 0
 0 0 0 0 1 0 0 0 1 0 1 0 0 1 0 0 1 0 0 0 1 1 0 1 0 0 1 1 0 1 0 0 0 1 0 1 0
 0 1 0 0 0 0 1 1 0 1 0 0 1 0 1 1 0 1 1 0 0 1 0 0 0 0 0 0 1 1 1 1 0 0 0 1 1
 1 1 0 1 0 1 1 1 0 0 1 1 1 1 1 1 0 0 1 1 0 1 1 0 1 1 0 1 0 0 1 1 0 0 1 1 1
 1 0 0 1 1 1 1 1 0 0 0 1 1 1 0 1 0 1 1 1 0 1 1 0]

Synthetic samples indexes: [  1   3   9  11  16  22  26  28  29  45  51  53  56  64  74  76  84  87
  88  91  92 102 108 109 112 114 117 118 121 122 126 131 132 139 143 151
 155 167 168 169 171 173 177 179 184 186 189 199 205 207 215 223 224 228
 239 242 244 250 268 270 271 278 282 284 288 290 293 297 303 313 314 315
 317 318 326 327 328 342 351 352 353 356 363 364 369 370 371 374 376 382
 387 389 395 397 399 402 404 406 411 417 420 421 422 425 426 432 437 439
 445 446 451 456 466 468 470 480 481 482 483 484 503 506 507 509 512 514
 538 540 543 559 565 568 571 575 578 582 588 590 599 604 606 607 610 613
 620 621 622 623 627 632 634 639 641 642 653 656 660 664 670 671 672 677
 678 683]

========== Cluster 1 ==========

Base classifier: SVC(probability=True)

Minority Class: 1

Selected Features: [214   3   8 215 217 216   0 146 219 218   4 201 145 224 221 223 136 191
 141 140 138  72 198 157 172   7  61  32 152 116 137 143 147 162 153 154
   1 209  85 204   9  53 200 179 135  21  46  86 208  84  97 202   6  49
  63 212   5 207  35 151  12  57 134  76  20  25  67 163 222  18 175 196
 125  96 180 164  41  10 183 133 211 210  70  65 185 108  29 220 192 104
 165 190 177 159 144  90 194 142   2  92  80  33 112 102 107 150  60  56
  27 206 166 130 189 127 169 160 132  14 106  48 139  15  81  54  78 181
  51  74 111 121 105  64 213 149  43 182  30 186  31 203 188 195  19  83
  71 124]

Labels: [0 0 0 1 0 1 0 1 1 0 0 1 0 1 1 0 0 0 1 1 0 0 1 1 0 0 1 1 1 1 1 0 0 0 1 1 0
 1 1 1 0 0 1 1 0 1 0 1 0 0 1 0 1 0 0 1 0 0 0 0 0 1 1 0 1 0 1 0 0 0 0 1 1 0
 1 0 1 1 1 0 0 0 1 1 1 1 1 1 1 0 0 0 1 1 0 1 0 0 1 1 1 1 1 1 1 0 0 0 0 0 1
 1 0 1 1 0 1 1 1 0 1 0 0 1 0 1 0 0 1 0 0 1 0 0 0 1 1 1 0 0 0 0 1 0 1 1 1 0
 0 0 1 1 1 1 1 1 1 0 0 1 1 0 1 1 1 1 0 0 1 0 0 1 0 0 1 1 0 1 0 0 1 0 1 0 0
 1 0 1 0 0 1 1 0 0 1 1 1 1 1 1 0 0 0 0 1 0 0 0 1 0 0 1 0 1 0 1 0 0 0 0 0 0
 1 0 0 1 0 1 0 0 0 0 1 1 0 1 0 0 1 0 0 0 1 0 1 1 1 1 1 0 0 0 1 1 0 0 1 0 1
 0 1 1 1 1 0 1 0 0 0 0 0 0 1 1 0 0 1 0 1 1 1 1 0 1 0 1 1 1 1 1 1 0 0 0 0 0
 0 0 0 0 0 1 0 1 1 1 0 0 0 1 1 1 1 1 1 1 0 0 0 0 0 0 0 0 0 1 0 1 0 0 1 1 0
 1 1 1 0 1 1 1 0 1 1 0 0 0 0 0 0 1 1 1 1 1 1 1 1 0 1 1 1 0 1 0 0 0 1 1 0 0
 0 0 0 0 1 1 0 1 1 1 1 0 1 1 0 1 1 0 0 1 1 1 1 1 0 1 0 0 0 1 0 0 1 1 0 1 1
 1 1 1 1 0 1 0 1 0 1 0 1 0 0 0 1 0 1 1 1 1 1 0 0 1 0 1 0 1 1 0 1 0 1 0 0 0
 0 1 1 0 0 0 1 0 0 0 1 1 1 0 0 1 1 1 0 1 1 1 1 0 0 0 1 0 1 1 0 1 0 1 0 1 0
 0 0 0 1 1 0 0 1 1 0 0 0 0 1 0 0 0 0 0 1 0 1 1 1 0 1 1 1 1 1 0 1 0 0 1 0 0
 1 0 1 0 0 1 1 0 1 1 1 0 1 1 1 0 0 0 1 0 1 0 0 0 0 0 1 1 1 1 1 1 1 1 0 0 0
 0 0 1 0 0 1 0 1 1 1 1 0 0 1 0]

Synthetic samples indexes: [  3   5   7   8  11  13  14  18  23  26  27  28  30  34  35  37  47  55
  61  62  64  66  71  74  76  77  82  83  85  86  88  93  98  99 100 101
 102 103 104 110 111 114 116 117 118 128 135 136 137 142 146 150 152 154
 155 156 159 160 163 164 165 171 175 177 180 187 195 197 199 204 211 215
 222 225 227 232 233 235 242 244 245 246 247 248 252 253 256 258 260 261
 262 265 273 276 278 279 280 281 283 285 286 287 288 289 301 304 305 309
 310 311 313 315 327 330 331 334 335 337 342 350 353 354 355 362 374 375
 377 379 380 382 383 385 386 390 392 393 395 405 406 407 408 409 410 412
 414 416 422 424 426 431 435 436 440 446 454 455 456 460 461 466 470 473
 477 479 489 494 500 502 503 506 507 508 509 510 512 518 520 523 524 526
 528 532 536 538 544 545 547 548 549 551 557 560 562 563 565 568]

