Clustering algorithm selected: kmeans++
=====================================

Clustering evaluation metric: dbc_ss
Clustering evaluation value: 0.26654381171417696

========== Cluster 0 ==========

Base classifier: SVC(probability=True)

Minority Class: 1

Selected Features: [214 216   3   8 215 217   4 219 137 138 204 221   0 201 108 136  13 141
 212 200   7   6 146 154 144 223  16 151  52 224 156 158 218  61 159  92
 205  70 207 134  12 183 179 102 129  72  17  73  36  96  43  20  87 187
  58 101 195  55  93 143  48  29  63 202 206 166  59  19 131 199 155 172
 211  49 164 135  95  78  79 181 114 139  41 117 180   1 191 104  69 182
 209 157  21 188 161  34   9 213 167  98 121  33  68 127  64 128 190  65
  42  53 147  83  22 145  40 133  51 142  76  81 198  39 193 109 148 149
 170  90 222 153 177  47 105 160 132 140 150 168 169 171]

Labels: [1 0 1 0 1 1 0 1 0 1 0 1 1 0 1 0 0 1 1 0 0 0 0 1 1 1 0 0 1 0 1 0 1 0 1 1 0
 1 1 1 0 1 0 0 0 0 0 0 1 0 0 0 0 0 0 0 0 1 0 0 0 0 0 1 1 1 0 1 1 1 1 0 1 1
 0 1 1 0 0 0 0 0 1 0 1 0 0 1 1 0 0 1 1 0 0 1 0 1 0 1 0 0 0 0 0 1 1 1 0 1 1
 0 0 0 1 1 1 0 0 1 0 0 1 0 0 1 0 1 1 1 0 0 0 0 0 1 0 0 0 1 0 0 0 0 1 1 0 0
 1 1 1 0 0 0 1 0 0 0 1 1 1 1 1 1 1 0 1 1 1 0 1 1 1 0 1 0 0 1 1 0 1 0 1 1 1
 0 1 1 0 0 1 0 0 1 1 1 1 0 1 1 0 1 1 0 1 1 0 0 0 0 1 1 1 1 0 0 0 1 1 1 0 1
 0 0 1 1 1 1 1 1 0 0 1 0 0 0 1 0 0 0 1 1 1 1 0 0 0 0 1 1 1 1 0 1 1 1 0 0 1
 0 1 0 0 1 1 0 1 0 1 1 1 0 0 1 0 1 1 1 0 1 0 1 0 1 1 1 0 1 1 0 0 0 1 0 1 1
 1 0 0 1 1 1 0 1 0 0 0 0 0 0 1 1 1 0 1 0 1 0 0 0 0 0 1 1 1 1 1 0 0 0 1 0 0
 1 0 1 1 0 0 0 0 1 1 1 0 0 0 0 1 1 1 1 0 0 0 0 0 1 0 1 0 0 0 1 0 0 1 0 0 1
 0 1 0 1 1 0 0 0 1 1 0 1 1 1 1 1 1 0 0 1 1 1 0 0 1 0 1 1 0 1 1 0 0 0 0 0 1
 0 0 0 0 0 0 0 1 1 1 0 1 1 1 1 1 1 0 0 1 0 1 0 1 1 1 1 0 1 0 0 0 1 0 0 1 0
 1 1 0 0 0 0 1 1 0 1 1 1 1 0 0 0 0 0 0 1 0 1 0 0 1 1 1 1 1 0 1 0 1 1 1 0 0
 1 1 1 0 1 1 0 1 1 1 0 1 0 1 1 0 0 1 0 0 0 0 1 1 0 1 1 0 0 0 0 1 1 0 1 1 1
 0 1 1 0 1 0 1 0 1 1 1 1 0 1 0 0 0 1 1 0]

Synthetic samples indexes: [  2   4   5   7  11  12  14  17  23  24  30  32  35  37  38  39  48  65
  68  69  70  73  75  82  84  88  92  95  99 107 109 110 114 115 116 119
 122 125 128 135 144 145 149 154 158 159 163 167 168 170 171 174 177 182
 183 186 187 190 193 194 195 196 199 201 202 204 205 211 212 213 218 219
 221 224 225 226 228 232 236 240 241 242 248 250 251 253 254 255 258 264
 266 268 275 276 277 283 284 285 287 288 292 294 295 296 299 300 303 310
 312 314 316 322 323 324 325 326 330 333 341 342 343 348 350 351 359 366
 374 379 381 382 383 384 385 386 390 394 396 397 399 406 416 419 420 421
 423 426 428 430 431 433 439 442 444 450 453 454 468 471 472 474 478 482
 483 486 489 490 495 503 504 507 513 515 516 517 520 522 526 527 528 531
 535]

========== Cluster 1 ==========

Base classifier: SVC(probability=True)

Minority Class: 1

Selected Features: [214 216 215   3   0  41 145 123 156 224 134 217 143  33  47  25  35 205
 219 137 160 122 139  63  21 141   5 192 140 125 118 223  17  69 187 152
 124 149 168  45 193  24 166  12 164 159  44 207 162 113  57 190  20 144
 153 185  61 120  91 108 191  76  30 111  95 151  93 170 155  98  73 136
  38  59  54 163 131 146  39 132 117 100 135  37 178  89  42 189 138 161
 109  65 195 104   1  60  74  70 180  88 171 116 103  49 172  19  58 110
 115  32  51   6 121 194 133 200 184  96 188  34  86 213 220  18 212 128
  11 221  99  15  77  26 142  82]

Labels: [1 0 0 1 0 1 0 0 0 0 1 1 0 1 1 1 0 0 1 0 1 0 0 0 0 1 1 0 1 0 1 1 0 0 1 0 0
 0 1 0 0 0 0 1 0 0 1 0 0 1 1 0 0 1 0 0 0 0 0 0 0 0 1 0 0 1 1 1 0 1 1 0 1 0
 0 1 0 0 0 1 0 0 1 0 0 0 1 0 1 0 0 1 0 0 0 0 0 1 0 1 1 1 0 1 1 1 0 1 1 1 1
 0 0 0 1 0 1 0 1 0 0 1 0 0 1 1 0 0 0 0 0 0 0 1 0 0 0 1 1 0 0 1 1 0 0 1 1 0
 0 1 0 1 1 0 0 0 1 1 1 1 1 1 1 1 0 0 1 1 1 0 0 0 1 1 0 1 0 1 1 0 1 1 0 1 0
 0 1 0 0 1 0 0 1 0 1 1 1 1 1 1 0 1 1 1 1 1 1 0 0 1 1 1 1 1 1 0 0 1 0 1 0 0
 1 0 1 1 0 0 0 1 1 1 1 0 0 0 0 0 1 0 0 1 1 1 0 0 1 1 0 0 0 1 1 1 1 1 0 0 1
 0 1 0 0 1 0 0 0 1 1 1 1 0 1 0 0 0 1 0 1 0 1 1 0 0 0 0 0 1 0 0 0 1 0 0 1 0
 1 0 1 1 1 0 1 0 1 1 0 0 1 1 1 0 0 1 1 1 1 1 0 0 1 0 1 0 0 0 1 0 0 0 1 0 1
 0 1 1 1 1 1 1 1 0 0 1 1 0 1 0 0 1 0 1 0 1 0 1 1 1 1 1 0 0 1 1 1 0 1 1 1 1
 1 1 0 1 1 0 0 0 0 0 0 0 0 1 1 1 1 0 0 1 1 0 0 1 0 1 0 0 0 1 0 1 1 1 1 0 0
 0 1 1 0 0 1 0 1 1 1 1 1 0 1 1 1 0 1 1 0 0 0 1 1 1 0 1 0 0 1 0 0 1 1 1 0 0
 0 1 1 0 0 1 1 1 1 1 1 1 0 0 0 1 0 1 0 0 1 1 1 1 0 1 0 1 1 1 0 1 1 1 1 1 1
 0 0 0 0 0 1 1 1 1 0 1 1 0 1 0 0 1 0 0 0 0 1 0 1 1 1 0 1 0 1 1 0 0 0 1 0 0
 0 0 0 1 1 0 1 0 0 1 1 1 0 1 0 1 1 0 1 0 0 1 1 0 1 0 0 1 0 0 0 0 0 1 1 1 1
 1 1 1 1 0 1 0 0 1 1 1 0 0 1 0 1 0 1 0 0 0 0 1 0 0 1 0 0 1 1 1 0 0 0 0 1 0
 1 0 1 1 1 0 1 0 0 1 1 0 0 0 0 0 1 0 0 1 0 0 1 0 0 1 1 0 1 1 0 0 1 0 0 0 1
 0 1 1 0 1 0 1 0 1 1 1 1 0 0 0 1 0 1 0 1 0 0 0 0 0 0 0 1 1 1 1 1 0 1 1 0 0
 0 0 0 1 1 0 1 0 1 0 1 0 0 1 0 1 1 0 1 0 1 1 0 1 1 0 0 1 1 1 1 0 0 0 0 0 1
 0 1 0 1 1 1 1 1 1 1 1 1 1 0 0 1 1 0 0]

Synthetic samples indexes: [  3   5  10  13  15  30  31  43  49  62  72  75  79  86  99 103 104 105
 109 110 125 137 138 141 146 149 152 156 157 158 159 162 167 173 177 178
 181 192 201 202 203 209 210 213 217 219 224 229 230 231 232 238 242 246
 251 252 254 255 263 269 278 280 287 298 299 300 304 305 309 310 313 316
 317 320 326 334 335 336 337 339 343 346 351 353 355 357 359 362 364 366
 370 374 383 385 389 390 395 403 404 409 417 421 429 433 436 439 440 441
 445 450 453 455 461 464 466 467 469 471 475 477 479 480 488 491 494 497
 502 504 508 524 527 533 534 536 555 556 558 563 565 568 570 572 580 584
 585 590 594 598 617 618 620 621 624 630 631 633 635 637 639 644 674 676
 679 682 684 686 687 690 694 696 702 706 709 710 712 713 715 718 719]

