============== Classifiers Parameters ==============
[{'n_estimators': 373, 'max_depth': 4, 'min_samples_split': 5, 'min_samples_leaf': 3, 'learning_rate': 0.6040763174730357}, {'n_estimators': 236, 'max_depth': 6, 'min_samples_split': 5, 'min_samples_leaf': 4, 'learning_rate': 0.48554713529271487}]

Optimal clusterer: kmeans

External clustering metrics:
adjusted_rand_score: 0.0
normalized_mutual_info_score: 0.0
v_measure_score: 0.0
fowlkes_mallows_score: 0.7068259045990264

Internal clustering metrics:
silhouette: -inf
davies_bouldin: inf
calinski_harabasz_score: -inf

Base classifier: gb
========== Cluster 0 ==========

Labels: [0 0 1 0 1 1 0 1 1 0 0 0 0 0 0 0 0 0 1 0 1 0 1 1 0 0 0 1 1 0 1 0 1 1 1 0 1
 0 0 1 0 0 0 0 1 0 1 0 0 1 0 1 0 1 0 1 0 1 0 1 1 0 0 0 0 1 0 1 1 1 0 1 0 0
 1 0 1 1 1 1 1 0 0 0 0 1 1 0 0 0 0 0 0 1 1 1 1 1 1 1 0 0 0 1 0 1 1 1 1 1 0
 1 1 0 0 0 1 1 0 1 1 0 1 0 1 1 0 0 1 1 0 1 0 0 1 0 0 0 1 0 0 0 0 0 0 0 0 0
 0 0 0 0 1 1 0 1 1 0 1 1 1 0 1 0 0 1 1 0 0 1 1 1 0 1 1 0 0 0 1 0 1 1 1 0 1
 1 0 1 1 0 0 0 0 1 0 1 0 1 0 1 1 1 0 1 1 0 0 0 0 0 1 1 1 1 1 1 1 1 1 1 1 1
 0 0 0 0 0 1 0 1 0 0 1 0 1 1 1 1 1 0 0 0 0 0 1 0 0 1 0 0 1 0 1 0 1 1 1 0 0
 0 0 0 0 0 1 0 0 0 0 0 1 1 1 1 0 0 1 1 0 0 1 0 0 1 0 1 0 0 0 1 1 1 0 1 1 0
 1 0 0 0 1 1 0 1 1 1 1 0 0 0 0 0 0 1 0 0 0 0 1 1 0 1 0 1 1 0 0 1 1 1 0 0 0
 0 0 1 0 0 0 1 0 1 0 1 0 0 0 1 0 1 0 0 0 0 0 0 0 1 0 0 1 1 1 1 0 1 1 0 1 1
 0 1 0 0 1 1 1 0 0 1 1 0 1 0 0 1 1 0 0 1 1 1 1 0 1 1 0 0 0 0 0 0 0 0 1 0 0
 0 1 1 0 0 1 0 0 1 1 0 0 1 1 1 0 1 1 1 0 1 1 0 0 1 1 0 1 0 1 0 1 1 0 1 0 0
 1 0 0 1 0 0 0 1 1 0 0 1 0 0 1 0 1 0 0 0 1 1 1 1 0 1 0 1 0 0 0 0 1 1 1 0 1
 0 0 1 1 0 0 1 0 0 1 0 0 0 1 1 1 0 0 0 0 0 1 1 1 1 0 1 0 0 1 0 1 0 0 0 0 0
 1 0 0 1 1 0 1 1 0 0 0 1 1 1 1 0 0 1 0 1 1 0 1 0 1 0 1 0 0 0 1 1 0 0 0 0 0
 0 1 0 1 0 1 1 1 1 1 1 0 0 0 0 0 0 0 1 0 1 0 1 0 0 0 1 1 1 1 0 1 1 0 0 1 0
 1 0 1 1 1 1 0 1 1 1 0 1 0 1 1 0 0 1 0 1 1 1 0 0 1 1 1 0 1 0 0 0 1 1 0 0 0
 0 0 1 1 0 1 1 1 0 1 1 0 1 0 1 0 1 1 0 1 0 0 0 0 0 0 0 1 0 1 0 1 1 0 0 1 1
 0 0 1 0 0 1 1 1 1 0 0 1 1 0 1 0 0 0 1 0 1 1 1 1 0 0 0 1 0 0 1 1 0 1 1 1 1
 1 0 1 1 1 1 0 1 1 1 0 1 0 0 0 1 0 1 1 1 1 0 0 1 1 1 1 0 0 0 1 1 0 1 0 1 0
 0 1 0 1 1 0 1 0 0 1 0 1 0 1 1 0 1 0 0 0 0 1 1 0 0 0 0 1 0 0 1 1 1 1 0 0 0
 1 1 0 1 1 0 0 1 0 1 1 1 1 1 0 1 1 0 1 1 1 1 0 0 1 1 0 0 1 0 1 0 1 0 0 0 0
 0 0 1 1 1 0 0 1 0 0 0 0 1 1 1 0 1 1 1 1 0 1 0 0 1 0 1 1 0 1 1 1 1 0 1 0 0
 0 1 0 1 0 1 1 0 1 0 1 0 0 0 1 1 0 1 1 0 1 0 1 0 1 0 1 1 0 0 1 0 0 1 1 1 1
 1]

========== Cluster 1 ==========

Labels: [0 0 0 1 1 0 0 0 0 1 1 0 1 1 1 0 0 1 1 1 1 1 0 1 0 0 1 1 1 1 1 0 0 0 1 1 1
 1 1 1 1 1 1 1 1 1 1 1 1 1 1 0 0 1 1 1 0 1 1 1 0 1 1 1 0 0 0 0 1 1 0 1 0 1
 0 1 1 0 0 1 0 1 1 0 1 1 1 1 0 1 1 1 1 0 1 0 0 1 1 0 0 0 0 1 1 1 0 1 0 0 1
 0 1 0 1 1 0 0 0 1 1 1 1 1 1 0 0 1 1 0 1 0 1 1 0 0 1 1 0 1 0 0 0 0 0 0 1 1
 0 0 0 1 0 1 1 0 0 0 1 1 0 0 1 0 0 0 1 1 0 0 1 0 0 1 1 0 1 1 1 0 1 1 0 1 1
 1 1 0 1 0 0 1 0 1 1 0 0 1 1 1 0 1 0 0 1 1 0 1 0 0 1 1 0 1 1 0 0 0 0 0 0 0
 1 0 1 0 0 0 0 1 1 1 1 0 1 1 0 0 1 1 0 1 1 0 0 1 1 0 1 1 1 0 1 1 0 0 1 1 1
 0 0 0 0 0 1 1 0 0 0 1 1 0 1 1 0 1 1 1 0 0 1 1 0 1 1 1 0 0 0 1 1 1 1 0 0 0
 1 0 0 1 0 1 1 0 0 0 1 1 1 0 0 1 0 0 1 0 0 1 0 1 0 1 0 0 0 1 0 1 0 1 1 1 1
 1 0 0 1 1 0 0 1 1 1 0 1 0 0 0 1 1 0 1 0 1 0 0 0 0 1 0 0 0 1 0 1 1 0 0 1 1
 1]

