============== Classifiers Parameters ==============
[{'n_estimators': 433, 'max_depth': 2, 'min_samples_split': 8, 'min_samples_leaf': 7, 'learning_rate': 0.3459672477969036}, {'n_estimators': 238, 'max_depth': 7, 'min_samples_split': 9, 'min_samples_leaf': 8, 'learning_rate': 0.994851028912295}, {'n_estimators': 320, 'max_depth': 6, 'min_samples_split': 6, 'min_samples_leaf': 5, 'learning_rate': 0.35332047465481864}]

Optimal clusterer: kmeans

External clustering metrics:
adjusted_rand_score: 0.0
normalized_mutual_info_score: 0.0
v_measure_score: 0.0
fowlkes_mallows_score: 0.7068259045990264

Internal clustering metrics:
silhouette: -inf
davies_bouldin: inf
calinski_harabasz_score: -inf

Base classifier: gb
========== Cluster 0 ==========

Labels: [0 0 0 0 0 1 1 1 1 1 0 0 0 0 0 0 0 1 1 0 1 1 0 0 1 0 0 1 0 1 1 1 0 1 0 1 1
 0 1 0 1 1 0 1 1 1 0 1 1 1 1 0 0 0 1 1 0 1 1 0 0 0 1 0 0 0 1 0 1 1 1 1 1 0
 0 0 0 1 0 0 1 1 0 1 0 0 1 1 1 1 0 0 1 1 0 0 0 0 0 0 1 1 1 0 1 0 0 0 0 0 1
 1 0 0 0 0 1 0 0 1 1 0 0 0 1 1 1 1 1 1 0 1 0 0 1 0 1 1 0 0 1 0 0 1 0 1 0 1
 0 1 0 1 0 0 0 1 1 1 1 0 1 0 0 1 1 0 1 0 1 0 1 1 1 0 1 1 1 1 0 1 1 1 0 0 0
 0 1 1 1 0 1 0 1 1 1 0 0 0 0 1 1 1 0 1 1 0 1 1 0 0 0 0 0 0 1 0 1 1 1 0 0 0
 0 0 0 1 1 1 0 0 0 1 1 0 0 0 1 1 0 1 0 0 1 0 0 0 0 1 0 1 1 1 0 1 0 0 0 0 0
 0 1 1 1 0 1 0 0 0 0 0 1 1 0 1 0 0 0 0 0 0 1 1 1 1 1 1 0 0 0 1 0 0 0 1 0 1
 0 0 0 1 1 1 1 0 0 0 0 0 1 0 0 0 0 1 1 0 0 0 0 0 1 0 0 1 1 0 1 0 1 0 1 0 1
 1 1 0 1 0 1 0 0 0 0 1 0 1 1 0 0 0 1 0 0 0 0 1 1 1 1 1 0 1 0 0 1 1 1 1 0 1
 1 0 1 0 0 0 0 0 1 0 1 1 1 1 0 0 0 1 0 0 1 1 1 1 1 1 1 1 0 0 1 1 0 1 0 0 1
 1 0 1 0 0 1 0 0 0 1 0 0 0 1 0 1 0 1 1 1 0 1 1 1 0 1 1 0 0 1 0 1 1 0 1 1 0
 0 1 1 0 0 0 1 1 0 1 1 0 1 0 0 0 0 1 0 0 0 1 1 1 1 0 1 0 1 1 1 0 1 1 0 1 1
 1 1 1 1 1 0 1 1 1 1 1 1 1 0 1 1 0 1 1 0 0 0 0 1 0 1 0 1 0 0 1 1 1 0 0 1 1
 1 0 0 0 0 0 1 1 1 0 1 1 0 1 0 0 1 0 1 0 0 1 0 1]

========== Cluster 1 ==========

Labels: [1 0 1 0 0 0 0 0 0 0 0 1 1 1 0 0 1 0 0 0 1 0 1 0 1 0 1 0 0 1 0 0 0 0 0 1 1
 0 1 1 1 1 0 1 0 0 0 0 1 1 1 0 0 0 0 1 0 1 1 0 1 0 1 1 0 0 0 0 1 0 0 0 1 0
 1 0 1 1 1 0 1 1 1 0 1 1 0 0 1 1 1 1 1 0 1 1 1 0 0 1 1 1 1 1 0 0 0 1 0 1 0
 0 1 1 1 1 0 0 0 0 0 1 1 1 1 1 0 1 0 1 0 1 1 0 1 0 1 0 0 0 0 0 0 0 0 0 0 0
 1 1 0 1 0 1 0 0 0 1 0 0 1 0 1 0 0 1 0 0 1 0 1 1 0 1 1 1 1 1 1 1 1 0 0 0 1
 1 1 1 1 0 0 1 0 0 1 0 0 1 0 0 1 0 0 0 0 0 1 0 0 0 0 1 1 1 0 1 0 0 1 0 1 1
 1 0 1 0 0 0 1 0 1 1 1 0 0 1 0 0 0 0 1 0 1 1 0 0 1 1 0 0 0 1 0 0 0 1 0 1 0
 1 0 0 0 0 0 0 0 1 1 0 1 0 1 0 1 0 1 1 1 1 0 0 0 0 0 0 0 0 0 0 1 1 1 0 0 0
 1 1 1 0 1 1 0 0 0 0 0 0 1 1 0 1 1 0 1 1 0 1 0 1 0 1 0 0 0 0 1 0 1 0 1 1 1
 1 0 0 0 1 1 0 0 0 0 1 1 0 1 1 0 1 0 1 1 0 1 1 0 0 1 1 1 0 1 0 1 1 0 0 0 1
 0 1 0 1 0 1 0 0 1 0 0 0 0 0 1 0 1 1 0 1 0 1 0 1 1 1 0 1 1 0 1 0 0 0 1 0 0
 0 0 1 0 1 1 1 1 0 1 1 0 1 1 1 0 0 0 0 1 1 1 0 1 1 0 1 0 1 0 1 0 1 0 1 0 1
 1 0 1 0 0 0 0 0 1 0 0 0 1 0 1 0 0 0 1 1 1 0 1 0 0 0 0 0 1 0 0 0 0 1 0 1 0
 0 1 0 1 1 1 1 0 1 0 0 1 0 1 1 1 1 0 0 0 1 0 1 0 0 1 1 0 1 1 1 0 1 1 0 1 0
 1 1 1 1]

========== Cluster 2 ==========

Labels: [0 1 1 1 1 0 0 1 1 0 0 1 1 0 0 1 1 1 1 1 1 0 1 1 1 0 0 1 1 1 1 0 1 1 0 0 1
 1 1 1 1 1 1 1 1 1 1 0 1 1 1 1 1 0 0 0 0 1 1 1 1 0 0 1 0 1 1 1 1 1 1 0 1 0
 0 0 0 1 1 0 1 0 1 1 1 0 0 1 1 1 1 1 1 1 0 0 1 1 1 0 1 0 0 0 0 1 0 1 1 0 1
 1 0 1 1 1 1 0 1 0 0 1 1 1 1 0 1 1 0 1 1 0 0 1 1 1 1 0 1 0 0 0 1 1 1 0 0 1
 1 1 0 0 0 1 1 0 1 1 0 1 1 0 0 1 1 1 1 0 1 0 0 1 0 0 0 1 0 1 0 1 1 0 1 0 1
 0 0 1 0 0 0 1 0 0 1 1]

