Clustering algorithm selected: fcm
=====================================

Clustering evaluation metric: dbc_rand
Clustering evaluation value: 0.012455076143635124

========== Cluster 0 ==========

Base classifier: SVC(C=597.1790008291279, gamma=4.63907595094588, probability=True)

Minority Class: 0

Selected Features: [0 1 2 3 4 5 6 7 8 9]

Labels: [2 0 1 2 2 1 0 2 2 2 0 2 2 2 2 0 2 0 0 1 1 2 2 1 1 0 0 1 0 0 2 2 0 0 1 1 0
 2 0 1 0 1 1 2 0 2 0 1 2 0 0 0 1 0 0 1 2 2 2 1 0 0 2 1 2 0 2 0 1 1 2 0 2 1
 2 2 0 0 2 2 2 1 2 1 2 0 1 1 0 1 1 2 1 0 1 0 0 1 0 0 2 0 0 1 2 0 2 1 1 0 2
 0 1 2 1 0 2 2 2 2 1 1 1 2 1 1 0 2 0 0 0 2 2 0 2 2 2 1 0 2 0 2 1 0 2 1 2 1
 2 0 2 2 0 2 1 1 1 0 2 1 2 1 2 0 0 1 2 1 2 0 0 1 0 2 0 1 1 1 0 1 1 2 1 0 2
 0 2 2 2 0 2 1 0 2 0 2 1 1 0 1 0 2 1 1 1 0 1 1 0 1 0 1 1 1 0 0 1 0 1 1 1 1
 1 1 1 1 1 2 2 2 2 2 1 1 1 2 0 1 1 2 0 0 1 1 0 1 2 2 1 2 1 2 1 0 0 2 0 1 1
 1 1 0 0 0 0 1 1 0 1 2 2 1 0 1 1 0 0 1 1 2 0 1 2 1 0 0 2 0 2 0 1 0 0 0 1 0
 2 2 2 2 2 0 0 2 0 1 0 0 1 0 1 2 1 2 1 1 1 1 2 0 1 2 2 0 1 1 0 0 2 0 0 2 1
 1 0 1 2 1 0 1 1 1 1 0 1 0 1 2 0 1 1 2 2 2 0 1 2 2 1 0 2 0 2 2 0 1 1 1 2 2
 2 0 0 0 1 1 0 0 2 0 1 1 0 1 1 0 0 1 0 0 2 2 0 0 0 0 0 0 2 1 2 0 0 1 2 1 2
 1 0 0 0 2 0 2 0 0 1 2 2 0 1 2 0 1 2 0 1 0 0 0 1 0 2 2 2 1 1 1 1 2 1 0 2 2
 0 0 1 2 1 2 2 2 1 2 2 1 0 0 1 2 2 2 0 1 1 1 1 1 1 2 2 0 1 0 1 0 1 0 1 0 2
 2 2 2 2 2 0 0 1 1 2 1 0 1 1 2 1 0 2 1 0 1 1 1 0 1 2 1 2 1 0 2 1 2 0 2 0 2
 2 2 1 2 2 1 1 2 1 1 2 0 0 0 2 2 2 1 2 1 2 1 0 0 0 2 2 1 0 2 2 1 1 2 1 0 1
 1 0 1 0 2 0 0 2 0 2 1 0 1 0 1 2 2 2 2 1 1 1 2 1 2 2 1 2 2 0 2 1 1 2 0 1 0
 1 2 2 2 1 1 2 0 0 2 0 0 0 0 1 2 1 0 2 0 2 1 2 2 0 2 1 0 1 0 0 0 1 2 2 2 2
 0 1 2 1 1 0 1 0 1 0 1 2 1 0 2 1 0 2 1 0 0 1 2 0 0 2 2]

========== Cluster 1 ==========

Base classifier: KNeighborsClassifier()

Minority Class: 1

Selected Features: [0 1 2 3 4 5 6 7 8 9]

Labels: [2 0 0 1 2 0 1 2 1 2 0 2 0 2 2 2 2 2 2 1 0 0 0 0 0 2 1 2 0 1 1 0 1 1 1 0 0
 0 1 1 1 2 1 0 1 1 1 0 0 2 2 0 0 1 2 0 2 0 1 0 2 1 0 0 2 2 0 0 2 2 2 0 0 0
 1 0 2 1 2 1 2 0 0 0 2 0 0 2 1 0 0 1 0 0 0 0 1 0 2 2 2 2 1 1 1 1 1 0 2 0 0
 2 0 2 1 0 0 0 2 2 2 2 2 2 2 2 1 2 1 1 1 2 0 2 1 0 2 0 1 2 2 1 2 1 2 2 1 0
 2 1 1 2 0 1 2 0 1 0 0 2 1 1 1 0 2 2 1 0 1 1 1 2 2 2 1 0 1 0 2 1 1 2 2 0 1
 2 2 1 2 1 2 2 1 2 1 2 1 2 2 2 1 2 0 1 0 0 0 0 0 0 1 0 1 1 0 0 0 1 0 1 0 0
 1 2 2 2 2 2 2 2 0 0 2 2 0 2 2 1 2 1 1 1 0 1 2 2 0 1 0 0 1 2 2 0 2 2 1 1 1
 0 0 0 0 1 0 2 1 0 2 1 2 1 1 0 2 2 2 1 0 1 1 0 1 0 2 0 0 0 1 2 2 2 0 0 1 0
 0 1 1 1 0 0 0 1 0 0 2 0 2 2 0 2 0 1 1 0 0 0 0 1 1 2 2 0 1 2 1 1 1 2 0 0 0
 2 0 2 2 0 0 0 1 2 2 2 0 2 1 2 2 1 1 2 1 2 1 0 2 0 2 1 0 2 2 0 2 0 0 1 1 2
 1 0 1 0 0 1 1 0 2 2 1 2 2 0 0 2 1 0 2 2 0 0 2 0 2 1 2 1 0 2 0 1 2 1 0 0 1
 1 1 0 1 1 0 1 0 1 0 1 0 2 2 0 1 1 1 2 0 0 1 0 0 2 0 1 1 0 2 0 1 2 2 0 0 2
 2 1 0 0 1 1 1 0 0 1 1 2 0 1 2 1 0 0 2 1 1 0 0 0 1 2 1 0 0 2 0 0 2 0 2 1 1
 2 2 1 2 0 1 1 2 1 0 1 1 1 2 1 1 2 2 0 0 1 2 0 0 2 1 0 1 0 0 1 0 1 0 1 1 2
 0 1 1 2 0 1 0 2 2 0 0 2 2 0 2 0 2 1 1 2 2 1 2 1 0 0 0 2 0 0 1 0 1 2 2 2 2
 1 0 2 0 2 1 2 0 1 2 2 0 2 0 2 2 0 0 2 0 1 1 0 0 2 0 0 2 0 0 2 0 1 2 2 0 1
 2 2 2 0 2 1 2 0 1 1 2 1 2 2 2 2 2 1 1 1 2 1 2 1 0 1 2 1 0 1 1 1 1 0 1 0 1
 2 1 1 0 2 0 2 1 2 2 0 2 0 0 1 0 1 1 0 0 1 1 2 2 0 1 2 0 2 2 1 0 0 0 2 1 2
 1 2 1 1 1 1 0 1 0 0 2 0 1 2 0 2 1 2 2 2 2 0 0 2 2 1 2 2]

