Clustering algorithm selected: kmeans++
=====================================

Clustering evaluation metric: dbc
Clustering evaluation value: 0.10356113796251547

========== Cluster 0 ==========

Base classifier: KNeighborsClassifier()

Minority Class: 0

Selected Features: [0 1 2 3 4 5 6 7]

Labels: [0 0 1 1 1 1 1 0 1 1 0 1 0 0 0 0 1 0 0 1 0 1 0 1 1 1 1 1 0 0 0 1 0 1 0 1 1
 0 1 0 0 1 0 1 0 0 0 1 0 0 1 1 0 1 0 0 0 1 0 1 0 0 1 0 1 0 1 1 1 0 0 1 1 1
 1 0 0 1 0 0 0 1 0 1 0 0 1 1 1 0 1 0 1 1 0 0 1 0 1 0 1 0 0 1 0 0 1 0 1 0 1
 0 0 1 0 0 0 1 1 0 0 1 1 1 1 0 1 1 0 0 0 1 0 0 0 0 1 1 0 1 0 0 1 0 0 1 1 0
 1 1 1 0 1 1 0 0 0 1 1 0 0 1 0 1 1 0 1 0 1 1 0 1 1 1 0 1 0 1 0 1 1 1 0 1 1
 1 1 1 1 1 1 1 0 0 0 0 1 0 1 0 0 0 1 1 0 0 1 0 1 0 1 0 1 1 1 0 1 0 0 0 0 0
 0 0 1 0 1 1 1 0 1 0 1 0 0 0 1 1 1 1 1 1 0 1 0 1 1 0 1 1 0 0 1 0 1 0 0 0 1
 0 1 1 0 1 0 0 0 1 0 1 0 1 0 0 1 0 0 1 0 1 0 0 1 0 1 1 0 1 0 0 1 1 1 1 1 1
 0 1 0 1 0 0 0 1 0 1 0 0 0 1 0 0 1 0 1 1 0 0 1 0 0 0 1 0 0 1 1 0 0 1 0 0 0
 0 1 1 1 1 0 1 0 0 0 0 0 1 1 1 1 1 1 0 0 1 0 1 0 1 0 1 0 0 0 0 1 1 0 0 1 1
 0 0 0 0 0 1 0 0 1 1 0 0 0 1 0 0 1 1 1 1 1 0 0 1 0 1 1 0 0 1 1 1 1 1 1 0 1
 0 0 0 1 1 0 1 1 1 1 0 0 1 1 0 1 1 1 0 0 0 1 0 0 1 0 0 1 0 1 1 0 0 1 1 0 0
 0 1 0 1 0 0 1 1 1 0 0 0 0 0 1 0 0 0 1 1 0 1 1 0 0 1 0 1 0 1 0 1 0 1 1 1 0
 0 1 1 1 1 0 0 0 1 0 0 0 1 1 0 1 1 1 0 1 0 1 1 1 0 0 1 0 1 0 1 0 1 1 0 0 1
 1 1 0 1 1 1 1 0 1 1 0 1 1 0 1 0 1 0 1 1 1 0 1 0 0 0 0 0 1 1 0 0 1 0 1 0 0
 0 0 1 0 1 0 0 0 1 0 0 0 0 1 1 1 0 0 0 1 1 1 1 0 1 1 0 1 1 0 0 1 1 0 1 1 0
 0 0 1 1 1 1 1 0 0 1 1 1 0 0 1 0 1 0 0 0 0 1 1 1 0 1 0 0 0 0 1 0 0 0 1 1 1
 0 0 1 1 0 0 1 1 0 0 1 0 1 1 1 1 1 0 1 0 1 1 1 0 1 0 0 1 0 1 0 0 1 0 0 1 1
 0 1 1 1 0 0 1 0 1 1 0 1]

Synthetic samples indexes: [  2   3   4   5   6  11  16  19  21  24  36  41  43  51  53  59  62  66
  67  71  72  73  74  77  83  86  87  88  90  92  96  98 106 108 110 118
 123 126 127 131 136 139 146 149 150 153 158 161 164 166 169 173 175 179
 180 181 183 185 186 187 188 189 190 198 203 206 208 210 213 216 224 226
 227 230 236 238 239 240 241 243 248 254 258 260 261 267 271 277 279 282
 284 285 291 292 293 294 295 297 299 305 309 312 314 315 318 325 329 334
 335 345 346 347 350 353 355 359 364 365 368 375 378 387 390 395 400 402
 404 410 411 413 414 416 422 424 428 431 434 436 441 445 450 465 469 471
 473 475 478 479 482 484 485 489 493 496 497 500 502 503 504 507 509 511
 518 521 522 524 526 529 530 532 534 536 538 540 547 550 552 574 575 577
 583 586 587 589 590 594 595 596 597 601 606 608 613 614 615 617 626 627
 628 631 632 635 639 642 643 645 647 649 651 656 661 664 668 672 674 675
 677]

========== Cluster 1 ==========

Base classifier: SVC(probability=True)

Minority Class: 0

Selected Features: [0 1 2 3 4 5 6 7]

Labels: [1 1 0 0 0 1 0 1 1 1 0 1 0 0 0 1 1 1 0 0 0 1 1 1 1 1 1 0 0 0 1 0 1 1 1 1 1
 0 0 0 0 0 1 0 0 0 1 0 0 0 0 1 0 1 0 1 1 0 0 0 1 1 0 1 1 1 0 1 1 1 0 1 0 1
 0 0 1 1 0 0 1 0 0 0 0 1 1 1 1 0 0 1 0 0 1 0 0 0 0 0 0 1 1 0 0 0 0 0 1 0 1
 0 0 0 1 0 1 0 1 0 0 1 0 0 1 1 1 1 1 0 0 1 1 1 0 1 0 1 1 1 0 1 0 0 0 1 0 1
 1 1 1 0 0 0 0 1 1 1 1 0 0 0 1 1 0 0 0 0 1 1 0 1 1 0 0 1 0 0 0 1 1 1 1 1 1
 0 0 0 1 1 0 0 1 1 1 0 1 0 0 0 1 1 0 1 1 1 0 0 1 1 1 1 1 1 0 0 1 0 0 0 1 1
 0 1 1 0 1 0 0 1 0 1 1 1 1 1 0 0]

Synthetic samples indexes: [ 13  62  75  95 109 142 161 222]

