Clustering algorithm selected: kmeans
=====================================

Clustering evaluation metric: silhouette
Clustering evaluation value: 0.3702488414509102

========== Cluster 0 ==========

Base classifier: SVC(probability=True)

Minority Class: 0

Selected Features: [ 0  1  2  3  4  5  6  7  8  9 10 11 12 13 14 15 16 17 18 19 20 21 22 23
 24 25 26 27 28 29 30]

Labels: [0 1 1 0 1 0 1 1 0 0 0 0 0 0 1 1 1 1 0 1 0 1 1 1 0 1 0 1 0 1 0 1 1 0 1 0 0
 1 1 1 1 1 0 0 0 1 1 1 1 0 0 0 0 1 0 0 1 0 0 0 0 1 1 1 1 1 0 1 0 1 0 0 0 0
 0 0 0 1 1 0 0 1 1 1 1 0 1 0 0 0 1 1 0 0 0 0 0 1 1 1 1 1 1 0 0 0 1 1 0 0 0
 0 1 0 1 0 0 0 1 0 1 0 1 1 1 1 1 0 1 1 1 0 1 1 1 0 1 1 1 1 1 1 1 0 0 0 1 0
 0 1 1 0 0 0 0 1 1 1 1 0 1 0 0 1 0 0 0 0 0 0 1 0 0 1 0 0 1 1 0 1 1 0 1 1 0
 1 0 0 1 1 0 0 0 0 0 0 1 0 1 0 1 0 1 1 1 0 1 0 1 1 0 1 0 1 1 1 0 0 0 0 0 0
 1 1 0 1 0 0 0 0 0 0 0 0 1 0 0 0 1 0 0 1 1 0 0 1 0 1 0 1 1 0 0 1 1 1 0 1 1
 1 0 0 0 0 0 0 0 0 1 1 1 0 0 0 0 0 1 1 1 1 1 1 1 0 0 1 0 1 1 1 1 1 0 0 0 0
 1 0 1 1 1 1 1 1 1 0 1 0 0 0 0 1 0 1 0 0 1 0 0 1 1 0 1 0 1 1 0 0 0 1 1 0 1
 1 1 1 1 1 0 1 0 0 1 1 1 1 0 1 0 1 1 0 1 0 1 0 0 0 1 1 1 1 0 1 0 0 1 0 1 1
 1 0 1 1 1 1 1 1 0 1 0 1 0 0 0 0 1 1 0 1 0 0 1 1 0 1 1 1 0 1 1 1 1 0 0 0 0
 1 0 0 0 1 1 0 0 1 1 0 0 0 0 0 1 1 0 1 0 1 1 1 0 0 0 1 1 0 1 1 0 0 0 1 0 1
 0 1 1 1 0 1 0 1 0 1 1 1 1 0 1 0 1 0 0 0 1 0 0 1 0 0 1 0 0 1 1 1 0 0 0 1 1
 0 1 1 0 0 0 1 1 1 0 0 1 0 1 0 0 0 0 0 0 0 1 1 1 1 1 0 0 1 0 1 1 1 1 0 1 0
 0 1 0 1 0 0 1 0 0 1 0 1 0 1 0 0 0 1 1 0 1 0 0 0 1 1 1 1 1 1 1 1 1 0 0 0 0
 0 1 1 0 1 0 1 1 1 0 1 0 0 1 0 1 1 1 0 0 0 0 1 1 0 1 0 1 0 0 1 1 0 1 0 0 0
 0 0 0 0 1 1 1 0 0 1 1 0 1 0 1 1 1 0 0 1 0 1 0 1 0 1 0 0 1 1]

Synthetic samples indexes: [  1   2   4   6   7  14  15  16  17  19  21  22  23  25  27  29  31  32
  34  37  38  39  40  41  45  46  47  48  53  56  63  64  65  67  69  77
  78  81  83  84  86  90  91  98  99 100 101 102 107 114 118 120 122 124
 126 129 130 132 133 137 138 139 140 141 142 146 149 155 156 157 158 160
 163 170 173 176 177 180 182 183 185 189 196 198 200 202 203 204 206 208
 209 213 214 215 222 223 225 234 238 241 242 245 247 249 250 253 254 255
 257 258 259 268 269 270 276 277 278 279 280 281 282 287 288 289 290 291
 296 298 299 300 301 302 303 304 306 311 313 316 319 320 322 325 329 330
 332 334 335 336 337 339 342 344 345 347 349 350 352 354 359 360 361 363
 366 368 369 370 372 373 374 375 377 379 381 386 387 389 392 393 395 396
 397 399 400 401 402 407 411 412 415 416 422 423 425 428 429 433 434 436
 437 441 443 445 446 447 449 451 453 454 455 456 458 464 470 473 474 475
 479 480 482 483 487 488 489 494 502 503 504 505 506 509 511 512 514 516
 519 521 527 529 531 535 536 538 542 544 545 546 547 548 549 550 556 557
 559 561 562 563 565 568 570 571 572 577 578 580 582 585 586 596 597 598
 601 602 604 606 607 608 611 613 615 617 620 621]

========== Cluster 1 ==========

Base classifier: SVC(probability=True)

Minority Class: 0

Selected Features: [ 0  1  2  3  4  5  6  7  8  9 10 11 12 13 14 15 16 17 18 19 20 21 22 23
 24 25 26 27 28 29 30]

Labels: [0 1 1 0 1 0 1 1 0 1 1 1 0 1 0 0 1 1 0 0 0 0 1 0 0 1 1 0 1 1 1 1 1 0 0 1 1
 1 1 0 0 1 1 1 1 1 0 1 1 1 0 0 0 0 0 1 0 0 1 1 0 0 0 1 1 0 0 0 1 0 1 1 0 0
 0 0 0 0 1 0 1 1 0 0 1 0 1 0 0 0 1 1 1 0 1 0 0 0 0 0 1 0 1 1 1 1 1 0 1 0 1
 0 1 1 0 1 0 1 0 1 0 1 0 1 1 0 0 0 0 1 1 1 0 1 0 1 1 0 1 1 1 1 1 0 1 0 1 0
 0 1 0 1 1 0 0 0 0 1 1 1 1 0 0 0 1 1 1 1 0 1 0 1 1 1 0 0 1 1 0 0 0 1 0 1 0
 1 1 1 0 1 1 0 0 1 1 0 0 1 0 1 1 1 1 0 0 1 0 0 1 0 1 1 1 1 1 1 1 1 1 1 0 1
 0 1 0 0 0 0 1 1 0 0 0 1 1 0 0 1 0 1 1 1 0 1 0 0 1 0 1 0 0 0 1 1 1 1 1 1 0
 1 1 0 0 0 1 1 1 0 1 0 0 0 1 0 0 0 1 0 1 1 0 0 0 0 0 1 0 0 0 0 0 0 1 0 0 0
 0 0 1 0 1 0 0 0 0 1 0 0 1 0 1 0 0 1 1 1 0 0 0 1 1 0]

Synthetic samples indexes: [  0   3   5   8  12  15  18  19  20  21  23  24  27  33  34  39  46  50
  51  52  53  54  56  57  60  61  62  65  66  67  69  72  73  75  76  79
  82  83  85  87  88  89  93  95  96  97  98  99 101 107 109 111 114 116
 118 120 122 125 126 127 128 132 134 137 143 145 147 148 150 153 154 155
 156 161 162 163 168 170 174 175 178 179 180 182 191 192 195 198 203 204
 206 207 209 222 224 225 226 227 230 231 232 235 236 238 242 244 245 247
 249 250 251 258 261 262 263 267 269 270 271 273 274 275 277 280 281 282
 283 286 287 288 289 290 291 293 294 295 296 297 299 301 302 303 306 307
 309 311 312 316 317 318]

