Clustering algorithm selected: kmeans
=====================================

Clustering evaluation metric: silhouette
Clustering evaluation value: 0.37088379390502063

========== Cluster 0 ==========

Base classifier: SVC(probability=True)

Minority Class: 0

Selected Features: [ 0  1  2  3  4  5  6  7  8  9 10 11 12 13 14 15 16 17 18 19 20 21 22 23
 24 25 26 27 28 29 30]

Labels: [1 1 0 0 1 0 0 0 0 1 0 1 0 1 1 1 0 1 0 1 1 0 0 0 1 0 0 1 0 1 0 0 0 1 1 1 1
 0 0 1 0 0 0 1 1 1 1 0 1 1 1 1 0 1 0 0 0 0 1 1 0 0 1 1 1 0 0 1 1 0 0 0 0 0
 1 0 1 1 1 0 1 0 1 0 0 0 1 0 0 0 1 0 0 0 1 1 0 1 0 1 1 0 1 0 1 1 1 1 1 1 0
 0 0 0 0 0 0 1 1 0 1 1 1 0 1 0 1 1 1 0 0 1 1 1 1 1 1 1 0 1 1 1 0 0 0 1 1 0
 1 1 0 0 0 1 0 1 1 0 1 0 0 1 1 1 0 0 1 0 0 1 0 1 0 1 0 0 0 0 0 0 1 0 0 1 1
 1 1 0 0 1 1 0 1 0 0 0 0 0 0 0 0 1 0 1 1 1 0 1 1 1 0 1 1 0 1 0 1 0 0 0 1 0
 1 0 1 1 1 0 0 0 0 0 1 0 0 1 1 0 0 1 0 0 0 0 1 0 1 0 0 0 1 0 1 0 1 0 0 1 1
 0 1 1 0 1 1 0 0 0 0 1 0 1 0 1 0 1 1 1 0 0 1 1 0 0 0 0 0 0 1 1 1 1 1 0 1 0
 0 0 1 1 0 0 1 0 1 0 1 0 0 1 0 0 1 1 1 0 0 1 1 1 1 0 0 1 0 0 0 0 0 1 1 1 1
 1 1 1 0 0 1 0 0 1 0 1 0 1 0 1 1 1 0 1 0 1 1 0 1 1 1 1 1 1 1 1 0 1 0 1 0 0
 0 0 1 0 0 0 1 1 1 0 1 0 1 1 0 1 1 0 1 1 0 1 1 1 0 1 1 1 1 1 0 0 1 1 1 0 0
 1 0 1 1 0 0 0 0 1 0 1 1 0 0 1 1 1 1 0 1 0 1 1 0 1 1 0 1 0 0 0 1 0 0 1 1 1
 0 1 0 0 0 1 0 0 0 0 1 1 1 0 0 0 0 0 1 1 0 1 0 1 1 1 1 1 1 0 0 1 1 0 0 1 1
 1 1 0 0 0 1 0 1 1 1 0 0 1 1 1 1 0 1 0 0 0 0 0 1 1 0 1 1 1 1 1 0 0 0 1 1 0
 0 0 0 0 1 0 1 0 1 0 0 0 1 1 0 1 0 0 0 0 0 1 0 0 1 1 0 0 0 0 1 1 0 0 1 0 0
 1 0 0 1 1 1 1 1 1 0 1 0 1 1 0 0 0 0 0 1 0 1 0 0 0 1 0 0 1 0 1 1 1 1 1 1 0
 1 0 0 0 0 0 1 1 0 1 1 1 1 0 1 1 1 0 0 0 1 0 1 1 0 1 1 1 1 0 0 1 0 0]

Synthetic samples indexes: [  0   4   9  11  13  14  15  17  19  20  24  29  33  34  35  39  43  45
  46  48  49  51  53  58  59  62  63  64  67  74  76  78  80  82  86  90
  94  95  97  99 100 102 104 105 106 107 108 109 117 118 120 121 122 124
 126 127 128 131 132 133 134 135 136 137 139 140 141 145 146 148 149 153
 155 156 158 161 162 163 166 169 171 173 180 183 184 185 186 189 190 192
 201 203 204 205 207 209 211 214 216 220 222 224 225 226 232 235 236 244
 246 250 252 254 258 260 261 263 264 269 271 273 275 276 277 281 288 289
 291 292 298 302 304 306 309 312 313 314 317 318 319 323 329 330 331 332
 333 334 335 338 341 345 347 348 349 351 353 356 357 358 359 360 361 362
 363 365 367 372 376 377 378 380 382 385 386 388 389 391 392 393 395 396
 397 398 399 402 403 404 407 409 410 417 418 421 422 423 426 428 429 431
 432 434 438 441 442 443 445 449 454 455 462 463 465 467 468 469 470 472
 475 476 479 480 481 482 486 488 490 495 496 498 504 505 507 508 509 510
 511 515 516 524 526 530 531 533 539 543 548 549 552 555 558 559 560 561
 562 563 565 568 574 576 580 583 585 586 587 588 589 590 592 598 601 602
 603 604 606 607 608 612 614 615 617 618 619 620 623]

========== Cluster 1 ==========

Base classifier: GaussianNB()

Minority Class: 0

Selected Features: [ 0  1  2  3  4  5  6  7  8  9 10 11 12 13 14 15 16 17 18 19 20 21 22 23
 24 25 26 27 28 29 30]

Labels: [0 0 1 0 1 1 1 1 1 0 1 0 0 1 1 0 1 1 1 0 1 1 0 1 1 1 0 1 1 0 0 0 1 1 0 0 0
 1 1 0 0 0 1 1 1 1 1 0 1 0 0 1 0 0 0 1 0 1 1 0 1 0 0 0 0 1 0 0 0 1 0 1 0 1
 1 0 1 0 1 1 1 0 1 0 1 1 0 1 1 0 1 1 1 1 0 0 0 0 0 0 1 0 1 0 0 1 1 0 1 0 1
 1 1 1 1 1 0 1 1 1 0 0 1 0 0 0 0 0 0 1 1 1 1 1 0 1 1 0 0 0 0 0 1 1 1 0 1 0
 0 1 0 1 0 1 0 1 1 1 1 0 1 0 0 0 0 1 1 0 1 1 0 0 1 1 1 1 0 0 0 0 0 0 1 1 0
 1 0 0 0 1 0 0 1 1 1 1 1 1 1 1 1 0 0 0 1 0 1 1 0 0 0 0 0 1 0 0 0 1 0 0 0 1
 1 1 1 1 0 0 0 1 1 1 1 1 1 0 1 1 1 0 1 1 0 0 0 0 0 1 0 0 0 0 1 0 0 0 0 0 0
 1 1 1 0 0 1 0 1 0 0 1 0 0 0 0 1 1 1 1 1 1 0 0 1 0 0 0 0 1 0 0 0 0 1 1 0 0
 0 1 0 1 1 0 1 1 1 1 0 1 1 0 1 0 1 1 0 0 0 1 1 1 0 0]

Synthetic samples indexes: [  0   1   3   9  11  12  15  19  22  26  29  30  34  35  36  39  40  41
  47  49  50  52  54  56  59  61  62  63  64  66  67  68  70  72  75  77
  81  83  86  89  94  95  96  97  98  99 101 103 104 107 109 116 120 121
 123 124 125 126 127 134 137 138 139 140 141 145 147 148 150 152 154 159
 161 162 163 164 167 170 171 176 177 178 179 181 184 186 187 188 190 191
 201 202 203 205 208 209 210 211 212 214 215 216 218 219 220 227 228 235
 239 242 243 245 246 248 249 251 253 254 255 256 257 258 262 263 265 267
 268 270 271 272 273 280 281 283 284 285 286 288 289 290 291 294 295 296
 298 301 309 311 314 315 316 320 321]

