Clustering algorithm selected: kmeans++
=====================================

Clustering evaluation metric: silhouette
Clustering evaluation value: 0.37738845647553637

========== Cluster 0 ==========

Base classifier: SVC(probability=True)

Minority Class: 0

Selected Features: [ 0  1  2  3  4  5  6  7  8  9 10 11 12 13 14 15 16 17 18 19 20 21 22 23
 24 25 26 27 28 29 30]

Labels: [0 1 1 0 0 1 1 1 1 0 0 1 1 1 1 0 0 1 0 0 1 0 1 0 1 0 1 1 1 0 0 1 0 0 0 0 1
 0 0 1 0 0 0 0 1 1 1 0 1 1 0 1 1 1 1 0 1 0 0 0 1 1 1 1 0 0 1 0 1 1 1 1 1 1
 1 0 0 0 0 1 1 1 1 1 0 1 0 1 0 1 0 1 0 1 0 1 1 1 0 0 0 0 0 0 0 1 1 1 0 1 1
 1 1 1 0 0 0 1 1 1 0 1 1 1 1 1 0 1 0 0 0 0 1 1 0 1 1 1 1 0 0 0 1 0 1 0 1 1
 0 1 0 0 1 0 1 1 1 1 0 0 0 1 0 1 0 1 0 0 1 1 1 1 0 0 0 0 1 1 1 1 1 1 0 0 0
 0 0 1 0 0 0 0 0 1 1 0 1 1 0 1 1 1 1 0 0 1 1 1 0 1 1 0 1 0 0 1 0 1 0 0 1 0
 1 1 1 0 0 0 0 1 0 0 1 0 1 1 1 1 0 1 1 1 1 0 1 0 0 1 0 0 0 1 1 0 1 0 1 1 0
 1 1 1 1 0 1 1 1 0 0 1 0 0 0 0 1 0 1 1 1 0 0 0 0 1 1 1 0 0 1 0 0 0 1 0 1 1
 0 0 0 0 1 1 1 0 1 0 1 0 0 1 1 1 0 1 1 0 0 1 1 0 0 0 0 1 0 1 1 0 1 0 0 1 1
 0 0 0 0 1 0 1 1 0 1 0 1 0 0 1 1 1 1 0 0 1 1 0 0 1 0 1 0 1 0 0 1 1 0 1 0 0
 1 0 1 0 1 0 0 1 0 0 1 1 1 0 1 1 1 0 0 1 0 0 0 0 0 0 0 0 1 0 1 0 0 0 1 0 1
 0 1 1 1 0 1 1 1 1 0 1 0 0 0 0 1 0 1 0 0 1 1 1 0 0 0 0 0 1 1 1 0 1 1 0 0 1
 0 0 0 0 0 0 1 0 0 1 1 0 1 0 1 0 0 1 0 0 0 0 1 0 0 1 0 1 1 0 1 0 1 1 0 0 1
 1 1 1 1 1 1 0 1 1 0 1 0 1 1 1 0 1 0 0 0 0 0 0 1 1 0 1 0 1 1 1 1 0 1 1 0 0
 0 1 0 1 0 0 1 1 0 0 0 1 0 1 1 0 0 1 1 1 0 1 1 0 1 0 1 1 0 0 0 1 0 1 1 0 1
 0 1 1 0 1 1 1 1 0 1 1 0 0 1 0 1 0 1 0 0 1 0 0 1 1 1 0 1 0 0 0 1 0 0 1 0 1
 1 1 0 1 0 0 1 0 0 1 1 0 0 0 0 0 0 1 0 1 0 0 1 1 0 0 0 0 0 0 0 0 1 1]

Synthetic samples indexes: [  1   2   5   7   8  11  12  13  14  17  20  22  26  27  28  31  36  39
  44  45  46  48  49  51  52  53  54  56  60  61  62  63  66  68  69  70
  71  72  74  79  80  81  82  83  85  87  89  93  95  97 106 107 109 110
 111 112 113 117 121 122 123 124 125 127 132 133 135 136 137 138 142 146
 147 149 152 155 156 157 161 163 165 168 169 170 171 176 177 178 179 180
 181 187 193 194 196 197 200 201 202 205 206 207 209 210 212 215 217 220
 222 223 224 229 232 234 235 236 237 239 241 242 244 247 251 252 254 256
 257 259 260 261 262 264 266 269 274 276 277 278 284 285 288 292 294 295
 300 301 302 304 306 309 310 311 314 317 318 323 325 326 328 331 332 337
 339 340 342 344 347 348 349 350 353 354 357 359 361 365 367 370 372 374
 380 381 382 385 389 398 400 404 406 408 409 410 412 414 415 417 422 424
 427 428 435 436 437 439 440 450 453 454 458 461 466 469 471 472 474 476
 477 480 481 482 483 484 485 486 488 489 491 493 494 495 497 504 505 507
 509 510 511 512 514 515 519 521 524 525 529 531 532 535 536 537 539 542
 544 549 551 552 554 556 557 559 561 562 564 565 568 572 575 578 579 580
 582 589 591 592 593 595 598 602 609 614 624 625]

========== Cluster 1 ==========

Base classifier: GaussianNB()

Minority Class: 0

Selected Features: [ 0  1  2  3  4  5  6  7  8  9 10 11 12 13 14 15 16 17 18 19 20 21 22 23
 24 25 26 27 28 29 30]

Labels: [1 1 1 1 0 1 1 0 0 0 1 0 0 0 0 0 1 1 1 0 1 0 0 0 0 1 0 0 1 1 0 1 0 1 0 1 1
 1 0 0 0 1 1 1 0 1 1 1 1 1 1 1 1 0 1 0 1 0 1 1 0 1 1 1 1 1 0 1 0 0 0 0 0 0
 0 0 1 0 0 1 1 0 0 1 1 1 0 1 1 0 0 0 1 0 0 1 1 0 1 1 0 0 1 1 1 1 0 1 1 1 0
 1 1 0 0 1 1 1 0 0 0 0 0 1 0 0 1 1 1 0 0 1 1 1 1 0 1 1 1 0 0 0 1 0 0 1 1 1
 1 0 1 1 1 1 0 1 1 1 0 0 0 0 1 0 0 0 0 0 1 0 0 0 1 0 1 0 1 0 0 1 1 1 0 1 0
 1 1 1 1 0 0 1 0 0 1 0 1 0 0 1 1 0 0 0 0 1 1 0 1 0 1 0 0 1 0 1 0 0 0 0 1 0
 1 0 0 1 0 1 0 0 0 1 0 0 0 0 1 1 1 0 1 0 0 1 1 0 1 1 0 0 1 0 1 0 0 1 0 0 1
 1 1 1 0 1 1 0 1 0 0 1 1 1 1 0 0 0 0 1 0 0 1 1 1 0 0 0 0 1 0 1 1 1 1 1 0 1
 0 0 0 1 0 1 1 0 0 0 1 0 0 0 1 1 0 1 0 1 1 1 0 0]

Synthetic samples indexes: [  4   7   9  11  12  13  14  15  19  21  23  24  26  27  30  32  34  38
  39  40  44  53  55  57  60  66  68  69  70  71  72  73  74  75  77  78
  81  82  86  89  90  93  94  97 100 101 106 113 118 119 120 121 122 124
 125 129 130 135 139 140 141 143 144 149 154 158 159 160 161 163 164 165
 166 167 169 170 171 173 175 177 178 182 184 189 190 192 193 195 197 198
 201 202 203 207 209 211 212 214 218 219 221 223 224 226 228 229 230 232
 233 234 235 239 241 242 245 248 249 251 253 254 256 257 262 265 267 268
 273 274 275 276 278 279 283 284 285 286 288 294 296 297 298 300 303 304
 305 307 308 309 312 314 318 319]

