Clustering algorithm selected: kmeans
=====================================

Clustering evaluation metric: silhouette
Clustering evaluation value: 0.36839288061612674

========== Cluster 0 ==========

Base classifier: GaussianNB()

Minority Class: 1

Selected Features: [ 0  1  2  3  4  5  6  7  8  9 10 11 12 13 14 15 16 17 18 19 20 21 22 23
 24 25 26 27 28 29 30]

Labels: [0 0 1 1 1 0 0 1 1 0 1 1 1 0 0 1 1 1 1 0 0 1 1 0 0 1 1 1 0 0 0 1 1 1 1 0 1
 0 0 0 1 0 0 1 1 1 1 1 0 0 0 0 1 1 1 1 0 1 0 1 1 1 1 1 1 0 0 0 0 1 0 0 1 0
 0 0 1 1 0 1 1 1 1 1 1 1 0 1 1 1 0 0 1 0 0 1 1 0 0 1 0 0 0 1 0 1 1 0 1 0 0
 1 1 0 1 1 1 0 1 0 0 1 0 1 0 1 1 0 0 1 0 0 1 1 0 0 1 1 1 1 0 0 0 0 0 1 0 1
 0 1 1 0 0 1 1 0 1 0 0 1 0 1 1 0 0 0 0 0 1 0 1 1 0 1 1 0 0 1 1 0 1 1 1 0 0
 1 0 1 1 0 0 1 0 0 0 1 0 1 0 1 1 0 0 0 0 1 0 1 0 1 0 0 0 0 1 1 0 0 1 0 0 0
 1 0 1 0 0 0 0 1 0 1 0 0 0 1 1 1 0 0 0 0 1 1 1 1 0 0 1 0 1 1 0 0 1 0 0 0 0
 0 1 1 1 0 1 1 0 1 0 1 1 0 1 1 0 1 1 0 0 1 1 0 0 0 0 0 1 1 0 1 0 0 1 1 1 1
 1 0 0 0 0 1 0 0 0 1 0 0 1 1 0 1 1 0 0 1 1 1 1 1 0 0 0 1 1 0 1 1 1 0]

Synthetic samples indexes: [  0   1   5   6   9  13  14  19  20  23  24  28  29  30  35  37  38  39
  42  48  49  51  56  58  65  66  67  68  70  73  74  75  78  86  90  91
  93  94  97  98 100 101 102 104 107 109 110 113 117 119 120 122 124 127
 128 130 131 134 135 141 142 143 144 146 151 152 155 157 158 160 163 164
 165 166 167 169 172 175 176 179 183 184 186 189 190 192 193 194 196 198
 202 203 204 206 208 210 212 213 216 217 219 220 221 223 225 226 227 228
 230 232 233 238 239 240 241 246 247 249 252 253 255 256 257 258 259 263
 266 268 271 274 277 278 281 282 283 284 285 288 290 291 297 298 299 300
 302 303 304 306 307 310 313 314 320 321 322 325 329]

========== Cluster 1 ==========

Base classifier: SVC(probability=True)

Minority Class: 1

Selected Features: [ 0  1  2  3  4  5  6  7  8  9 10 11 12 13 14 15 16 17 18 19 20 21 22 23
 24 25 26 27 28 29 30]

Labels: [1 0 0 0 0 0 1 0 1 1 0 1 1 0 0 0 1 0 1 0 1 1 0 0 1 1 1 0 0 1 0 0 0 1 1 0 0
 0 0 0 0 1 1 1 1 1 0 0 0 1 0 0 0 1 1 1 1 0 1 1 0 1 0 0 1 0 0 1 0 1 1 0 0 0
 0 1 1 1 1 0 0 0 0 1 1 0 1 0 0 0 1 0 1 1 0 0 0 0 0 1 0 1 1 1 1 0 0 0 0 0 1
 0 1 0 1 0 0 1 0 1 0 0 0 0 1 1 0 1 0 0 1 0 1 1 1 0 1 1 0 0 1 1 1 1 0 0 0 1
 1 0 0 1 0 1 0 1 0 0 1 1 1 1 1 1 1 1 0 1 1 0 1 1 1 1 1 0 1 0 0 0 1 0 0 1 0
 0 0 1 0 1 1 0 1 0 1 0 1 0 1 1 0 1 0 0 0 1 1 1 1 0 1 1 0 1 1 1 1 1 1 0 0 1
 1 0 0 0 1 0 1 0 0 1 0 1 1 1 0 0 0 0 1 1 1 1 1 1 0 1 1 0 0 1 0 1 0 0 0 0 1
 0 1 0 0 0 1 0 0 1 0 1 1 0 0 1 0 1 0 1 1 0 1 1 0 0 0 0 0 1 1 1 1 0 0 0 0 0
 1 1 0 0 0 1 1 1 1 1 0 1 1 0 0 0 0 0 1 0 0 1 1 1 1 1 1 0 0 0 0 1 1 0 1 1 1
 0 1 0 0 1 1 1 1 0 1 0 0 1 1 1 0 1 1 0 0 0 0 0 0 1 0 1 0 0 0 0 1 1 0 1 0 0
 0 0 1 1 0 0 0 0 1 1 0 0 0 0 0 0 1 1 1 0 0 0 1 0 0 0 1 1 0 0 1 1 1 1 0 1 0
 0 1 1 1 0 0 1 1 0 0 1 0 1 0 0 1 1 0 1 0 1 1 1 1 1 0 0 0 1 1 1 1 0 1 1 1 1
 1 1 1 0 0 0 1 0 0 0 0 0 1 0 0 1 1 1 1 0 1 0 0 1 1 1 1 1 0 0 1 1 1 0 0 0 1
 0 1 0 1 0 0 1 1 0 0 0 1 0 1 1 1 0 0 1 1 1 1 0 1 1 0 1 0 1 0 1 1 0 0 1 1 0
 0 1 0 1 1 1 0 0 0 0 0 0 1 1 0 0 1 0 1 0 1 1 1 1 0 1 0 0 1 1 0 1 0 1 1 0 1
 1 0 0 1 1 1 1 0 1 1 1 1 0 1 0 0 0 1 0 1 0 1 0 1 1 0 0 1 1 1 1 1 0 1 0 0 1
 0 1 0 0 0 1 0 1 1 0 0 1 1 1 0 0 1 0 1 0 0 0 1 0 1 1 1 0 0 1 0 0 0 0]

Synthetic samples indexes: [  0   6   8   9  11  12  16  18  20  21  25  26  29  33  34  41  42  43
  44  45  49  53  54  55  56  58  59  61  64  67  69  70  75  76  77  78
  83  84  86  90  93 101 102 103 104 110 112 114 117 119 124 125 127 130
 132 133 134 136 137 140 141 142 143 147 148 151 153 155 158 159 160 161
 163 164 165 167 168 170 171 172 174 176 180 183 187 189 190 192 194 196
 198 199 201 205 206 207 208 211 213 214 216 217 218 221 222 226 228 233
 234 235 240 241 242 243 244 248 251 253 258 260 264 267 269 270 273 275
 277 278 280 281 287 288 289 290 297 301 302 303 305 314 317 318 319 320
 321 322 327 328 330 331 332 337 338 339 340 342 345 346 347 349 350 357
 359 364 365 367 372 373 378 379 386 387 388 392 396 397 400 401 402 403
 405 408 409 410 413 414 417 419 422 423 425 428 429 430 431 435 436 437
 438 440 441 442 443 444 445 456 459 460 461 462 464 467 468 469 470 474
 475 476 480 482 484 487 488 492 494 495 499 500 501 502 504 505 507 509
 511 512 515 516 519 521 522 523 531 534 536 538 539 540 541 543 546 549
 551 552 554 555 558 559 560 561 563 564 566 568 572 574 576 578 582 583
 585 586 588 591 593 597 599 600 603 604 605 608 610 616 617 618 621]

