Clustering algorithm selected: kmeans
=====================================

Clustering evaluation metric: silhouette
Clustering evaluation value: 0.3846719547627156

========== Cluster 0 ==========

Base classifier: SVC(probability=True)

Minority Class: 0

Selected Features: [ 0  1  2  3  4  5  6  7  8  9 10 11 12 13 14 15 16 17 18 19 20 21 22 23
 24 25 26 27 28 29 30]

Labels: [1 0 0 1 0 0 1 0 0 1 1 1 1 0 0 1 1 1 0 0 1 0 1 0 0 0 0 0 0 1 0 0 0 0 1 0 1
 0 0 1 1 1 1 1 1 1 1 1 0 0 1 0 1 1 0 1 0 0 1 0 0 1 1 1 0 0 0 1 0 0 1 0 0 1
 1 1 1 1 0 1 0 1 1 0 0 0 1 0 0 0 0 0 1 0 1 0 0 0 1 0 1 1 1 0 0 1 0 0 1 1 1
 1 0 0 0 0 1 0 0 0 0 0 1 1 0 1 1 0 0 0 1 0 0 0 1 0 1 0 0 1 0 0 0 0 1 0 0 1
 1 1 0 0 0 0 1 0 1 0 1 0 0 1 0 0 0 1 1 0 1 1 1 1 0 0 0 1 1 1 1 1 0 1 0 0 1
 0 1 0 1 0 0 1 1 0 0 1 1 1 1 0 1 1 0 0 1 1 0 1 0 0 1 1 0 0 0 0 0 1 1 1 1 1
 0 1 0 1 0 1 0 0 0 1 1 1 1 1 1 1 1 0 1 1 1 0 0 1 0 0 1 0 1 0 0 0 1 0 1 0 0
 0 0 1 0 0 1 1 0 1 0 1 1 1 1 1 1 1 1 0 0 1 0 0 1 1 0 0 1 0 1 1 1 1 1 1 0 1
 1 1 1 0 0 1 0 1 0 0 0 1 1 0 0 1 0 1 1 0 0 1 0 0 0 0 0 1 1 0 0 1 1 0 0 1 1
 0 1 1 1 0 1 1 1 1 0 0 0 1 0 0 0 0 1 0 1 0 1 1 0 1 1 1 1 1 0 1 1 0 0 1 0 1
 1 1 0 0 1 1 0 1 1 0 1 0 1 0 1 0 0 1 1 1 0 0 1 0 0 0 1 0 0 1 1 0 0 1 1 0 0
 1 0 0 1 0 1 1 0 1 1 1 1 1 0 0 1 0 1 0 1 1 0 1 0 1 0 1 0 1 1 0 1 0 0 0 1 0
 1 1 0 1 1 1 1 0 1 0 1 0 1 1 1 1 1 0 0 0 0 0 0 1 0 1 0 0 0 0 1 0 1 0 0 0 0
 1 1 1 1 1 1 0 0 0 1 0 1 0 1 1 1 1 1 0 0 0 0 0 0 0 0 0 0 1 1 1 1 1 1 0 1 1
 1 1 0 0 1 0 1 1 0 0 1 0 1 0 0 1 0 1 0 0 0 1 1 1 0 1 0 0 0 0 1 1 0 0 1 0 1
 0 0 0 0 0 1 1 1 1 0 1 1 0 1 1 0 0 0 1 0 1 1 0 0 0 1 1 0 1 0 1 1 1 1 0 0 1
 0 1 1 1 1 0 0 1 0 0 1 0 1 1 0 0 1 1 0 1 0 0 1 0 1 0 1 1 0 1 0 1 1 0 0 0 0
 1]

Synthetic samples indexes: [  0   3   6   9  10  11  15  16  17  20  22  29  34  36  39  40  41  42
  44  45  46  47  50  52  53  55  58  61  62  63  67  70  73  74  75  76
  77  79  81  82  86  92  94  98 100 102 105 108 109 110 111 116 122 123
 126 130 134 136 139 144 147 148 149 154 156 158 161 165 166 168 169 170
 171 175 176 177 179 181 186 188 191 192 195 196 197 198 200 204 205 207
 210 211 218 220 221 223 225 227 231 232 233 235 237 240 241 242 245 248
 250 254 256 261 265 270 271 272 274 275 276 279 282 286 288 289 290 291
 292 293 295 296 297 298 301 303 307 311 313 314 317 323 324 327 328 331
 332 334 335 336 339 340 341 345 350 352 354 355 357 358 359 361 363 364
 367 370 371 374 377 378 380 382 384 387 388 389 392 396 399 400 403 404
 407 410 412 413 415 417 418 419 422 424 426 427 429 431 433 435 436 438
 442 444 445 447 449 450 452 454 456 457 458 459 460 467 469 474 476 481
 482 483 484 485 486 490 492 494 495 497 498 509 510 513 514 516 517 518
 519 522 524 525 528 530 533 535 539 540 541 543 548 552 554 560 561 562
 563 565 566 568 569 573 575 576 580 581 583 585 586 587 588 591 594 596
 599 602 604 605 608 609 611 614 616 618 619 621 624 629]

========== Cluster 1 ==========

Base classifier: GaussianNB()

Minority Class: 0

Selected Features: [ 0  1  2  3  4  5  6  7  8  9 10 11 12 13 14 15 16 17 18 19 20 21 22 23
 24 25 26 27 28 29 30]

Labels: [1 0 1 0 0 1 1 0 0 1 1 0 0 0 1 1 0 1 1 1 1 1 1 0 1 1 0 1 1 0 0 0 0 1 0 0 0
 1 0 1 0 1 0 1 0 1 1 0 0 0 1 0 0 0 0 1 1 1 1 0 0 1 0 0 0 0 1 1 1 0 0 1 0 0
 1 0 1 1 1 1 0 1 0 1 1 1 0 0 0 0 1 1 0 1 1 0 1 0 0 0 1 0 0 0 1 1 1 0 0 0 0
 1 1 0 1 0 0 0 0 1 0 1 0 0 0 0 0 1 1 1 1 0 1 1 0 1 1 0 0 0 1 1 1 0 0 0 1 0
 1 1 0 1 1 1 1 0 0 1 1 0 1 0 1 1 0 1 0 1 0 1 0 1 1 1 0 0 1 0 0 1 1 0 1 1 1
 0 1 1 0 1 0 1 0 1 1 0 0 0 1 1 0 0 1 0 1 0 0 0 1 1 0 1 0 0 0 1 0 0 0 1 1 0
 0 1 0 0 1 0 1 0 1 1 1 0 1 0 1 0 1 1 1 0 1 0 1 1 1 1 0 1 1 1 1 0 0 1 1 0 1
 0 0 1 0 0 1 0 0 1 1 1 1 0 0 0 0 0 1 1 1 0 1 1 0 0 0 1 0 1 0 0 0 0 1 0 1 1
 1 1 0 1 0 1 0 1 0 1 1 1 0 0 0 0 1 0 0 0 0 1 1 1]

Synthetic samples indexes: [  1   3   4   7   8  11  12  13  16  23  26  30  31  32  34  35  36  38
  40  42  44  47  48  49  51  52  53  54  59  60  63  64  65  69  72  73
  75  80  82  86  87  88  89  92  95  97  98  99 101 102 103 107 108 109
 110 113 115 116 117 118 120 122 123 124 125 126 131 134 137 138 139 143
 144 145 147 150 155 156 159 161 164 166 168 170 175 177 178 181 185 188
 190 192 195 196 197 200 201 205 206 207 210 212 214 216 217 218 221 222
 224 225 227 229 233 235 237 241 243 248 253 254 257 259 260 262 263 265
 266 271 272 273 274 275 279 282 283 284 286 288 289 290 291 293 298 300
 302 304 308 309 310 311 313 314 315 316]

