Clustering algorithm selected: kmeans++
=====================================

Clustering evaluation metric: dbc
Clustering evaluation value: 0.026907097108768457

========== Cluster 0 ==========

Base classifier: SVC(C=393.4979285496295, gamma=8.866764872486897, probability=True)

Minority Class: 2

Selected Features: [0 1 2 3 4 5 6 7 8 9]

Labels: [2 2 0 1 2 1 0 2 2 2 2 0 0 0 1 1 0 1 1 0 0 0 1 1 0 0 2 2 0 1 2 0 0 2 1 0 0
 0 2 2 0 1 0 2 1 0 0 0 1 0 1 0 2 2 1 1 0 0 2 0 2 2 2 2 2 2 1 1 2 2 2 0 1 2
 1 1 1 0 1 0 1 2 0 1 0 2 1 2 2 0 1 2 1 1 1 2 2 2 1 1 2 1 2 1 2 2 2 1 0 0 0
 1 1 0 1 0 0 1 2 2 2 2 0 0 2 0 1 2 1 0 1 2 0 1 0 0 2 0 1 1 1 0 1 0 2 1 1 2
 1 1 0 2 1 1 0 1 0 2 0 0 1 2 2 0 0 0 1 1 1 0 0 1 2 0 1 0 0 2 2 1 1 0 0 2 0
 2 0 0 2 0 1 2 2 1 1 1 2 1 2 1 1 2 1 0 1 0 0 1 1 0 2 1 2 0 1 0 2 0 0 2 1 1
 0 0 1 2 1 1 1 0 1 1 0 1 0 1 0 2 1 1 0 0 1 0 2 1 2 1 0 1 0 0 1 1 2 0 2 1 1
 0 1 2 2 2 1 2 2 1 1 1 1 1 1 0 1 2 0 0 1 0 1 1 0 2 0 1 0 2 2 0 2 0 2 1 1 0
 0 2 2 2 1 0 2 0 2 2 0 2 2 0 0 1 0 0 2 2 2 2 1 2 0 1 1 2 1 2 2 1 2 1 2 1 1
 1 1 1 0 1 0 2 1 1 0 1 2 0 2 1 1 0 0 2 0 1 2 2 1 0 1 2 1 1 1 0 0 2 0 1 2 1
 2 2 2 2 0 2 2]

========== Cluster 1 ==========

Base classifier: KNeighborsClassifier(n_neighbors=7)

Minority Class: 1

Selected Features: [0 1 2 3 4 5 6 7 8 9]

Labels: [2 0 0 1 1 2 2 1 0 2 2 2 1 2 0 0 0 2 2 0 0 1 1 1 0 1 2 0 1 0 1 2 0 1 0 1 1
 1 1 2 0 0 0 2 0 2 1 0 0 0 0 2 2 2 0 2 0 0 0 2 0 2 0 1 2 0 1 2 2 2 2 0 0 0
 2 0 2 1 0 2 0 0 2 0 0 2 1 2 2 0 1 2 1 0 1 2 2 2 0 1 1 0 0 0 0 2 0 1 2 2 2
 1 1 2 0 1 1 0 2 2 1 0 2 0 0 2 2 0 2 2 2 1 0 2 1 2 0 2 1 2 2 2 0 1 1 1 1 2
 2 1 1 2 0 0 2 1 1 2 0 1 0 1 2 2 0 0 0 2 1 1 1 0 1 1 0 1 0 2 2 2 2 2 2 0 2
 1 1 1 2 1 1 0 2 0 0 1 0 1 0 0 0 1 0 1 0 0 1 0 0 0 1 1 0 1 1 1 1 1 2 2 2 2
 2 2 1 1 1 2 2 0 1 2 0 1 1 1 2 0 1 2 2 2 1 0 0 0 0 0 1 1 0 0 2 1 2 2 2 1 0
 1 1 2 0 0 2 2 1 0 0 1 0 1 0 0 2 2 0 0 2 1 0 2 0 2 0 0 1 2 0 0 1 1 1 1 1 2
 0 1 0 0 1 2 0 2 0 2 0 1 1 0 2 2 2 1 2 1 1 2 2 0 0 1 1 0 2 0 0 2 0 1 2 2 0
 2 0 2 0 2 0 0 1 1 1 2 0 0 1 2 0 2 0 0 2 0 2 1 0 1 0 2 2 0 2 0 2 2 0 0 1 0
 0 2 1 1 2 0 1 0 2 2 2 0 1 2 0 1 0 0 0 0 2 2 0 1 0 2 2 0 0 1 2 0 1 1 0 1 1
 2 0 1 0 2 0 1 2 0 2 1 0 0 0 0 0 2 0 2 1 2 1 1 0 1 1 1 2 0 1 0 0 1 1 2 1 2
 0 2 0 2 0 2 1 0 0 0 0 1 1 1 1 0 2 0 0 1 1 1 2 2 1 2 0 0 2 2 0 0 2 2 1 1 2
 2 2 0 0 2 0 0 1 2 2 1 1 2 2 2 1 2 1 0 1 2 0 0 0 2 0 2 0 2 0 2 1 1 0 2 0 0
 1 2 1 0 2 2 0 0 0 2 0 1 2 0 0 0 1 2 0 2 2 2 2 2 1 1 1 2 2 1 2 0 2 1 0 1 1
 2 2 1 1 0 2 0 2 0 0 0 2 2 2 1 0 2 0 0 0 1 2 0 2 1 1 0 2 1 2 2 2 2 0 0 1 2
 0 0 2 1 0 1 2 1 1 0 1 1 2 0 1 0 2 2 0 1 0 2 0 0 0 2 1 2 2]

========== Cluster 2 ==========

Base classifier: KNeighborsClassifier()

Minority Class: 0

Selected Features: [0 1 2 3 4 5 6 7 8 9]

Labels: [0 2 2 0 2 2 0 2 2 2 2 0 1 1 2 2 1 0 0 0 2 1 1 0 2 1 0 2 1 0 1 1 2 2 1 0 2
 1 1 2 1 0 2 2 1 2 1 0 1 1 1 1 0 1 0 1 0 0 0 1 0 1 2 2 1 0 2 2 2 1 1 1 0 2
 2 2 0 2 1 2 1 0 2 2 0 0 1 0 1 1 0 2 1 1 2 0 2 2 0 1 2 0 0 2 1 1 1 0 1 1 1
 1 1 1 2 2 2 2 1 0 1 1 0 1 2 2 2 1 2 1 0 2 0 1 1 1 0 0 2 1 0 1 0 0 1 1 0 0
 2 2 1 0 0 0 2 2 2 2 0 0 0 0 1 1 1 2 1 1 2 0 2 2 1 1 0 2 0 1 1 1 0 1 1 0 1
 1 2 2 2 2 1 2 0 2 2 0 1 0 2 1 1 1 0 0 0 2 0 0 0 0 2 1 2 1 0 0 0 2 0 0 1 0
 1 2 0 1 2 0 1 0 1 2 2 1 1 2 1 2 2 0 0 1 2 2 1 2 1 0 1 2 2 0 1 1 2 2 0 1 0
 1 2 2 2 2 2 0 1 1 2 1 1 2 1 1 1 0 1 1 2 1 0 2 2 1 1 1 2 0 2 2 2 1 1 2 1 0
 2 2 1 0 1 1 1 0 2 0 2 0 2 1 1 1 2 2 1 1 2 1 2 1 2 0 1 1 2 0 0 2 1 2 0 0 1
 0 2 1 2 0 1 0 0 1 1 2 1 0 1 0 2 0 1 2]

