Clustering algorithm selected: kmeans
=====================================

Clustering evaluation metric: silhouette
Clustering evaluation value: 0.1714366175837562

========== Cluster 0 ==========

Base classifier: LogisticRegression()

Minority Class: 0

Selected Features: [ 0  1  2  3  4  5  6  7  8  9 10 11 12 13 14 15 16 17 18 19 20 21 22 23
 24 25 26 27 28 29 30 31 32 33 34 35 36 37]

Labels: [1 1 0 1 0 1 0 1 0 1 0 0 0 0 1 1 0 0 1 1 0 0 1 1 0 1 0 0 0 0 0 1 1 1 1 1 1
 0 0 0 0 0 1 0 0 0 0 1 1 0 1 0 1 1 1 0 1 0 1 0 1 0 1 0 1 1 0 1 0 0 1 1 1 1
 1 0 0 0 0 0 1 1 1 1 0 1 0 0 1 1]

Synthetic samples indexes: [ 0  1  3  5  7  9 15 18 19 22 23 25 31 33 34 35 47 48 50 52 53 54 56 58
 62 64 65 70 71 72 73 74 81 82 85 88]

========== Cluster 1 ==========

Base classifier: SVC(probability=True)

Minority Class: 0

Selected Features: [ 0  1  2  3  4  5  6  7  8  9 10 11 12 13 14 15 16 17 18 19 20 21 22 23
 24 25 26 27 28 29 30 31 32 33 34 35 36 37]

Labels: [0 1 0 1 1 0 0 1 0 1 0 0 0 0 1 0 0 1 1 1 0 1 1 0 1 0 1 0 1 0 1 1 1 1 0 1 0
 0 1 1 0 1 0 0 0 1 0 0 0 0 1 1 0 1 0 1 0 0 1 1 1 0 0 1 1 1 1 1 1 1 0 1 1 1
 0 1 0 0 0 0 1 0 1 1 1 0 1 1 1 1 0 0 1 1 0 1 0 1 1 0 1 0 1 1 1 1 0 1 1 0 1
 1 1 0 0 1 1 0 1 0 0 1 0 1 1 1 1 0 0 1 1 0 1 0 0 0 0 0 1 1 1 0 1 1 0 1 0 0
 1 1 1 0 0 0 1 0 1 1 0 0 0 1 0 0 0 0 0 1 1 1 1 0 1 0 0 0 1 0 1 0 0 0 0 1 0
 1 1 0 0 0 0 0 1 0 1 0 0 1 0 0 0 0 0 0 0 1 1 0 0 1 0 0 0 0 1 1 0 1 1 1 0 0
 0 1 1 0 0 0 1 1 1 0 1 0 1 1 1 0 0 1 0 1 0 0 1 0 1 1 0 0 1 0 1 0 0 0 1 1 1
 0 1 1 1 0 1 1 0 0 0 1 1 0 1 1 1 0 0 1 0 0 0 1 1 0 0 1 0 1 1 0 1 0 0 1 1 0
 1 0 1 1 0 1]

Synthetic samples indexes: [ 19  33  64  67  68  83 108 132 143 161 192 209 217 218 219 223 224 277
 287 294]

========== Cluster 2 ==========

Base classifier: SVC(probability=True)

Minority Class: 0

Selected Features: [ 0  1  2  3  4  5  6  7  8  9 10 11 12 13 14 15 16 17 18 19 20 21 22 23
 24 25 26 27 28 29 30 31 32 33 34 35 36 37]

Labels: [0 0 0 1 1 1 1 1 0 1 0 0 0 1 1 1 0 1 1 1 0 0 0 1 0 1 1 1 1 1 1 1 0 0 0 1 0
 0 0 0 1 1 1 1 1 0 1 1 0 1 0 0 0 0 1 0 1 0 0 0 0 0 1 0 1 0]

Synthetic samples indexes: [ 6  7 17 31 35 44 46 49 54 62]

========== Cluster 3 ==========

Base classifier: KNeighborsClassifier(n_neighbors=7)

Minority Class: 0

Selected Features: [ 0  1  2  3  4  5  6  7  8  9 10 11 12 13 14 15 16 17 18 19 20 21 22 23
 24 25 26 27 28 29 30 31 32 33 34 35 36 37]

Labels: [1 1 0 1 1 1 1 1 1 0 1 1 1 0 1 0 0 0 1 0 0 0 0 1 1 1 0 1 1 0 0 0 1 0 1 0 1
 1 0 0 0 0 1 1 1 1 1 1 0 1 1 0 1 1 0 1 0 0 1 1 0 0 0 0 1 0 1 0 1 0 1 1 0 0
 1 1 0 1 1 0 1 0 1 0 0 1 0 0 1 0 0 1 1 0 0 0 1 1 0 0 0 0 0 0 0 1 1 0 0 0 0
 1 1 1 0 1 1 0 0 0 1 1 0 0 0 0 0 1 0 0 1 1 1 1 1 1 1 1 1 0 0 0 1 0 0 1 1 1
 0 0 0 0 1 1 0 1 1 1 1 1 0 0 1 0 0 0 1 1 0 0]

Synthetic samples indexes: [  1   3   6   7  11  14  24  25  28  34  36  42  44  45  46  47  58  64
  66  68  70  71  75  77  80  82  88  91  96  97 105 106 113 115 116 120
 133 134 135 137 138 142 145 146 152 153 155 158 159 162 166 167]

========== Cluster 4 ==========

Base classifier: SVC(probability=True)

Minority Class: 0

Selected Features: [ 0  1  2  3  4  5  6  7  8  9 10 11 12 13 14 15 16 17 18 19 20 21 22 23
 24 25 26 27 28 29 30 31 32 33 34 35 36 37]

Labels: [0 0 0 0 0 0 0 0 1 1 0 1 1 1 1 0 1 1 0 1 1 1 0 1 0 1 0 0 1 1 0 1 0 0 1 1 0
 0 1 0 0 0 0 1 0 0 1 1 1 0 1 1 1 1 1 1 1 1 0 0 1 1 1 1 1 0 0 1 1 0 1 0 0 0
 0 0 1 1 1 1 0 0 0 0 0 1 1 1 0 0 1 1 1 0 1 0 1 0 1 1 1 0 0 1 0 1 0 0 0 0 1
 1 0 0 0 0 0 1 1 1 0 1 1 0 1 0 1 1 1 1 0 0 0 0 0 1 0 1 0 0 0 1 0 0 1 1 0 0
 0 1 0 1 0 0 1 1 1 0 1 1]

Synthetic samples indexes: [  0   1   2   3   4   5  15  18  24  26  27  30  32  33  37  39  41  42
  44  49  58  65  69  71  72  73  81  82  83  84  93  95 101 102 106 107
 108 109 113 114 123 130 131 133 134 139 147 152 153]

