Clustering algorithm selected: kmeans++
=====================================

Clustering evaluation metric: silhouette
Clustering evaluation value: 0.17840232212279092

========== Cluster 0 ==========

Base classifier: GaussianNB()

Selected Features: [1 7]

Labels: [0 1 1 1 1 1 1 1 1 1 0 0 0 0 1 0 0 0 1 0 1 1 0 0 1 0 0 0 0 1 1 0 1 0 0 1 0
 0 1 0 0 0 0 0 0 1 1 0 0 1 1 0 0 0 0 0 1 1 0 0 1 0 1 0 0 1 0 1 0 0 1 0 0 1
 1 0 1 1 1 0 0 1 0 0 0 1 0 0 0 0 0 1 0 1 1 0 0 0 1 1 1 0 1 0 1 1 1 1 0 1 0
 1 0 0 1 1 0 1 0 1 0 0 0 1 0 0 0 1 0 0 1 0 1 0 1 1 1 1 0 0 0 0 0 0 0 0 0 0
 1 0 0 1 0 1 1 0 1 1 0 0 0 1 1 0 1 0 1 1 0 1 0 1 0 1 1 1 0 0 1 1 1 1 0 0 0]

========== Cluster 1 ==========

Base classifier: GaussianNB()

Selected Features: [4 1 6 7 5]

Labels: [0 0 0 0 0 1 0 0 0 0 0 1 1 0 1 0 0 0 1 1 0 1 1 0 1 1 0 1 1 0 0 0 1 1 0 0 1
 1 1 1 0 1 1 1 1 1 1 1 0 1 0 0 1 0 1 1 1 0 0 1 0 0 1 1 0 1 0 1 1 1 1 0 0 0
 0 0 1 0 0 1 0 0 0 0 0 0 1 1 0 0 1 1 0 1 1 0 0 0 1 0 1 1 1 1 1 1 0 1 1 1 1
 1 1 1 0 0 1 1 0 0 0 0 0 1 1 0 1 0 0 0 0 1 0 1 1 1 1 1 1 1 1 0 0 0 1 0 0 0
 0 0 1 1 0 1 0 1 1 1 1 0 0 0 0 0 0 1 0 0 1 0 1 1 1 0 0 0 1 1 1 1 1 0 1 1 1
 1 1 1 0 0 0 0 0 1 0 1 1 0 1 1 0 0 0 1 1 0 1 1 1]

========== Cluster 2 ==========

Base classifier: GaussianNB()

Selected Features: [1 5 3 0 4]

Labels: [0 0 0 0 0 0 0 1 0 0 0 0 0 1 1 0 0 0 0 1 0 0 0 0 0 0 0 1 0 0 0 0 0 0 0 0 0
 1 0 0 1 0 0 0 0 0 0 0 0 0 0 1 0 0 1 0 0 0 0 0 1 0 0 0 0 0 1 0 0 1 0 1 1 0
 0 1 0 0 0 1 0 0 0 0 0 0 0 0 0 0 0 0 0 0 0 1 0 0 0 0 1 0 0 0 0 0 0 0 0 1 0
 0 0 0 0 0 0 0 0 0 0 0 0 1 0 0 0 0 0 0 0 0 0 0 0 1 0 0 0 0 0 0 0 0 0 0 0 0
 0 0 1 0 0 0 0 1 0 1 0 0 0 0 1 1 0 1 1 1 0 0 0 0 0 0 0 0 0 0 0 0 0 0 0 0 0
 0 0 0 1 1 1 1 0 0 0 1 0 0 0 0 0 0 0 0 0 1 0 1 0 0 0 1 0 0 0 0 0 0 0 0 0 0
 1 0 0 0 0 0 0 0 1 1 0 0 0 0 0 0 0 0 1 0 0 0 0 0 1 1 1 0 0 1 0 0 0 0 0 0 0
 0 0 1 0 0 0 0 0 0 0 0 1 0 0 0 0 0 1 1 0 0 0 0 0 0 0 1 0 0 0 0 0 0 0 0 0 1
 0]

