Clustering algorithm selected: fcm
=====================================

Clustering evaluation metric: dbc
Clustering evaluation value: 0.4824078891678715

========== Cluster 0 ==========

Base classifier: LogisticRegression()

Minority Class: 1

Selected Features: [19 32 17 23 10 21 25 33 13 27 34 12 26 31 37  4  5 29 11  6  3  7  8  9
  2  1 18 14 15 16 36 20 22]

Labels: [0 0 1 0 0 1 1 0 0 0 0 0 0 0 0 0 0 0 0 0 0 1 0 0 0 1 0 0 1 0 0 0 0 0 0 0 0
 0 0 0 0 0 0 0 0 0 0 0 0 0 1 0 0 1 0 0 0 0 0 0 0 0 0 1 0 0 0 0 1 0 0 0 0 0
 0 0 0 1 0 0 0 0 0 0 0 0 0 0 0 0 0 0 1 0 0 0 0 0 0 0 0 0 0 0 0 0 0 0 0 1 0
 0 0 0 0 0 0 0 0 1 1 0 0 0 0 0 0 0 0 1 0 0 0 1 0 0 0 0 0 1 0 0 0 0 0 0 0 0
 0 0 0 0 1 0 0 0 0 1 0 1 0 0 0 1 0 0 0 0 0 0 0 0 0 0 0 0 0 0 0 0 0 0 0 0 0
 0 1 0 0 0 0 0 0 0 1 0 0 0 0 0 1 0 0 0 0 0 0 0 0 0 0 0 0 0 0 0 0 1 0 0 0 0
 0 0 0 0 0 1 0 0 0 0 1 0 0 0 1 0 0 0 0 0 0 0 0 0 0 1 1 0 0 0 0 0 1 1 0 1 0
 0 0 0 0 1 0 0 0 0 0 1 1 0 1 0 0 0 0 0 0 1 0 1 0 0 0 0 0 0 0 1 0 0 0 0 0 0
 1 0 1 0 0 0 0 0 1]

========== Cluster 1 ==========

Base classifier: GaussianNB()

Minority Class: 0

Selected Features: [32 37 34 16  0 17 28 36 31  2  3 29  7  8 15 18 30  5 26 10  9 14  6 11
  4  1 33 12 13 19 20 21 22 23 24]

Labels: [1 1 1 1 1 1 1 0 1 0 0 1 0 0 1 1 1 1 1 1 1 1 0 1 1 1 1 1 0 1 1 0 1 0 0 1 1
 1 1 1 1 1 1 0 0 1 0 0 0 1 1 0 0 1 1 0 1 1 1 1 1 1 0 1 1 0 1 0 1 0 1 1 1 1
 1 1 1 1 1 0 0 1 0 0 1 1 1 1 0 1 1 1 1 1 1 1 0 1 0 1 1 1 1 1 1 0 0 1 1 1 1
 0 1 1 1 0 0 1 1 1 1 0 0 1 0 0 0 1 1 1 1 1 1 1 1 1 0 0 1 1 1 1 1 1 1 1 1 1
 0 1 1 1 0 1 0 1 0 1 0 1 1 1 0 1 1 1 0 1 1 0 1 1 1 1 1 1 1 1 1 1 0 1 1 1 1
 0 1 1 1 1 0 1 0 1 1 1 0 1 0 1 1 1 0 1 1 0 1 1 1 1 1 1 0 1 1 1 0 1 0 1 1 1
 1 1 0 1 1 1 1 1 1 1 1 0 1 0 1 1 1 1 1 0 1 1 1 0 1 1 1 0 1 1 1 1 1 1 0 1 0
 1 1 1 0 0 0 1 1 0 0 1 0 0 1 1 1 1 0 1 1 1 1 1 1 1 0 0 1 0 1 0 1 1 1 0 1 1
 1 0 1 1 1 1 1 1 1 1 1 0 1 1 1 1 1 1 1 1]

