Clustering algorithm selected: fcm
=====================================

Clustering evaluation metric: dbc
Clustering evaluation value: 0.49137151302317744

========== Cluster 0 ==========

Base classifier: SVC(probability=True)

Minority Class: 1

Selected Features: [ 77 185  90  62 220 121 106 141 138 100  34 148  83 210  60 177 166 150
  87 191 212  39   3 105 125 159  67 221 192  86  75  32 137 215   0 126
 219  35 176 167 135   9  33 165 161 195   5   8  55  66  58  65  68 178
  27 109  31 222  80   4 132  19 115  50 188  94 131  10  21 199  43 156
 153 214  81 204 223  46 144 116 110 108  53 127 130  93  51 173 200 180
  41 123 198 103 208 183  40 101 118  57  96 211  82 142 194 189  88   1
  61  64  70  63  69  71  72   2   6  73  14  59  29  15  16  17  13  18
  20  12  22  23  24  25  26  28  30  56  36  37  38  11  74  42  44  45
  48  49  52   7  54  47 224  76 184 181 179 175 174 172 171 170 169 168
 164 163 162 160 158]

Labels: [0 0 0 1 1 0 0 1 0 0 0 0 1 0 0 1 0 0 0 1 0 0 1 0 1 1 0 1 0 0 0 1 0 0 1 0 0
 0 0 0 1 0 0 0 1 1 1 0 0 1 1 0 0 1 0 1 1 0 1 0 0 0 0 0 0 0 0 0 0 1 0 0]

========== Cluster 1 ==========

Base classifier: LogisticRegression()

Minority Class: 1

Selected Features: [108 196  24 135 127 222 123 207 114  91   0 154  79 198  12 199  80 113
 186  10 161 159   8  64  38 203 122 126   2 178  42 156  43  39 102 124
  20 221  36 166 120 194 101 214 134 173 139   7   4 148  58  73 192  53
 180 105 182 167 177 103  46 169 110  59  28  55  33 130 136   9  50  26
  63  27 208  21 144 131 112 224 141 147  89  85  78  52 109 197 117 116
  15 202  51 150   6  19  32 137  30  31 155  61  16 176 129  37  49 188
 185  40  41  62  54  57 190 195  44 191 200  60  45 193  47 189  48 187
  56  29 201  35   1 220   3 219   5 218 217 216 215  11 213  13  14  17
  18 212 211  22  23 210  25 209 206 205  65 204  34 184 145  66 162 171
 106 107 170 168 111]

Labels: [0 0 0 0 1 0 0 0 0 0 0 0 0 0 0 0 0 0 0 0 0 1 1 1 0 0 0 0 0 1 0 0 1 1 0 0 1
 0 0 0 0 0 0 0 0 0 1 0 1 1 0 0 0 0 0 0 1 0 0 0 0 0 0 0 0 0 1 0 0 0 1 0 1 0
 0 0 0 1 1 0 0 0 0 0 1 0 0 0 0 0 0 0 1 0 1]

========== Cluster 2 ==========

Base classifier: SVC(probability=True)

Minority Class: 1

Selected Features: [147  52 217 211 196  56 162 197  90 128 181  22  43  81  29 187 152 186
 209  57 150  86  62  50  30 171  99  35 222  83 107  24 139  61 206  92
 172 151 102 137  47 145 122 101 154 126  76 158   6 109 189 156 120 108
 223  48   3 198   2   5  55  70  36  78  63  84 194 115  15 113 165 203
 132  97 166  12 105 146  18  40  60 175  19  17  44 159  58  74 214 100
  34  94 138  77  67   7  73  71  72   4  79  80  75  69  82   1  68  28
  66  65  31  32  33  26  25  23  37  38  39  41  42  21  45  20  46  49
  16  51  14  53  54  13  27  59  11  10   9   8  64 224 112  85 178 190
 188 185 184 183 182 180 179 177  87 176 174 173 170 169 168 167 164 191
 192 193 195 221 220 219 218 216 215 213]

Labels: [0 1 1 1 0 1 0 0 1 0 0 0 0 1 1 0 0 0 1 1 0 0 1 0 0 0 1 0 1 0 0 0 1 0 0 0 0
 0 0 0 0 0 1 0 0 1 1 0 0 0 0 0 1 1 0 0 0 1 1 1 0 0 0 0 0 0 0 0 1 0 0 0 1 0
 1 0 1 0 0 1]

========== Cluster 3 ==========

Base classifier: LogisticRegression()

Minority Class: 1

Selected Features: [  3  72 148  89 207  73 130   8 198 135 132  71  12 152 119  56  97  98
 193  48 170  17  42  86   0 161  68 169  95 158 216  22 222 184  37  69
  39 151   1  83 125 195  52 107 186 219 176 196 121 185 118  35  70  19
 110  30 224 131 220 101  47  92  51 128  93 188  62 162 192 175 147  50
 124  82  84 112 211 202 120 159 142  87 212  28 145 139  55 200 126 209
 173 106   2 178 197  18  65  43  76  57 171 180 208 206  66  63 191  58
 205   6 218  53   7   4  54 204   5  59  60  61 221  64  67  49  15   9
  27  16 215 214  20  21 213  14  23  24  25  13  26 217  29  10  31 203
  33  34  11  36 210  38  40  41  44  45  46  32 167 201 133 141 140 138]

Labels: [1 0 0 1 0 0 0 0 1 1 0 0 0 0 0 0 0 1 1 1 0 0 0 0 0 0 0 0 1 0 0 0 0 0 1 0 0
 0 0 0 1 0 0 0 0 1 0 0 0 1 0 1 1 1 0 0 0 0 1 0 1 0 0 0 1 1 0 0 0 0 0 1 1 0
 0 1 0 0 0 1 1 0 1 0 0 0 1 0 0 0 1]

========== Cluster 4 ==========

Base classifier: LogisticRegression()

Minority Class: 1

Selected Features: [206 157 133  97   1 104  35   0  27  90   8 109 108  94   3   9 184  68
  44 209  59 189  12  25 129  37  73 198 120 100  29 166 127  89  92 123
 170  47 110  99 190  88 130  98 126  40 168 202 220  28 194 186 187 128
  87 114  46 193  63 217  82 180 172 152 201  41 143 210 105 199  16 135
 185 146 142  55  50  31  71 116 154 176 144 115  21  30 159  26 218 169
 167  54  65  36  19 102 103 160 148  32 158 121  22  69 119  77  57  13
 149  14  17  95  20 156  80 191 173 164 178 113  76  56  66  64   4   7
   2  62   6  61   5  10  11  67  48  60  15  45  43  42  51  52  39  38
  53  34  33  24  23  49  58  18  70 224  72 177 192 188]

Labels: [0 0 0 0 1 0 0 1 0 0 1 0 0 0 1 0 0 0 0 0 1 0 1 0 0 0 1 1 1 0 0 0 0 1 0 0 1
 0 0 1 1 0 0 0 0 0 1 1 0 0 0 0 1 0 0 0 0 0 0 0 1 0 0 1 0 0 1 1 0 1 0 0 0 0
 0 0 0 0 1 1 1 1 0 0 0 0 1 0 1 0 1 0 1 0 0]

========== Cluster 5 ==========

Base classifier: LogisticRegression()

Minority Class: 1

Selected Features: [147 106   8  16 123 126 174 115 125  69 159  19 162  14 198 203 181 168
 166 172  28 190  95   0  70 200  43  12 195  41  96  73 124  86 187  85
 121 122 193 222  30 142   9 136 108 144  49  32  36 131 114   7 118 199
  56 215   1  89 176  97 210  11  99 160 103  83  35 145 110 100 180  90
  20  81 208 201 209 211 184 165  75  79  88 137  77 177 155  37   3 173
 120 205 127 111 213 152   5 129 170 223 109  53   2  42  65 135 112  51
  92 139  39 117 186 194  31 192  33  34 191 189 188  38  40 183 185 196
  44  45  46  47  48 182  50  52 179  54  55  29  27  57  26 221 220 219
   4 218   6 217 216 214  10 212 207  13 206  15 204  17  18 202 197  21
  22  23  24  25 178]

Labels: [0 0 0 0 1 0 1 1 1 0 1 0 0 1 0 1 0 0 1 0 0 0 0 0 0 1 0 0 1 0 1 0 0 1 0 1 0
 1 0 0 1 1 0 0 0 1 0 1 0 1 0 1 1 1 0 0 1 0 1 0 0 1 1 0 1 0 0 0 0 0 1 1 0 0
 1 0 0 0 0 1 0 0 0 0 0 0 1 0 0]

========== Cluster 6 ==========

Base classifier: LogisticRegression()

Minority Class: 1

Selected Features: [ 62  26 177  41   0  51  13 205 217  79  71 138 142   2  59 133  67 147
 158 107 201 200 100 215 102 121 180 155 108 123  44  73 111 209 210  29
 164  31 192 157  86  17  64 213  10 187 139 189   5  16  94  85 163 132
 126  82   3  54 179 106  76  52  23 161 220 143 171  93 156 206 185 128
  65 146  12  95 109 113 214  92 182 222  19 124 176  74 118 216 168  35
 221 136  42 122 162 114  57  97  25  21 172  30 188 134  58  43 218  39
  33  28 151  72  61   6   4  63   1  66  70  69  60  68   7  18   8  46
  32  27  34  75  37  38  40  24  22  45  47   9  48  20  49  50  53  55
  15  56  14  11  36 224  77 186 183 181 178 175 174 173 170 169 167 166
 165 160]

Labels: [0 1 0 0 0 1 1 1 0 0 1 1 1 0 0 0 0 0 0 0 0 1 0 0 0 1 0 0 1 0 0 0 0 0 0 0 1
 0 0 0 1 0 1 0 0 1 0 0 0 0 0 0 0 1 1 0 0 0 0 0 1 0 0 1 0 0 0 1 0 1 0 0 0 0
 0 0 1 0 0 0 1 0 0 0 0 1 0 0 0 0 1 0 1 1 0 0]

========== Cluster 7 ==========

Base classifier: SVC(probability=True)

Minority Class: 1

Selected Features: [168 192  50 141 201  59  25 203   3  33  61 113 134  20 101 149 194 156
 114 190  34 213 121  99 108  70 169  68 177 160   8  31  72 187 103 129
 204  56 222  64 167 144 193 202  73 211 110  41 154 198   4 163  10 180
 208  46 217  16  78  80 183  49 223  17 143 135 151 117 175  35  32 147
 216 172 215 182  12 176  26 214  97 105 130 200 189 142 153  18  88  24
 218  94  27 132   1 140 123  67  75  14   6  63   5  62  29  36  65  66
  43  30  69   9  79  71   2  74  76  77   7  11  37  52  23  44  45  22
  40  47  48  21  19  51  53  60  54  55  15  28  13  57  39  58  42  38
 224 112  81 164 178 174 173 171 170 166 165 162 181 161 159 158 157 155
 152 150 179 184 146 206 221 220 219 212 210 209 207 205 185 199 197 196
 195]

Labels: [1 0 0 1 0 0 0 1 0 0 0 0 0 1 0 1 0 1 1 0 1 1 0 0 0 0 0 0 0 0 0 0 0 1 0 0 0
 0 0 0 0 0 1 0 1 0 0 0 0 0 0 1 1 0 0 0 0 1 0 1 0 0 0 0 0 0 0 0 0 0 1 0 1 1
 0 0 0 0 0 1 1 0 1 0 0 1 1 0 0 0 0 1 0 1 0 1]

========== Cluster 8 ==========

Base classifier: SVC(probability=True)

Minority Class: 1

Selected Features: [163  62  74 194 153  12  79  46   3 117 155  32  44  14  11  70  24 147
 222  84 122  58 140 116  55 160 135 214  53 154  43 114 195 215  42 189
  91 101 158 137  93 152 107 109 224 173  23  41 124  99 110   5  66  30
 148 211 104 188 184  15 190 209  39 127 180  87 112  47   0  33  49  17
  13 159 168  96 129 174 171 193 143 156 128 111 186 179 115 146  29  22
  27  71 131 219 217  50 119 126  31  72   8 178  88   1 130 216  97 113
 203  63  37  61  90   4 202  48 221 218   2  51  52 201  54 200  56  57
 199  59  60 198  45  36 204   7  16  10  18  19  20   9  21 213 212  25
  26  28 205 210  65 208   6  34  35  38 207  40]

Labels: [0 0 0 0 0 0 0 1 0 1 0 0 0 0 0 1 1 0 0 0 0 1 1 0 1 0 1 0 0 0 1 0 1 0 1 0 1
 1 1 0 0 0 0 0 1 1 0 1 0 0 0 0 0 1 0 1 0 0 0 0 0 1 0 0 0 0 0 1 1 0 0 0 0 0
 1 0 0 1 0 0 1 0 0 1 0 0 0 0 0 1 0 1]

========== Cluster 9 ==========

Base classifier: SVC(probability=True)

Minority Class: 1

Selected Features: [  3 212 118 128 150 115 143  14   4 175  90 214 216  37  92  67  49 116
 160 188   0 126  69 152  11   9 145  52  47 177 148  58 211 207  80 142
 139 117 185  40   1 120 166  45  16 134  87 222 176 199  98  60 163  23
 181  55 208 165  50 187  32 144   5 105  25  34 106 204 103 149  83 129
  56 201  79   8  44 146 108  27 112  66 131  29 209 219 192  26 161  72
  31 100  89 153  13  97  99  19 191  20 141  94 180  70 190 195  63 197
  41  42  43 196  62  61 184  46  54 194  48 193  59 186  51  57  53 189
  39 147  38  17 221   2 220 218   6   7 217 215  10 213  12 210  15  18
 198  21  22 206  24 205 203  28  30 202  33  64  35  36 200  71  65]

Labels: [0 1 1 0 0 0 1 0 0 0 0 0 0 1 1 0 1 1 0 0 0 0 1 0 0 0 0 0 1 0 1 0 1 0 1 0 0
 1 0 0 0 0 1 0 0 0 0 1 0 1 0 1 1 0 0 0 0 1 0 1 0 0 1 0 1 0 0 0 1 1 1 0 0 0
 0 0 0 0 0 0 1 0 0 0 0 1 1 1 1 1 1 0 0 0]

