Clustering algorithm selected: kmeans
=====================================

Clustering evaluation metric: silhouette
Clustering evaluation value: 0.3748750821730473

========== Cluster 0 ==========

Base classifier: SVC(probability=True)

Minority Class: 0

Selected Features: [ 0 24 21 23  1  3  4  2  8 14 28 22 27  7 10]

Labels: [0 1 1 0 0 0 1 1 1 0 0 0 0 1 1 0 0 1 0 0 1 0 1 0 1 0 1 1 0 1 1 1 1 0 0 1 1
 0 1 0 0 1 0 0 1 0 1 1 0 0 0 0 1 0 1 0 1 1 1 0 0 1 0 1 1 1 1 1 0 1 1 0 1 0
 1 1 0 1 0 1 1 0 0 1 1 1 1 0 1 1 0 1 1 1 0 0 0 1 0 0 0 1 1 0 0 0 0 0 1 0 1
 0 0 1 0 0 1 1 1 0 1 0 0 1 1 0 1 1 0 1 1 0 0 1 1 1 1 1 1 0 0 0 1 1 0 1 0 0
 1 1 0 0 0 1 0 0 1 0 1 0 0 0 0 1 1 1 1 1 1 0 1 0 0 0 1 1 1 1 0 0 1 0 0 0 0
 1 1 0 0 0 0 0 1 1 1 1 1 1 1 0 0 1 1 0 1 1 0 1 1 1 1 0 1 0 0 1 1 0 0 1 0 1
 1 0 1 1 0 1 1 1 0 0 0 1 1 1 1 1 0 1 0 1 0 0 0 1 1 0 0 0 1 1 0 0 1 1 1 0 0
 0 1 0 0 0 1 1 1 1 0 0 0 0 0 0 1 0 0 0 0 1 0 0 1 0 0 1 1 0 0 0 0 1 0 0 1 1
 0 0 0 0 0 0 1 0 0 0 1 1 0 1 0 0 0 1 1 1 0 0 0 1 0 0 1 1 1 0 0 0 1 0 0 1 1
 0 1 1 1 0 1 0 0 1 1 1 0 0 1 0 1 0 1 1 1 0 1 1 1 1 0 0 0 0 0 1 0 0 0 1 0 0
 0 0 0 1 0 1 1 1 0 1 1 1 1 0 0 1 0 0 0 0 1 1 1 1 0 1 1 0 1 0 0 1 1 1 1 0 0
 0 0 1 0 1 0 0 1 0 0 1 0 1 1 1 0 1 0 1 0 1 0 1 1 1 1 0 0 0 0 0 1 1 0 1 0 1
 1 1 1 1 1 0 1 0 0 0 1 1 1 1 1 1 0 0 0 0 1 1 0 0 0 0 1 1 1 1 0 0 1 1 0 0 1
 0 1 0 0 1 1 0 1 0 1 0 0 1 1 1 1 1 1 0 0 1 1 0 1 0 1 1 0 0 0 1 1 0 1 1 0 0
 1 1 1 1 1 0 1 0 0 1 0 0 1 1 0 1 1 0 1 0 0 0 0 0 1 1 0 0 0 1 1 0 1 1 0 1 0
 1 0 0 1 1 0 1 0 1 0 1 1 1 1 1 0 0 1 0 0 1 0 1 0 0 1 0 0 0 1 1 0 0 0 1 0 1
 1 1 1 1 0 1 1 0 0 0 0 0 0 1 0 0 1 1 1 0 0 0 0 1 1 0 0 1 0 1 0 0 1 1]

Synthetic samples indexes: [  1   2   6   7   8  13  14  17  20  22  24  26  27  29  30  31  32  35
  36  38  41  44  46  47  52  54  56  57  58  61  64  65  66  67  69  70
  72  74  75  77  79  80  83  84  85  86  88  89  91  93  97 101 102 108
 110 113 116 117 118 123 124 126 127 130 133 134 137 138 142 143 145 148
 149 153 156 158 163 164 165 166 167 168 170 174 175 176 185 186 193 195
 196 197 198 201 204 205 207 208 209 210 212 215 219 221 222 224 225 227
 228 229 233 234 235 236 237 241 245 250 251 254 255 256 260 264 265 266
 267 274 279 282 285 286 291 294 295 302 307 309 313 314 315 319 322 324
 328 332 334 335 336 338 341 342 343 346 348 350 351 354 356 357 363 367
 373 375 376 377 379 380 381 382 385 390 391 392 395 396 398 401 402 403
 404 409 411 414 417 419 420 421 423 425 427 429 430 431 432 438 439 441
 443 444 445 446 447 448 450 454 455 456 457 459 465 470 471 472 473 476
 477 480 482 485 486 488 490 495 496 497 498 501 502 504 506 507 512 514
 515 518 519 520 521 522 524 527 530 531 534 536 543 547 548 550 551 553
 555 558 559 561 563 565 566 567 568 569 572 575 577 580 584 585 589 591
 592 594 595 597 598 605 608 609 610 615 616 621 624 625]

========== Cluster 1 ==========

Base classifier: SVC(probability=True)

Minority Class: 0

Selected Features: [24 21 22 23  1  3  4 20 16  0 17 28  8 10 18 14  2]

Labels: [1 0 0 1 1 1 0 1 1 0 0 1 1 0 0 1 1 0 0 0 1 0 1 0 1 0 1 0 0 1 1 0 0 0 1 1 1
 0 0 0 1 0 1 0 0 0 0 1 0 0 0 0 0 1 0 0 1 1 0 0 1 1 1 1 0 0 1 0 0 0 0 0 0 0
 1 0 0 1 1 0 0 1 0 1 1 0 1 1 1 0 1 0 0 0 1 1 0 1 0 1 0 1 1 0 1 0 0 1 1 0 0
 0 1 0 0 0 1 0 0 1 0 1 1 1 1 0 0 1 1 0 0 1 0 1 1 1 0 0 1 1 1 1 0 1 0 0 0 1
 0 1 0 1 1 1 1 0 1 1 1 0 0 1 0 0 1 1 0 1 1 0 1 0 0 1 1 1 1 1 1 0 0 0 0 0 1
 1 0 0 0 1 0 0 0 1 1 1 1 1 1 1 0 1 1 0 0 0 0 0 1 0 0 0 0 1 1 0 0 1 0 0 1 1
 1 0 0 0 0 0 0 1 0 1 1 1 1 1 0 1 1 1 1 1 0 1 1 1 1 0 0 1 1 1 1 1 1 1 1 0 1
 0 1 0 0 1 0 1 0 0 0 0 0 1 0 1 1 1 0 1 0 1 0 1 1 0 1 1 0 0 1 0 1 1 0 0 0 1
 1 0 1 0 1 1 1 1 1 0 1 1 1 0 1 0 0 0 0 0 0 1 0 0 0 1 0 1]

Synthetic samples indexes: [  2   6   9  10  13  14  17  18  19  23  25  27  28  31  32  33  38  41
  43  44  45  46  48  49  50  51  52  54  55  58  59  64  65  67  68  69
  70  71  72  73  75  76  79  80  82  85  89  91  92  93  96  98 100 103
 105 106 109 111 113 114 115 117 118 120 125 126 129 130 132 136 137 142
 144 145 146 148 150 155 159 160 162 163 166 169 171 172 179 180 181 182
 183 186 187 188 190 191 192 200 203 204 205 206 207 209 210 212 215 216
 218 219 223 224 225 226 227 228 230 236 242 247 248 257 259 261 262 264
 266 267 268 270 272 276 278 283 286 287 289 292 293 294 297 299 305 311
 312 313 314 315 316 318 319 320 322]

