Clustering algorithm selected: kmeans
=====================================

Clustering evaluation metric: silhouette
Clustering evaluation value: 0.3655319430893968

========== Cluster 0 ==========

Base classifier: SVC(probability=True)

Minority Class: 0

Selected Features: [24 21  0 23  4  1  3  8  2 14 22 27 28 10 13]

Labels: [0 1 1 1 0 1 1 1 0 0 1 0 0 1 0 1 1 0 1 0 0 1 1 1 1 1 1 0 0 1 0 1 1 0 1 0 1
 1 0 0 1 0 0 1 0 0 0 0 0 1 0 0 1 0 0 0 0 0 0 1 0 0 1 0 0 1 1 1 0 0 0 0 1 1
 1 1 1 1 1 1 1 1 0 1 1 0 0 1 0 0 0 0 1 1 0 1 0 1 1 0 1 0 0 1 0 1 0 0 0 0 1
 1 1 1 0 1 0 1 1 1 1 0 1 0 0 1 0 0 0 0 1 0 0 0 0 1 1 0 0 0 0 0 0 0 0 1 1 0
 0 0 1 1 1 0 0 1 0 0 1 1 0 0 0 0 0 0 1 0 0 1 1 1 0 1 1 0 0 1 1 1 0 1 0 0 1
 0 0 1 1 0 0 0 1 1 0 1 1 0 0 1 0 0 0 1 1 0 0 0 0 1 1 0 1 1 1 1 0 1 0 0 1 1
 1 1 1 0 0 1 0 1 0 1 1 1 0 1 0 1 0 1 0 0 0 1 0 0 1 1 0 1 1 0 0 0 0 0 0 1 1
 1 0 1 1 1 1 1 0 1 0 1 0 1 1 0 1 0 0 0 0 0 1 1 0 0 0 0 1 0 0 1 1 1 1 1 0 0
 1 1 1 1 1 1 1 0 0 0 1 1 0 1 1 1 1 1 1 0 0 1 0 1 0 0 0 1 0 1 0 1 1 0 0 0 0
 0 1 0 0 1 0 1 0 1 0 0 1 1 1 1 0 0 1 1 0 0 1 0 1 1 0 1 0 0 0 0 0 0 1 1 1 0
 0 1 0 1 1 1 0 1 1 1 0 0 0 1 1 1 0 1 1 0 1 1 0 0 1 1 1 1 1 1 1 1 0 1 0 0 0
 1 0 0 0 0 1 0 0 1 1 0 0 0 0 1 0 1 1 0 1 1 1 0 0 1 1 0 1 1 1 0 1 1 0 0 0 1
 1 0 1 1 0 0 0 0 1 0 0 0 1 1 1 0 0 1 1 1 1 0 1 0 0 0 1 0 1 1 1 0 1 1 1 1 0
 1 1 0 0 1 0 0 0 0 1 0 1 0 0 1 0 0 1 1 0 1 0 0 0 1 0 1 0 1 1 0 1 0 0 0 1 1
 0 1 1 1 0 1 1 1 1 1 1 1 0 1 0 1 0 0 0 1 0 1 1 0 1 0 0 1 0 0 0 0 1 0 1 1 1
 0 0 0 0 1 1 0 0 1 1 0 1 0 1 1 1 0 1 0 1 1 0 1 1 1 1 0 0 0 0 0 1 1 0 0 0 1
 0 0 1 1 1 0 1 0 1 0 1 0 1 0 1 1 0 1 0 0 1 1 0 0 1 0 0 0 1 1 1 1]

Synthetic samples indexes: [  1   2   3   5   6   7  10  13  15  16  18  22  23  24  25  26  29  31
  34  36  37  40  49  52  59  62  65  66  67  72  73  74  75  76  77  78
  80  81  83  84  87  92  93  97 100 103 105 110 111 112 113 115 117 118
 119 120 122 125 130 135 136 145 146 150 151 152 155 159 166 169 170 171
 173 174 177 178 179 181 184 188 192 193 195 196 199 203 204 209 210 212
 213 214 215 217 220 221 222 223 224 229 231 232 233 235 237 239 243 246
 247 249 250 257 258 259 261 262 263 264 265 269 271 272 274 280 281 286
 290 291 292 293 296 297 298 299 300 301 302 306 307 309 310 311 312 313
 314 319 323 325 327 328 334 337 339 341 344 345 346 347 350 351 354 356
 357 359 366 367 371 373 374 375 378 379 383 385 387 388 390 391 394 395
 398 399 400 401 403 407 412 415 416 421 424 426 427 428 431 432 434 435
 436 438 439 443 444 446 447 452 456 457 458 461 462 463 464 466 472 473
 474 476 477 478 479 481 482 485 490 492 495 498 499 501 505 507 509 510
 512 516 517 519 520 521 523 524 527 528 531 533 537 539 540 542 545 550
 553 554 559 560 563 564 566 570 572 574 575 577 578 579 580 586 587 591
 594 595 596 598 600 602 606 609 612 613 616 620 621 622 623]

========== Cluster 1 ==========

Base classifier: SVC(probability=True)

Minority Class: 0

Selected Features: [24 21 22 23  4  3  1 20  0 16  8 10 28 19  2 14 17]

Labels: [0 0 1 0 1 0 1 1 1 1 1 0 1 0 0 1 0 0 1 0 0 1 1 0 1 1 1 1 0 1 1 0 1 1 0 1 0
 0 0 1 0 1 1 1 1 0 0 1 1 1 0 1 0 1 0 1 0 1 0 0 0 0 0 1 1 1 0 1 1 0 0 1 1 1
 0 0 1 1 0 1 0 0 0 0 1 1 1 1 0 1 0 1 1 0 0 0 1 0 1 1 1 1 0 1 0 0 0 0 0 0 1
 1 0 1 0 0 1 0 0 1 0 0 0 0 1 1 1 0 0 0 1 1 1 0 0 0 0 0 1 1 0 0 1 1 1 1 0 1
 0 0 0 1 0 1 1 0 1 1 1 0 0 1 0 0 1 1 0 1 0 1 0 0 1 0 1 0 0 0 1 0 0 0 0 0 0
 0 1 1 0 0 1 0 1 0 1 1 1 1 1 1 0 0 0 0 0 1 0 0 1 1 1 1 0 1 0 1 1 1 0 1 1 0
 1 0 1 1 1 0 0 0 0 1 1 1 0 1 0 1 0 1 0 1 0 0 1 1 0 0 1 1 1 0 0 0 1 1 0 0 1
 0 0 0 0 1 1 1 0 1 1 1 0 1 0 1 1 1 0 1 1 1 0 0 0 0 0 0 0 1 0 0 0 1 0 1 0 1
 1 1 1 1 1 1 1 0 1 0 0 1 0 0 0 0 1 0 0 1 1 1 1 0 1 0 1 1 0 0 1 0]

Synthetic samples indexes: [  0   1   3   5  11  13  14  16  17  19  20  23  28  31  34  36  37  38
  40  45  46  50  52  54  56  58  60  61  62  66  69  70  74  75  78  80
  81  82  83  88  90  93  94  95  97 102 105 106 108 109 112 114 115 117
 120 121 122 123 127 128 129 133 134 135 136 137 140 141 146 148 149 152
 155 159 160 162 163 166 168 170 171 173 175 176 177 179 180 181 182 183
 184 185 188 189 191 193 200 201 202 203 204 206 212 214 218 221 223 227
 228 230 234 236 238 240 242 243 246 247 252 253 256 257 259 260 261 262
 266 270 272 276 280 281 282 283 284 285 286 288 289 290 292 294 303 305
 306 308 309 310 311 313 314 319 321 324 327]

