Clustering algorithm selected: kmeans
=====================================

Clustering evaluation metric: silhouette
Clustering evaluation value: 0.3702488414509102

========== Cluster 0 ==========

Base classifier: SVC(probability=True)

Minority Class: 0

Selected Features: [ 0 21 24 23  3  1  4  8  2 28 22 27 14  7  9]

Labels: [1 0 1 1 1 1 1 0 1 1 1 0 1 1 1 0 1 0 1 0 0 1 0 0 0 1 0 1 1 1 1 0 1 0 0 0 0
 0 1 1 1 0 0 1 0 0 1 1 0 0 1 0 1 0 0 0 1 0 0 1 1 1 0 0 1 1 0 0 0 1 1 1 0 1
 0 0 1 0 1 1 1 0 0 0 1 1 1 0 1 1 0 0 1 1 0 0 0 1 0 1 0 0 1 1 1 1 1 0 0 0 1
 0 0 0 0 0 0 1 0 1 1 0 0 1 0 0 1 0 1 0 0 0 1 1 1 0 1 0 1 1 0 1 1 0 0 0 1 0
 1 0 0 1 1 1 1 0 1 1 0 1 0 1 1 0 0 0 1 1 1 0 0 1 1 1 0 0 1 0 0 1 0 0 0 1 0
 1 1 1 1 1 0 0 1 0 1 0 1 1 1 1 0 0 1 0 1 0 0 0 1 0 0 0 0 1 1 1 0 1 1 1 0 1
 1 0 1 0 1 0 1 1 1 1 1 1 1 0 1 1 0 1 1 1 1 1 1 0 1 0 1 1 0 1 0 1 0 0 0 0 0
 0 0 0 0 1 0 1 1 1 1 0 1 1 1 1 0 1 0 0 1 0 0 1 1 0 1 1 0 0 1 0 0 0 1 0 0 0
 0 0 0 0 1 1 1 1 0 1 0 0 0 1 0 1 1 0 1 0 0 0 1 1 1 0 0 0 1 0 1 0 0 1 0 0 1
 0 1 0 0 0 1 0 1 1 0 0 1 1 1 0 1 0 0 1 0 1 1 0 0 1 0 0 0 0 0 1 0 0 0 1 0 0
 0 1 0 0 1 0 0 0 0 1 1 1 0 1 0 1 0 0 0 1 0 0 1 1 1 0 1 1 0 0 1 1 1 0 0 1 0
 1 0 0 0 1 0 0 0 0 1 1 1 1 1 1 0 1 0 0 1 1 0 1 1 1 0 0 0 0 1 0 1 1 0 0 1 0
 1 1 0 1 0 0 0 1 0 0 0 1 0 0 1 0 1 1 1 0 1 0 0 0 0 0 0 0 1 0 1 0 0 1 1 1 1
 1 0 1 1 1 0 1 0 1 0 1 0 1 1 0 0 1 0 1 1 1 1 0 0 0 0 0 0 1 1 0 1 0 0 1 1 1
 1 0 0 1 1 0 1 0 1 1 1 1 0 0 0 1 1 1 1 0 1 0 0 1 1 0 0 0 1 0 1 1 0 0 1 1 0
 1 1 0 1 0 0 0 0 0 0 1 1 1 1 0 0 1 1 1 1 1 1 1 0 0 1 1 0 0 0 0 1 1 1 1 1 1
 0 0 0 1 0 0 1 1 0 1 0 0 1 1 0 1 1 0 1 0 1 1 0 1 0 0 1 1 1 0]

Synthetic samples indexes: [  0   2   3   4   5   6   8   9  10  12  13  14  16  18  21  25  27  28
  29  30  32  38  39  43  46  47  50  52  56  59  60  61  64  65  69  70
  71  73  76  78  79  80  84  85  86  88  89  92  93  97  99 102 103 105
 106 110 117 119 120 123 126 128 132 133 134 138 139 141 142 148 151 152
 153 154 157 159 161 162 166 167 168 171 172 176 179 183 185 186 187 188
 189 194 196 197 198 199 202 204 208 213 214 217 218 219 221 224 226 228
 229 230 231 232 233 236 237 239 240 241 242 243 244 248 249 251 253 263
 265 266 267 268 270 271 272 273 275 278 281 282 284 285 288 300 301 302
 303 305 309 312 314 318 319 320 324 326 329 332 334 338 340 341 344 345
 346 351 353 354 357 367 371 374 379 380 381 383 385 389 392 394 396 397
 401 402 405 411 416 417 418 419 420 421 423 426 427 431 436 439 442 444
 445 447 455 458 460 461 462 464 472 474 477 478 479 480 481 483 484 485
 487 489 491 493 494 497 499 500 501 502 509 512 515 516 517 518 521 522
 524 526 527 528 533 534 535 536 538 541 542 546 548 549 552 553 555 556
 558 565 566 567 568 571 573 574 575 577 580 581 586 588 589 590 591 595
 598 599 601 604 605 607 608 610 612 613 615 618]

========== Cluster 1 ==========

Base classifier: SVC(probability=True)

Minority Class: 0

Selected Features: [24 21 23  1 20  4 28  3 16  8 25  0 10 14 17 22  2]

Labels: [1 0 1 1 1 1 0 0 0 1 0 1 0 0 0 0 0 1 0 1 0 0 1 1 1 0 1 1 0 1 0 1 1 0 1 1 0
 1 0 0 1 1 0 0 0 1 1 1 0 1 1 1 0 0 0 0 1 0 1 1 1 0 0 1 1 1 0 0 0 0 1 0 0 0
 1 0 1 0 1 0 0 0 1 0 0 1 1 0 1 1 0 0 0 1 1 1 0 0 1 0 1 1 0 0 1 0 0 0 1 1 1
 1 1 1 1 1 1 1 1 0 0 0 0 0 1 0 0 1 1 1 1 1 1 0 1 1 0 0 1 0 0 0 1 1 1 0 1 1
 0 1 1 0 0 1 0 1 0 1 0 1 0 1 1 0 0 1 0 1 1 1 1 1 0 0 1 0 1 1 0 0 0 1 1 0 0
 0 0 1 1 1 1 1 0 0 0 1 0 1 1 1 1 1 1 1 1 0 0 0 0 1 0 0 0 1 1 0 0 0 1 1 1 1
 0 0 0 1 0 1 0 1 1 1 0 1 1 0 1 1 0 0 0 0 1 0 0 0 1 1 1 0 0 1 1 1 1 0 1 0 0
 1 0 0 1 0 0 1 0 0 0 0 0 0 0 0 0 1 0 0 1 0 1 1 1 1 0 1 0 1 0 1 0 0 0 1 0 1
 1 0 1 0 0 1 0 0 0 0 0 1 1 1 0 0 1 0 1 0 0 1 1 0 1 1]

Synthetic samples indexes: [  1   6   7   8  10  12  13  14  15  16  20  21  25  28  30  33  38  39
  44  48  52  53  54  55  57  61  62  66  67  68  69  71  72  73  75  77
  79  80  81  83  84  87  90  91  92  96  97  99 103 105 106 119 120 121
 122 123 125 126 133 137 139 140 141 145 148 151 152 154 156 158 160 163
 166 172 173 175 178 179 180 183 184 185 186 192 193 194 196 205 206 207
 208 210 211 212 215 216 217 222 223 224 226 228 235 238 239 240 241 243
 244 245 249 250 255 257 258 260 261 263 264 266 267 268 269 270 272 273
 274 276 277 279 284 286 288 290 291 294 297 299 300 302 303 304 305 306
 310 311 313 315 316 319]

