Clustering algorithm selected: fcm
=====================================

Clustering evaluation metric: dbc
Clustering evaluation value: 0.4921321519817748

========== Cluster 0 ==========

Base classifier: SVC(probability=True)

Minority Class: 1

Selected Features: [  0   1   2   3   4   5   6   7   8   9  10  11  12  13  14  15  16  17
  18  19  20  21  22  23  24  25  26  27  28  29  30  31  32  33  34  35
  36  37  38  39  40  41  42  43  44  45  46  47  48  49  50  51  52  53
  54  55  56  57  58  59  60  61  62  63  64  65  66  67  68  69  70  71
  72  73  74  75  76  77  78  79  80  81  82  83  84  85  86  87  88  89
  90  91  92  93  94  95  96  97  98  99 100 101 102 103 104 105 106 107
 108 109 110 111 112 113 114 115 116 117 118 119 120 121 122 123 124 125
 126 127 128 129 130 131 132 133 134 135 136 137 138 139 140 141 142 143
 144 145 146 147 148 149 150 151 152 153 154 155 156 157 158 159 160 161
 162 163 164 165 166 167 168 169 170 171 172 173 174 175 176 177 178 179
 180 181 182 183 184 185 186 187 188 189 190 191 192 193 194 195 196 197
 198 199 200 201 202 203 204 205 206 207 208 209 210 211 212 213 214 215
 216 217 218 219 220 221 222 223 224]

Labels: [0 1 0 1 1 1 0 0 0 0 1 0 1 1 1 0 0 1 0 0 1 0 0 1 0 1 1 0 1 1 1 0 0 0 0 0 0
 1 1 1 0 0 1 1 0 1 0 1 0 0 0 1 1 0 1 1 1 1 0 0 0 0 0 1 1 1 1 0 0 0 0 0 0 1
 0 1 0 0 0 0 1 1 1 0 1 1 1 1 0 0 1 1 1 0 0 1 0 1 1 1 1 1]

Synthetic samples indexes: [  1   4  10  12  14  17  25  26  30  37  38  39  42  45  47  51  55  56
  64  65  66  81  82  84  85  87  90  91 100 101]

========== Cluster 1 ==========

Base classifier: SVC(probability=True)

Minority Class: 1

Selected Features: [  0   1   2   3   4   5   6   7   8   9  10  11  12  13  14  15  16  17
  18  19  20  21  22  23  24  25  26  27  28  29  30  31  32  33  34  35
  36  37  38  39  40  41  42  43  44  45  46  47  48  49  50  51  52  53
  54  55  56  57  58  59  60  61  62  63  64  65  66  67  68  69  70  71
  72  73  74  75  76  77  78  79  80  81  82  83  84  85  86  87  88  89
  90  91  92  93  94  95  96  97  98  99 100 101 102 103 104 105 106 107
 108 109 110 111 112 113 114 115 116 117 118 119 120 121 122 123 124 125
 126 127 128 129 130 131 132 133 134 135 136 137 138 139 140 141 142 143
 144 145 146 147 148 149 150 151 152 153 154 155 156 157 158 159 160 161
 162 163 164 165 166 167 168 169 170 171 172 173 174 175 176 177 178 179
 180 181 182 183 184 185 186 187 188 189 190 191 192 193 194 195 196 197
 198 199 200 201 202 203 204 205 206 207 208 209 210 211 212 213 214 215
 216 217 218 219 220 221 222 223 224]

Labels: [0 1 1 0 0 1 0 0 0 1 0 1 0 0 1 1 0 1 0 1 0 1 0 1 1 0 1 0 1 0 0 1 0 0 0 1 0
 1 0 1 1 1 0 1 1 1 1 0 1 1 1 1 0 1 1 0 1 0 0 0 0 1 1 1 1 1 0 0 0 1 0 0 0 1
 1 0 0 0 0 0 0 0 1 0 0 1 1 0 0 0 1 1 0 1 1 1 0 1 0 1 1 0 0 0 1 1 1 0 1 1 0
 0 0 1 1 1 1 1 1 0 0 0 0 1 1 0 0 0 0 0 0 1 1 0 1 0 0 0 1 1 1 1 1 1 1 1 0 0
 1 0]

Synthetic samples indexes: [  5  11  14  15  19  21  23  26  31  37  39  40  41  43  48  49  50  51
  54  61  63  64  65  69  73  74  82  85  86  90  93  94  95  99 100 104
 105 106 108 109 113 114 116 117 118 123 124 132 139 141 142 143 144 145
 148]

========== Cluster 2 ==========

Base classifier: SVC(probability=True)

Minority Class: 1

Selected Features: [  0   1   2   3   4   5   6   7   8   9  10  11  12  13  14  15  16  17
  18  19  20  21  22  23  24  25  26  27  28  29  30  31  32  33  34  35
  36  37  38  39  40  41  42  43  44  45  46  47  48  49  50  51  52  53
  54  55  56  57  58  59  60  61  62  63  64  65  66  67  68  69  70  71
  72  73  74  75  76  77  78  79  80  81  82  83  84  85  86  87  88  89
  90  91  92  93  94  95  96  97  98  99 100 101 102 103 104 105 106 107
 108 109 110 111 112 113 114 115 116 117 118 119 120 121 122 123 124 125
 126 127 128 129 130 131 132 133 134 135 136 137 138 139 140 141 142 143
 144 145 146 147 148 149 150 151 152 153 154 155 156 157 158 159 160 161
 162 163 164 165 166 167 168 169 170 171 172 173 174 175 176 177 178 179
 180 181 182 183 184 185 186 187 188 189 190 191 192 193 194 195 196 197
 198 199 200 201 202 203 204 205 206 207 208 209 210 211 212 213 214 215
 216 217 218 219 220 221 222 223 224]

Labels: [1 0 1 0 1 0 1 0 1 1 1 1 1 0 0 0 0 1 0 1 0 1 1 1 0 0 0 1 0 1 1 0 1 0 1 0 1
 0 1 0 0 1 0 1 0 1 0 1 1 0 1 0 1 1 0 0 0 0 0 0 1 1 0 1 1 1 0 1 0 0 1 1 0 0
 1 1 0 1 1 1 0 1 1 0 1 1 0 0 1 0 1 0 1 0 0 0 1 1 0 0 0 0 0 0 1 1]

Synthetic samples indexes: [ 0 23 27 30 34 36 38 43 45 47 50 52 53 63 65 67 71 74 75 78 79 81 82 84
 85 97]

========== Cluster 3 ==========

Base classifier: SVC(probability=True)

Minority Class: 1

Selected Features: [  0   1   2   3   4   5   6   7   8   9  10  11  12  13  14  15  16  17
  18  19  20  21  22  23  24  25  26  27  28  29  30  31  32  33  34  35
  36  37  38  39  40  41  42  43  44  45  46  47  48  49  50  51  52  53
  54  55  56  57  58  59  60  61  62  63  64  65  66  67  68  69  70  71
  72  73  74  75  76  77  78  79  80  81  82  83  84  85  86  87  88  89
  90  91  92  93  94  95  96  97  98  99 100 101 102 103 104 105 106 107
 108 109 110 111 112 113 114 115 116 117 118 119 120 121 122 123 124 125
 126 127 128 129 130 131 132 133 134 135 136 137 138 139 140 141 142 143
 144 145 146 147 148 149 150 151 152 153 154 155 156 157 158 159 160 161
 162 163 164 165 166 167 168 169 170 171 172 173 174 175 176 177 178 179
 180 181 182 183 184 185 186 187 188 189 190 191 192 193 194 195 196 197
 198 199 200 201 202 203 204 205 206 207 208 209 210 211 212 213 214 215
 216 217 218 219 220 221 222 223 224]

Labels: [1 1 1 1 1 0 0 0 1 1 1 0 1 0 0 0 0 0 0 0 0 1 1 0 1 1 1 0 1 0 0 0 0 1 0 0 0
 1 0 0 1 1 0 1 0 1 0 1 1 0 1 0 0 1 0 0 0 0 1 0 0 0 0 0 0 1 1 0 1 0 1 0 0 1
 1 1 1 1 0 1 0 1 0 1 0 1 1 0 1 1 0 0 1 0 1 1 0 0 1 0 1 1 1 1 0 0 0 0 1 1 0
 1 1 1 1 0 0 1 1 0 1 1 0 1 1 0 0 1 1 1]

Synthetic samples indexes: [  0   1   2   8  10  12  24  26  28  33  37  41  47  48  50  53  66  68
  70  74  76  77  81  83  94  95  98 100 101 102 103 108 113 114 120 121
 123 127 129]

========== Cluster 4 ==========

Base classifier: SVC(probability=True)

Minority Class: 1

Selected Features: [  0   1   2   3   4   5   6   7   8   9  10  11  12  13  14  15  16  17
  18  19  20  21  22  23  24  25  26  27  28  29  30  31  32  33  34  35
  36  37  38  39  40  41  42  43  44  45  46  47  48  49  50  51  52  53
  54  55  56  57  58  59  60  61  62  63  64  65  66  67  68  69  70  71
  72  73  74  75  76  77  78  79  80  81  82  83  84  85  86  87  88  89
  90  91  92  93  94  95  96  97  98  99 100 101 102 103 104 105 106 107
 108 109 110 111 112 113 114 115 116 117 118 119 120 121 122 123 124 125
 126 127 128 129 130 131 132 133 134 135 136 137 138 139 140 141 142 143
 144 145 146 147 148 149 150 151 152 153 154 155 156 157 158 159 160 161
 162 163 164 165 166 167 168 169 170 171 172 173 174 175 176 177 178 179
 180 181 182 183 184 185 186 187 188 189 190 191 192 193 194 195 196 197
 198 199 200 201 202 203 204 205 206 207 208 209 210 211 212 213 214 215
 216 217 218 219 220 221 222 223 224]

Labels: [1 0 1 1 0 0 0 0 0 1 1 0 0 0 0 0 1 1 0 1 0 0 0 1 0 1 0 1 0 0 1 1 0 1 1 1 0
 0 1 0 1 1 0 1 1 1 0 0 1 1 0 0 1 1 1 1 0 0 0 1 1 1 1 1 0 1 1 0 0 0 0 0 1 1
 1 0 0 1 1 0 1 0 1 0 1 0 0 0 1 0 0 0 0 1 1 0 1 0 1 0 1 0 0 1 1 1 1 1 1 1 1
 1 0 0 0 1 0 1 0 0 1 0 1 1 0 1 0 0 1 0]

Synthetic samples indexes: [  0   2   3  10  23  27  35  38  40  41  43  48  52  54  55  59  60  61
  72  74  77  78  84  93  96 100 103 104 106 109 111 115 123 125 128]

========== Cluster 5 ==========

Base classifier: LogisticRegression()

Minority Class: 1

Selected Features: [  0   1   2   3   4   5   6   7   8   9  10  11  12  13  14  15  16  17
  18  19  20  21  22  23  24  25  26  27  28  29  30  31  32  33  34  35
  36  37  38  39  40  41  42  43  44  45  46  47  48  49  50  51  52  53
  54  55  56  57  58  59  60  61  62  63  64  65  66  67  68  69  70  71
  72  73  74  75  76  77  78  79  80  81  82  83  84  85  86  87  88  89
  90  91  92  93  94  95  96  97  98  99 100 101 102 103 104 105 106 107
 108 109 110 111 112 113 114 115 116 117 118 119 120 121 122 123 124 125
 126 127 128 129 130 131 132 133 134 135 136 137 138 139 140 141 142 143
 144 145 146 147 148 149 150 151 152 153 154 155 156 157 158 159 160 161
 162 163 164 165 166 167 168 169 170 171 172 173 174 175 176 177 178 179
 180 181 182 183 184 185 186 187 188 189 190 191 192 193 194 195 196 197
 198 199 200 201 202 203 204 205 206 207 208 209 210 211 212 213 214 215
 216 217 218 219 220 221 222 223 224]

Labels: [0 0 0 1 0 1 1 0 1 0 0 1 0 0 1 1 1 0 1 1 0 0 0 0 1 0 0 0 1 1 0 0 0 1 0 0 1
 0 1 1 0 1 1 1 1 1 1 0 1 1 0 0 0 0 1 0 0 1 1 0 1 0 1 0 1 0 1 0 0 0 0 1 0 0
 0 1 1 0 1 1 0 1 1 1 0 1 1 1 1 0 0 0 1 0 1 1 0 1 1 1 1 0 1 1 0 0 0 0 1 0 1
 0 1 0 1 0 1 1]

Synthetic samples indexes: [  3   6   8  16  24  33  36  38  44  45  48  57  60  62  66  78  81  83
  87  88  92  95  99 100 103 108 110 114 117]

========== Cluster 6 ==========

Base classifier: SVC(probability=True)

Minority Class: 1

Selected Features: [  0   1   2   3   4   5   6   7   8   9  10  11  12  13  14  15  16  17
  18  19  20  21  22  23  24  25  26  27  28  29  30  31  32  33  34  35
  36  37  38  39  40  41  42  43  44  45  46  47  48  49  50  51  52  53
  54  55  56  57  58  59  60  61  62  63  64  65  66  67  68  69  70  71
  72  73  74  75  76  77  78  79  80  81  82  83  84  85  86  87  88  89
  90  91  92  93  94  95  96  97  98  99 100 101 102 103 104 105 106 107
 108 109 110 111 112 113 114 115 116 117 118 119 120 121 122 123 124 125
 126 127 128 129 130 131 132 133 134 135 136 137 138 139 140 141 142 143
 144 145 146 147 148 149 150 151 152 153 154 155 156 157 158 159 160 161
 162 163 164 165 166 167 168 169 170 171 172 173 174 175 176 177 178 179
 180 181 182 183 184 185 186 187 188 189 190 191 192 193 194 195 196 197
 198 199 200 201 202 203 204 205 206 207 208 209 210 211 212 213 214 215
 216 217 218 219 220 221 222 223 224]

Labels: [0 1 0 1 0 0 1 1 1 0 0 0 1 0 1 1 1 0 0 1 1 1 1 1 0 0 1 0 0 0 0 0 1 0 1 1 1
 1 0 0 1 0 0 0 1 1 1 0 1 0 1 0 0 1 1 1 1 0 0 0 0 0 0 1 0 0 1 1 0 0 1 0 0 0
 1 1 1 0 1 1 0 1 1 0 1 0 1 1 0 0 0 1 1 0 0 1 0 0 0 0 1 1 1 1 1 1 1 0 0 1 0
 1 0 0 0 1 1 1 0 1 0 0 1 1 0 1 0 1 0 1 0 1 1 0 1 0]

Synthetic samples indexes: [  1   3   6  15  16  19  22  23  26  32  34  35  45  48  53  54  63  66
  67  70  74  79  81  82  86  87  91  92 100 102 103 104 105 115 117 119
 122 123 125 131]

========== Cluster 7 ==========

Base classifier: SVC(probability=True)

Minority Class: 1

Selected Features: [  0   1   2   3   4   5   6   7   8   9  10  11  12  13  14  15  16  17
  18  19  20  21  22  23  24  25  26  27  28  29  30  31  32  33  34  35
  36  37  38  39  40  41  42  43  44  45  46  47  48  49  50  51  52  53
  54  55  56  57  58  59  60  61  62  63  64  65  66  67  68  69  70  71
  72  73  74  75  76  77  78  79  80  81  82  83  84  85  86  87  88  89
  90  91  92  93  94  95  96  97  98  99 100 101 102 103 104 105 106 107
 108 109 110 111 112 113 114 115 116 117 118 119 120 121 122 123 124 125
 126 127 128 129 130 131 132 133 134 135 136 137 138 139 140 141 142 143
 144 145 146 147 148 149 150 151 152 153 154 155 156 157 158 159 160 161
 162 163 164 165 166 167 168 169 170 171 172 173 174 175 176 177 178 179
 180 181 182 183 184 185 186 187 188 189 190 191 192 193 194 195 196 197
 198 199 200 201 202 203 204 205 206 207 208 209 210 211 212 213 214 215
 216 217 218 219 220 221 222 223 224]

Labels: [0 1 0 0 0 1 0 0 1 0 1 1 1 0 0 0 1 1 0 1 1 1 0 1 1 0 0 1 0 0 1 0 0 1 1 1 1
 1 1 0 1 1 0 0 0 0 1 0 1 0 0 0 1 1 0 0 1 1 0 0 1 1 1 1 1 1 0 1 0 1 1 0 0 0
 1 1 0 0 1 0 0 0 0 0 0 1 0 1 1 1 1 1 0 0 0 1 0 0 1 1 0 1 0 1 1 0 1 0 1 1 0
 0 1 0 0 0 0 0 1 1 1 0 0 1 1 1 1 0 1 1 0 1 0 0 1 0 0 1]

Synthetic samples indexes: [  1   8  12  16  17  19  20  23  30  33  34  35  40  41  53  57  60  61
  62  63  64  65  67  69  75  78  87  89  90  91  98  99 101 103 108 112
 118 119 125 131 134 137]

========== Cluster 8 ==========

Base classifier: SVC(probability=True)

Minority Class: 1

Selected Features: [  0   1   2   3   4   5   6   7   8   9  10  11  12  13  14  15  16  17
  18  19  20  21  22  23  24  25  26  27  28  29  30  31  32  33  34  35
  36  37  38  39  40  41  42  43  44  45  46  47  48  49  50  51  52  53
  54  55  56  57  58  59  60  61  62  63  64  65  66  67  68  69  70  71
  72  73  74  75  76  77  78  79  80  81  82  83  84  85  86  87  88  89
  90  91  92  93  94  95  96  97  98  99 100 101 102 103 104 105 106 107
 108 109 110 111 112 113 114 115 116 117 118 119 120 121 122 123 124 125
 126 127 128 129 130 131 132 133 134 135 136 137 138 139 140 141 142 143
 144 145 146 147 148 149 150 151 152 153 154 155 156 157 158 159 160 161
 162 163 164 165 166 167 168 169 170 171 172 173 174 175 176 177 178 179
 180 181 182 183 184 185 186 187 188 189 190 191 192 193 194 195 196 197
 198 199 200 201 202 203 204 205 206 207 208 209 210 211 212 213 214 215
 216 217 218 219 220 221 222 223 224]

Labels: [1 1 1 0 0 1 0 1 0 0 0 1 1 1 0 0 0 0 0 1 1 0 1 1 0 0 1 0 0 1 1 1 0 0 1 1 1
 1 0 1 1 1 0 1 0 0 1 0 1 0 1 0 1 0 1 0 0 0 0 0 1 1 0 0 1 1 0 1 0 1 1 0 0 0
 0 0 1 1 0 1 1 0 0 0 0 0 0 0 1 0 0 1 1 1 0 1 1 0 1 0 0 0 1 0 1 1 1 0 1 1 1
 1 0 1 0 1 1 1]

Synthetic samples indexes: [  0   2   7  12  13  22  26  29  31  34  43  46  48  54  69  77  88  93
  96  98 102 105 109 110 111 115]

========== Cluster 9 ==========

Base classifier: SVC(probability=True)

Minority Class: 1

Selected Features: [  0   1   2   3   4   5   6   7   8   9  10  11  12  13  14  15  16  17
  18  19  20  21  22  23  24  25  26  27  28  29  30  31  32  33  34  35
  36  37  38  39  40  41  42  43  44  45  46  47  48  49  50  51  52  53
  54  55  56  57  58  59  60  61  62  63  64  65  66  67  68  69  70  71
  72  73  74  75  76  77  78  79  80  81  82  83  84  85  86  87  88  89
  90  91  92  93  94  95  96  97  98  99 100 101 102 103 104 105 106 107
 108 109 110 111 112 113 114 115 116 117 118 119 120 121 122 123 124 125
 126 127 128 129 130 131 132 133 134 135 136 137 138 139 140 141 142 143
 144 145 146 147 148 149 150 151 152 153 154 155 156 157 158 159 160 161
 162 163 164 165 166 167 168 169 170 171 172 173 174 175 176 177 178 179
 180 181 182 183 184 185 186 187 188 189 190 191 192 193 194 195 196 197
 198 199 200 201 202 203 204 205 206 207 208 209 210 211 212 213 214 215
 216 217 218 219 220 221 222 223 224]

Labels: [0 1 0 1 1 1 0 1 0 1 1 0 0 1 0 1 0 1 0 0 1 0 1 0 1 1 1 0 0 1 0 1 1 1 1 1 1
 0 0 0 0 0 0 0 0 1 0 1 1 0 1 1 0 1 0 1 1 0 1 0 0 1 1 0 0 0 0 0 0 0 0 1 0 0
 1 1 0 1 0 0 0 1 1 1 0 0 1 0 0 0 1 1 1 0 1 1 1 0 0 1 1 0 1 1 0 0 1 1 1 1 0
 0 0 0 1 1 0 0 0 0 0 1 1 1 0 1 0 1 1 1 1 1]

Synthetic samples indexes: [  4   7  17  20  22  25  26  29  32  33  35  36  48  50  53  56  61  62
  74  75  81  82  83  86  92  95  96 103 106 107 108 109 121 123 125 127
 130 131]

