Clustering algorithm selected: kmeans++
=====================================

Clustering evaluation metric: dbc
Clustering evaluation value: 0.47332092962168004

========== Cluster 0 ==========

Base classifier: LogisticRegression()

Minority Class: 1

Selected Features: [32 34 37 33 18 15 25  4  3 26  0  8 16 35  5 19 12 31 22  1 29 20  9  2
 30  6  7 28 10 21 11 23 13]

Labels: [1 1 0 1 0 1 1 0 1 0 0 1 0 0 0 0 0 0 0 0 0 0 0 0 0 1 0 0 0 0 1 0 1 0 0 1 1
 0 0 1 1 1 1 0 0 0 0 0 0 1 0 1 1 0 1 1 1 1 0 0 1 0 0 0 0 1 0 0 0 0 0 0 0 1
 0 0 1 1 0 0 0 0 1 0 0 1 0 0 0 1 1 0 0 0 0 0 0 1 0 1 0 0 0 0 0 0 0 0 1 1 0
 1 0 0 0 1 0 0 1 0 1 0 1 0 1 0 1 0 1 0 1 0 0 1 0 0 1 0 1 0 1 0 1 0 1 1 0 0
 0 0 1 1 0 0 0 1 0 1 0 0 1 0 1 0 0 0 1 1 1 0 0 0 1 0 0 0 1 0 1 0 1 0 0 1 0
 0 1 1 1 1 1 1 1 1 1 1 1 1 1 0 0 0 0 0 0 0 0 0 0 0 0 0 0 0 0 0 0 0 0 0 0 1
 1 1 0 0 1 0 0 1 1 0 0 1 1 1 0 0 0 1 0 1 1 0 0 1 1 0 0 1 1 1 1 1 0 1 1 0 0
 0 1 1 1 0 1 1 1 0 0 1 1 0 1 1 0 1 0 0 1 0 1 0 1 1 0 0 1 1 0 1 1 1 1 0 1 1
 1 0 0 1 0 1 0 1 0 0 1 0 0 0 1 1 0 0 1 1 1 1 0 1 0 0 0 0 1 1 0 0 0 1 0 1 1
 0 0 1 1 0 0 0 0 0 0 1 1 0 1 1 0 1 1 0 1 0 0 1 0 0 0 1 0 1 1 1 0 0 1 1 1 1
 0 0 1 1]

========== Cluster 1 ==========

Base classifier: LogisticRegression()

Minority Class: 1

Selected Features: [32 37 13 31 34 29  1 33  3 24 15 36  0 27  7 16  5 19 30 28 21 25  9 35
  2  4  6  8 12 10 11 23 14]

Labels: [1 0 1 0 1 0 0 1 0 0 0 0 0 1 0 1 1 0 0 1 0 0 0 0 0 1 0 0 0 1 0 0 1 0 0 0 1
 1 0 0 1 0 0 1 1 0 0 1 0 1 0 1 0 1 0 1 0 1 1 0 1 0 1 1 1 0 0 0 1 0 1 1 1 1
 1 1 1 0 0 0 0 0 1 0 1 1 0 1 1 1 1 1 1 1 0 0 0 1 1 1 0 1 1 0 0 1 0 0 1 1 0
 0 0 0 0 1 0 1 0 0 1 1 1 1 0 0 1 1 1 1 1 1 1 1 0 0 0 1 1 1 1 1 1 1 1 1 0 0
 0 0 0 0 0 0 0 0 0 1 1 0 0 1 1 1 0 0 0 1 1 0 0 1 0 1 0 1 0 0 0 0 1 0 0 0 0
 0 1 0 1 1 0 0 0 0 1 0 0 0 0 0 1 1 0 1 0 1 1 0 0 0 0 1 1 1 1 1 0 1 0 0 0 0
 1 1 0 1 1 0 0 1 1 0 0 1 1 0 1 1 0 1 0 0 1 1 0 1 0]

