Clustering algorithm selected: kmeans++
=====================================

Clustering evaluation metric: dbc_ss
Clustering evaluation value: 0.17966979896119412

========== Cluster 0 ==========

Base classifier: SVC(probability=True)

Selected Features: [3 0 5 2]

Labels: [0 1 1 1 0 0 2 1 0 2 0 0 0 1 0 1 0 0 1 0 1 1 2 2 0 0 0 2 1 0 1 2 1 0 1 0 1
 2 0 1 2 0 2 1 0 0 1 1 1 2 2 1 1 0 0 0 0 0 1 0 2 1 0 1 2 0 0 1 0 0 0 1 2 2
 1 1 2 1 2 2 0 1 2 2 0 0 2 0 0 2 2 2 2 1 1 1 0 0 0 2 1 1 0 0 0 0 2 1 0 1 0
 1 0 0 0 2 1 1 0 1 0 1 1 2 1 2 2 1 2 2 2 1 1 2 1 2 0 2 2 0 0 2 1 0 2 2 0 1
 0 1 2 2 1 1 2 2 1 0 1 1 2 0 0 1 2 1 1 1 1 2 2 0 0 1 1 0 2 0 1 2 2 0 2 2 0
 2 0 2 0 0 2 2 1 2 0 0 1 1 1 0 2 2 1 0 2 0 0 1 0 0 1 0 2 0 2 0 2 2 1 0 2 1
 1 1 0 1 0 0 0 1 0 1 0 0 0 1 2 1 1 1 1 2 2 2 2 1 1 2 1 2 0 0 1 1 0 1 1 1 0
 0 1 1 1 1 1 1 0 2 2 2 2 0 1 0 0 1 0 2 1 2 2 0 2 2 2 1 1 0 1 2 2 0 0 2 0 2
 0 1 2 0 1 2 0 2 0 0 0 0 2 1 2 2 2 1 0 2 2 0 0 2 0 2 1 1 0 1 1 0 2 1 2 2 1
 0 2 2 2 0 2 1 0 1 2 2 0 2 0 1 2 1 2 0 0 1 0 0 0 0 2 0 1 1 1 2 1 2 0 0 0 0
 1 2 0 1 1 0 0 0 1 2 0 2 1 1 2 1 0 0 1 0 0 0 0 2 0 1 2 0 0 0 1 2 0 2 2 0 0
 1 2 1 2 2 1 0 2 0 0 0 0 2 1 2 0 1 0 1 2 1 2 1 0 2 1 0 2 2 2 0 2 2 0 0 0 0
 2 0 0 2 0 1 0 0 0 2 2 1 2 0 2 2 1 2 2 1 2 2 2 0 0 0 2 1 1 0 0 0 1 2 2 0 0
 1 0 0 1 1 2 2 2 0 2 1 2 1 2 1 0 2 0 2 0 1 1 2 1 1 0 2 1 0 1 0 1 0 2 1 1 0
 0 0 2 1 2 2 1 1 2 2 2 1 2 2 2 2 1 0 2 1 0 1 2 1 2 1 1 2 2 2 2 0 2 1 2 2 1
 0 0 1 1 1 0 2 0 2 0 1 2 1 1 1 1 1 1 2 0 0 2 2 2 2 2 0 2 2 0 1 2 1 1 0 1 0
 0 1 0 2 0 1 2 2 1 0 2 2 0 1 2 0 0 2 1 2 2 1 1 2 1 1 0 1 1 1 1 1 1 0 1 2 2
 2 0 0 2 2 1 1 2 2 2 1 2 0 2 2 0 1 1 0 1 1 0 0 2 0 0 0 0 2 1 2 1 0 1 0 0 1
 2 1 2 2 0 1 0 1 1 0 2 2 0 0 0 0 0 0 2 1 0 1 0 2 2 1 1 0 1 2 2 1 1 0 2 1 1
 1 2 2 0 0 0 0 0 2 0]

========== Cluster 1 ==========

Base classifier: GradientBoostingClassifier()

Selected Features: [0 3 6 8]

Labels: [2 0 0 0 2 2 2 2 1 0 0 2 2 2 2 0 2 1 0 2 2 2 0 0 0 0 0 0 0 2 0 0 2 2 0 0 0
 2 0 0 0 2 0 0 0 2 2 0 0 0 2 1 0 0 1 0 0 2 1 2 0 0 0 0 0 0 0 0 0 0 2 0 0 0
 2 2 0 0 0 0 0 0 2 0 2 0 2 2 2 1 0 2 1 2 0 1 2 2 2 0 2 0 0 2 0 2 1 0 0 2 1
 2 1 0 0 0 2 0 2 0 0 1 0 1 2 2 1 0 0 0 2 2 1 2 2 0 0 2 2 2 1 2 2 0 0 2 0 2
 2 2 0 0 2 0 0 0 0 0 0 2 1 0 1 0 2 1 2 2 1 2 0 0 0 0 2 0 0 2 2 2 2 0 2 0 1
 2 2 0 0 0 0 1 2 0 0 0 2 0 2 1 2 2 2 0 0 2 0 2 0 2 0 2 1 1 0 2 2 1 0 0 2 1
 2 0 2 1 1 2 0 2 0 2 0 0 2 2 2 1 2 2 0 0 0 2 0 0 0 0 2 2 2 1 2 0 0 2 0 1 0
 2 0 0 2 0 0 0 2 1 1 0 2 0 0 2 0 0 0 0 2 0 1 0 2 0 2 0 0 0 0 0 2 1 0 0 0 0
 2 0 0 0 0 2 0 1 1 2 2 2 2 0 2 0 2 0 0 0 1 0 0 2 0 2 0 2 2 2 0 0 2 0 0 2 0
 0 2 0 1 2 0 0 0 2 0 0 2 0 0 1 2 2 0 2 0 2 2 1 0 0 0 0 0 0 0 0 0 0 0 2 2 0
 2 2 2 0 2 2 2 0 2 0 0 0 1 0 1 2 1 0 0 0 2 1 0 2 2 2 0 1 0 0 2 0 2 0 1 0 0
 0 0 1 1 0 0 0 2 1 0 2 0 0 2 0 2 0 0 2 0 2 2 0 2 1 0 2 2 0 2 0 1 2 0 2 0 0
 0 0 0 0 0 0 0 1 2 2 0 2 2 0 2 0 0 0 0 0 0 0 0 2 2 2 0 0 2 1 2 0 0 2 0 0 0
 1 2 0 1 2 0 2 0 2 2 0 0 0 2 0 2 0 0 0 1 0 0 0 2 0 0 0 2 2 2 1 2 0 2 0 1 0
 0 2 2 2 0 0 2 0 0 2 0 2 0 0 0 2 2 2 0 0 2 2 0 0 2 2 2 0 0 2 0 0 0 0 2 0 0
 1 0 1 0 0 0 1 1 0 2 0 2 2 1 2 0 0 0 2 0 0 1 1 2 1 2 1 0 0 2 2 2 0 2 2 0 0
 2 2 0 0 2 0 2 2 2 2 1 2 2 2 2 0 0 2 0 0 0]

