Clustering algorithm selected: kmeans
=====================================

Clustering evaluation metric: dbc_rand
Clustering evaluation value: 0.01219284295275375

========== Cluster 0 ==========

Base classifier: SVC(probability=True)

Minority Class: 1

Selected Features: [2 6 5 9 8 0 4 1]

Labels: [2 0 0 1 2 0 1 2 1 2 0 2 0 2 2 2 2 2 2 1 0 0 0 0 0 2 1 2 0 1 1 0 1 1 1 0 0
 0 1 1 0 1 2 1 0 1 1 1 2 0 0 2 2 0 0 1 2 0 2 0 1 0 2 1 0 0 2 2 0 0 2 2 2 0
 0 0 1 0 2 0 1 2 1 2 0 0 0 2 0 0 2 1 0 0 1 0 0 0 0 1 0 2 2 2 2 1 1 1 0 1 1
 0 2 0 0 2 0 2 1 0 0 0 2 2 2 2 2 2 2 2 1 2 1 1 1 2 0 2 1 0 2 0 1 2 2 0 1 2
 1 2 0 2 1 0 2 1 1 2 0 1 2 0 1 0 0 2 1 1 1 0 2 2 1 0 1 1 1 2 2 2 1 0 1 0 2
 1 1 2 2 0 1 2 2 1 2 1 2 2 1 2 1 2 1 2 2 2 1 2 0 1 0 0 0 2 0 0 0 1 2 0 1 1
 2 0 2 0 0 1 0 1 0 0 2 2 2 0 0 0 0 1 2 2 0 1 2 2 2 2 1 0 0 2 1 0 2 0 0 2 2
 2 2 2 1 1 1 1 1 0 1 2 0 2 1 0 2 2 0 2 0 1 1 0 0 1 0 2 0 1 1 1 2 0 0 2 2 1
 2 0 2 0 1 0 0 1 1 2 1 2 2 0 0 0 2 2 0 1 2 2 1 2 1 1 1 0 1 2 2 0 1 0 0 1 2
 2 0 2 2 1 1 1 0 0 0 0 1 0 2 1 0 2 1 2 1 1 0 2 2 2 1 1 0 1 1 0 1 0 2 0 0 0
 1 2 2 2 0 0 1 0 0 1 1 0 1 0 1 2 2 0 0 2 1 0 2 2 0 1 2 0 2 0 2 1 2 1 0 2 0
 1 2 1 0 0 1 1 1 0 1 1 0 1 0 1 0 1 0 2 2 0 1 1 1 2 0 0 1 0 0 2 0 1 1 0 2 0
 1 2 2 0 0 2 2 1 0 0 1 1 1 0 0 1 1 2 0 1 2 1 0 0 2 1 1 0 0 0 2 1 2 1 0 0 2
 0 0 2 0 2 1 1 2 2 1 2 0 1 1 1 2 1 0 1 1 1 2 1 1 2 2 0 0 1 2 0 0 2 1 0 1 0
 0 1 0 1 0 1 1 2 0 1 1 2 0 1 0 2 2 0 0 2 2 0 2 0 2 1 1 2 2 1 2 1 0 0 0 2 0
 0 1 0 1 2 2 2 2 1 0 2 0 2 1 2 0 1 2 2 0 2 0 2 2 0 0 2 0 1 1 0 0 0 2 0 0 2
 0 0 2 0 1 2 2 0 1 2 2 2 0 2 1 2 0 1 1 2 1 2 2 2 2 2 1 1 1 2 1 2 1 0 1 2 1
 0 1 2 1 1 1 1 0 1 0 1 2 1 1 0 2 0 2 1 2 2 0 2 0 0 1 0 1 1 0 0 2 1 2 1 2 2
 0 1 2 0 2 2 1 0 0 0 2 1 2 1 2 1 1 1 1 0 1 0 0 2 0 1 2 0 2 1 2 2 2 2 0 0 2
 2 1 2 2]

========== Cluster 1 ==========

Base classifier: SVC(probability=True)

Minority Class: 0

Selected Features: [1 9 0 5 6 7 2]

Labels: [2 0 1 2 2 1 0 2 2 2 0 2 2 2 2 0 2 0 0 1 1 2 2 1 1 0 0 1 0 0 2 2 0 1 1 0 2
 0 1 0 1 1 0 2 0 1 2 0 0 0 1 0 0 1 2 2 2 1 0 0 2 1 2 0 2 0 1 1 2 2 1 2 2 0
 0 2 2 2 1 2 1 2 0 1 1 0 1 1 2 1 0 1 0 0 1 0 0 2 0 1 2 0 2 1 1 0 2 0 1 2 1
 0 2 2 2 2 1 1 1 2 1 1 2 0 0 0 2 2 2 2 2 1 0 2 0 2 1 0 2 1 2 1 2 0 2 2 0 2
 1 1 1 0 2 1 2 1 2 0 0 1 2 1 2 0 0 1 0 2 0 1 1 1 0 1 1 2 1 0 2 0 2 2 2 0 2
 1 0 2 0 2 1 1 0 1 0 2 2 1 1 1 2 0 1 1 0 1 0 1 1 1 0 0 1 2 2 0 2 1 2 2 1 1
 1 1 0 1 1 1 0 2 0 1 0 0 1 1 0 1 1 1 0 2 1 0 1 2 2 1 2 2 1 0 0 2 1 2 2 0 0
 0 2 2 1 1 2 2 1 2 1 0 0 2 1 2 2 0 0 1 1 1 1 0 2 1 0 0 1 1 2 1 1 0 0 1 2 0
 1 1 2 1 0 1 1 1 2 0 1 1 2 0 0 1 1 0 1 2 2 1 2 1 2 1 0 0 2 0 1 1 1 1 0 0 0
 0 1 1 0 1 2 2 1 0 1 0 0 1 1 2 0 1 2 1 0 0 2 0 2 0 1 0 0 0 1 0 2 2 2 2 0 0
 0 1 1 0 0 0 1 1 0 1 1 0 0 0 0 2 0 0 0 0 0 0 2 1 2 0 0 1 2 1 2 1 0 0 0 2 0
 2 0 0 1 2 2 0 1 2 0 1 2 0 1 0 0 0 1 0 2 2 2 1 1 1 1 2 1 0 2 2 0 0 1 2 1 2
 2 2 1 2 1 0 0 1 2 2 2 0 1 1 1 1 1 2 2 0 1 0 1 0 1 0 1 0 2 2 2 2 2 2 0 0 1
 1 2 1 0 1 1 2 1 0 2 1 0 1 1 1 0 1 2 1 2 1 0 2 1 2 0 2 0 2 2 2 1 2 2 1 1 2
 1 1 2 0 0 0 2 2 2 1 2 1 2 1 0 0 0 2 2 1 2 2 1 1 2 1 0 1 1 0 1 0 2 0 0 2 0
 2 1 0 1 0 1 2 2 2 2 1 1 1 2 1 2 2 1 2 2 0 2 1 1 2 0 1 0 1 2 2 1 2 0 0 2 0
 0 0 0 1 2 1 0 2 0 2 1 2 0 2 1 0 1 0 0 0 1 2 2 2 0 1 2 1 1 0 1 0 1 0 1 2 1
 0 2 1 0 2 1 0 0 1 2 0 0 2 2]

