Clustering algorithm selected: fcm
=====================================

Clustering evaluation metric: dbc
Clustering evaluation value: 0.10865263183134906

========== Cluster 0 ==========

Base classifier: GaussianNB()

Selected Features: [1 3 5 6]

Labels: [0 0 0 1 1 1 1 1 0 0 1 0 0 1 0 0 1 0 0 0 1 0 0 1 0 1 0 1 0 1 1 1 1 0 1 1 1
 0 1 0 0 0 1 1 1 0 1 1 0 0 1 1 0 0 1 0 1 0 0 1 1 0 0 1 0 0 0 1 1 0 0 1 1 1
 1 1 0 1 1 0 0 1 1 1 1 0 1 1 1 0 0 0 1 1]

========== Cluster 1 ==========

Base classifier: GaussianNB()

Selected Features: [0 5 1 7 3 2]

Labels: [0 0 0 0 0 0 0 0 0 0 0 1 1 0 0 0 1 0 0 0 0 0 0 0 1 0 0 0 1 0 0 0 1 1 0 1 0
 0 0 1 0 0 0 0 1 0 0 0 0 0 0 0 0 0 0 1 0 0 0 1 0 0 0 0 0 0 0 0 0 0 0 0 0 0
 0 0 0 0 0 0 0 1 0 0 0 0 0 0 0 0 0 0 0 0 0 0 0 0 0 0 0 0 0 0 0 0 0 0 0 0 0
 1 0 1 0 0 0 0 0 1 1 0 1 0 1 0 1 0 0 0 0 0 0 1 0 0 0 0 0 0 0 0 0 0 1 1 1 0
 0 0 0 0 0 0 0 0 0 0 0 0 0 0 0 0 0 0 0 0 0 0 0 0 0 0 0 0 0 0 0 0 0 0 0 0 0
 1 0 1 0 0 0 0 1 0 0 0 0 0 0 0 0 0 0 0 0 0 0 0 0 0 0 0 1 1 0 0 0 0 1 0 0 0
 0 1 0 0 0 0 0 1 0 0 0 0 0 0 0 0 0 0 1 0 0 0 0 0 0 0 0 0 0 0 0 0 1 0 0 0 0
 0 0 1 0 0 0 0 0 0 1 0]

========== Cluster 2 ==========

Base classifier: GaussianNB()

Selected Features: [1 4]

Labels: [1 1 1 1 0 1 1 1 0 0 0 0 1 1 0 1 0 0 0 0 1 1 0 1 0 0 0 0 0 1 1 0 0 0 1 0 1
 0 0 1 0 1 0 1 0 1 0 1 0 0 0 1 0 0 1 0 0 0 0 1 1 0 1 1 0 1 1 1 0 1 1 0 0 0
 1 1 0 1 0 1 1 0 1 1 1 1 1 1 0 0 1 0 1 0 1 0 0 0 0 0 1 0 0 0 1 0 0 0 1 0 1
 1 1 0 1 0 0 0 0 0 0 0 1 0 0 1 1 1 1 0 0 0 0 1 1 0 0 1 0 1 1 0 0 1 1 0 1 0
 1 0 1 1 1 0 0 0 0]

========== Cluster 3 ==========

Base classifier: GaussianNB()

Selected Features: [4 2 1 7 6]

Labels: [0 0 0 0 1 0 0 0 0 1 1 0 0 0 0 1 0 1 1 0 1 1 0 1 1 0 0 0 1 0 1 1 0 0 0 0 1
 1 0 1 0 1 1 1 0 0 0 1 0 0 1 0 0 0 0 1 1 1 0 1 0 0 0 1 0 1 1 1 1 1 1 1 1 1
 1 0 0 0 0 0 0 1 0 0 0 0 1 1 1 1 1 1 1 1 0 0 0 1 0 0 1 1 1 1 0 1 0 1 1 0 0
 1 1 1 1 0 1 0 0 0 0 1 1 0 1 0 1 1 0 0 0 0 0 0 0 0 1 1 0 0 1 1 1 1 1 0 1 1
 1 1 1 0 0 0 0 1 0 1 1 0 1 1 0 0 0 1 1 0 1 1]

