Clustering algorithm selected: kmeans++
=====================================

Clustering evaluation metric: silhouette
Clustering evaluation value: 0.16199259743602945

========== Cluster 0 ==========

Base classifier: LogisticRegression()

Minority Class: 1

Selected Features: [32 34 33 27  6 37 19 17 18 23 24 11 21 12  2  5 14 10 16 25  1 26  9  4
 35  7  8  3 28 13 29 15 31 36]

Labels: [1 1 1 0 0 0 0 0 1 0 0 0 0 0 0 0 0 1 0 1 0 0 0 1 1 1 0 0 0 0 0 0 1 0 0 0 0
 0 0 1 0 0 1 1 0 0 0 0 1 1 0 1 0 0 0 1 0 0 0 0 0 0 0 1 0 0 1 0 0 0 0 1 0 0
 1 0 0 1 1 0 0 0 1 1 0 0 1 0 0 1 1 1 0 0 0 0 0 1 0 0 1 1 1 1 0 0 0 0 0 1 0
 1 1 0 1 0 0 0 0 1 0 0 0 1]

========== Cluster 1 ==========

Base classifier: LogisticRegression()

Minority Class: 0

Selected Features: [32 37 34 33 31  3 15  1 36 35 13 11  9 23 28  5 25  7 14 12 24 16 10 29
  4  6  8  2 18 17 19 20 21 22 26]

Labels: [1 0 1 0 1 0 0 0 1 0 1 0 0 0 0 1 0 1 1 0 1 0 0 1 1 0 0 1 0 1 0 1 0 1 1 0 1
 1 1 0 0 1 1 1 1 0 0 0 1 1 1 1 1 1 1 1 1 0 0 1 1 0 1 1 0 1 0 0 1 1 0 0 0 1
 1 0 1 1 1 1 1 1 1 1 1 1 1 1 0 1 1 1 1 0 1 0 1 0 1 1 0 1 0 0 1 1 0 0 0 1 1
 1 0 0 1 1 1 1 1 1 1 1 1 0 1 1 1 0 0 1 1 0 1 1 1 0 0 1 0 0 1 0 1 0 0 0 0 1
 1 1 1 1 1 1 1 1 1 1]

========== Cluster 2 ==========

Base classifier: LogisticRegression()

Minority Class: 1

Selected Features: [32 34 37 36 33  7 26  2 21 30 28  0  6 29 11  3 14 22 16 19 13 12 35  8
  1  4  5 31 25  9 10 24 15 17 20]

Labels: [1 1 0 1 0 0 1 0 0 1 0 0 0 0 0 0 0 0 0 1 0 0 0 1 1 0 1 1 0 1 1 1 0 0 0 0 1
 0 1 1 0 1 1 1 0 0 1 0 0 1 0 0 0 0 1 0 1 0 0 0 1 0 1 0 0 1 0 0 0 0 1 0 1 0
 0 0 0 0 0 1 1 0 0 0 1 0 0 1 0 0 1 0 1 0 1 1 0 1 0 0 1 0 0 1 0 1 0 1 1 0 1
 0 0 0 1 1 0 0 0 1 0 1 0 0 1 0 1 0 1 1 1 0 0 0 1 0 0 1 0 1 0 1 0 0 0 0 1 0
 1 0 0 1 1 1 1 1 1 0 1 1 1 0 0 0 1 1 1 0 0 1 0 0 0 1 0 1 0 1 0 0 0 0 0 0 1
 0 0 0 1 0 0 0 0 0 0 1 1 1 0 0 1 0 0 1 0 0 1 1 1 0 0 0 1 0 1 1 0 0 1 1 0 0
 1 1 1 1 1 0 1 1 0 0 1 0 1 1 0 0 1 1 1 1 0 1 0 1 0 1 0 0 1 1 0 1 1 1 0 1 1
 1 0 0 1 1 0 1 0 1 0 0 1 1 0 1 1 1 1 0 1 0 0 1 1 1 1 1 1]

========== Cluster 3 ==========

Base classifier: LogisticRegression()

Minority Class: 1

Selected Features: [ 6  0 32 17 33 35 24 36  9 29 34 11 20 37 23 18 21 25  1  2  3  4  5 31
  7  8 30 10 22 12 13 14 15 16]

Labels: [0 0 1 0 0 0 0 0 1 0 0 0 1 1 1 0 0 0 1 0 0 0 0 0 0 1 0 0 0 0 0 0 0 0 0 0 0
 0 0 0 0 0 0 0 0 0 0 0 1 0 0 0]

