============== Classifiers Parameters ==============
[{'cost': 348.6140855085712, 'gamma': 79.59860691822733}, {'cost': 642.1573138797853, 'gamma': 114.82621783775846}, {'cost': 921.0975264419039, 'gamma': 333.2755298772362}]

Optimal clusterer: kmeans

External clustering metrics:
adjusted_rand_score: 2.6435298537179746e-05
normalized_mutual_info_score: 0.005834650248377836
v_measure_score: 0.005834650248377835
fowlkes_mallows_score: 0.5752292855063652

Internal clustering metrics:
silhouette: 0.47335888292095996
davies_bouldin: 8.742519582116326
calinski_harabasz_score: 0.5113989166735102

Base classifier: svm
========== Cluster 0 ==========

Labels: [2 0 0 1 1 2 2 1 0 2 2 2 1 2 0 0 0 2 2 0 0 1 1 1 0 1 2 0 1 0 1 2 0 1 0 1 1
 1 1 2 0 0 0 2 0 2 1 0 0 0 0 2 2 2 0 2 0 0 0 2 0 2 0 1 2 0 1 2 2 2 2 0 0 0
 2 0 2 1 0 2 0 0 2 0 0 2 1 2 2 0 1 2 1 0 1 2 2 0 1 1 0 0 0 0 2 0 1 2 2 2 1
 1 2 0 1 1 0 2 2 1 0 2 0 0 2 2 0 2 2 2 1 0 2 1 2 0 2 1 2 2 2 0 1 1 1 1 2 2
 1 1 2 0 0 2 1 1 2 0 1 0 1 2 2 0 0 0 2 1 1 1 1 0 1 1 0 1 0 2 2 2 2 2 2 0 2
 1 1 1 2 1 1 0 2 0 0 1 0 1 1 0 0 0 1 0 1 0 0 1 0 0 0 1 1 0 1 1 1 1 1 2 2 2
 2 2 2 1 1 1 2 2 0 1 2 0 1 1 1 2 0 1 2 2 2 1 0 0 0 0 1 1 0 0 2 1 2 2 1 0 1
 2 0 0 2 2 1 0 0 1 0 1 0 0 2 2 0 0 2 1 0 2 0 0 2 0 0 1 2 0 0 1 1 1 1 1 2 0
 1 0 0 1 2 0 2 0 2 0 1 1 0 2 2 2 1 2 1 1 2 2 0 0 1 1 0 2 0 0 2 0 1 2 2 0 2
 0 2 0 2 0 0 1 1 1 2 0 0 1 2 0 2 0 0 2 0 1 0 1 0 2 2 0 2 0 2 2 0 0 1 0 0 2
 1 1 2 0 1 0 2 2 2 0 1 2 0 1 0 0 0 0 2 2 0 1 0 2 2 0 0 1 2 0 1 1 0 1 1 2 0
 1 0 2 0 1 2 0 2 1 2 0 0 0 0 0 2 0 2 2 1 0 1 1 1 2 0 1 0 0 1 1 2 1 2 0 2 0
 2 0 2 1 0 0 0 1 1 1 1 0 2 0 0 1 1 1 2 2 1 2 0 0 2 2 0 0 2 2 1 1 2 2 2 0 0
 2 0 0 1 2 2 1 2 2 1 2 1 2 1 0 1 2 0 0 0 2 0 2 0 2 0 2 1 1 0 2 0 0 1 2 1 0
 2 2 0 0 0 2 0 1 2 0 0 0 1 2 0 2 2 2 2 2 1 1 1 2 2 1 2 0 2 1 0 1 1 2 2 1 1
 0 2 0 2 0 0 0 1 2 2 2 1 0 2 0 0 0 1 2 0 2 1 1 0 2 1 2 2 2 2 0 0 1 2 0 2 1
 0 1 2 1 1 0 1 1 2 0 1 0 2 2 0 1 0 2 0 0 0 2 1 2]

========== Cluster 1 ==========

Labels: [2 2 0 1 2 1 0 2 2 2 2 0 0 0 1 1 0 1 1 0 0 0 1 1 0 0 2 2 0 1 2 0 0 2 1 0 0
 0 2 2 0 1 0 2 1 0 0 0 1 0 1 0 2 2 1 1 0 2 0 2 0 2 2 2 2 2 2 1 1 2 2 2 0 1
 2 1 1 1 0 1 0 1 2 0 1 0 2 1 2 2 0 1 2 1 1 1 2 2 2 1 1 2 1 2 1 2 2 2 1 0 0
 0 1 1 0 1 0 0 1 2 2 2 2 0 0 2 0 1 2 1 0 1 2 0 1 0 0 2 0 1 1 1 0 0 1 0 2 1
 1 2 1 1 0 2 2 1 1 1 0 1 0 2 0 0 1 2 2 0 0 0 1 1 1 0 0 1 2 0 1 0 0 2 2 1 1
 0 0 2 0 2 0 0 2 0 1 2 2 1 1 1 2 1 2 1 1 2 1 0 1 0 0 1 1 0 2 1 2 0 1 0 2 2
 0 0 2 1 1 0 0 1 2 1 1 1 0 1 1 0 1 0 1 0 2 1 1 0 0 1 0 2 1 2 1 0 1 0 0 1 1
 2 0 2 1 1 0 1 2 2 2 1 1 2 1 2 1 1 1 1 1 1 0 1 2 0 0 1 0 0 1 1 0 2 0 1 0 2
 2 0 2 0 2 1 1 0 0 1 2 2 2 1 0 2 0 2 2 0 2 2 0 0 1 0 0 2 2 2 2 1 2 0 1 1 2
 1 2 2 1 2 1 2 1 1 1 1 1 0 1 0 2 1 1 0 1 2 0 2 1 1 0 0 2 0 1 2 2 1 0 0 1 2
 1 1 1 0 0 2 0 1 2 1 2 2 2 2 0 2 2 2]

========== Cluster 2 ==========

Labels: [0 2 2 0 2 2 0 2 2 2 2 0 1 1 2 2 1 0 0 0 2 1 1 0 2 1 0 2 1 0 1 1 2 2 1 0 2
 1 1 2 1 0 2 2 1 2 1 0 1 1 1 1 0 1 0 1 0 0 0 1 0 1 2 2 1 0 2 2 2 1 1 1 0 2
 2 2 0 2 1 2 1 0 2 2 0 0 1 0 1 1 0 2 1 2 0 2 2 0 1 2 0 0 2 1 1 0 1 1 1 1 1
 1 2 2 2 2 1 0 1 1 0 1 2 2 2 1 2 1 0 2 0 1 1 1 0 0 2 1 0 1 0 0 1 1 0 0 2 2
 1 0 0 0 2 2 2 2 0 0 0 1 1 1 2 1 1 2 0 2 2 1 1 0 2 0 1 1 1 0 1 1 0 1 1 2 2
 2 2 1 2 0 2 2 0 1 0 2 1 1 1 0 0 0 2 0 0 0 0 2 1 2 1 0 0 0 2 0 0 1 0 1 2 0
 1 2 0 1 0 1 2 2 1 1 2 1 2 2 0 0 1 2 2 1 1 0 1 2 2 0 1 1 2 2 0 1 0 1 2 2 2
 2 2 0 1 1 2 1 1 2 1 1 1 0 1 1 2 1 0 2 2 1 1 2 0 2 2 2 1 1 2 1 0 2 2 1 0 1
 1 1 0 2 0 2 0 2 1 1 1 2 2 1 1 2 1 2 1 2 0 1 1 2 0 0 2 1 2 0 0 0 2 1 2 0 1
 0 0 1 1 2 1 0 1 0 2 0 1 2]

