============== Classifiers Parameters ==============
[{'cost': 275.69330606090386, 'gamma': 118.69731649545156}, {'cost': 549.1524950827088, 'gamma': 79.56246188237057}]

Optimal clusterer: kmeans

External clustering metrics:
adjusted_rand_score: 6.623510911260036e-06
normalized_mutual_info_score: 0.0028473267595306977
v_measure_score: 0.0028473267595306977
fowlkes_mallows_score: 0.5752178302165855

Internal clustering metrics:
silhouette: 0.40225274723230947
davies_bouldin: 7.162899159786471
calinski_harabasz_score: 0.6191287348175412

Base classifier: svm
========== Cluster 0 ==========

Labels: [2 0 0 1 2 0 1 2 1 2 0 2 0 2 2 2 2 2 2 1 0 0 0 0 0 2 1 2 0 1 1 0 1 1 1 0 0
 0 0 1 1 0 1 2 1 0 1 1 1 2 0 0 2 2 0 0 1 2 0 2 0 1 0 2 1 0 0 0 2 2 0 0 2 2
 2 0 0 0 1 0 2 0 1 2 1 2 0 0 0 2 0 0 2 1 0 0 1 0 0 0 0 1 0 2 2 2 2 1 1 1 0
 1 1 0 2 0 0 2 0 2 1 0 0 0 2 2 1 2 2 2 2 2 2 1 2 1 1 1 2 0 2 1 0 2 0 1 2 2
 0 1 2 1 2 0 2 1 0 2 1 1 2 0 1 2 0 1 0 0 2 1 1 1 1 0 2 2 1 1 0 1 1 1 2 2 2
 1 0 1 0 2 1 1 1 1 2 2 0 1 2 2 1 2 1 2 2 1 2 1 2 1 2 2 2 1 2 0 1 0 0 0 2 0
 0 0 1 2 0 1 1 2 0 2 0 0 0 1 0 1 2 0 0 2 2 2 0 0 0 0 1 2 1 2 0 1 2 2 2 1 2
 1 0 0 2 1 0 2 0 0 2 2 2 2 2 1 1 1 1 1 0 1 2 0 2 1 0 2 2 0 2 0 1 1 0 0 1 0
 2 0 1 1 1 2 0 0 2 2 1 2 0 2 0 0 1 0 0 1 1 1 2 1 2 2 0 0 0 2 2 0 1 2 2 1 0
 2 1 1 1 0 1 2 2 0 1 0 0 1 2 2 0 2 2 1 1 1 0 0 0 0 1 0 1 2 1 0 2 1 2 1 1 0
 2 2 2 1 1 0 1 1 0 1 0 2 0 0 0 1 2 2 2 2 0 0 1 0 0 1 1 1 0 0 0 1 0 0 2 0 2
 2 0 2 0 1 1 0 0 0 0 1 1 1 2 2 0 1 2 1 1 0 1 2 0 0 0 2 0 2 2 0 0 0 1 2 2 2
 0 2 1 2 2 1 1 2 1 2 0 1 1 0 2 0 2 1 0 2 2 0 2 2 0 0 1 1 1 2 1 0 1 0 0 1 1
 0 1 2 2 1 2 2 0 0 2 1 0 2 2 0 1 2 0 2 0 2 1 2 1 0 2 0 1 2 1 0 0 1 1 1 0 1
 1 0 1 0 1 0 1 0 2 2 0 1 1 1 2 0 0 1 0 0 2 0 1 1 0 2 0 1 2 2 0 0 2 2 1 0 0
 1 0 1 1 0 0 1 1 2 0 1 2 1 0 0 2 1 1 0 0 0 2 1 2 1 0 0 2 0 0 2 0 2 1 1 2 2
 1 1 2 0 1 1 1 2 1 0 1 1 1 2 1 1 2 2 0 0 1 2 0 0 2 1 0 1 0 0 1 0 1 0 1 1 2
 0 1 1 2 0 1 0 2 1 2 0 0 2 2 0 2 0 2 1 1 2 2 1 2 1 0 0 0 2 0 0 1 0 1 2 2 2
 2 1 0 2 2 1 0 2 1 2 0 1 2 2 0 2 0 2 2 0 0 2 0 1 1 0 0 0 2 0 0 2 0 0 2 0 1
 2 2 0 1 2 2 2 0 2 1 2 0 1 1 2 1 2 2 2 2 2 1 1 1 2 1 2 1]

========== Cluster 1 ==========

Labels: [2 0 1 2 2 1 0 2 2 2 0 2 2 2 2 0 2 0 0 1 1 2 2 1 1 0 0 1 0 0 2 2 1 1 0 2 0
 1 0 1 1 0 2 0 1 2 0 0 0 1 0 1 2 2 2 1 0 0 2 1 2 0 2 0 1 1 2 2 1 2 2 0 0 2
 2 2 1 2 1 2 0 1 1 0 1 1 2 1 0 1 0 0 1 0 0 2 0 1 2 0 2 1 1 0 2 0 2 1 0 2 2
 2 2 1 1 1 2 1 1 2 0 0 0 2 2 2 2 2 1 0 2 0 2 1 0 2 1 2 1 2 0 2 2 0 2 1 1 1
 0 2 1 2 2 0 0 1 2 2 0 0 1 0 2 0 1 1 0 1 2 1 0 2 0 2 2 2 0 2 1 0 2 0 2 1 1
 0 1 0 2 2 1 1 1 2 0 1 1 0 1 1 1 1 0 0 1 2 2 0 2 1 2 1 1 1 1 0 1 1 0 2 0 1
 0 0 1 1 0 1 1 1 0 2 0 1 2 2 1 2 2 1 0 0 2 1 2 2 0 0 0 2 2 1 1 2 2 1 2 1 0
 0 2 1 2 2 0 0 1 1 1 1 0 2 1 0 0 1 1 2 1 1 0 1 2 0 1 2 1 0 1 1 1 2 0 1 1 2
 0 1 1 0 1 2 2 1 2 1 2 1 0 0 2 0 1 1 1 1 0 0 0 0 1 0 1 2 2 1 0 1 0 0 1 1 2
 0 1 1 0 0 2 0 2 0 1 0 0 0 1 0 2 2 2 2 2 0 0 2 0 1 0 0 1 0 1 2 1 2 1 1 1 2
 0 1 2 2 0 1 1 0 2 0 0 2 1 1 0 1 2 1 0 1 1 1 1 0 1 1 2 0 1 2 2 2 0 1 2 2 1
 0 0 2 2 0 1 1 2 2 2 0 0 0 1 0 0 2 0 1 1 0 1 1 0 0 0 0 2 0 0 0 0 0 0 2 1 2
 0 0 1 2 1 2 1 0 0 0 2 0 2 0 0 1 2 2 0 1 2 0 1 2 0 1 0 0 0 1 0 2 2 2 1 1 1
 1 2 1 2 2 0 0 1 2 1 2 2 2 1 2 1 0 0 1 2 2 2 0 1 1 1 1 2 2 0 1 0 1 0 1 0 1
 0 2 2 2 2 2 2 0 0 1 1 2 1 0 1 1 2 1 0 2 1 0 1 1 1 0 1 2 2 1 0 2 1 2 0 2 0
 2 2 2 1 2 2 1 1 1 2 0 0 0 2 2 2 1 2 1 2 1 0 0 0 2 2 1 2 2 1 1 2 1 0 1 1 0
 1 0 2 0 0 2 0 2 1 0 1 0 1 2 2 2 2 1 1 1 2 1 2 2 1 2 2]

