Clustering algorithm selected: kmeans++
=====================================

Clustering evaluation metric: dbc_ss
Clustering evaluation value: 0.39471385657797736

========== Cluster 0 ==========

Base classifier: SVC(probability=True)

Minority Class: 0

Selected Features: [ 0  1  2  3  4  5  6  7  8  9 10 11 12 13 14 15 16 17 18 19 20 21 22 23
 24 25 26 27 28 29 30]

Labels: [0 0 1 0 1 0 1 1 1 0 1 0 0 1 0 0 0 0 1 1 0 1 0 1 0 0 1 1 0 0 1 1 0 1 1 1 0
 0 1 0 1 1 0 1 1 1 0 1 0 0 1 1 0 0 1 1 1 0 1 0 0 1 1 0 0 0 1 1 0 0 1 0 0 1
 1 1 0 1 0 1 0 1 0 0 0 0 0 1 0 1 0 1 1 0 1 0 1 0 1 1 1 1 0 1 0 0 1 0 0 1 0
 1 1 1 1 0 1 1 0 0 0 1 0 1 0 0]

Synthetic samples indexes: [  0   1   3   5  11  12  14  15  16  17  20  24  25  28  29  32  36  37
  39  42  46  48  49  52  53  59  60  63  64  65  68  71  72  76  78  80
  82  83  84  85  86  88  90  93  97 104 105 108 110 115 118 119 120 122
 124 125]

========== Cluster 1 ==========

Base classifier: SVC(probability=True)

Minority Class: 0

Selected Features: [ 0  1  2  3  4  5  6  7  8  9 10 11 12 13 14 15 16 17 18 19 20 21 22 23
 24 25 26 27 28 29 30]

Labels: [1 0 0 0 0 1 1 0 0 1 0 0 1 0 1 1 1 1 0 0 0 1 0 0 0 0 1 0 0 1 1 0 1 1 1 1 1
 0 1 1 1 0 0 0 1 1 0 1 0 0 1 1 0 1 0 1 0 0 1 1 1 0 0 1 1 1 0 0 1 0 1 1 1 0
 1 1 0 1 0 0 1 0 0 0 1 1 1 0 1 1 1 0 1 0 1 0 1 1 0 0 1 1 0 1 1 0 1 1 0 0 1
 0 0 0 1 0 1 1 1 0 1 1 0 0 1 1 0 1 0 1 0 1 0 0 1 1 0 1 0 1 0 0 0 1 0 1 0 0
 0 1 0 0 1 1 1 1 0 1 0 0 1 0 0 1 1 1 1 1 1 1 1 1 1 0 1 1 1 0 0 0 0 1 1 1 0
 1 1 1 1 1 1 0 0 0 0 0 0 1 0 0 1 0 0 0 1 0 0 1 1 0 0 1 1 0 0 1 0 1 1 0 0 1
 1 1 0 0 0 0 1 1 0 1 1 0 0 0 0 0 0 0 0 0 0 1 1 1 0 0 1 1 0 1 0 1 1 0 1 1 0
 1 0 1 0 0 1 1 0 1 0 1 1 0 1 1 1 0 1 0 1 0 0 0 0 1 0 0 1 0 1 1 1 0 1 1 0 0
 0 1 1 0 0 1 1 1 0 0 0 0 1 1 0 0 1 0 0 1 0 0 1 1 1 1 1 0 1 0 0 0 1 0 0 0 1
 0 1 1 0 0 0 0 1 1 0 1 1 0 0 1 1 0 0 0 1 1 0 1 1 1 1 1 0 0 0 1 1 1 0 0 0 1
 1 0 1 0 0 1 1 1 1 0 0 0 1 1 1 1 0 0 0 1 0 1 1 0 1 0 1 0 0 1 1 0 0 0 1 1 1
 0 1 0 0 0 0 1 0 1 0 0 0 0 0 0 1 0 0 0 0 1 1 0 1 1 1 1 1 1 1 0 1 0 1 0 0 0
 0 0 0 1 0 1 0 0 0 0 0 1 0 0 1 0 0 1 0 1 1 0 1 1 1 1 0 0 0 1 1 0 0 1 1 1 0
 1 1 0 0 1 1 0 1 1 0 0 0 1 1 0 1 0 1 0 1 1 1 0 1 1 1 0 0 0 1 0 1 1 1 0 0 1
 0 0 1 0 1 1 1 0 0 1 1 0 1 1 0 1 1 0 1 1 1 1 0 0 0 1 0 0 0 0 1 1 1 1 0 0 0
 0 0 0 0 1 0 1 1 0 1 0 1 1 0 0 1 1]

Synthetic samples indexes: [  0   5   6  12  14  15  16  17  21  26  29  30  32  33  34  35  39  40
  44  50  51  55  58  59  60  63  64  65  68  70  71  72  74  75  77  80
  84  85  86  88  89  90  92  94  96  97 100 101 103 104 106 107 110 114
 116 117 118 120 121 124 125 127 129 131 134 135 137 139 145 149 152 153
 154 155 157 160 163 164 165 166 167 168 170 171 172 174 176 181 182 183
 185 186 187 188 189 190 197 200 207 208 211 212 215 217 218 221 222 223
 228 229 231 232 243 244 245 248 249 253 254 256 257 259 261 264 265 267
 269 270 272 273 274 276 278 283 286 288 289 290 292 293 297 301 302 303
 308 312 315 318 319 320 321 322 324 328 332 334 335 340 341 343 344 347
 348 352 353 355 356 358 359 363 364 365 369 370 372 375 376 377 378 382
 383 385 389 392 394 396 399 400 404 405 406 408 413 415 422 427 428 430
 431 432 433 434 435 436 438 440 447 449 455 458 461 463 466 467 468 469
 473 474 477 478 479 481 482 485 486 488 489 493 494 496 498 500 501 502
 504 505 506 510 512 513 514 517 520 522 523 524 527 528 530 531 533 534
 536 537 538 539 543 548 549 550 551 561 562 564 566 567 570 571]

========== Cluster 2 ==========

Base classifier: GaussianNB()

Minority Class: 0

Selected Features: [ 0  1  2  3  4  5  6  7  8  9 10 11 12 13 14 15 16 17 18 19 20 21 22 23
 24 25 26 27 28 29 30]

Labels: [0 0 0 0 0 0 0 0 0 0 1 0 0 0 0 0 0 0 0 0 0 0 0 0 0 0 0 0 0]

Synthetic samples indexes: []

========== Cluster 3 ==========

Base classifier: DummyClassifier(strategy='most_frequent')

Minority Class: 0

Selected Features: [ 0  1  2  3  4  5  6  7  8  9 10 11 12 13 14 15 16 17 18 19 20 21 22 23
 24 25 26 27 28 29 30]

Labels: [1 1 1 1 1 1 1 1 1 1 1 1 1 1 1 1 1 1 1 1 1 1 1 1 1 1 1 1 1 1 1 1 1 1 1 1 1
 1 1 1 1 1 1 1 1 1 1 1 1 1 1 1 1 1 1 1 1 1 1 1 1 1 1 1 1 1 1 1 1 1 1]

Synthetic samples indexes: []

========== Cluster 4 ==========

Base classifier: DummyClassifier(strategy='most_frequent')

Minority Class: 0

Selected Features: [ 0  1  2  3  4  5  6  7  8  9 10 11 12 13 14 15 16 17 18 19 20 21 22 23
 24 25 26 27 28 29 30]

Labels: [1 1 1 1 1 1 1 1 1 1 1 1 1 1 1 1 1 1 1 1 1 1 1 1 1 1 1 1 1 1 1 1 1 1 1 1 1
 1]

Synthetic samples indexes: []

