Clustering algorithm selected: kmeans
=====================================

Clustering evaluation metric: dbc_ss
Clustering evaluation value: 0.4038986315404423

========== Cluster 0 ==========

Base classifier: DummyClassifier(strategy='most_frequent')

Minority Class: 1

Selected Features: [ 0  1  2  3  4  5  6  7  8  9 10 11 12 13 14 15 16 17 18 19 20 21 22 23
 24 25 26 27 28 29 30]

Labels: [1 1 1 1 1 1 1 1 1 1 1 1 1 1 1 1 1 1 1 1 1 1 1 1 1 1 1 1 1 1 1 1 1 1 1 1 1
 1 1 1 1 1 1 1 1 1 1 1 1 1 1 1 1 1 1 1 1 1 1 1 1 1 1 1 1 1 1 1 1 1 1 1 1 1
 1 1 1 1 1 1 1 1 1 1 1 1 1 1]

Synthetic samples indexes: []

========== Cluster 1 ==========

Base classifier: DummyClassifier(strategy='most_frequent')

Minority Class: 1

Selected Features: [ 0  1  2  3  4  5  6  7  8  9 10 11 12 13 14 15 16 17 18 19 20 21 22 23
 24 25 26 27 28 29 30]

Labels: [1 1 1 1 1 1 1 1 1 1 1 1 1 1 1 1 1 1 1 1 1 1 1 1 1 1 1 1 1 1 1]

Synthetic samples indexes: []

========== Cluster 2 ==========

Base classifier: SVC(probability=True)

Minority Class: 1

Selected Features: [ 0  1  2  3  4  5  6  7  8  9 10 11 12 13 14 15 16 17 18 19 20 21 22 23
 24 25 26 27 28 29 30]

Labels: [1 1 1 0 1 0 1 0 0 1 1 1 0 0 0 0 0 0 0 1 1 1 0 1 0 1 1 0 1 0 0 0 0 1 1 1 0
 0 1 0 0 1 1 1 1 0 0 1 0 0 0 0 1 1 1 0 0 1 1 1 1 1 1 1 1 0 1 0 1 1 0 0 1 0
 1 1 0 1 0 0 1 0 0 0 0 1 1 0 0 1 0 1 1 1 0 1 1 0 0 0 0 0 1 0]

Synthetic samples indexes: [ 12  13  15  16  17  24  27  29  36  37  39  45  50  55  56  65  70  73
  76  78  81  82  83  88  90  94  97  98  99 100 101]

========== Cluster 3 ==========

Base classifier: SVC(probability=True)

Minority Class: 1

Selected Features: [ 0  1  2  3  4  5  6  7  8  9 10 11 12 13 14 15 16 17 18 19 20 21 22 23
 24 25 26 27 28 29 30]

Labels: [0 0 0 0 0 0 1 1 0 0 1 0 1 1 1 1 0 1 0 0 0 0 1 0 1 1 0 1 0 0 0 0 1 1 1 0 1
 0 1 1 1 0 0 0 1 1 1 0 0 0 1 0 0 1 0 0 0 0 1 0 1 0 0 0 1 0 1 1 0 0 1 0 0 1
 0 0 0 1 1 1 1 0 1 0 0 1 0 1 0 1 0 1 1 0 0 0 1 1 1 0 0 0 1 1 0 0 1 0 0 0 0
 0 0 1 1 0 0 1 1 1 0 0 1 0 1 1 1 0 0 1 1 0 1 0 0 0 0 1 1 1 0 0 0 1 1 0 1 0
 0 1 1 0 0 1 1 1 1 1 0 1 0 0 0 1 1 0 0 1 1 1 1 1 0 1 0 1 0 0 1 1 1 0 0 1 1
 0 0 0 1 1 0 0 1 1 0 1 0 1 0 1 0 0 0 0 0 0 1 0 0 1 0 0 0 1 1 1 1 1 0 1 1 0
 1 0 1 1 1 0 1 0 0 1 1 0 1 0 0 0 0 0 1 1 0 1 1 1 1 0 1 1 0 0 0 1 1 1 0 1 0
 0 0 1 1 1 1 0 0 0 1 0 1 0 0 0 1 1 1 1 0 1 1 1 1 0 1 1 1 0 1 1 1 1 0 0 0 0
 1 1 1 0 1 0 0 0 1 0 1 0 1 1 1 0 0 0 1 1 1 1 0 1 0 0 0 0 1 0 1 1 0 1 1 0 1
 1 1 1 1 0 1 1]

Synthetic samples indexes: [  6   7  10  12  13  14  15  17  22  24  27  32  33  36  38  39  40  44
  50  53  58  60  64  66  67  70  73  77  78  79  82  85  87  89  91  92
  96  97  98 102 103 106 113 117 118 119 122 124 126 129 130 132 137 138
 139 143 144 146 150 153 154 155 156 163 164 167 168 170 173 175 178 179
 180 183 184 188 189 192 193 195 197 199 206 209 214 215 217 219 220 222
 224 226 228 231 232 234 241 243 244 245 246 248 249 253 254 255 257 261
 262 264 268 270 274 275 276 277 279 280 281 282 284 285 286 289 290 296
 297 298 300 304 306 308 309 310 314 315 316 317 319 324 326 327 329 330
 332 334 335 336 338 339]

========== Cluster 4 ==========

Base classifier: DummyClassifier(strategy='most_frequent')

Minority Class: 1

Selected Features: [ 0  1  2  3  4  5  6  7  8  9 10 11 12 13 14 15 16 17 18 19 20 21 22 23
 24 25 26 27 28 29 30]

Labels: [0 0 0 0 0 0 0 0 0 0 0 0 0 0 0 0 0 0 0 0 0 0 0 0 0 0 0 0 0 0 0 0 0 0 0 0 0
 0 0 0 0 0 0 0 0 0 0 0 0 0 0 0 0 0 0 0 0 0 0 0 0 0 0 0 0 0 0 0 0 0 0 0 0 0
 0 0 0 0 0 0 0 0 0 0 0 0 0 0 0 0 0 0 0 0 0 0 0 0 0 0 0 0 0 0 0 0 0 0 0 0 0
 0 0 0 0 0 0 0 0 0 0 0 0 0 0 0 0 0 0 0]

Synthetic samples indexes: []

