Clustering algorithm selected: kmeans
=====================================

Clustering evaluation metric: dbc_ss
Clustering evaluation value: 0.4376641701748208

========== Cluster 0 ==========

Base classifier: DummyClassifier(strategy='most_frequent')

Minority Class: 0

Selected Features: [ 0  1  2  3  4  5  6  7  8  9 10 11 12 13 14 15 16 17 18 19 20 21 22 23
 24 25 26 27 28 29 30]

Labels: [1 1 1 1 1 1 1 1 1 1 1 1 1 1 1 1 1 1 1 1 1 1 1 1 1 1 1 1 1 1 1 1 1 1 1]

Synthetic samples indexes: []

========== Cluster 1 ==========

Base classifier: SVC(probability=True)

Minority Class: 0

Selected Features: [ 0  1  2  3  4  5  6  7  8  9 10 11 12 13 14 15 16 17 18 19 20 21 22 23
 24 25 26 27 28 29 30]

Labels: [1 0 0 0 1 1 1 1 1 0 0 1 1 1 1 0 1 0 1 1 0 1 1 1 1 1 0 0 1 0 0 1 0 0 0 0 0
 1 1 0 1 1 1 0 0 1 0 1 1 1 1 1 1 1 0 1 0 0 0 0 0 0 1 0 0 0 1 0 1 0 0 0 0 0
 0 0 1 1 0 1 0 0 0 1 1 0 0 0 0 0 0 1 0 0 1 0 1 1 1 0 0 0 1 0 1 0 1 0 1 1 0
 1 1 1 1 1 1 0 0 0 1 0 0 0 1 1 0 1 1 1 0 0 1 1 0 0 1 0 1 1 0 0 0 1 1 1 1 1
 0 1 0 0 1 0 1 0 0 0 0 0 1 1 0 0 0 0 1 1 0 1 1 1 1 1 0 1 1 0 1 1 0 1 0 0 0
 1 0 1 0 0 1 0 0 1 1 1 0 0 0 1 0 0 0 0 1 1 0 0 1 1 1 1 0 0 1 1 1 1 1 1 0 1
 1 1 0 0 1 0 1 1 1 1 0 1 0 0 0 1 1 1 0 0 1 1 1 0 0 0 1 0 1 0 1 1 0 1 0 0 0
 1 0 0 1 1 0 1 1 1 1 1 1 1 0 0 0 1 1 0 0 0 1 0 0 0 0 0 0 1 0 1 0 1 0 0 0 0
 0 0 0 1 1 1 0 0 0 0 0 1 1 1 1 1 0 0 0 0 1 0 1 1 0 1 0 0 1 1 1 0 1 0 0 1 0
 1 0 0 1 0 0 1 0 0 0 1 1 0 0 1 0 0 1 0 1 1 0 0 0 1 0 0 0 1 1 1 0 0 1 1 0 1
 1 1 0 0 1 0 1 0 0 1 1 0 1 0 0 0 1 0 1 1 0 0 1 1 0 1 1 0 0 1 1 0 0 1 0 1 1
 0 0 0 1 0 0 0 0 1 1 1 1 1 0 0 1 1 0 1 1 1 1 0 0 0 1 1 1 1 1 1 1 0 0 0 0 0
 0 0 0 0 1 1 0 1 1 0 1 1 0 1 1 0 0 1 1 0 0 0 0 0 0 1 0 1 1 1 1 0 0 1 1 1 0
 0 1 1 1 1 1 0 0 1 0 1 1 1 1 0 0 0 0 1 1 1 0 1 1 0 0 0 1 1 1 0 1 0 0 1 0 1
 1 0 0 0 1 1 1 1 1 0 0 0 1 1 0 1 1 0 1 1 1 0 0 1 0 1 1 0 0 1 0 0 1 1 1 1 0
 1 1 1 1 1 0 0 1 0 1 1 1 0 0 0 1 0 0 1 0 1 0 0 1 1 1 0 1 0 1 0 0 0 0 0 1 1]

Synthetic samples indexes: [  0   4   5   6   7   8  11  12  13  14  16  18  19  21  22  23  24  28
  31  37  38  41  42  45  47  48  49  50  51  52  53  55  62  66  68  76
  77  79  83  84  91  94  97  98 102 104 106 108 109 111 112 113 114 115
 116 120 125 127 128 129 132 133 136 138 139 143 144 145 146 147 149 154
 160 166 167 169 170 171 172 173 175 176 178 179 181 185 187 190 193 194
 195 199 204 205 208 209 210 211 214 215 216 217 218 219 221 222 223 226
 228 229 230 231 233 238 239 243 244 248 250 252 253 259 262 263 265 266
 267 268 270 271 275 276 280 287 289 291 299 300 301 307 308 310 311 316
 318 319 321 324 325 328 331 333 336 339 343 344 347 350 352 353 357 361
 362 363 366 367 369 370 371 374 376 379 380 382 386 388 389 392 393 395
 396 399 400 403 405 406 410 415 416 417 418 419 422 423 425 426 427 428
 432 433 434 435 436 437 438 449 451 452 454 455 457 458 461 462 469 471
 472 473 477 478 479 482 483 484 485 486 489 491 492 493 494 499 500 501
 503 504 508 509 512 515 518 522 525 526 530 531 533 534 536 537 538 541
 543 544 547 550 551 552 553 555 556 557 558 559 562 564 565 566 570 575
 578 579 582 584 590 591]

========== Cluster 2 ==========

Base classifier: SVC(probability=True)

Minority Class: 0

Selected Features: [ 0  1  2  3  4  5  6  7  8  9 10 11 12 13 14 15 16 17 18 19 20 21 22 23
 24 25 26 27 28 29 30]

Labels: [0 1 1 0 0 1 0 0 1 1 1 0 1 1 1 0 1 0 0 0 0 0 1 0 0 0 1 1 0 1 1 1 0 0 0 1 0
 1 0 0 0 0 1 1 0 1 1 1 1 0 1 0 1 0 0 1 0 1 1 1 0 0 0 1 0 1 1 0 0 0 1 0 1 0
 1 0 1 1 1 1 0 1 0 1 1 1 1 0 1 0 0 1 0 1 0 0]

Synthetic samples indexes: [ 6 15 18 21 24 25 32 34 36 38 49 60 64 67 68 69 73 75 87 89 90 92 94]

========== Cluster 3 ==========

Base classifier: DummyClassifier(strategy='most_frequent')

Minority Class: 0

Selected Features: [ 0  1  2  3  4  5  6  7  8  9 10 11 12 13 14 15 16 17 18 19 20 21 22 23
 24 25 26 27 28 29 30]

Labels: [1 1 1 1 1 1 1 1 1 1 1 1 1 1 1 1 1 1 1 1 1 1 1 1 1 1 1 1 1 1 1 1 1 1 1 1 1
 1 1 1 1 1 1 1 1 1 1 1 1 1 1 1 1 1 1 1 1 1 1 1 1 1 1 1 1 1 1 1 1 1 1 1 1 1
 1 1 1 1 1 1 1 1 1 1 1 1 1 1]

Synthetic samples indexes: []

