Clustering algorithm selected: kmeans
=====================================

Clustering evaluation metric: dbc_ss
Clustering evaluation value: 0.44110740058072867

========== Cluster 0 ==========

Base classifier: SVC(probability=True)

Minority Class: 0

Selected Features: [ 0  1  2  3  4  5  6  7  8  9 10 11 12 13 14 15 16 17 18 19 20 21 22 23
 24 25 26 27 28 29 30]

Labels: [1 1 0 0 0 0 1 1 0 0 0 1 1 0 1 0 0 0 0 1 1 1 0 0 0 1 0 1 1 0 0 1 0 1 1 0 1
 0 0 0 0 1 0 0 0 0 0 0 1 0 0 1 1 0 0 0 0 0 0 0 0 1 1 1 1 0 0 1 1 1 0 0 0 0
 1 1 1 1 0 1 0 0 0 1 0 0 1 0 0 0 0 0 0 1 0 1 0 0 0 0 1 1 1 0 1 0 0 1 0 0 1
 0 1 1 0 0 0 1 1 1 1 0 1 0 1 0 1 0 0 1 1 1 1 1 0 0 1 1 1 1 0 1 1 0 0 1 0 0
 1 0 1 1 0 1 0 1 0 1 0 1 0 0 0 1 0 0 1 0 1 0 1 1 0 0 1 0 1 0 1 0 1 1 0 1 0
 0 0 0 0 0 1 1 1 0 1 1 0 0 1 0 0 0 1 0 1 0 1 1 0 1 1 0 0 1 0 0 1 1 0 1 0 0
 0 1 1 1 1 1 0 1 1 1 1 0 0 0 1 1 0 1 0 0 1 1 1 1 0 1 0 1 0 1 0 1 0 1 1 1 0
 1 0 1 1 1 1 0 1 0 1 0 0 0 1 1 1 1 0 1 0 0 1 1 0 0 1 1 0 1 1 1 1 0 1 1 0 0
 0 1 1 1 0 1 0 1 0 0 0 0 1 0 1 1 1 1 1 0 1 1 1 0 0 0 1 1 0 1 1 1 1 0 0 1 1
 0 1 0 1 1 1 0 1 1 1 0 1 1 0 0 1 1 0 1 0 0 1 1 1 1 0 1 0 0 1 1 1 0 0 0 0 0
 1 0 1 1 1 1 0 0 0 0 1 1 0 1 1 1 1 0 1 0 1 1 1 0 0 0 0 1 0 1 0 0 1 1 0 0 0
 1 0 0 0 1 0 1 1 0 1 0 0 0 1 0 0 1 0 0 1 0 1 0 0 1 0 0 1 1 1 0 1 1 1 1 1 1
 0 0 0 1 1 0 0 0 1 1 1 1 0 1 1 1 0 1 0 0 1 0 1 1 0 0 0 1 0 1 0 1 1 1 1 1 0
 0 1 1 1 0 1 1 1 1 0 0 0 1 1 1 0 1 0 1 0 0 0 0 0 0 1 0 1 0 1 0 1 0 0 0 0 1
 1 0 1 0 0 0 1 1 1 0 1 0 0 0 1 0 0 0 1 0 0 1 0 0 0 0 1 1 1 0 1 1 1 0 0 1 1
 0 0 0 1 0 0 0 1 1 0 0 1 0 0 0 1 0 0 0 1 1 0 1 1 0 1 0 1 1 0 1 1 1 0 1 1 1
 1 1 0 1]

Synthetic samples indexes: [  0   6   7  11  12  14  19  20  21  25  27  28  31  34  36  41  48  51
  52  61  62  63  64  67  68  74  75  76  77  79  83  93 100 101 102 104
 107 110 112 113 117 118 119 120 122 124 126 129 130 131 132 133 137 138
 139 141 142 145 148 150 151 153 155 157 159 163 166 168 170 171 174 176
 178 180 181 183 190 191 192 195 198 202 204 206 207 209 210 213 216 217
 219 223 224 225 226 227 229 231 232 236 237 242 243 244 245 247 249 251
 253 255 256 257 259 261 262 263 264 266 268 272 273 274 275 277 280 281
 284 285 287 288 290 292 293 297 298 299 301 303 308 310 311 312 314 316
 317 318 322 323 325 326 327 328 331 332 334 337 338 340 341 342 344 345
 348 349 351 354 355 356 357 359 362 364 370 372 373 374 375 380 381 383
 384 385 386 388 391 392 397 399 402 403 411 413 414 416 420 423 426 428
 431 435 436 438 439 440 441 443 447 448 452 453 454 455 457 458 459 461
 464 466 467 471 473 475 476 477 478 479 482 483 484 486 487 488 489 493
 494 495 497 499 506 508 510 512 517 518 520 524 525 528 532 536 539 544
 545 546 548 549 550 553 554 558 562 563 566 570 574 575 577 578 582 583
 585 586 587 590 591 592 593 595]

========== Cluster 1 ==========

Base classifier: DummyClassifier(strategy='most_frequent')

Minority Class: 0

Selected Features: [ 0  1  2  3  4  5  6  7  8  9 10 11 12 13 14 15 16 17 18 19 20 21 22 23
 24 25 26 27 28 29 30]

Labels: [1 1 1 1 1 1 1 1 1 1 1 1 1 1 1 1 1 1 1 1 1 1 1 1 1 1 1 1 1 1 1 1 1]

Synthetic samples indexes: []

========== Cluster 2 ==========

Base classifier: SVC(probability=True)

Minority Class: 0

Selected Features: [ 0  1  2  3  4  5  6  7  8  9 10 11 12 13 14 15 16 17 18 19 20 21 22 23
 24 25 26 27 28 29 30]

Labels: [0 1 0 0 0 1 0 0 1 0 0 1 0 0 0 0 1 0 1 1 0 1 1 1 0 0 1 1 0 1 0 1 1 1 1 0 1
 0 0 0 1 1 1 0 1 0 0 0 0 0 0 1 1 1 1 1 1 1 0 1 0 0 0 1 1 0 1 1 0 0 1 0 0 1
 1 1 1 1 0 1 1 0 0 0 0 0 0 0 1 1 1 1 1 0 1 1 1 0 0 1 0 0]

Synthetic samples indexes: [  3   4   6   7   9  10  14  17  24  30  37  46  47  48  49  50  58  60
  62  65  71  72  78  83  85  97 100]

========== Cluster 3 ==========

Base classifier: DummyClassifier(strategy='most_frequent')

Minority Class: 0

Selected Features: [ 0  1  2  3  4  5  6  7  8  9 10 11 12 13 14 15 16 17 18 19 20 21 22 23
 24 25 26 27 28 29 30]

Labels: [1 1 1 1 1 1 1 1 1 1 1 1 1 1 1 1 1 1 1 1 1 1 1 1 1 1 1 1 1 1 1 1 1 1 1 1 1
 1 1 1 1 1 1 1 1 1 1 1 1 1 1 1 1 1 1 1 1 1 1 1 1 1 1 1 1 1 1 1 1 1 1 1 1 1
 1 1 1 1 1 1 1 1 1 1 1 1 1]

Synthetic samples indexes: []

