Clustering algorithm selected: kmeans++
=====================================

Clustering evaluation metric: silhouette
Clustering evaluation value: 0.22564412489226943

========== Cluster 0 ==========

Base classifier: GradientBoostingClassifier()

Selected Features: [1 5 4 6 0]

Labels: [0 0 0 0 1 0 1 0 0 1 0 0 0 0 1 0 1 1 1 1 0 1 0 0 1 0 0 0 0 0 0 0 0 0 1 0 1
 1 0 0 1 0 0 0 1 0 0 0 1 0 0 0 1 0 1 1 0 0 0 1 0 0 0 0 0 1 1 0 0 0 0 0 0 0
 0 0 0 0 1 0 0 1 1 0 0 0 0 1 0 0 0 1 1 0 0 0 0 0 0 0 1 0 0 0 0 1 0 0 0 0 0
 0 0 0 0 0 1 0 0 1 0 0 1 0 0 0 0 0 0 0 0 0 0 0 0 0 1 0 0 0 0 0 0 0 0 0 0 0
 1 0 0 0 0 0 0 0 0 0 0 1 0 0 0 0 0 1 0 1 1 0 0 0 0 1 1 0 0 0 1 0 1 1 0 1 0
 1 0 1 0 1 0 0 1 0 0 0 0 0 0 1 0 0 0 0 0 0 0 1 0 0 1 0 0 0 1 1 1 0 1 0 0 1
 0 1 0 0 1 1 1 1 1 0 0 0 0 0 1 0 0 1 0 0 0 0 0 0 1 0 0 0 1 0 0 0 0 0 0 0 0
 0 0 0 0 1 0 0 0 0 0 0 0 0 0 0 1 0 0 0 0 0 1 0 0 0 0 0 1 0 1 0 0 0 0 1 1 0
 0 0 1 1 0 0 0 0 0 0 0 0 0 0 0 0 0 0 0 0 0 0 0 1 0 1 0 0 0 1 0 0 0 0 0 1 0
 1 0 0 0 1 0 0 0 0 0 1 1 0 0 0 0 1 1 0 0 0 0 0 0 1 1 0 0 0 0 1 0 1 0 0 0 0
 1 0 0 0 1 0 0 0 0 0 0 0 0 1 1 1 0 0 0 0 1 0 1 0 0 0 1 0 0 0 1 1 1 1 0 0 0
 0 0 0 0 0 1 0]

========== Cluster 1 ==========

Base classifier: SVC(probability=True)

Selected Features: [4 1 0 5 6]

Labels: [0 0 0 1 0 0 0 1 1 1 1 1 0 1 1 1 0 1 0 0 1 1 1 0 0 1 0 0 1 1 1 1 0 0 0 0 1
 0 1 1 1 0 1 1 1 1 1 1 1 1 1 0 0 1 0 1 1 1 0 1 0 0 1 1 1 1 1 1 1 1 0 1 1 0
 1 0 1 1 1 0 0 1 1 1 1 0 1 0 0 0 1 1 1 1 1 0 0 0 0 0 1 1 1 0 0 1 0 1 1 1 1
 0 1 0 0 0 0 1 1 1 1 1 0 0 0 1 1 0 1 1 1]

========== Cluster 2 ==========

Base classifier: SVC(probability=True)

Selected Features: [1 4 6 0 5]

Labels: [0 0 0 0 1 0 1 0 0 0 0 1 0 0 0 1 1 0 0 0 0 1 0 1 0 1 0 0 1 0 1 0 0 0 0 0 1
 0 0 1 0 0 1 0 0 0 0 1 0 1 0 0 1 1 0 0 0 1 0 1 1 1 1 1 1 0 1 0 1 0 0 1 0 0
 1 0 1 0 0 1 0 0 1 0 1 0 1 1 0 0 0 1 0 0 0 0 1 1 1 1 0 0 0 0 0 0 0 1 0 1 0
 0 1 1 0 1 1 0 0 0 0 1 1 0 0 1 0 1 1 1 0 1 1 1 0 1 1 0 0 1 1 0 0 1 0 0]

