Clustering algorithm selected: spectral
=====================================

Clustering evaluation metric: rand
Clustering evaluation value: 0.18401277952894565

========== Cluster 0 ==========

Base classifier: SVC(C=751.8463182362725, gamma=273.74002512123553, probability=True)

Minority Class: 1

Selected Features: [0 1]

Labels: [1 0 0 1 0 0 1 1 0 1 1 0 0 0 0 1 0 0 1 0 0 1 0 1 0 0 0 1 1 0 0 0 0 1 0 0 1
 1 0 0 1 0 0 0 0 0 1 1 0 0 0 0 0 1 0 0 1 0 0 1 0 0 1 1 1 0 0 0 0 0 0 0 0 1
 1 1 1 1 1 1 0 1 0 0 1 0 0 0 1 0 0 0 0 0 0 1 0 0 0 0 0 0 1 0 0 0 1 1 0 0 0
 1 0 0 1 0 0 1 0 0 1 0 0 0 1 0 0 1 0 1 0 0 0 0 0 0 0 0 0 0 1 0 0 1 0 0 1 0
 1 0 0 0 1 0 0 0 0 1 1 0 0 1 1 0 0 0 0 0 0 0 0 1 1 0 0 0 0 1 1 1 1 1 1 0 0
 0 0 0 0 0 1 1 0 1 0 0 0 0 1 0 1 0 1 0 0 1 0 1 0 0 1 0 1 1 1 0 0 0 1 0 1 1
 1 1 0 0 0 1 0 0 0 0 0 1 0 0 0 0 0 0 0 0 0 1 0 0 0 1 0 0 0 0 0 0 0 1 0 1 1
 0 0 0 0 0 1 0 0 0 1 0 1]

========== Cluster 1 ==========

Base classifier: LogisticRegression()

Minority Class: 0

Selected Features: [0 1]

Labels: [1 1 0 1 1 1 1 1 1 1 1 1 0 1 1 1 1 0 1 1 1 1 1 0 1 0 1 1 1 1 1 1 1 1 1 1 1
 0 1 1 1 1 1 1 1 0 1 1 1 1 1 1 1 1 1 1 1 0 1 1 1 1 1 1 1 1 1 1 1 1 1 1 1 1
 1 1 1 1 1 1 1 1 1 1 1 1 1 1 0 1 1 1 1 1 1 1 1 0 1 1 1 1 1 1 1 1 1 1 1 1 1
 1 1 1 1 1 1 1 1 1 1 1 1 1 1 1 1 1 1 1 1 1 1 1 1 1 1 1 1 1 1 1 1 0 1 0 1 1
 1 1 1 1 1 1 0 1 1 1 1 1 1 1 1 1 1 1 1 1 1 1 1 1 1 1 1 1 1 1 1 1 1 1 1 1 1
 1 1 1 1 1 1 1 1 1 1 1 1 1 1 0 1 1 1 1 1 1 1]

========== Cluster 2 ==========

Base classifier: KNeighborsClassifier(n_neighbors=7)

Minority Class: 1

Selected Features: [0 1]

Labels: [1 1 0 1 1 0 0 0 0 1 1 0 0 0 0 1 0 0 1 0 1 0 1 0 0 0 1 0 1 0 0 1 1 1 0 0 0
 0 0 0 1 0 1 0 0 0 1 0 0 0 1 0 1 0 1 1 1 1 0 1 0 0 0 1 0 1 1 1 0 1 0 1 0 0
 1 1 0 0 0 0 1 1 0 0 0 0 1 1 1 0 0 0 0 0 0 0 0 0 0 1 0 0 1 0 1 0 0 0 0 1 1
 0 0 1 0 1 1 0 0 0 1 0 1 0 0 0 1 0 1 0 1 0 0 0 1 0 0 0 0 0 0 1 0 1 1 0 0 0
 1 0 0 0 1 0 0 0 1 1 0 0 1 0 1 0 0 0 1 0 0 0 0 1 1 0 0 0 0 0 0 0 0 0 1 0 0
 0 0 1 1 0 1 0 1 0 1 0 0 0 1 1 0 0 0 0 0 0 0 1 0 0 0 1 0 0 1 0 0 0 0 0 1 0
 0 0 0 0 0 0 0 1 0 0 0 1 0 0 0 0 0 0 0 0]

