Clustering algorithm selected: spectral
=====================================

Clustering evaluation metric: rand
Clustering evaluation value: 0.17287634619673026

========== Cluster 0 ==========

Base classifier: DecisionTreeClassifier(max_depth=9, min_samples_leaf=5, min_samples_split=4)

Minority Class: 0

Selected Features: [0 1]

Labels: [0 1 1 0 1 1 1 1 1 1 1 1 1 1 0 1 1 0 1 1 0 1 1 1 1 1 0 1 1 0 1 1 1 1 1 1 1
 1 1 1 1 0 1 1 1 1 1 1 1 1 1 0 1 1 1 1 1 1 1 1 1 1 1 1 0 1 1 1 1 1 1 1 1 1
 1 1 1 1 1 1 1 1 1 1 0 1 1 1 1 1 1 1 0 1 1 1 1 1 1 1 1 0 1 0 1 1 1 1 1 1 1
 1 1 1 1 1 1 1 0 1 1 1 1 1 1 1 1 0 1 1 1 1 1 1 1 1 1 1 1 1 1 1 1 1 1 1 1 1
 1 1 1 0 1 0 0 1 1 1 1 1 1 1 1 1 0 1 1 1 1 1 1 1 1 1 1 1 1 1 1 1 1 1 1 1 1
 1 1 1 1 1 1 1 1 1 1 1 1 1 1 1 1 1 1 1 1 1 1 1 0 1 0 1 1 1 1 1 1 0 1]

========== Cluster 1 ==========

Base classifier: DecisionTreeClassifier(max_depth=7, min_samples_leaf=5, min_samples_split=4)

Minority Class: 1

Selected Features: [0 1]

Labels: [1 1 0 1 1 0 0 0 0 1 1 0 0 0 0 1 0 0 1 1 0 1 0 1 0 0 0 1 0 1 0 0 1 1 1 0 0
 0 0 0 0 1 1 0 0 0 1 0 0 0 1 0 1 0 1 1 1 1 0 1 0 0 0 1 0 1 1 1 0 1 0 1 0 0
 1 1 0 0 0 0 1 1 0 0 0 0 1 1 1 0 0 0 0 0 0 0 0 0 0 1 0 0 1 0 1 0 0 0 0 1 1
 0 1 1 1 0 0 0 0 0 0 0 1 0 1 0 0 0 1 0 0 0 0 0 1 0 1 0 0 0 0 0 0 1 0 0 1 0
 0 1 0 1 0 0 0 0 1 1 1 1 0 0 1 1 1 0 0 1 0 1 0 0 0 0 0 0 1 0 0 0 0 1 1 0 1
 0 1 0 1 0 0 0 1 1 1 0 1 0 0 0 0 0 1 0 0 0 1 0 1 0 1 0 0 0 0 0 1 0 0 0 0 0
 0 0 0 1 0 0 0 1 0 0 0 0 0 0 0 0]

========== Cluster 2 ==========

Base classifier: SVC(C=224.12896390072547, gamma=293.2436784622299, probability=True)

Minority Class: 1

Selected Features: [0 1]

Labels: [1 0 1 0 0 1 0 1 1 0 0 0 0 1 0 0 1 0 0 0 1 0 0 0 1 1 0 0 0 1 0 0 1 1 0 0 1
 0 0 0 0 0 1 0 0 0 0 0 0 1 0 0 1 0 0 1 0 0 1 1 1 0 0 0 0 0 0 0 0 1 1 1 1 1
 0 1 0 0 1 0 0 0 1 0 0 0 0 0 0 1 0 0 0 0 0 0 1 0 0 0 1 0 0 0 1 0 0 1 0 0 1
 0 0 1 0 0 0 1 0 1 1 0 0 0 0 0 0 0 0 0 0 1 1 0 0 1 1 0 0 0 0 0 0 0 1 1 0 0
 0 0 0 0 0 1 0 0 0 1 1 1 0 0 0 1 1 0 0 0 0 1 1 0 0 1 1 0 1 1 1 0 0 0 0 0 1
 0 0 0 1 1 0 1 0 0 0 0 1 0 1 0 1 0 0 1 0 1 0 0 1 1 0 0 0 1 0 0 1 1 1 1 0 0
 0 1 0 0 0 0 0 1 0 0 0 0 0 0 0 0 0 0 0 0 0 0 0 0 0 0 0 1 1 1 0 0 0 0 0 1 0
 0 1 0 1]

