Clustering algorithm selected: fcm
=====================================

Clustering evaluation metric: dbc_rand
Clustering evaluation value: 0.2011758744265861

========== Cluster 0 ==========

Base classifier: SVC(probability=True)

Minority Class: 1

Selected Features: [ 0  1  2  3  4  5  6  7  8  9 10 11 12 13]

Labels: [0 0 0 0 0 0 1 1 0 0 0 0 0 0 0 1 0 1 0 1 1 0 0 0 1 1 1 0 0 0 0 0 1]

========== Cluster 1 ==========

Base classifier: GaussianNB()

Minority Class: 1

Selected Features: [ 0  1  2  3  4  5  6  7  8  9 10 11 12 13]

Labels: [0 0 0 0 0 1 0 0 0 1 1 0 0 0 0 0 1 0 0 0 0 0 1 1 1 1 1 1]

========== Cluster 2 ==========

Base classifier: GaussianNB()

Minority Class: 1

Selected Features: [ 0  1  2  3  4  5  6  7  8  9 10 11 12 13]

Labels: [0 0 1 0 1 1 0 1 1 0 0 0 0 0 0 0 0 0 1 1 0 1 1 0 0 1 1 0 1 1 1 1 0 1 0 1 0
 0 0 0 1 0 1 0 1 0 1 0 1 0 1 0 1 0 1 1 0 0 0 0 1 0 1 1 1 0 1 0 0 1 1 1 1 1
 1 0 0 0 0 1 1 0 0 0 0 0 0 1 1 1 0 0 0 0 1 0 1 1 0 1 0 1 1 0 0 1 0 0 1 1 0
 0 0 0 0 1 1 0 1 0 1 1 1 0 1 0 1 1 1 0 1 1 1 1 1 0 0 0 1 0 1 1 0 1 1 0 1 1
 1 0 0 0 0 0 1 1 0 1 1 1 0 1 1 0 0 0 1 0 0 0 1 0 1 0 0 0 1 1 1 0 1 1 1 0 0
 0 0 0 1 0 1 1 1 1 1 0 1 1 0 0 0 1 1 1 1 0 1 0 1 1 0 0 1 1 0 1 0 0 1 0 0 1
 0 0 0 0 0 0 0 0 0 0 0 0 1 1 0 1 1 0 1 1 1 0 1 0 0 1 1 0 1 1 1 0 1 1 0 0 1
 0 1 1 0 1 1 0 1 1 0 0 0 1 0 1 0 1 0 1 1 1 0 1 1 0 0 0 0 0 1 1 1 1 1 1 1 1
 1 1 1 0 0 0 0 0 1 1 0 0 1 0 1 1 1 1 1 0 0 0 0 0 1 0 0 1 0 0 1 0 1 0 1 1 1
 0 0 0 0 0 0 1 0 0 0 0 0 1 1 1 1 0 0 1 1 0 1 0 0 1 0 1 0 0 0 1 1 1 0 1 1 0
 1 0 0 0 1 1 0 1 1 1 0 0 0 0 0 0 1 0 0 0 0 1 0 1 1 1 0 0 1 1 1 0 0 0 0 0 1
 0 0 0 1 0 1 0 1 0 0 0 1 0 1 0 0 0 0 0 0 0 1 0 1 1 1 1 0 1 1 0 1 1 0 1 0 0
 1 1 1 0 1 1 0 1 0 0 1 1 0 0 1 1 1 1 0 1 1 0 0 0 0 0 0 0 1 0 0 0 1 1 0 0 1
 0 0 1 1 0 0 1 1 1 0 1 1 1 0 1 1 0 0 1 0 1 0 1 1 1 0 1 0 0 1 0 0 1 0 0 1 1
 0 0 1 0 0 1 0 1 0 0 0 1 1 1 1 0 1 0 1 0 0 0 0 1 1 1 0 1 0 0 1 1 0 1 0 0 1
 0 0 0 1 1 1 0 0 0 0 0 1 1 1 1 0 1 0 0 1 0 1 0 0 0 0 0 1 0 1 1 0 1 1 0 0 0
 1 1 1 1 0 0 1 0 1 1 0 1 1 0 1 0 0 0 1 1 0 0 0 0 0 0 1 0 1 0 1 1 1 1 1 1 0
 0 0 0 0 0 0 1 0 1 0 1 0 0 1 1 1 1 0 1 1 0 0 1 0 1 0 1 1 1 1 0 1 1 1 0 1 0
 1 0 0 1 0 1 1 1 0 0 1 1 1 0 1 0 0 0 1 1 0 0 0 0 0 1 1 0 1 1 1 0 1 1 0 1 0
 1 0 1 1 0 1 0 0 0 0 0 0 1 0 1 0 1 1 0 0 1 1 0 0 1 0 1 1 1 1 1 1 1 1 1 1 1
 0 0 0 0 0 1 1 1 0 1 1 1 1 1 1 0 0 1 1 0 1 0 1 0 1 0 0 0 0 0 0 1 1 1 0 0 1
 0 0 0 1 1 1 1 1 1 1 0 1 0 0 1 0 1 1 0 1 1 1 1 0 1 0 0 1 0 1 1 1 0 1 1 0 0
 1 1 1 1 0 1 0 1 0 1 0 1 1 0 0 1 0 0 1 1 1 1 1]

========== Cluster 3 ==========

Base classifier: GaussianNB()

Minority Class: 0

Selected Features: [ 0  1  2  3  4  5  6  7  8  9 10 11 12 13]

Labels: [0 0 0 1 1 0 0 0 0 1 0 1 0 1 1 1 0 0 1 1 1 1 1 0 1 0 0 1 1 1 1 1 0 0 0 1 1
 1 1 1 1 1 1 1 1 1 0 1 0 0 1 1 1 1 0 1 0 1 1 1 1 0 1 0 1 1 1 0 0 0 0 0 1 1
 1 1 0 0 1 1 1 1 1 1 1 1 1 1 1 0 0 1 1 1 0 1 1 1 0 1 1 1 0 0 0 0 1 1 0 1 0
 1 0 1 1 0 0 1 0 1 1 0 1 1 1 1 0 1 1 1 1 0 1 0 0 1 1 0 0 0 0 1 1 1 0 1 0 0
 0 1 0 1 1 0 0 0 1 1 1 1 1 1 0 0 1 1 0 1 0 1 1 0 0 1 1 0 1 0 0 0 0 0 0 1 1
 0 0 0 1 0 1 1 0 0 0 1 1 0 0 1 0 0 0 1 1 0 0 1 0 0 1 1 0 1 1 1 0 1 1 0 1 1
 1 1 0 1 0 0 1 0 1 1 0 0 1 1 1 0 1 0 0 1 1 0 1 0 0 1 1 0 1 1 0 0 0 0 0 0 0
 1 0 1 0 0 0 0 1 1 1 1 0 0 1 1 0 0 1 1 0 1 1 0 0 1 0 1 1 0 1 1 0 0 1 0 1 1
 0 0 0 0 0 1 1 0 0 0 1 1 0 1 1 0 1 1 1 0 0 1 1 0 1 1 1 0 0 0 1 1 1 0 0 1 1
 1 1 0 0 0 1 1 1 0 1 0 0 0 1 0 1 0 1 0 1 0 0 0 1 0 0 0 1 0 1 1 0 0 1 1 1]

