Clustering algorithm selected: kmeans
=====================================

Clustering evaluation metric: dbc_ss
Clustering evaluation value: 0.3778423121743061

========== Cluster 0 ==========

Base classifier: DummyClassifier(strategy='most_frequent')

Minority Class: 0

Selected Features: [30 29 28 27 26 25 24 23 22 21 20 19 18 17 16 15]

Labels: [1 1 1 1 1 1 1 1 1 1 1 1 1 1 1 1 1 1 1 1 1 1 1 1 1 1 1 1 1 1 1 1 1 1 1 1 1
 1 1 1 1 1 1 1 1 1 1 1 1 1 1 1 1 1 1 1 1 1 1 1 1 1 1 1 1 1 1 1 1 1 1 1 1 1
 1 1 1 1 1 1 1 1 1 1 1 1 1 1 1 1 1 1 1 1 1 1 1 1 1 1 1 1 1 1]

Synthetic samples indexes: []

========== Cluster 1 ==========

Base classifier: SVC(probability=True)

Minority Class: 0

Selected Features: [24 21 23  4  1  3  0 14  8 22 28  2 10 27 11]

Labels: [0 1 1 1 0 1 1 0 1 1 0 0 1 0 1 1 0 0 1 0 0 0 1 0 0 0 0 1 1 0 1 1 1 0 0 0 0
 0 1 1 0 0 0 1 1 1 0 1 1 1 0 0 0 1 1 0 1 0 1 0 1 1 0 1 0 1 0 1 0 1 1 1 0 1
 0 0 1 0 1 0 0 0 0 1 0 1 0 0 0 0 0 1 1 1 1 1 1 0 0 1 0 1 0 1 1 1 1 1 0 0 1
 1 0 1 0 0 1 0 1 1 1 0 0 1 1 1 0 0 0 0 1 1 0 1 1 0 1 1 1 1 1 1 1 1 0 0 1 0
 1 1 0 0 1 1 0 1 0 1 1 1 1 0 0 1 0 1 0 0 0 0 1 1 1 0 0 0 0 0 0 1 0 0 1 1 0
 1 1 1 1 0 1 0 1 1 1 0 1 0 1 1 1 0 1 0 0 1 1 1 0 1 1 0 1 0 1 0 0 1 0 1 0 0
 0 0 0 1 1 0 0 0 1 0 0 1 1 1 1 0 1 1 0 0 0 1 0 0 0 0 0 1 1 0 1 1 0 1 0 1 0
 1 0 1 1 1 1 1 1 1 0 1 0 1 0 1 1 1 0 1 1 1 1 1 1 0 1 1 1 1 0 1 1 0 0 1 1 0
 0 0 0 1 0 1 1 0 0 0 1 0 1 1 0 0 0 0 0 0 0 1 0 0 0 1 1 1 1 1 0 0 1 0 1 0 1
 0 1 1 0 0 1 1 0 0 1 1 0 1 0 0 0 1 1 1 1 0 0 1 0 0 0 0 0 0 1 1 1 1 1 0 0 0
 1 1 0 0 0 1 1 0 0 1 0 0 1 1 0 1 1 1 1 0 1 1 1 1 0 0 1 1 1 0 0 1 0 0 1 1 0
 0 1 0 0 1 0 1 1 0 1 0 0 0 0 1 1 0 0 0 0 1 1 1 1 0 1 0 1 0 1 0 0 0 1 0 0 0
 0 0 0 1 0 0 0 1 0 1 0 1 1 0 1 1 1 0 0 0 1 1 1 0 1 1 0 0 0 0 0 0 0 0 1 0 0
 1 1 1 1 0 0 1 0 0 1 0 0 1 0 1 1 0 0 1 0 0 0 0 1 0 0 1 1 0 1 1 1 0 1 1 1 1
 0 1 0 0 0 1 0 1 0 1 1 1 0 0 1 0 1 0 0 0 0 0 0 1 1 1 1 0 0 0 0 0 0 1 1 0 1
 0 0 0 0 1 0 0 1 0 0 1 0 0 0 1 1 0 1 0 1 0 1 1 1 0 0 0 1 1 1 0 1 0 1 1 1 1
 1 1 1 0]

Synthetic samples indexes: [  1   2   3   5   6   8   9  12  14  15  18  22  27  28  30  31  32  38
  39  43  44  45  47  48  53  54  56  58  60  61  63  65  69  70  71  76
  78  83  85  91  92  93  94  95  96  99 101 103 104 105 106 107 110 111
 113 116 118 119 120 123 124 125 130 131 133 134 138 139 140 141 142 143
 146 148 149 152 153 155 157 158 159 160 163 165 170 172 179 182 183 185
 186 187 188 190 192 193 194 196 198 199 200 202 205 206 207 212 214 217
 225 226 230 233 234 235 236 238 239 243 249 250 252 253 255 257 259 262
 263 264 266 267 269 271 273 274 275 278 279 280 281 284 285 286 287 289
 293 294 299 301 306 309 317 321 322 323 324 325 328 332 334 335 339 342
 343 345 349 351 352 355 362 363 364 365 366 370 371 375 376 379 382 383
 385 386 387 388 390 391 392 393 396 397 398 401 404 405 408 411 413 414
 416 421 422 427 428 429 430 432 434 436 440 447 451 453 455 456 458 459
 460 464 465 466 468 469 478 481 482 483 484 487 490 493 495 496 499 504
 507 508 510 511 512 514 516 517 519 523 525 527 528 529 532 534 541 542
 543 544 551 552 554 559 569 570 572 574 576 577 578 582 583 584 586 590
 591 592 593 594]

========== Cluster 2 ==========

Base classifier: SVC(probability=True)

Minority Class: 0

Selected Features: [24 21 23 28  3 20  4  8 22  1  5 25 29 19 16 26  0 18  2 27 14]

Labels: [1 0 1 0 1 1 1 0 0 0 0 0 0 0 1 0 1 0 1 0 1 1 0 0 0 0 0 0 1 0 0 0 0 1 1 1 1
 1 1 1 1 0 0 1 0 1 1 1 0 0 0 0 0 1 1 0 0 1 1 1 0 1 1 1 1 0 0 0 1 1 1 0 0 1
 0 1 1 0 1 1 1 0 0 0 1 1 0 0 1 0 1 1 1 0 1 0 0 1 0 1 0 0 0 0 0 1 1 1 1 1 0
 1 0 1 0 0 1 0 0 1 1 0 1 0 1 1]

Synthetic samples indexes: [  1   8   9  11  12  13  17  19  22  23  24  25  27  30  31  41  42  49
  51  52  60  65  66  67  71  72  74  77  81  82  96  98 100 101 103 110
 112 115 118 123]

