Clustering algorithm selected: kmeans
=====================================

Clustering evaluation metric: dbc_ss
Clustering evaluation value: 0.4376641701748208

========== Cluster 0 ==========

Base classifier: DummyClassifier(strategy='most_frequent')

Minority Class: 0

Selected Features: [ 0  1  2  3  4  5  6  7  8  9 10 11 12 13 14 15 16 17 18 19 20 21 22 23
 24 25 26 27 28 29 30]

Labels: [1 1 1 1 1 1 1 1 1 1 1 1 1 1 1 1 1 1 1 1 1 1 1 1 1 1 1 1 1 1 1 1 1 1 1]

Synthetic samples indexes: []

========== Cluster 1 ==========

Base classifier: SVC(probability=True)

Minority Class: 0

Selected Features: [21 24  0 23  8  3  4  1 22 28  2 14 27  9  7]

Labels: [1 1 0 1 0 1 1 1 0 1 1 0 0 1 1 0 0 1 0 1 1 1 1 0 0 1 1 1 1 0 0 1 1 0 1 1 0
 0 0 1 1 0 1 1 0 0 1 0 1 0 1 0 1 1 0 0 0 1 0 0 1 0 0 1 1 0 0 0 0 0 1 0 1 1
 0 1 0 0 1 0 0 1 1 0 0 0 0 1 0 0 1 1 0 1 1 1 1 1 0 0 0 0 0 1 0 1 0 0 0 1 1
 1 1 0 0 1 1 0 0 0 1 0 1 0 0 0 0 1 0 0 0 1 1 0 1 1 0 1 1 0 1 0 1 0 0 0 0 0
 0 0 1 1 1 1 1 0 0 0 0 0 0 0 0 1 1 1 1 0 1 1 0 1 1 1 0 0 1 0 1 0 1 1 1 1 0
 1 0 1 1 0 0 0 0 1 1 1 0 1 1 0 0 1 1 1 1 0 1 0 1 1 1 1 0 0 0 1 0 0 0 0 1 1
 1 0 1 1 1 1 1 1 1 1 0 0 0 1 0 1 0 0 1 1 1 1 1 0 1 1 1 1 0 0 0 0 0 0 1 0 0
 1 1 0 1 1 0 0 1 1 0 1 0 1 1 0 0 0 1 0 1 0 1 1 1 1 1 0 0 1 1 1 0 0 1 0 0 1
 1 0 0 0 0 0 0 0 0 0 0 0 1 1 0 1 1 0 1 0 0 0 0 0 0 1 0 1 1 0 1 1 1 1 1 0 1
 1 0 0 0 0 1 1 0 0 1 1 0 1 0 1 1 0 1 1 1 0 1 0 1 1 0 1 1 0 0 0 0 1 0 1 0 1
 1 0 1 1 0 1 1 1 0 0 0 1 1 1 1 0 0 0 1 0 1 0 1 1 0 0 1 0 0 1 1 1 0 0 1 1 0
 1 1 1 0 1 0 0 0 0 0 0 0 0 1 1 1 0 0 0 0 1 0 1 1 1 1 0 1 1 1 0 0 0 1 1 1 0
 0 0 0 1 0 0 0 0 1 1 0 1 1 0 1 0 1 0 1 0 1 0 1 0 1 1 0 1 1 0 1 1 1 1 0 0 0
 0 0 1 0 1 0 1 1 1 1 1 0 1 1 0 0 0 0 0 1 1 0 1 0 0 1 0 1 0 1 1 0 1 1 1 0 1
 1 0 1 0 0 1 1 1 0 1 0 0 1 1 0 1 1 1 0 0 0 1 0 0 1 1 0 1 0 1 0 1 0 0 0 0 0
 0 0 0 0 1 0 0 1 0 0 0 1 0 0 0 0 1 0 1 1 1 0 0 1 1 1 0 0 0 1 1 1 1 1 1 0 1]

Synthetic samples indexes: [  0   1   5   6   7   9  10  13  14  17  19  20  21  22  26  27  28  31
  32  34  35  39  40  42  43  46  48  50  52  53  57  63  64  70  72  73
  75  78  91  93  94  95  96  97 103 105 109 110 111 112 115 116 120 122
 127 131 132 134 135 137 138 140 142 150 151 152 153 154 163 164 165 166
 168 169 171 172 173 176 178 180 181 182 183 185 187 188 193 194 195 198
 201 202 203 204 206 210 211 215 220 221 222 224 225 226 227 228 229 230
 235 237 240 241 243 246 247 248 249 256 259 260 262 267 269 271 272 276
 278 280 281 282 283 284 287 288 289 292 295 308 309 311 312 314 321 323
 324 326 327 328 329 330 332 338 339 342 343 345 347 348 350 351 352 354
 356 359 360 365 367 369 370 372 373 375 376 377 381 382 383 384 388 390
 392 393 396 400 401 404 405 407 408 409 411 420 421 422 427 429 430 431
 432 434 435 436 440 441 442 447 452 453 455 456 458 460 462 464 466 468
 469 471 472 474 475 476 477 483 485 487 488 489 490 491 493 494 500 501
 503 506 508 510 511 513 514 515 517 518 520 523 524 525 527 530 531 533
 534 535 539 542 543 545 547 549 559 562 571 573 574 575 578 579 580 584
 585 586 587 588 589 591]

========== Cluster 2 ==========

Base classifier: SVC(probability=True)

Minority Class: 0

Selected Features: [24 28 21  8 23 22  3 14 25 20  4 19  0  7  1  2 29 18 16 13]

Labels: [0 1 1 1 0 1 1 0 0 0 1 1 1 1 1 1 1 1 1 0 0 0 1 1 1 0 0 0 0 0 1 1 0 1 1 1 1
 1 0 1 1 1 0 1 1 0 0 0 0 1 0 1 0 1 0 0 1 1 0 1 1 0 0 1 0 1 0 1 0 0 0 0 0 0
 1 1 1 0 0 0 1 1 0 0 0 0 1 0 1 0 1 0 0 0 0 1]

Synthetic samples indexes: [ 4  8  9 26 28 32 42 45 47 48 50 52 54 55 66 68 73 77 79 82 85 93 94]

========== Cluster 3 ==========

Base classifier: DummyClassifier(strategy='most_frequent')

Minority Class: 0

Selected Features: [ 0  1  2  3  4  5  6  7  8  9 10 11 12 13 14 15 16 17 18 19 20 21 22 23
 24 25 26 27 28 29 30]

Labels: [1 1 1 1 1 1 1 1 1 1 1 1 1 1 1 1 1 1 1 1 1 1 1 1 1 1 1 1 1 1 1 1 1 1 1 1 1
 1 1 1 1 1 1 1 1 1 1 1 1 1 1 1 1 1 1 1 1 1 1 1 1 1 1 1 1 1 1 1 1 1 1 1 1 1
 1 1 1 1 1 1 1 1 1 1 1 1 1 1]

Synthetic samples indexes: []

