Clustering algorithm selected: kmeans++
=====================================

Clustering evaluation metric: dbc_ss
Clustering evaluation value: 0.4518765760234608

========== Cluster 0 ==========

Base classifier: DummyClassifier(strategy='most_frequent')

Minority Class: 0

Selected Features: [30 24 16 11 10 14 28 25 23 21 22 20 27 26 29]

Labels: [1 1 1 1 1]

Synthetic samples indexes: []

========== Cluster 1 ==========

Base classifier: SVC(probability=True)

Minority Class: 0

Selected Features: [24 21 23  0  3  4 14  8  1 28 27  2 22  7 11]

Labels: [1 0 0 1 1 1 1 0 1 0 0 1 1 1 1 0 1 0 0 1 0 1 0 1 1 0 0 0 1 1 0 1 1 1 0 1 1
 1 1 0 0 1 1 1 0 0 0 1 1 1 1 0 1 0 1 0 0 0 0 1 0 1 0 1 0 0 1 1 1 1 1 1 1 0
 1 1 1 1 0 1 0 1 1 1 0 1 0 0 1 0 0 1 0 1 0 0 1 1 1 0 1 1 0 0 0 0 1 1 0 0 1
 0 0 1 1 0 1 1 0 0 1 1 0 1 1 0 1 1 0 0 1 1 0 0 1 0 1 1 0 1 1 1 1 1 0 0 0 0
 0 1 1 1 0 1 0 0 0 1 0 0 1 0 1 1 0 1 0 1 1 0 1 1 0 0 0 1 0 1 0 0 1 0 0 1 1
 0 0 0 1 1 1 1 0 1 0 0 0 1 1 0 1 0 1 1 1 1 1 1 0 1 1 0 0 1 0 0 1 1 1 0 1 1
 0 1 1 0 1 1 0 1 1 1 0 0 0 1 1 0 0 1 0 0 1 0 0 0 1 0 0 1 0 1 1 1 1 1 1 0 1
 0 0 0 1 1 0 1 1 0 0 0 0 1 1 1 0 0 1 1 0 1 1 1 1 0 1 0 1 1 1 0 0 0 0 0 1 1
 1 1 0 0 1 1 0 0 0 1 0 1 1 0 0 1 1 0 0 1 0 0 0 0 1 1 0 1 1 1 0 0 1 1 1 0 1
 0 1 1 0 0 1 1 1 0 1 1 1 0 0 0 0 0 0 0 1 0 0 1 0 0 1 1 1 0 0 1 0 0 1 0 0 1
 0 1 1 1 1 1 0 1 0 1 0 0 0 0 0 0 1 1 1 0 0 0 0 0 1 0 0 1 1 1 1 1 0 0 1 1 1
 0 0 0 0 0 1 0 0 1 0 1 0 1 1 1 1 0 0 1 1 1 1 0 0 1 1 0 0 0 1 1 0 0 1 0 1 1
 0 0 0 1 1 0 1 0 0 1 0 1 1 0 0 1 1 0 0 1 1 0 0 1 1 1 1 1 0 1 0 1 0 0 0 1 0
 0 1 0 0 1 0 1 0 1 1 0 0 1 1 1 1 1 0 0 0 0 1 1 0 0 0 1 1 0 0 0 1 0 1 1 0 0
 1 1 1 0 0 0 1 0 0 1 0 1 0 0 0 0 1 1 1 0 0 0 0 0 1 1 1 0 0 1 1 0 0 0 0 0 0
 0 0 0 1 0 0 0 0 1 1 0 1 0 0 0 1 0 1 0 0 0 1 1 1 1 0 0 1 0 1 1 0 0 0 0 1 0
 1 0 0 0 1 0 1 0]

Synthetic samples indexes: [  0   3   4   5   6   8  11  12  14  16  19  21  23  24  28  29  31  32
  33  35  36  37  38  41  42  43  47  48  49  50  52  54  59  61  63  67
  69  70  71  74  75  76  77  79  81  82  83  85  88  91  93  96  97  98
 100 101 106 107 110 113 114 116 117 120 121 123 124 126 127 131 134 136
 137 139 140 141 142 143 149 150 151 153 157 160 162 163 165 167 168 170
 175 177 180 183 184 189 190 191 193 197 202 203 204 205 206 207 209 213
 216 217 218 220 221 223 224 226 227 229 230 231 235 236 239 242 246 249
 251 252 253 255 256 262 265 266 271 272 273 276 277 279 280 281 282 284
 287 288 294 295 296 297 300 301 305 307 308 311 312 315 320 323 324 325
 328 329 330 332 334 335 338 339 340 342 343 344 352 355 358 359 360 363
 366 371 372 374 377 379 386 387 388 394 397 398 399 400 401 404 405 412
 415 417 419 420 421 422 425 427 428 431 432 436 437 440 442 443 447 448
 450 453 455 456 459 460 463 464 467 468 469 470 471 473 475 479 482 485
 487 490 493 494 495 496 497 502 503 507 508 514 515 518 519 520 524 527
 529 534 535 536 542 543 544 548 558 563 566 570 572 578 579 582 584 585
 590 592 596]

========== Cluster 2 ==========

Base classifier: DummyClassifier(strategy='most_frequent')

Minority Class: 0

Selected Features: [ 0  1  2  3  4  5  6  7  8  9 10 11 12 13 14 15 16 17 18 19 20 21 22 23
 24 25 26 27 28 29 30]

Labels: [1 1 1 1 1 1 1 1 1 1 1 1 1 1 1 1 1 1 1 1 1 1 1 1 1 1 1 1 1 1 1 1 1 1 1 1 1
 1 1 1 1 1 1 1 1 1 1 1 1 1 1 1 1 1 1 1 1 1 1 1 1 1 1 1 1 1 1 1 1 1 1 1 1 1
 1 1 1 1 1 1 1 1 1 1 1 1 1 1 1 1 1 1 1 1 1 1 1 1 1 1]

Synthetic samples indexes: []

========== Cluster 3 ==========

Base classifier: LogisticRegression()

Minority Class: 0

Selected Features: [24 21  8 23 28  3  4  1 25 14 22 26  5 20  0 27  7 10 29  2]

Labels: [1 1 1 0 1 0 0 0 1 1 1 0 0 0 1 0 0 1 0 1 0 1 0 1 1 0 0 0 0 1 0 1 0 1 0 1 1
 1 1 1 0 1 1 0 0 1 0 0 1 0 0 0 0 0 0 0 1 0 1 0 1 1 1 0 0 1 0 1 0 1 1 0 0 1
 1 0 0 0 1 1 1 1 0 0 0 1 1 1 1 0 1 0 0 1 1 0 0 1 0 0 0 1 1 1 1 1 1 0 1 1 0
 0 0 1 1 0]

Synthetic samples indexes: [  5   7  12  13  15  16  18  20  22  26  27  28  30  34  43  47  49  50
  51  53  54  55  57  64  66  72  75  76  77  82  84  95  96  99 100 112]

