Clustering algorithm selected: kmeans
=====================================

Clustering evaluation metric: dbc_ss
Clustering evaluation value: 0.4038986315404423

========== Cluster 0 ==========

Base classifier: DummyClassifier(strategy='most_frequent')

Minority Class: 1

Selected Features: [ 0  1  2  3  4  5  6  7  8  9 10 11 12 13 14 15 16 17 18 19 20 21 22 23
 24 25 26 27 28 29 30]

Labels: [1 1 1 1 1 1 1 1 1 1 1 1 1 1 1 1 1 1 1 1 1 1 1 1 1 1 1 1 1 1 1 1 1 1 1 1 1
 1 1 1 1 1 1 1 1 1 1 1 1 1 1 1 1 1 1 1 1 1 1 1 1 1 1 1 1 1 1 1 1 1 1 1 1 1
 1 1 1 1 1 1 1 1 1 1 1 1 1 1]

Synthetic samples indexes: []

========== Cluster 1 ==========

Base classifier: DummyClassifier(strategy='most_frequent')

Minority Class: 1

Selected Features: [ 0  1  2  3  4  5  6  7  8  9 10 11 12 13 14 15 16 17 18 19 20 21 22 23
 24 25 26 27 28 29 30]

Labels: [1 1 1 1 1 1 1 1 1 1 1 1 1 1 1 1 1 1 1 1 1 1 1 1 1 1 1 1 1 1 1]

Synthetic samples indexes: []

========== Cluster 2 ==========

Base classifier: LogisticRegression()

Minority Class: 1

Selected Features: [24 28  3 21 23 25 20  4 22  8  5 14  1 29 17 18 16  2 26]

Labels: [0 1 1 1 1 1 0 0 1 0 1 0 1 0 1 1 0 0 1 0 1 0 1 0 0 1 0 1 0 1 0 1 0 0 1 0 1
 1 1 0 1 1 1 1 0 1 1 0 1 1 1 0 1 0 0 1 1 0 0 0 1 0 0 0 1 0 1 0 0 0 0 0 1 1
 0 0 1 1 0 1 1 0 1 1 0 0 0 1 0 0 1 1 1 0 1 1 1 1 0 0 0 0 0 0]

Synthetic samples indexes: [  7   9  16  17  19  21  23  24  28  30  35  47  51  53  58  59  61  62
  63  71  75  78  81  85  86  89  93  98  99 101 103]

========== Cluster 3 ==========

Base classifier: SVC(probability=True)

Minority Class: 1

Selected Features: [ 0 21 24 22  8  2 23  3  1  7 11  4 28 14]

Labels: [0 1 0 1 0 0 0 0 0 1 1 1 1 1 0 0 1 1 1 1 0 1 1 0 0 1 0 1 1 0 1 1 1 1 1 1 1
 0 0 0 0 1 0 1 1 1 0 1 0 1 1 1 0 1 0 1 1 1 0 1 1 0 1 1 0 1 1 1 0 1 0 0 0 0
 0 1 0 1 1 1 1 1 1 1 0 0 0 1 1 1 1 1 0 1 0 0 1 0 1 1 0 1 0 1 0 0 1 1 1 1 1
 0 1 1 0 0 1 0 1 0 1 0 0 0 0 1 1 0 0 1 0 1 1 1 1 1 0 1 0 0 0 0 1 0 1 0 0 0
 1 0 0 1 0 1 1 1 0 0 0 1 0 0 1 1 1 0 0 0 1 1 0 1 0 0 1 0 1 1 1 0 0 1 1 0 0
 1 0 1 0 0 0 0 0 1 0 1 1 1 0 0 0 1 1 0 1 0 1 1 0 1 0 0 1 0 1 1 0 0 1 0 0 1
 0 0 1 1 1 0 0 0 1 0 1 0 0 0 1 1 0 1 0 0 0 0 0 0 0 0 1 1 1 1 0 0 1 1 1 1 1
 1 0 0 1 1 1 1 0 0 0 0 0 0 0 0 0 1 0 1 0 1 1 1 0 0 1 1 0 1 0 0 0 1 1 1 0 1
 1 0 1 0 1 0 1 0 0 1 0 1 1 1 0 1 0 1 0 0 0 1 1 0 0 1 0 0 0 1 0 0 1 1 0 0 0
 0 1 0 0 0 1 0]

Synthetic samples indexes: [  1   3   9  10  11  12  13  16  17  18  19  21  22  27  31  32  33  34
  35  36  41  43  44  45  47  49  50  53  55  56  57  59  60  62  63  65
  66  67  69  75  78  79  80  81  82  83  87  88  89  90  91  93  96  98
  99 101 106 108 109 110 112 116 118 120 125 126 129 131 132 133 134 135
 137 142 144 148 151 153 154 155 159 162 163 168 169 174 176 177 178 181
 182 185 193 195 196 197 201 202 206 209 212 214 215 221 224 225 226 230
 232 236 237 239 248 249 250 251 254 255 256 257 258 259 262 263 264 265
 275 277 279 280 281 284 285 287 291 293 296 298 302 305 307 308 311 313
 317 321 325 329 334 338]

========== Cluster 4 ==========

Base classifier: DummyClassifier(strategy='most_frequent')

Minority Class: 1

Selected Features: [30 29 28 27 26 25 24 23 22 21 20 19 18 17 16 15]

Labels: [0 0 0 0 0 0 0 0 0 0 0 0 0 0 0 0 0 0 0 0 0 0 0 0 0 0 0 0 0 0 0 0 0 0 0 0 0
 0 0 0 0 0 0 0 0 0 0 0 0 0 0 0 0 0 0 0 0 0 0 0 0 0 0 0 0 0 0 0 0 0 0 0 0 0
 0 0 0 0 0 0 0 0 0 0 0 0 0 0 0 0 0 0 0 0 0 0 0 0 0 0 0 0 0 0 0 0 0 0 0 0 0
 0 0 0 0 0 0 0 0 0 0 0 0 0 0 0 0 0 0 0]

Synthetic samples indexes: []

