Clustering algorithm selected: kmeans++
=====================================

Clustering evaluation metric: dbc_ss
Clustering evaluation value: 0.48401251831311265

========== Cluster 0 ==========

Base classifier: SVC(probability=True)

Minority Class: 0

Selected Features: [ 0  1  2  3  4  5  6  7  8  9 10 11 12 13 14 15 16 17 18 19 20 21 22 23
 24 25 26 27 28 29 30]

Labels: [1 0 1 1 0 1 1 0 1 1 0 1 0 0 0 0 0 0 1 0 0 0 1 0 0 1 0 0 1 1 1 0 0 1 0 0 0
 0 0 1 0 1 1 1 1 1 1 1 1 1 1 0 0 1 1 1 0 1 1 1 0 0 1 1 0 1 0 0 1 1 0 0 1 0
 0 0 0 0 0 0 0 1 1 1 1 1 0 1 0 0 0 0 1 1 0 0 0 1 0 0 0 1 0 0 1 0 1 1 1 1 1
 1 0 0 1 0 0 0 0 1 1 1 0 0 0 0 1 0 1 0 0 0 1 1 1 1 1 1 1 1 0 1 0 0 0 0 1 0
 0 0 1 1 1 0 1 1 1 0 0 1 0 0 1 1 0 0 1 1 1 1 0 1 1 1 1 0 1 1 0 0 1 0 0 1 0
 0 0 0 0 1 1 0 1 0 0 0 1 0 0 1 0 0 0 0 1 0 1 1 0 0 1 1 0 1 0 1 1 1 1 0 1 1
 1 1 0 0 0 0 0 0 1 1 0 1 0 1 0 1 0 0 1 0 0 1 0 0 0 0 1 0 1 0 0 0 0 1 0 1 1
 1 0 0 0 1 1 1 1 0 1 1 1 0 0 0 1 0 1 0 1 1 0 1 0 0 1 0 1 1 0 0 0 0 0 1 1 0
 1 1 0 0 1 1 0 0 1 1 0 1 1 1 1 1 0 1 0 1 0 1 1 1 0 1 1 1 0 0 0 1 0 0 1 1 1
 1 0 1 1 1 0 0 0 1 0 0 0 1 1 0 1 1 0 1 0 0 0 1 1 1 0 1 1 1 1 0 0 0 1 1 0 0
 0 0 1 1 0 0 1 1 0 0 1 1 1 1 1 0 1 1 0 0 0 0 0 0 1 0 1 1 1 1 0 0 1 1 0 0 0
 1 0 1 0 1 0 0 0 0 1 0 1 1 1 1 1 0 1 0 1 0 0 0 1 1 0 1 1 0 0 1 1 1 1 1 0 1
 0 1 0 0 1 0 1 1 1 0 0 0 0 0 1 1 0 0 1 1 1 0 1 0 1 0 0 1 0 1 0 0 0 1 0 0 1
 1 1 1 0 1 0 1 0 1 1 1 0 1 1 1 1 0 0 0 0 1 0 0 1 1 1 1 0 1 1 0 0 1 0 1 0 0
 1 0 1 1 1 1 1 0 0 0 0 1 0 1 1 0 0 0 1 0 1 0 1 0 0 1 1 1 1 1 1 1 0 0 1 1 1
 1 0 0 1 0 0 1 0 0 1 0 1 0 0 1 1 0 1 1 1 1 1 0 0 0 0 0 1 0 0 0 0 0 1 0 1 0
 0 1 0 1]

Synthetic samples indexes: [  0   2   3   5   6   8   9  11  18  22  25  28  29  30  33  39  41  42
  43  44  45  46  47  48  49  50  53  54  55  57  58  59  62  63  65  68
  72  81  82  83  84  85  87  92  97 101 104 106 107 108 109 110 111 114
 119 120 121 126 132 134 135 136 137 138 139 141 146 150 151 152 154 155
 156 159 162 163 166 167 168 169 171 172 173 174 176 177 180 189 190 192
 196 199 204 206 207 211 215 216 217 218 220 221 222 223 230 231 233 235
 237 240 243 248 255 257 258 259 263 265 266 268 269 270 274 276 278 279
 281 284 286 287 293 294 296 297 300 301 304 305 307 308 310 311 313 315
 317 318 319 321 322 323 327 330 331 332 333 335 336 337 341 345 346 348
 349 351 355 356 357 359 360 361 362 366 367 372 373 377 380 381 382 383
 384 386 387 394 396 397 398 402 403 409 411 416 418 419 420 421 422 424
 426 430 431 433 434 437 438 439 440 441 443 445 448 450 451 452 458 459
 462 463 464 466 468 471 473 477 480 481 482 483 485 487 489 490 491 493
 494 495 496 501 504 505 506 507 509 513 515 518 520 521 523 524 529 531
 536 538 543 544 545 546 547 548 549 552 553 554 555 558 561 564 569 570
 572 573 574 575 576 582 588 590 593 595]

========== Cluster 1 ==========

Base classifier: DummyClassifier(strategy='most_frequent')

Minority Class: 0

Selected Features: [ 0  1  2  3  4  5  6  7  8  9 10 11 12 13 14 15 16 17 18 19 20 21 22 23
 24 25 26 27 28 29 30]

Labels: [1 1 1 1 1 1 1 1 1 1 1 1 1 1 1 1 1 1 1 1 1 1 1 1 1 1 1 1 1 1 1 1 1 1 1]

Synthetic samples indexes: []

========== Cluster 2 ==========

Base classifier: KNeighborsClassifier()

Minority Class: 0

Selected Features: [ 0  1  2  3  4  5  6  7  8  9 10 11 12 13 14 15 16 17 18 19 20 21 22 23
 24 25 26 27 28 29 30]

Labels: [1 0 0 0 0 1 0 1 1 0 0 0 0 1 0 0 1 0 0 0 1 1 0 1 0 0 1 1 1 0 1 0 1 0 1 1 0
 0 0 1 0 0 1 1 1 0 0 1 1 0 1 1 0 0 0 1 1 0 1 1 1 1 1 0 0 1 0 1 1 0 0 1 0 1
 0 1 1 0 1 1 0 1 0 1 1 1 1 0 0 1 0 0]

Synthetic samples indexes: [ 1  2  4  6 14 15 17 22 24 25 29 33 37 40 46 53 54 70 77 87 90 91]

========== Cluster 3 ==========

Base classifier: DummyClassifier(strategy='most_frequent')

Minority Class: 0

Selected Features: [ 0  1  2  3  4  5  6  7  8  9 10 11 12 13 14 15 16 17 18 19 20 21 22 23
 24 25 26 27 28 29 30]

Labels: [1 1 1 1 1 1 1 1 1 1 1 1 1 1 1 1 1 1 1 1 1 1 1 1 1 1 1 1 1 1 1 1 1 1 1 1 1
 1 1 1 1 1 1 1 1 1 1 1 1 1 1 1 1 1 1 1 1 1 1 1 1 1 1 1 1 1 1 1 1 1 1 1 1 1
 1 1 1 1 1 1 1 1 1 1 1 1 1 1 1]

Synthetic samples indexes: []

========== Cluster 4 ==========

Base classifier: DummyClassifier(strategy='most_frequent')

Minority Class: 0

Selected Features: [ 0  1  2  3  4  5  6  7  8  9 10 11 12 13 14 15 16 17 18 19 20 21 22 23
 24 25 26 27 28 29 30]

Labels: [1 1]

Synthetic samples indexes: []

