Clustering algorithm selected: kmeans
=====================================

Clustering evaluation metric: dbc_ss
Clustering evaluation value: 0.44110740058072867

========== Cluster 0 ==========

Base classifier: SVC(probability=True)

Minority Class: 0

Selected Features: [ 0  1  2  3  4  5  6  7  8  9 10 11 12 13 14 15 16 17 18 19 20 21 22 23
 24 25 26 27 28 29 30]

Labels: [0 0 0 0 0 1 1 0 0 0 0 0 1 0 0 0 1 1 0 0 1 1 0 1 1 1 1 1 1 0 0 0 0 1 1 0 0
 1 0 0 0 0 1 0 0 1 1 1 1 0 1 1 1 1 0 1 1 0 1 0 1 0 0 0 0 1 1 1 0 1 1 0 0 0
 1 0 0 1 0 1 0 0 1 0 1 0 0 0 0 0 0 0 1 1 0 1 1 0 1 1 1 1 1 1 0 0 0 1 1 1 1
 1 0 0 1 1 0 1 1 0 0 1 1 1 1 0 1 1 0 1 0 1 0 1 1 1 1 0 0 1 0 0 1 0 1 1 1 1
 1 0 1 0 1 1 0 0 0 0 1 0 1 1 1 1 1 0 1 1 1 0 1 1 1 0 0 0 1 0 1 1 0 1 1 0 1
 1 0 1 1 1 1 1 0 1 1 1 0 1 1 0 1 0 1 0 0 0 1 1 0 0 1 0 0 0 1 1 0 0 1 1 0 1
 1 1 1 0 1 1 1 1 1 0 0 1 0 1 0 0 0 1 0 0 1 0 0 0 0 1 0 0 0 1 1 1 1 1 0 0 0
 1 1 1 0 0 0 0 1 0 0 1 0 0 0 0 0 1 1 1 1 1 1 1 1 0 1 0 1 1 1 1 0 0 1 0 0 0
 1 0 0 0 1 0 0 1 0 1 0 0 1 1 0 0 1 0 1 1 1 1 1 1 1 0 1 1 1 1 1 1 0 0 0 0 0
 1 0 1 1 1 0 0 1 1 1 1 1 0 0 0 0 1 0 1 0 1 1 0 1 1 0 0 0 0 1 0 1 1 1 1 0 0
 0 1 0 1 1 1 0 1 0 0 0 0 1 1 1 0 0 1 0 1 0 0 0 1 0 1 0 0 0 1 0 1 1 0 0 1 0
 1 1 0 0 1 1 0 0 0 0 0 0 0 0 1 1 0 0 1 1 1 0 0 1 0 0 1 1 0 0 1 1 0 0 0 0 0
 0 0 1 1 0 0 0 1 0 0 0 1 1 0 0 0 0 1 0 1 0 0 1 1 0 1 1 0 1 1 1 0 0 0 1 1 0
 0 0 0 0 0 1 1 1 0 1 0 1 0 0 1 1 1 1 0 0 1 0 1 0 1 1 1 1 0 1 1 0 0 1 0 0 1
 0 0 0 1 0 1 1 1 0 0 1 1 1 1 1 0 0 0 0 0 1 1 1 0 0 0 1 1 1 1 1 1 0 0 0 0 1
 1 1 1 1 0 0 1 0 0 0 1 1 0 1 0 0 1 1 0 1 0 1 0 1 1 0 0 0 1 0 0 1 0 0 0 0 0
 0 1 0 1]

Synthetic samples indexes: [  5   6  16  17  20  21  23  24  25  27  28  33  34  37  42  45  46  47
  48  50  51  52  53  55  56  58  60  65  66  67  69  70  74  77  79  82
  84  92  93  95  96  98  99 100 101 102 107 108 110 111 114 117 118 121
 122 123 124 126 127 129 131 133 134 135 136 142 144 145 146 147 148 150
 152 153 158 160 161 162 163 164 166 167 168 170 171 172 176 178 179 181
 182 184 185 187 188 189 190 191 193 194 195 197 198 200 202 206 207 210
 214 215 218 219 221 222 223 224 226 227 228 229 230 235 239 242 247 251
 252 253 254 255 259 260 261 269 275 276 277 278 279 280 281 284 286 287
 288 289 292 296 300 303 305 308 309 312 314 315 316 317 318 319 320 322
 323 324 325 326 333 335 336 337 340 341 342 343 344 349 351 353 354 356
 357 362 364 365 366 367 371 373 374 375 382 383 387 389 393 399 401 402
 405 407 408 411 412 421 422 425 426 427 430 433 434 437 438 447 451 455
 456 461 463 466 467 469 470 472 473 474 479 486 487 488 490 492 495 496
 497 498 501 505 507 508 510 511 514 517 521 523 524 525 528 529 531 532
 538 539 540 544 545 546 547 548 554 555 556 557 558 561 565 568 571 572
 574 576 578 579 583 586 593 595]

========== Cluster 1 ==========

Base classifier: DummyClassifier(strategy='most_frequent')

Minority Class: 0

Selected Features: [ 0  1  2  3  4  5  6  7  8  9 10 11 12 13 14 15 16 17 18 19 20 21 22 23
 24 25 26 27 28 29 30]

Labels: [1 1 1 1 1 1 1 1 1 1 1 1 1 1 1 1 1 1 1 1 1 1 1 1 1 1 1 1 1 1 1 1 1]

Synthetic samples indexes: []

========== Cluster 2 ==========

Base classifier: SVC(probability=True)

Minority Class: 0

Selected Features: [ 0  1  2  3  4  5  6  7  8  9 10 11 12 13 14 15 16 17 18 19 20 21 22 23
 24 25 26 27 28 29 30]

Labels: [1 0 1 0 1 1 0 1 1 1 1 0 0 0 1 0 0 0 1 0 0 0 1 0 0 1 0 1 1 0 1 0 0 1 0 0 1
 0 1 1 1 0 1 0 1 0 1 0 0 1 1 0 1 1 0 1 0 1 1 1 1 1 0 1 0 0 0 0 1 1 0 0 0 1
 0 1 1 0 1 0 0 1 1 1 0 1 1 0 1 0 1 0 0 1 0 0 0 1 0 1 1 0]

Synthetic samples indexes: [  3  19  20  21  29  32  34  35  37  41  43  45  47  48  51  67  71  74
  79  80  84  87  91  94  96  98 101]

========== Cluster 3 ==========

Base classifier: DummyClassifier(strategy='most_frequent')

Minority Class: 0

Selected Features: [ 0  1  2  3  4  5  6  7  8  9 10 11 12 13 14 15 16 17 18 19 20 21 22 23
 24 25 26 27 28 29 30]

Labels: [1 1 1 1 1 1 1 1 1 1 1 1 1 1 1 1 1 1 1 1 1 1 1 1 1 1 1 1 1 1 1 1 1 1 1 1 1
 1 1 1 1 1 1 1 1 1 1 1 1 1 1 1 1 1 1 1 1 1 1 1 1 1 1 1 1 1 1 1 1 1 1 1 1 1
 1 1 1 1 1 1 1 1 1 1 1 1 1]

Synthetic samples indexes: []

