Clustering algorithm selected: kmeans
=====================================

Clustering evaluation metric: silhouette
Clustering evaluation value: 0.295011030582164

========== Cluster 0 ==========

Base classifier: GaussianNB()

Selected Features: [8 3 4 6 7 0 1]

Labels: [0 0 0 1 2 0 1 1 2 1 2 2 0 2 2 1 1 1 1 1 0 0 2 1 0 2 1 0 1 2 1 1 0 1 2 0 2
 0 0 2 0 1 0 1 0 1 2 0 1 0 1 1 0 2 0 1 1 2 0 1 2 2 0 2 2 0 0 2 2 1 1 2 2 1
 0 0 2 2 1 1 0 0 1 2 1 1 2 1 2 2 2 1 2 0 0 2 2 1 0 0 2 1 1 2 0 2 1 0 2 1 0
 2 1 0 1 1 1 2 2 2 2 0 0 1 1 0 1 0 0 0 0]

========== Cluster 1 ==========

Base classifier: GaussianNB()

Selected Features: [3 0 4 8]

Labels: [0 0 0 0 0 0 0 0 0 0 0 2 0 2 0 2 2 2 1 0 2 2 0 1 2 0 0 0 2 2 1 2 1 0 0 0 2
 0 2 0 1 1 2 2 1 0 0 2 2 1 2 2 2 2 2 2 0 0 2 0 2 2 2 0 2 0 0 0 2 1 0 0 2 1
 2 2 1 0 0 0 2 0 2 2 2 0 0 1 2 0 0 2 0 0 0 2 2 1 2 2 2 0 2 2 1 1 2 1 0 2 1
 1 1 2 0 2 2 0 2 2 1 2 2 0 0 0 2 2 1 2 0 0 1 0 2 0 0 0 1 0 2 0 0 2 1 0 0 0
 0 0 0 2 0 0 0 2 0 0 0 2 0 1 2 2 2 0 2 0 2 0 1 0 0 2 2 0 2 0 2 0 0 0 2 1 2
 0 2 0 0 0 2 2 2 0 0 0 0 0 0 0 0 2 0 2 2 2 0 2 2 0 0 1 0 1 2 1 0 0 0 2 1 0
 2 2 2 0 1 0 2 2 0 1 0 0 0 1 1 0 0 2 1 0 2 0 2 0 2 0 2 0 2 0 1 0 2 2 0 2 0
 1 2 0 0 0 0 0 0 0 0 2 2 2 0 0 0 0 0 0 2 2 2 2 0 2 0 0 0 1 2 1 2 2 0 2 2 0
 0 2 0 0 1 0 2 0 2 2 0 2 0 1 0 0 2 2 0 0 2 2 2 2 2 2 0 0 2 2 0 2 2 0 0 2 0
 0 0 1 0 1 0 0 0 0 2 2 2 1 2 0 0 0 1 1 2 1 0 2 0 2 2 0 2 2 0 0 2 0 2 2 2 1
 2 2 2 2 2 0 2 0 2 0 2 0 1 0 0 0 0 1 0 2 0 2 0 0 0 0 2 1 2 0 2 2 2 0 2 0 2
 2 0 2 1 0 0 2]

========== Cluster 2 ==========

Base classifier: LogisticRegression()

Selected Features: [3 1 6 0]

Labels: [0 0 0 0 0 0 0 0 0 1 0 0 1 0 2 2 1 0 0 1 2 0 0 0 1 0 0 1 2 1 1 2 1 0 2 2 2
 1 0 2 2 2 0 0 2 2 2 0 1 0 2 0 0 2 2 2 0 0 0 1 0 2 1 1 2 2 0 0 2 2 2 0 2 2
 0 0 0 0 2 0 2 1 2 1 0 0 2 0 1 2 0 2 1 0 2 2 0 2 0 0 1 0 1 2 0 0 0 0 2 0 1
 2 0 2 0 0 1 0 0 1 0 2 1 0 0 0 1 2 1 1 1 2 0 2 0 0 0 2 0 0 0 2 0 1 0 2 0 1
 2 2 0 0 0 2 0 1 2 0 0 2 0 0 0 0 0 1 2 1 0 1 0 2 0 0 0 2 2 1 1 1 2 2 0 1 0
 0 0 0 1 2 2 0 0 0 2 0 0 1 1 0 1 2 0 0 0 1 2 0 1 2 0 0 0 1 2 1 1 0 1 1 1 1
 1 0 2 1 2 1 0 2 2 0 0 0 1 0 0 2 2 0 0 2 0 2 0 0 2 2 0 2 0 0 1]

========== Cluster 3 ==========

Base classifier: GradientBoostingClassifier()

Selected Features: [3 0 7 4]

Labels: [0 0 0 0 0 0 2 2 0 0 0 0 0 1 0 0 2 0 0 0 0 0 0 2 0 0 2 2 0 2 0 0 2 1 0 0 2
 0 2 2 0 0 2 0 2 0 0 0 0 0 0 0 0 0 1 0 0 2 1 0 0 0 0 0 2 0 0 0 0 0 0 1 0 0
 2 1 2 0 2 0 0 0 1 0 0 0 0 0 0 0 1 2 0 0]

========== Cluster 4 ==========

Base classifier: KNeighborsClassifier()

Selected Features: [5 3 4 2 1]

Labels: [1 1 0 1 0 0 0 2 0 1 1 0 0 2 1 1 0 1 2 1 2 2 2 1 2 1 0 2 0 2 1 2 2 1 2 0 0
 2 1 1 2 1 1 2 2 2 0 2 0 0 2 2 1 0 1 0 1 0 0 1 2 0 2 0 0 2 1 1 0 1 0 0 1 0
 0 1 2 1 1 2 2 1 2 0 1 1 1 0 1 1 1 2 1 0 1 0 1 2 2 0 2 1 1 2 2 0 0 2 1 0 1
 2 0 2 0 0 2 2 2 1 0 2 0 2 0 2 1 0 2 1 1 2 2 1 2 2 0 0 0 0 2 1 2 0 0 1 2 1
 0 0 0 1 1 0 0 0 0 2 0 0 0 1 2 0 2 1 2 0 0 0 0 2 1 2 0 0 1 2 2 0 1 2 2 2 0
 2 2 0 0 2 0 1 0 2 2 1 2 1 2 0 2 0 0 1 2 2 1 2 2 0 2 0 1 1 2 1 0 1 0 2 1 1
 0 0 2 1 2 1 2 2 2 2 0 0 1 2 2 1 2 2 2 1 0 1 1 0 2 0 1 1 1 1 1 2 2 2 2 2 0
 2 0 0 2 0 2 2 2 0 1 2 0 2 1 1 1 1 1 1 1 1 0 2 2 2 1 1 2 1 2 2 2 0 1 0 1 0
 1 0 1 2 0 1 0 1 2 0 0 0 0 2 1 0 2 2 2 2 2 1 2 1 2 0 0 1 1 0 0 2 1 2 0 2 2
 0 0 0 1 0 0 0 1 2 2 2 0 2 2 0 0 1 2 0 2 2 2 1 0 2 1 1 2 2 1 1 2 0 1 2 2 0]

========== Cluster 5 ==========

Base classifier: GaussianNB()

Selected Features: [3 7 2 6]

Labels: [1 1 0 0 2 0 1 0 0 0 0 0 1 2 1 1 1 2 1 0 1 2 0 2 0 1 1 2 2 2 0 1 2 2 1 2 2
 1 2 0 0 1 1 1 1 2 1 2 1 2 2 2 0 0 2 1 0 2 1 0 0 1 2]

