Clustering algorithm selected: kmeans
=====================================

Clustering evaluation metric: silhouette
Clustering evaluation value: 0.264696058770249

========== Cluster 0 ==========

Base classifier: SVC(probability=True)

Minority Class: 1

Selected Features: [4 7 1 0 5 6 2 3]

Labels: [0 1 0 0 0 0 0 0 1 1 0 0 0 1 1 0 1 0 0 1 0 1 1 0 1 0 1 1 1 0 1 0 1 0 1 1 0
 1 1 1 1 0 0 0 0 0 0 1 1 1 1 1 1 1 0 0 0 0 1 0 1 1 1 0 1 1 0 0 1 1 0 0 1 1
 0 1 0 1 0 0 1 1 0 1 0 0 1 0 1 0 0 1 1 0 1 1 0 1 0 1 0 0 1 0 0 0 0 0 0 1 0
 1 0 0 1 0 0 0 0 1 1 1 1 0 1 1 1 0 1 1 0 0 0 1 1 0 1 0 1 0 0 1 0 0 1 0 1 0
 0 1 1 1 1 0 1 1 1 0 0 1 0 0 0 1 1 0 1 0 1 1 1 1 1 1 1 1 0 1 0 0 0 0 1 1 1
 0 1 1 0 1 1 0 1 0 0 0 1 1 1 0 1 1 0 0 0 1 0 0 1 0 1 1 0 0 1 1 0 0 1 0 1 0
 0 0 1 1 0 1 0 0 0 1 0 0 1 1]

Synthetic samples indexes: [ 45  84  85 113 117 130 148 158 161 176 178 185 203 221 232 233]

========== Cluster 1 ==========

Base classifier: KNeighborsClassifier(n_neighbors=7)

Minority Class: 1

Selected Features: [7 1 0 2 5 3]

Labels: [0 1 0 1 1 0 1 1 1 1 0 0 1 0 0 0 1 1 1 0 1 0 1 0 1 0 0 0 1 1 0 1 0 0 1 0 1
 1 1 1 1 0 1 1 1 0 0 0 0 0 0 0 1 0 1 1 1 1 0 0 0 0 0 0 1 1 1 1 0 1 0 1 1 1
 1 0 0 1 1 1 0 1 0 0 0 1 0 0 0 0 1 1 1 1 0 0 0 0 1 1 1 0 1 0 0 1 1 1 1 1 1
 0 1 1 1 0 0 0 0 0 1 0 0 1 0 1 0 0 0 1 0 1 0 1 0 0 0 1 0 1 0 1 0 0 0 0 0 1
 0 0 1 0 0 0 1 1 0 1 0 0 0 1 0 0 0 1 0 1 0 0 0 0 1 1 0 0 1 0 0 1 1 1 0 1 0
 1 1 0 1 0 0 0 1 0 0 0 0 1 1 0 0 1 1 1 0 1 0 1 0 0 1 0 0 1 0 0 1 0 1 0 0 0
 0 0 0 1 0 1 1 1 1 0 0 0 1 1 0 0 0 1 0 1 0 1 0 0 0 1 0 1 0 1 1 0 1 1 0 1 0
 0 0 0 1 0 0 0 1 1 1 0 1 1 0 1 1 1 0 0 1 1 0 0 0 0 0 1 1 0 1 0 0 1 1 0 1 1
 0 1 0 1 1 0 1 1 1 1 0 1 0 1 0 1 1 1 0 0 0 0 1 1 0 0 1 0 1 1 0 0 0 1 1 0 1
 1 0 0 0 0 0 1 0 1 1 0 1 0 1 0 0 1 0 0 1 1 0 0 1 0 1 1 1 0 0 1 1 1 0 1 1 1
 0 1 1 1 0 1 0 1 0 1 0 0 1 1 0 1 1 1 1 1 0 0 1 0 0 1 1 0 0 1 0 0 0 1 1 1 1
 1 1 1 1 0 0 0 0 0 0 0 0 1 1 0 0 0 1 1 0 1 0 0 0 1 0 1 1 0 0 1 1 1 0 0 1 1
 0 0 0 0 1 0 0 1 0 1 1 1 1 1 1 1 0 1 1 1 0 1 0 0 0 1 1 1 0 0 0 1 0 0 0 0 0
 1 1 1 1 0 1 0 1 1 0 1 1 1 1 1 1 1 1 0 1 0 1 0 1 1 1 0 1 0 1 1 1 0 0 1 1 1
 1 1 0 0 0 1 0 0 0 0 1 0 1 1 1 0 1 0 0 1 0 1 0 1 0 0 0 1 1 1 1 1 0 0 1 1 1
 1 1 1 0 0 1 0 1 0 1 1 1 0 0 0 1 0 0 0 1 1 1 0 1 0 0 0 0 0 1 1 1 0 0 1 1 0
 0 1 0 0 1 0 1 0 0 1 0 0 0 0 0 1 1 1 1 0 0 0 0 1 1 1 1 1 1 1 1 1 0 0 0 1 1
 1 1 0 1 1 0 1 1 1 0 0 0 1 0 0 1 1 1 0 1 1 1 0 1 1 0 1 0 0 0 0 0 1 0 0 1 1
 1 0 1 1 0 0 1 1 0 0 0 0 0 1 1 0 1 1 0 1 0 0 0 1 1 1 0 1 1 0]

Synthetic samples indexes: [  1   4   7   8  16  18  20  24  29  34  37  38  39  56  57  64  66  67
  69  71  74  79  81  85  90  91  93  98  99 100 105 109 112 113 114 123
 125 131 133 139 141 150 154 155 157 161 165 167 179 183 185 186 188 197
 201 202 205 207 213 216 227 228 234 235 239 241 243 247 254 257 262 266
 267 268 270 273 274 278 279 285 288 291 292 299 300 302 303 304 305 309
 312 318 319 322 324 329 332 333 339 341 344 349 353 356 359 360 364 368
 369 372 375 377 385 387 389 392 395 403 404 406 407 408 410 419 427 433
 434 437 438 439 443 448 453 454 455 457 458 461 462 463 465 469 471 475
 481 483 484 486 488 489 492 494 495 496 498 502 504 505 506 508 511 515
 516 517 519 528 531 532 534 537 539 541 545 548 552 554 557 560 562 565
 570 574 575 576 578 584 585 589 590 596 607 608 609 610 615 617 618 619
 620 622 623 627 628 629 632 635 641 645 646 648 649 650 664 665 668 672
 673 679 680 683 685 689 690 693 694]

