Clustering algorithm selected: kmeans
=====================================

Clustering evaluation metric: silhouette
Clustering evaluation value: 0.25828969291222825

========== Cluster 0 ==========

Base classifier: KNeighborsClassifier()

Minority Class: 0

Selected Features: [1 7 0 2 5 3]

Labels: [0 0 0 0 0 0 1 0 0 1 1 0 0 1 0 0 1 1 1 0 0 1 1 0 0 1 1 0 0 0 0 1 0 0 0 1 1
 0 1 0 0 0 1 0 0 1 0 0 1 0 0 1 1 1 1 0 0 1 1 1 0 1 1 0 0 0 1 0 0 1 1 1 1 0
 1 1 0 1 0 0 1 1 1 1 1 0 0 1 0 1 1 0 0 0 0 1 1 1 1 1 1 1 1 0 1 0 0 0 0 0 0
 0 0 0 1 1 0 1 1 1 0 1 0 1 1 1 1 1 0 0 1 0 1 0 0 0 0 0 1 0 1 1 1 1 1 0 1 0
 1 0 1 0 1 1 0 0 1 1 0 1 1 1 1 1 0 0 1 1 0 0 0 1 1 0 1 1 1 0 0 0 1 1 1 1 0
 0 0 0 0 0 1 1 0 0 1 0 0 0 0 0 1 1 1 1 1 0 0 0 1 0 0 0 1 1 1 1 0 1 0 0 0 1
 0 0 1 0 1 0 1 0 1 1 1 0 0 1 1 1 0 1 1 1 1 1 1 0 0 0 0 0 0 0 0 1 0 1 0 1 1
 0 0 0 0 1 0 1 1 0 1 0 1 0 1 1 0 1 0 0 1 1 1 0 0 0 0 1 1 0 0 0 0 1 1 1 1 0
 1 1 1 0 0 1 1 1 1 1 0 1 0 1 1 0 0 0 0 1 1 0 1 1 1 0 0 0 0 1 0 1 0 0 1 1 1
 0 0 0 0 1 1 0 0 0 1 1 1 1 0 1 0 0 0 0 0 0 0 0 0 1 1 0 1 0 1 1 1 1 0 1 0 0
 1 1 0 0 0 0 0 0 1 0 0 1 1 0 1 0 0 1 1 1 1 1 0 1 1 1 1 0 1 1 1 1 0 1 0 0 0
 1 1 1 1 0 0 0 0 0 0 1 0 0 1 0 0 0 0 1 1 1 0 1 1 1 0 1 1 1 0 1 1 0 1 1 0 0
 1 1 0 0 0 1 0 0 1 0 0 1 1 1 0 1 1 0 0 1 1 1 0 1 0 1 1 0 0 0 1 1 1 0 0 0 0
 0 1 1 1 0 1 0 1 1 1 1 1 1 0 0 0 0 1 1 0 1 1 1 0 0 1 0 0 0 0 0 0 1 1 0 0 1
 0 1 1 0 0 0 0 0 1 0 0 0 1 1 1 0 0 0 0 1 1 1 0 1 0 1 0 0 0 0 0 0 0 1 0 1 1
 0 1 1 1 1 1 1 0 0 0 0 0 1 0 0 0 0 1 0 0 0 1 0 1 0 1 0 1 0 1 1 1 1 1 1 0 1
 0 0 0 1 1 1 1 1 0 1 1 1 1 1 1 0 0 1 1 1 0 1 0 1 0 1 1 1 1 0 1 1 0 1 1 1 1
 1 1 1 0 1 1 0 0 1 0 1 1 1 0 1 0 1 1 0 0 0 1 1 0 0 1 1 1 0 0 0 0 1 1 0 0 1
 0 0 0 0 1 0 1 0 0 1 0 0 0 1]

Synthetic samples indexes: [  6   9  10  13  16  17  21  22  25  35  36  38  42  48  51  53  54  61
  69  70  74  77  81  82  83  84  90  95  96  97  99 100 104 114 115 117
 119 123 125 126 130 138 140 143 144 146 150 156 159 160 161 162 163 166
 167 171 172 174 176 180 181 182 183 190 191 194 200 201 202 204 208 213
 214 215 217 221 224 226 231 232 235 236 237 240 241 244 253 255 258 263
 265 266 268 272 275 279 286 292 296 303 304 305 309 315 316 318 325 327
 330 331 337 338 343 344 345 357 358 363 364 365 367 370 378 381 382 388
 389 391 393 394 395 396 398 401 407 408 409 420 426 431 433 434 435 440
 441 444 445 449 452 455 456 459 460 467 470 475 488 489 491 492 498 502
 503 513 514 520 526 530 537 538 539 543 551 553 557 558 561 572 576 578
 582 584 585 587 596 597 598 602 603 604 605 609 610 611 615 617 619 622
 623 625 627 629 630 631 633 637 639 643 645 650 654 655 656 665 670 675
 679]

========== Cluster 1 ==========

Base classifier: SVC(probability=True)

Minority Class: 0

Selected Features: [1 4 7 2 3]

Labels: [0 0 1 1 1 0 0 0 1 0 1 1 1 1 0 1 1 1 0 0 0 1 0 1 1 0 1 0 1 0 1 0 1 1 0 0 1
 0 0 1 1 1 1 1 0 1 1 1 1 1 1 0 1 1 0 0 0 1 1 0 1 1 1 0 1 1 1 1 1 0 0 0 0 0
 0 1 0 0 0 1 1 0 0 0 0 1 1 0 1 0 0 0 1 0 0 1 1 1 1 1 0 0 1 0 1 0 1 1 1 0 0
 1 0 0 1 1 1 0 1 1 0 1 1 1 1 1 1 0 0 0 1 0 0 1 1 1 0 0 1 1 1 0 1 0 1 0 0 1
 0 1 0 0 0 0 1 0 0 0 0 0 1 1 1 1 0 1 1 0 1 1 0 0 1 1 1 0 0 1 1 0 0 0 0 1 0
 0 1 0 0 0 1 1 0 1 1 0 0 0 0 1 1 0 1 1 0 0 1 1 0 0 0 0 0 0 1 1 0 0 0 1 1 0
 0 1 0 0 0 1 0 1 1 0 0 0 1 0]

Synthetic samples indexes: [ 14  34  78 109 137 152 198 233]

