Clustering algorithm selected: fcm
=====================================

Clustering evaluation metric: dbc
Clustering evaluation value: 0.6733466308297128

========== Cluster 0 ==========

Base classifier: DummyClassifier(strategy='most_frequent')

Minority Class: 0

Selected Features: [  0   1   2   3   4   5   6   7   8   9  10  11  12  13  14  15  16  17
  18  19  20  21  22  23  24  25  26  27  28  29  30  31  32  33  34  35
  36  37  38  39  40  41  42  43  44  45  46  47  48  49  50  51  52  53
  54  55  56  57  58  59  60  61  62  63  64  65  66  67  68  69  70  71
  72  73  74  75  76  77  78  79  80  81  82  83  84  85  86  87  88  89
  90  91  92  93  94  95  96  97  98  99 100 101 102 103 104 105 106 107
 108 109 110 111 112 113 114 115 116 117 118 119 120 121 122 123 124 125
 126 127 128 129 130 131 132 133 134 135 136 137 138 139 140 141 142 143
 144 145 146 147 148 149 150 151 152 153 154 155 156 157 158 159 160 161
 162 163 164 165 166 167 168 169 170 171 172 173 174 175 176 177 178 179
 180 181 182 183 184 185 186 187 188 189 190 191 192 193 194 195 196 197
 198 199 200 201 202 203 204 205 206 207 208 209 210 211 212 213 214 215
 216 217 218 219 220 221 222 223 224]

Labels: [0]

========== Cluster 1 ==========

Base classifier: DummyClassifier(strategy='most_frequent')

Minority Class: 0

Selected Features: [210 200 141 206  89  87  86  85  83  82  81  80  79  78 224  77  76  75
  74  73  72  69  68  67  66  65  64  88  94  93 110 121 120 119 118 117
 116 115 114 113 108  62 107 106 102 101 100  99  98  96  95  63  58  59
 123  25  24  23  22  20  19  18  17  16  15  14  12  11  10   9   8   6
   5   3   2   1  27  28  29  45  57  56  53  52  51  49  48  47  46  44
  30  43  42  39  38  36  34  33  32  31 122 112   0 165 197 172 198 170
 199 167 166 202 173 163 162 161 159 204 205 190 196 174 207 182 188 191
 187 186 185 184 183 181 175 180 192 179 178 193 195 176 155 156 153 142
 208 138 218 219 137 136 135 134 221 222 132 131 130 129 128 127 126 216
 189 143 152 151 145 146 150 213 149 209 215 212  35  21 211 220 203  13
   4 201 194 214   7  26 217 124  37  84  90  91  92 147 144  97 140 139
 103 104 105]

Labels: [0 0 0]

========== Cluster 2 ==========

Base classifier: SVC(probability=True)

Minority Class: 1

Selected Features: [205 206 200 220 216 210  99  30  32 221  71 212 132  29  78  34  60 224
 118   3  61  11 177 184 126 146 217 208  94 100 119 175  64 169 154   4
 139  17  18 190  48  33   8   2 153 202 171  87 127 104 157  91  22 125
 156  31  42 141  97  88  28 138  82 114  63 128 130  58 211  51  62 145
 164 105 107 222 195 187 182 199 213  46 113 117  84  14  95  39 196  43
  12  37 186 176   1  76  80  79  67  21  68  77  69  25  65  70   5  20
  75  72  24  73  74  66  15   6   7  36  16  38  81  40  41  44  13  45
  47  19  49  50  52  53  54  23  55  10  27  56  57  35   9  26  59 112
  83 152 180 179 178 174 173 172 170 168 167 166 165 163]

Labels: [1 0 0 0 1 1 0 1 0 1 0 0 0 1 0 0 0]

========== Cluster 3 ==========

Base classifier: AdaBoostClassifier()

Minority Class: 1

Selected Features: [  3 148 143  23 215 209 145 122  38  46 105 223  83   2  82  74  60 170
 191 117 141 179  16 166  44  93 101   5  21  55  62  19 168  90 131 133
 208 196 138  58  80 120 146  89  40  47 160  73 129 115 189 214  15 110
 134   8  63 153  85 157 116 180 212 219 119  34  67  45 111  50 173  88
 192 155  96 124  57  24 213  43  12 190 102 199 183  28 151   6 178  59
 210  41  30  98 161 158  10 142  72  37  66   1  79  68  75   7  69  78
  64  70  71]

Labels: [1 0 0 0 0 0 0 0 0 1 0 1 1 1 1 0 0 0 0 0 0 0 1 1 1 0 1 0 0 1 0 0 1 0 0 0 0
 0 1 0 0 0 1 1 0 1 0 0 0 0 1 1 1 0 0 0 0 0 0 1 1 0 0 1 0 0 0 1 1 0 1 1 0 0
 0 1 0 0 1 0 1 0 0 1 1 0 0 0 0 0 1 1 0 1 0 0 0 0 0 0 0 0 0 1 0 0 1 1 0 1 1
 0 1 0 0 1 0 0 1 0 1 1 0 0 0 1 0 1 0 0 1 0 0 0 1 0 0 1 0 1 0 1 0 0 0 0 0 0
 0 0 1 0 0 0 1 0 0 1 1 1 0 0 1 1 0 0 0 0 1 0 0 0 0 0 1 0 1 0 0 0 0 1 0 1 0
 0 0 0 1 1 1 0 0 0 0 0 0 1 1 0 1 0 0 0 0 0 1 0 1 0 0 1 1 1 1 1 0 1 0 1 0 1
 1 1 0 0 0 1 1 1 0 0 0 1 0 0 1 0 1 1 1 0 1 0 0 0 1 0 1 1 0 0 0 1 0 1 1 1 1
 0 0 0 0 1 0 1 0 0 0 0 1 0 0 0 0 1 0 1 0 0 0 1 1 0 0 0 1 0 0 1 0 0 0 0 1 0
 0 0 1 0 1 1 0 1 1 0 1 1 1 0 0 0 0 0 1 0 0 0 0 0 1 0 0 1 0 0 1 0 1 0 1 0 0
 0 0 1 1 1 0 0 0 1 0 0 0 0 0 1 0 0 1 1 0 1 0 0 0 0 0 0 1 0 0 0 1 1 1 0 0 1
 0 0 1 0 0 1 0 0 0 0 0 0 1 0 1 0 0 1 0 0 0 1 1 0 0 0 0 0 0 1 1 0 1 1 0 0 0
 0 0 1 0 1 0 0 0 1 0 0 1 0 1 0 1 0 0 0 0 1 1 0 0 1 1 1 0 0 0 1 1 0 1 0 1 1
 0 1 0 1 1 0 0 1 1 0 1 0 1 1 1 0 1 0]

========== Cluster 4 ==========

Base classifier: AdaBoostClassifier()

Minority Class: 1

Selected Features: [  3 197   0 168 214 175 159 106 133   8  56  46 105 103  45  20 139   2
 164 180 126 216   9  16 150  76 161 223  89  99 107  40 211 199 202  18
  59 111 114  54 174  43  47  51 119 144 149  75 203 148 187  77 157  41
 169 184  32  84 213 189  28 208 218 194 154 178 116 113  22 217  95 110
 117  55 212  60  96 179 131 186  72  44 173  69 137 128  49 138 123  27
 108 129  21 112  91  62  66  58  30  79  82  29  67  83  64  39   4   6
  12  38 193 198]

Labels: [0 0 0 0 1 0 0 1 0 0 0 0 0 0 0 1 0 0 0 0 1 0 0 0 0 1 0 0 0 1 0 0 0 1 0 0 1
 0 0 1 1 0 0 0 0 0 0 0 0 0 1 1 0 0 0 0 1 0 0 0 0 0 1 0 0 0 0 1 1 0 0 0 0 0
 0 0 0 0 0 0 1 1 1 0 0 0 1 1 0 1 0 0 0 0 1 0 1 0 0 1 0 0 0 0 0 0 0 1 0 0 1
 0 1 0 0 0 1 0 0 0 0 0 1 0 0 0 0 0 0 0 0 0 0 0 0 1 0 0 0 1 0 0 0 0 0 0 1 0
 0 0 0 0 0 0 0 1 0 0 1 1 0 0 0 1 1 1 0 0 0 1 1 1 0 0 0 0 0 0 1 0 0 0 0 0 0
 0 0 0 0 0 0 0 0 0 1 0 1 0 0 0 0 0 0 0 0 0 0 0 0 0 0 1 1 0 0 0 1 1 0 1 1 0
 1 0 0 0 0 1 0 0 0 1 0 0 1 1 0 1 0 0 0 0 0 0 0 0 0 0 1 1 0 1 0 0 1 0 0 0 0
 0 0 1 0 0 0 1 0 0 0 0 0 0 0 0 0 0 0 0 0 0 0 0 0 1 0 0 0 0 0 1 0 0 0 0 0 1
 0 0 0 0 0 0 0 1 1 0 1 0 1 0 0 0 0 0 0 0 0 1 1 0 0 1 1 1 0 0 0 1 0 0 1 1 0
 0 0 0 0 0 0 0 0 0 1 0 0 0 0 0 0 0 0 0 0 0 0 0 0 1 0 0 0 1 0 0 0 0 1 0 0 0
 1 0 0 0 0 0 1 1 0 0 1 0 0 0 0 0 0 0 1 1 0 1 0 0 1 0 0 0 0 0 0 0 0 0 1 0 0
 0 0 0 0 0 0 0 0 1 0]

