Clustering algorithm selected: fcm
=====================================

Clustering evaluation metric: dbc
Clustering evaluation value: 0.6002674370565425

========== Cluster 0 ==========

Base classifier: DummyClassifier(strategy='most_frequent')

Minority Class: 0

Selected Features: [  0   1   2   3   4   5   6   7   8   9  10  11  12  13  14  15  16  17
  18  19  20  21  22  23  24  25  26  27  28  29  30  31  32  33  34  35
  36  37  38  39  40  41  42  43  44  45  46  47  48  49  50  51  52  53
  54  55  56  57  58  59  60  61  62  63  64  65  66  67  68  69  70  71
  72  73  74  75  76  77  78  79  80  81  82  83  84  85  86  87  88  89
  90  91  92  93  94  95  96  97  98  99 100 101 102 103 104 105 106 107
 108 109 110 111 112 113 114 115 116 117 118 119 120 121 122 123 124 125
 126 127 128 129 130 131 132 133 134 135 136 137 138 139 140 141 142 143
 144 145 146 147 148 149 150 151 152 153 154 155 156 157 158 159 160 161
 162 163 164 165 166 167 168 169 170 171 172 173 174 175 176 177 178 179
 180 181 182 183 184 185 186 187 188 189 190 191 192 193 194 195 196 197
 198 199 200 201 202 203 204 205 206 207 208 209 210 211 212 213 214 215
 216 217 218 219 220 221 222 223 224]

Labels: [0]

========== Cluster 1 ==========

Base classifier: LogisticRegression()

Minority Class: 1

Selected Features: [  3 215  73   1 120 143  85 121 130 218  61 156  34  23 107  84  62 171
 136 153 135 214 144 185 155 101 122 104 172 161   5 137  67 168  36 152
 184  69 154  32 207  20 138  46 166 209  77  28  78  10 169  79 170 177
  94  98  82 183 206   8  65 163 160 100 124 167 194   4  24 208 133 103
  49  48 116 211  25 224  47 175  66 132 113  56 108 201  90 145  11  29
 210  27   7  44 173 129  80 146 219  96 149  68 216 196 192 189 222 141
  55  52 199 200  30  14  63  64  15  16  45  13  12  17]

Labels: [1 0 0 0 0 0 0 0 1 0 1 1 1 1 0 0 0 0 0 1 1 0 1 0 0 1 0 0 1 0 0 0 0 0 1 0 0
 0 1 1 0 1 0 0 0 0 1 0 0 0 0 1 1 0 0 1 0 0 0 1 1 0 1 1 0 0 0 1 0 0 1 0 0 0
 1 1 0 0 0 0 0 1 0 1 0 0 0 0 0 1 0 1 1 0 1 1 1 0 0 1 0 0 1 1 1 0 0 0 1 0 0
 0 0 0 0 0 0 0 0 0 0 0 0 0 0 0 0 0 0 0 0 1 0 0 1 1 0 1 0 1 1 0 0 0 1 0 0 1
 0 0 1 0 1 1 0 0 0 1 0 1 0 0 1 0 0 0 0 0 1 0 0 0 0 0 0 0 0 0 0 1 0 0 1 0 0
 1 1 0 0 1 0 0 0 0 0 0 0 0 0 1 0 1 0 0 1 0 1 0 0 0 1 1 1 0 0 0 0 1 1 1 0 0
 0 0 1 0 1 0 0 1 1 1 1 1 1 0 1 1 0 0 0 1 1 0 0 0 1 1 1 0 1 0 0 1 1 1 0 0 0
 0 0 0 1 1 0 1 1 1 0 0 0 0 0 0 0 1 0 0 0 0 1 1 0 0 0 0 0 1 1 0 0 1 0 0 0 1
 0 0 1 1 0 1 0 0 0 0 0 0 1 0 0 1 0 1 0 0 0 0 1 0 0 0 0 0 1 0 0 1 0 0 0 1 1
 0 0 0 0 0 0 1 0 1 1 0 0 0 1 0 1 0 0 1 0 0 1 0 1 0 0 0 0 0 1 1 0 0 1 1 1 0
 1 1 0 1 1 1 0 1 1 0 1 1 0 0 1 1 1 0 1 0]

========== Cluster 2 ==========

Base classifier: RandomForestClassifier()

Minority Class: 1

Selected Features: [206 205 210 160   5  61 211 132 136  11  18 188  69  65 181   6  17  37
 182  60 209 133 147 148 218  84  57 191  13 110 167 194 145 121  94 217
  97  16 196 185 178  53  98  32  31  76 169  36 186 100  47  21  90 222
 109 104  20 168  48 203 117  66  64  28  35 137  42  30  54  15 103 124
 111 115 208   1 101  91 158  67  85  86  83  68  70  82  81  71  80  79
  72  78  77  73  74  75 224  43  63  14  27  26  25  24  23  22  19  12
  62  10   9   8   7   4   3   2  29  33  34  38  59  58  56  55  52  51
  50  49  46  45  44  88  41  40  39  87 112  89  92 184 183 180 179 177
 176 175]

Labels: [0 0 1 0 0 0 0 0 1 1 0]

========== Cluster 3 ==========

Base classifier: AdaBoostClassifier()

Minority Class: 1

Selected Features: [  3   7 214  27 158  70  56 180 164 174  63  17 178 110 192 145 179 124
 112 119 142  95 215  46 121  25 219  16 126  42 212  78  77 147  55 118
  32 200 123 191  36  23   8  74  21 128 190  82  38 156 201 152  69 203
 173  61 159 130   0 138 194 102 170 169  53  44  18 210  59  37 206 137
  58   4 129 218  39 207 154 196 185  57  33 168   5 165 197 224  88 117
 155 172 113   6  86 209 183 101 111 144  31  19 182 153 151 132 146 204
 131 186 116  62  28  43 208  40  41 150  48 149]

Labels: [0 0 0 0 1 0 0 1 0 0 0 0 0 0 1 0 0 1 0 0 0 0 1 0 0 0 1 0 0 0 1 0 0 1 0 0 1
 1 0 0 0 0 0 0 0 0 0 1 1 0 0 0 0 1 0 0 0 0 0 1 0 0 0 0 1 1 0 0 0 0 0 0 0 0
 0 0 1 1 0 1 1 0 0 1 1 1 0 0 0 0 0 1 1 0 0 1 0 0 0 1 0 0 0 1 1 0 1 0 0 0 1
 0 0 0 0 1 0 0 0 0 1 1 0 1 0 0 0 0 1 0 1 0 0 1 0 0 0 0 0 0 0 1 0 0 1 0 1 0
 0 0 1 0 0 0 0 0 1 0 0 0 0 0 0 0 0 0 0 0 0 1 0 0 0 1 0 0 0 0 0 0 1 0 0 0 0
 0 0 1 0 0 1 1 0 0 0 1 1 1 0 0 0 1 1 1 0 0 0 0 0 1 0 0 0 1 0 0 0 0 0 0 0 0
 0 0 0 0 1 0 1 0 0 0 0 0 0 0 0 0 0 0 0 1 1 0 0 1 1 0 1 1 0 1 0 0 0 0 0 0 0
 0 0 0 0 0 0 1 0 0 0 0 0 1 0 0 0 0 0 0 0 1 1 0 1 0 1 0 0 0 0 0 0 0 0 1 1 0
 0 1 1 1 0 0 0 1 0 0 1 1 0 0 0 0 0 0 0 0 0 0 1 0 0 0 0 0 0 0 0 0 0 0 0 0 0
 1 0 0 0 1 0 0 0 0 1 0 0 0 1 0 0 0 0 0 1 1 0 0 1 0 0 0 0 0 0 0 1 1 0 1 0 0
 1 0 0 0 0 0 0 0 0 1 0 0 0 0 0 0 0 0 0 0 1 0]

========== Cluster 4 ==========

Base classifier: DummyClassifier(strategy='most_frequent')

Minority Class: 0

Selected Features: [  0   1   2   3   4   5   6   7   8   9  10  11  12  13  14  15  16  17
  18  19  20  21  22  23  24  25  26  27  28  29  30  31  32  33  34  35
  36  37  38  39  40  41  42  43  44  45  46  47  48  49  50  51  52  53
  54  55  56  57  58  59  60  61  62  63  64  65  66  67  68  69  70  71
  72  73  74  75  76  77  78  79  80  81  82  83  84  85  86  87  88  89
  90  91  92  93  94  95  96  97  98  99 100 101 102 103 104 105 106 107
 108 109 110 111 112 113 114 115 116 117 118 119 120 121 122 123 124 125
 126 127 128 129 130 131 132 133 134 135 136 137 138 139 140 141 142 143
 144 145 146 147 148 149 150 151 152 153 154 155 156 157 158 159 160 161
 162 163 164 165 166 167 168 169 170 171 172 173 174 175 176 177 178 179
 180 181 182 183 184 185 186 187 188 189 190 191 192 193 194 195 196 197
 198 199 200 201 202 203 204 205 206 207 208 209 210 211 212 213 214 215
 216 217 218 219 220 221 222 223 224]

Labels: [0]

========== Cluster 5 ==========

Base classifier: AdaBoostClassifier()

Minority Class: 1

Selected Features: [185  67  30  50 135   3  72  76 215  56   6  32 204 143 190  20  27 140
  40 107 137 132 173  66 187  95  16 191 213  41 116 221 176 130  84  62
  88 169 168 199 160 155 128  24 150  87  49 129  52 181 118 205  89  71
  54  90 180 156 220   7 163 214  13 212  86 144 114  75 198 104  96 131
 108 145   2 148 170  47 211  21 119  92 183 172  69 200 223  15 192 162
 149  70 167 120 106 125 196  99  33  98 109 101 201  31  81  78  73 217
  18]

Labels: [0 0 0 1 1 1 0 0 1 1 1 0 0 0 0 0 0 0 0 1 0 0 0 0 1 0 0 1 0 1 1 1 0 1 1 0 1
 0 0 0 0 1 0 0 0 1 0 0 1 1 0 0 1 1 0 0 0 0 0 0 0 0 1 0 0 1 0 1 1 0 0 0 0 1
 1 0 0 1 0 1 1 0 0 0 1 0 0 0 0 0 1 0 1]

========== Cluster 6 ==========

Base classifier: SVC(probability=True)

Minority Class: 1

Selected Features: [ 20 200 217 127  70  10   6 103 216 210 138 140  39 206   0  58 220  63
  96 101  37 141 205  40 182 212 181  73  46 190  11 135 185 108 144 187
 197  24  95 114 161  83   9  19  67 113  55  31   8 118  94 133  18 177
 215 164 154 162   2  79 192 152 132 106 194 184 116 147  54 131 193  90
 163 115  57 178 145 119 149  85  41  78  61  62  80  60  64  77  65  72
  82  66  76  75  74  69  81  71  68  43  59  15  26  25  23  22  21  17
  16  14  28  13  12   7   5]

Labels: [0 0 1 0 1 0 0 0 0 0 0 0]

