============== Classifiers Parameters ==============
[{'cost': 892.0360330993017, 'gamma': 0.30170692534079535}, {'cost': 272.82844191271715, 'gamma': 606.6835800525379}, {'cost': 792.2063698579785, 'gamma': 815.3186018799322}]

Optimal clusterer: kmeans

External clustering metrics:
adjusted_rand_score: 0.09933588020559136
normalized_mutual_info_score: 0.048441652108666765
v_measure_score: 0.048441652108666765
fowlkes_mallows_score: 0.6007465068934729

Internal clustering metrics:
silhouette: 0.2672620133894176
davies_bouldin: 1.5746579845963127
calinski_harabasz_score: 217.34098675376563

Base classifier: svm
========== Cluster 0 ==========

Labels: [0 0 0 0 0 1 0 0 0 0 0 1 1 0 1 0 0 0 1 1 0 1 1 0 1 1 0 1 1 0 0 0 1 0 1 1 0
 0 1 0 0 1 1 0 1 0 1 1 1 0 0 0 0 0 1 0 0 1 0 0 0 0 0 0 1 1 0 0 1 1 0 1 1 0
 0 0 1 0 1 1 1 1 1 1 0 1 1 1 1 1 1 1 0 0 1 1 0 0 0 0 0 1 1 0 1 0 0 0 1 0 1
 0 1 1 1 1 1 1 1 1 0 0 0 1 0 0 1 1 1 1 0 1 0 1 1 1 0 0 0 1 1 1 1 0 0 1 0 0
 0 0 0 1 1 0 1 0 1 1 1 1 1 0 0 0 0 0 0 1 0 0 1 0 1 1 1 0 0 0 1 1 1 1 1 0 1
 1 1 1 1 1 0 0 0 0 0 1 0 1 1 0 1 1 0 0 0 1 1 0 1 1 1]

========== Cluster 1 ==========

Labels: [0 0 0 0 0 0 0 1 0 0 0 0 0 1 1 0 0 0 0 1 0 0 0 0 0 0 0 0 1 0 0 0 1 0 0 1 0
 1 1 0 0 1 0 0 0 1 0 0 0 0 0 0 0 0 0 0 0 0 0 0 0 1 0 0 0 0 1 0 0 0 0 0 0 0
 0 1 0 0 0 0 0 0 0 0 0 0 0 0 0 1 0 0 0 0 0 0 0 0 0 0 0 1 0 0 0 0 0 0 0 0 0
 0 0 0 0 0 0 1 0 0 0 0 1 0 1 0 0 0 0 1 1 0 1 1 0 0 0 0 0 0 0 0 0 0 1 0 0 0
 0 0 0 0 0 0 0 1 1 1 1 0 0 0 0 0 1 0 0 0 0 0 0 0 0 0 0 0 0 0 0 0 0 0 0 0 0
 0 0 1 0 0 0 0 0 1 0 0 0 0 0 0 0 0 0 1 0 1 0 0 0 0 1 0 0 0 1 0 0 0 0 0 0 0
 0 1 0 0 0 0 0 0 0 0 1 1 0 0 0 0 0 0 0 0 1 0 0 0 0 0 1 1 1 0 0 1 0 0 0 0 0
 0 0 0 0 1 0 0 0 0 0 0 0 0 1 0 0 0 0 0 0 1 1 0 0 0 0 0 0 0 1 0 0 0 0 0 0 0
 0 0 1 0]

========== Cluster 2 ==========

Labels: [0 1 1 1 1 1 1 1 1 1 0 0 0 1 0 1 1 0 0 0 0 0 0 1 1 0 0 1 1 0 0 0 1 0 0 1 1
 0 0 1 0 1 0 0 1 0 1 0 0 1 0 0 1 1 0 1 1 1 0 0 1 0 0 1 0 0 0 0 0 1 0 1 1 0
 0 0 1 1 1 0 1 0 1 1 1 1 0 1 0 0 0 1 1 0 1 0 1 0 1 0 1 0 1 1 0 1 1 1 1 0 1
 0 0 1 0 0 1 1 0 0 0 0 0 1 0 0 0 0 1 0 0 1 0 1 1 1 0 0 0 0 0 0 0 0 1 0 0 1
 0 1 1 0 1 1 0 0 0 1 1 0 1 0 1 1 0 1 1 0 1 1 1 0 0 1 1 1 1 0 0 0]

