Clustering algorithm selected: kmeans
=====================================

Clustering evaluation metric: dbc_ss
Clustering evaluation value: 0.2657157829965441

========== Cluster 0 ==========

Base classifier: SVC(probability=True)

Minority Class: 0

Selected Features: [ 0  1  2  3  4  5  6  7  8  9 10 11 12]

Labels: [1 1 0 1 0 0 1 0 0 0 0 1 1 0 0 1 1 0 0 1 0 0 1 1 0 1 0 1 1 0 1 0 1 1 0 0 0
 1 0 1 1 1 1 0 1 1 1 0 0 0 1 0 0 0 1 1 1 0 1 1 0 0 0 0 0 0 0 0 0 0 0 0 1 0
 1 1 1 1 0 1 0 1 1 0 0 1 0 1 1 1 0 0 0 1 0 0 1 1 1 0 1 1 1 1 0 1 1 0 0 0 1
 1 1 1 1 1 1 1 1 1 0 1 1 0 0 1 0 1 1 1 0 0 0 1 0 1 0 1 1 0 0 1 0 1 0 0 0 1
 1 0 1 0 0 0 1 0 1 0 1 0 0 0 1 0 0 0 1 1 1 0 1 1 0 0 0 0 1 0 0 0 1 1 0 1 1
 0 1 0 0 0 0 1 1 1 1 1 0 1 1 0 1 0 0 1 0 0 1 0 1 1 0 1]

Synthetic samples indexes: [  0   1   6  11  12  15  16  19  22  23  25  27  30  33  39  40  44  46
  50  54  55  58  59  72  74  75  76  77  79  82  85  87  88  89  93  96
  97  98 101 105 106 110 113 114 115 116 117 119 121 122 125 127 128 129
 133 135 137 141 143 147 148 150 154 156 162 166 167 168 170 171 181 183
 186 191 192 193 194 195 197 198 200 203 206 208 211]

========== Cluster 1 ==========

Base classifier: SVC(probability=True)

Minority Class: 0

Selected Features: [ 0  1  2  3  4  5  6  7  8  9 10 11 12]

Labels: [0 1 0 0 1 0 0 0 1 0 1 0 1 1 0 0 1 0 1 0 1 0 1 0 1 1 0 1 1 1 0 0 0 0 0 0 1
 1 1 0 1 1 0 0 0 0 1 0 0 0 0 0 0 1 0 0 0 1 0 0 0 0 0 1 1 1 0 1 0 0 0 1 0 1
 1 1 0 0 0 1 1 1 0 1 0 1 0 1 1 1 1 1 0 1 0 0 0 1 1 0 0 0 1 1 0 1 0 0 0 1 0
 1 0 1 1 1 1 1 1 0 0 1 0 1 1 1 1 1 0 1 1 0 1 0 1 1 0 1 0 0 1 1 0 1 1 1 0 0
 0 0 1 1 1 1 0 0 1 1 1 0 1 1 0 1 1 0 1 0 0 1 1 0 0 1]

Synthetic samples indexes: [  0   2   3   6  15  17  21  23  30  31  32  33  34  35  39  42  45  48
  49  52  55  59  60  62  66  68  69  70  72  76  77  84  86  92  94  95
  96 104 106 107 110 112 120 122 131 138 139 147 148 149 155 159 162 165
 167 168 171 172]

