Clustering algorithm selected: kmeans
=====================================

Clustering evaluation metric: silhouette
Clustering evaluation value: 0.1565139612594113

========== Cluster 0 ==========

Base classifier: GaussianNB()

Minority Class: 1

Selected Features: [ 0  1  2  3  4  5  6  7  8  9 10 11 12 13 14 15 16 17 18 19 20 21 22 23
 24 25 26 27 28 29 30 31 32 33 34 35 36 37]

Labels: [0 0 0 1 1 0 0 0 0 0 1 0 1 1 0 1 1 0 0 0 1 1 1 1 1 0 1 1 0 0 1 0 1 0 1 0 0
 0 1 1 1 0 0 1 0 1 1 1 1 0 1 1 0 1 0 1 1 1 0 0 1 1 0 1 1 1 1 0 1 1 1 1 1 0
 0 1 1 0 0 0 0 0 1 0 1 0 1 1 1 0 1 1 0 1 1 0 0 1 0 0 1 0 1 1 0 1 0 1 1 0 1
 0 0 1 1 1 1 0 1 1 1 0 0 0 0 1 1 0 0 0 1 1 1 0 1 1 0 1 0 1 0 0 1 1 0 1 1 0
 1 1 0 1 1 0 0 0 0 0 1 0 0 1 1 1 0 0 1 1 0 1 1 0 1 1 0 1 1 1 1 1 1 0 0 0 0
 0 1 0 0 0 1 1 0 1 0 0 0 0 0 1 0 0 0 0 0 0 0 0 0 0 0 1 0 0]

Synthetic samples indexes: [ 10  12  13  20  21  22  23  24  26  30  32  34  38  39  40  45  48  50
  51  53  56  60  63  64  66  69  72  75  86  88  91  94  97 102 107 110
 114 116 118 120 125 126 130 134 137 139 142 145 146 148 149 151 158 166
 167 169 172 173 179 190 191 193]

========== Cluster 1 ==========

Base classifier: GaussianNB()

Minority Class: 1

Selected Features: [ 0  1  2  3  4  5  6  7  8  9 10 11 12 13 14 15 16 17 18 19 20 21 22 23
 24 25 26 27 28 29 30 31 32 33 34 35 36 37]

Labels: [0 0 1 0 0 0 1 0 0 1 1 0 1 1 0 0 0 1 0 1 0 1 1 1 1 1 0 0 1 1 1 1 0 1 1 1 1
 0 0 0 1 1 1 0 1 0 0 1 1 0 0 1 1 1 0 0 1 1 0 0 0 1 1 0 0 0 1 1 0 0 1 0 0 1
 0 1 1 0 1 1 1 0 1 1 1 1 0 1 1 1 1 1 1 1 1 0 1 0 0 0 0 1 1 0 0 1 1 1 0 0 0
 0 1 0 1 1 0 1 1 1 0 0 1 1 1 0 1 1 0 1 0 0 1 1 1 1 1 0 0 0 0 1 1 0 1 1 0 1
 0 1 0 0 0 1 0 1 0 1 1 1 1 0 1 1 0 0 0 0 1 1 0 1 0 0 0 0 0 1 0 0 0 1 0 1 0
 1 1 1 1 0 0 1 0 0 0 0 0 0 1 0 0 0 1 1 1 1 1 0 0 1 0 1 1 1 1 1 0 1 1 1 0 0
 1 0 0 0 1 0 0 1 1 1 0 1 0 0 0 1 0 1 0 1 1 0 1 1 0 0 1 1 0 1 0 1 1 0 0 1 1
 0 0 1 0 0 1 0 0 1 1 0 0 1 1 0 0 0 0 0 1 1 1 1 0 0 0 0 0 0 1 1 0 0 1 0 1 1
 1 0 0 1 0 0 0 0 1 0 1 1 1 0 0 0 1 0 1 1 0 1 0 0 1 0 0 1 0 1 1 1 1 1 1 1 0
 0 1 0 1 0 1 1 0 1 0 1 1 0 1 1 0 1 1 0 1 1 0 0 0 0 0 0 0 0 0 1 0 1 0 1 0 0
 0 0 1 1 0 1 1 0 0 1 0 1 0 0 0 0 0 1 1 0 1 1 0 1 0 1 0 0 1 1 0 1 0 1 1 1 1
 1 1 1 0 1 0 1 1 1 0 0 0 1 1 0 0 1 0 0 0 0 0 0 0 1 1 0 0 1 1 0 0 1 0 0 0 1
 0 1 1 1 1 0 0 1 0 0 1 0 1 1 0 0 1 1 1 1 0 0 0 0 0 1 0 1 0 1 0 1]

Synthetic samples indexes: [ 29 115 142 304 326 328 375]

