Clustering algorithm selected: kmeans
=====================================

Clustering evaluation metric: silhouette
Clustering evaluation value: 0.17317001074894922

========== Cluster 0 ==========

Base classifier: GaussianNB()

Minority Class: 0

Selected Features: [ 0  1  2  3  4  5  6  7  8  9 10 11 12 13 14 15 16 17 18 19 20 21 22 23
 24 25 26 27 28 29 30 31 32 33 34 35 36 37]

Labels: [1 1 0 1 0 1 0 1 0 1 0 1 0 0 1 0 0 0 1 1 0 0 1 1 0 1 0 0 0 0 0 1 0 1 1 0 1
 0 0 0 0 0 1 0 0 0 1 1 0 1 0 1 1 1 0 1 0 1 0 1 0 1 1 1 1 1 1 0 0 1 1 1 1 1
 0 0 0 0 0 0 1 1 1 0 1 0 1 1]

Synthetic samples indexes: [ 0  1  5  7  9 11 18 19 22 23 25 31 33 34 46 47 49 51 52 53 55 57 61 63
 64 66 69 70 71 72 73 80 81 84 86 87]

========== Cluster 1 ==========

Base classifier: GaussianNB()

Minority Class: 0

Selected Features: [ 0  1  2  3  4  5  6  7  8  9 10 11 12 13 14 15 16 17 18 19 20 21 22 23
 24 25 26 27 28 29 30 31 32 33 34 35 36 37]

Labels: [1 1 0 0 0 1 1 0 1 1 0 0 0 0 1 1 1 0 0 0 0 1 0 0 0 0 0 0 0 1 1 0 0 1 0 0 0
 0 0 0 1 1 0 0 1 1 0 0 1 0 1 1 0 1 0 1 1 0 0 1 1 0 1 0 0 1 1 1 1 1 1 0 0 0
 0 1 1 0 1 0 1 0 1 0 1 1 1 1 0 1 0 1 0 1 1 0 1 0 0 0 1 0 0 1 1 0 1 1 0 0 0
 0 1 1 1 1 0 1 0 1 0 1 1 1 0 0 1 1 1 0 1 1 1 1 1 0 1 1 1 0 0 0 1 0 1 0 1 1
 1 1 0 1 0 0 0 0 1 1 1 1 0 1 0 0 1 1 1 1 1 0 0 1 1 0 1 1 1 1 1 1 0 1 1 1 1
 0 0 0 0 0 0 0 0 1 1 0 0 1 0 0 1 0 1 1 0 0 0 1 0 0 1 1 1 1 1 1 1 1 0 1 0 1
 0 0 1 0 0 1 1 0 0 1 0 0 0 1 1 0 1 0 0 0 0 0 0 1 1 0 1 0 0 0 0 0 1 1 0 0 0
 1 0 1 0 0 1 1 1 0 1 0 1 0 0 1 1 0 0 0 1 1 0 0 0 0 0 1 1 0 1 1 1 1 0 0 0 0
 1 1 0 1 0 1 1 1 0 1]

Synthetic samples indexes: [ 51  75  80  91 121 146 148 151 157 171 183 200 202 213 217 219 227 228
 261 285 299 303]

========== Cluster 2 ==========

Base classifier: GaussianNB()

Minority Class: 0

Selected Features: [ 0  1  2  3  4  5  6  7  8  9 10 11 12 13 14 15 16 17 18 19 20 21 22 23
 24 25 26 27 28 29 30 31 32 33 34 35 36 37]

Labels: [0 1 0 0 1 1 1 0 0 0 0 1 0 0 0 1 0 0 1 1 0 1 1 0 1 0 1 0 1 0 0 1 1 1 1 1 1
 1 1 1 1 0 0 1 0 1 0 0 1 1 0 0 1 0 0 0 1 1 0 0]

Synthetic samples indexes: [ 5 21 24 28 33 40 56 57]

========== Cluster 3 ==========

Base classifier: GaussianNB()

Minority Class: 0

Selected Features: [ 0  1  2  3  4  5  6  7  8  9 10 11 12 13 14 15 16 17 18 19 20 21 22 23
 24 25 26 27 28 29 30 31 32 33 34 35 36 37]

Labels: [1 0 0 0 1 1 1 0 0 1 0 1 0 1 0 0 0 0 0 1 0 1 0 0 0 1 1 1 1 0 1 0 1 1 0 0 1
 1 1 0 0 1 1 0 0 0 1 0 1 1 0 0 0 1 1 0 1 1 1 0 0 0 0 0 1 0 0 0 0 1 1 0 1 1
 0 0 1 1 0 1 1 1 0 0 1 0 0 1 1 1 1 1 1 1 0 1 0 1 1 0 0 1 0 0 1 1 0 0 1 0 0
 0 0 0 1 0 1 1 1 1 1 1 1 0 0 0 0 0 1 1 0 0 1 1 1 0 0 0 1 1 0 0 1 1 0 1 1 1
 0 0 1 1 1 0 0 1 0 1 0 1 0 0 1 1 0 1 0 1]

Synthetic samples indexes: [  5   6   9  11  19  30  32  36  42  46  48  49  53  54  57  64  69  73
  76  80  84  88  89  92  93  95  97  98 101 114 117 118 119 120 122 128
 129 132 134 138 139 143 146 150 151 155 157 159 163 165 167]

========== Cluster 4 ==========

Base classifier: GaussianNB()

Minority Class: 0

Selected Features: [ 0  1  2  3  4  5  6  7  8  9 10 11 12 13 14 15 16 17 18 19 20 21 22 23
 24 25 26 27 28 29 30 31 32 33 34 35 36 37]

Labels: [1 1 0 0 1 1 0 0 1 0 0 1 0 1 0 0 1 0 0 1 0 0 1 1 0 1 1 0 0 0 1 1 1 1 0 0 0
 1 0 1 1 1 1 1 1 0 0 1 1 0 0 0 0 1 0 1 0 1 0 0 0 0 0 1 0 1 1 1 1 1 0 1 0 1
 0 0 1 0 1 1 1 1 0 1 0 1 0 1 0 1 0 1 1 0 0 0 0 1 1 0 1 0 0 0 1 1 1 1 1 1 1
 0 1 0 0 1 1 1 0 0 0 0 0 1 0 0 1 1 1 0 0 1 0 0 1 0 1 0 1 0 0 0 1 0 1 0 0 1
 1 0 0 0 1 1 1 0 0 1 0 0 1 1 1 1]

Synthetic samples indexes: [  2   3   6   7  10  14  17  18  20  21  24  27  28  29  35  36  45  50
  51  58  59  61  74  82  86  88  90  93  95  96 101 111 113 118 119 120
 121 122 124 125 132 140 145 146 149 151 155 156]

