Clustering algorithm selected: fcm
=====================================

Clustering evaluation metric: rand
Clustering evaluation value: 0.3674303994313215

========== Cluster 0 ==========

Base classifier: LogisticRegression()

Minority Class: 1

Selected Features: [  3 143   0  68   4 168   9 173  56 153 209 155 107 190 186  30   5  55
  53 127  48  81  93 222  82 115  16 184 220 144 189  99  91 199 215  86
  52  49 206 177 118 175  14 176 133 150  98 124  76 104  38   2  20  31
  94  23 166 125  45 159  36 170  59   7 135  17  73 146  57 185 188 182
  69   8 149  11 164 214 123  35  79  85  75 102 160 221 210 196  67  51
 165  60 117 205  66  39 126 224  54]

Labels: [1 0 0 0 0 0 0 0 1 0 1 1 1 1 0 0 0 0 0 0 0 0 0 0 1 1 1 0 1 0 0 1 0 0 1 0 0
 0 0 0 1 0 0 0 1 1 0 1 0 0 0 0 1 1 1 0 0 0 0 0 0 1 1 1 0 0 1 1 0 0 0 1 1 1
 0 0 1 0 0 1 0 1 0 0 1 1 0 0 0 0 1 1 0 1 0 0 0 0 0 0 0 0 0 0 1 0 1 1 0 0 0
 1 0 1 1 0 1 0 0 1 0 0 1 0 1 1 0 0 1 0 0 0 0 0 0 0 0 0 0 0 0 0 0 1 0 0 0 0
 0 0 0 0 0 0 0 0 1 0 1 0 0 0 1 1 0 1 0 1 0 0 0 0 0 1 1 1 1 0 0 0 1 0 0 0 0
 1 0 0 1 1 0 0 0 1 1 0 1 0 0 1 0 0 0 1 0 0 1 0 1 1 0 1 0 0 0 0 0 0 0 0 1 0
 0 0 1 0 0 1 1 1 1 1 0 0 0 0 1 1 1 0 1 0 1 0 1 0 1 1 1 0 0 0 0 1 1 0 1 0 0
 0 1 0 0 0 1 0 1 1 1 0 0 1 0 0 1 0 1 0 0 1 0 0 0 1 0 1 0 1 0 0 1 1 0 1 0 0
 0 0 0 1 0 0 0 1 0 0 0 0 0 0 1 0 0 0 1 0 1 0 0 0 1 1 0 0 0 1 0 0 0 0 1 0 0
 0 0 0 0 1 0 0 0 1 0 1 0 1 1 0 1 1 0 1 1 1 0 0 0 0 0 1 0 0 0 0 0 1 0 0 1 0
 0 0 0 1 0 1 0 0 0 0 1 1 1 0 0 0 1 0 0 0 0 0 1 0 0 0 1 1 0 1 0 0 0 0 0 0 0
 1 0 0 0 1 1 1 0 0 0 0 1 0 0 1 0 0 1 0 0 0 0 0 0 1 0 1 0 0 0 0 1 1 1 0 0 0
 0 0 0 0 0 1 1 0 1 1 0 0 0 0 0 1 0 1 0 0 0 1 0 0 1 0 1 0 1 0 0 1 0 1 1 0 0
 1 1 1 0 0 0 1 0 1 0 0 0 1 1 0 1 0 1 1 0 0 1 1 0 1 0 1 1 1 0 1 0]

========== Cluster 1 ==========

Base classifier: GradientBoostingClassifier()

Minority Class: 1

Selected Features: [193 119   2 120 203 210 142  26   3 214 215  67   8 146  36  98 149  46
 174 115 223 118  90 151  63  99 220 213 182  12  38  34  55  27  29 216
 184 211  48  77 208 105 113 199 179  94 206  32  68  83 138  65  14 194
 164 165 190  21  78 212  20 168 185  40 209 217 128 162  74  84  39 125
 156 175 219 188 166 180 126 169  44 112  69 110 150   7  58  49  60   0
 122 181 173  18  53  31  93  66 104 111 131 135  56 154 109  16 207 189
 170  28  71  97  15   4   5 187  41  42  43 186]

Labels: [0 0 0 0 0 1 0 0 1 0 0 0 0 0 0 1 0 0 1 0 0 0 0 1 0 0 0 1 0 0 0 1 0 0 1 0 0
 1 0 0 0 0 0 0 0 0 0 1 1 0 0 0 0 1 0 0 0 0 0 0 0 1 0 0 0 0 1 0 1 0 0 0 0 0
 0 0 0 0 1 0 1 1 0 0 1 1 1 0 0 0 0 0 0 1 1 0 0 1 0 0 0 1 0 0 0 1 1 0 1 0 0
 1 0 0 0 0 1 0 0 0 1 1 0 0 0 1 0 1 0 1 0 0 0 0 0 0 0 0 0 1 0 0 1 0 0 0 0 1
 0 0 0 0 0 1 0 0 0 0 0 0 0 0 0 0 0 1 0 0 0 0 0 0 0 0 0 0 0 0 0 1 0 0 0 0 0
 0 0 0 0 0 0 1 1 0 0 1 1 0 1 0 1 1 0 0 1 0 1 0 0 1 1 1 0 0 0 0 0 0 0 0 0 0
 0 1 1 0 1 0 0 1 0 0 0 0 0 0 1 0 1 0 0 0 0 0 0 0 0 0 0 0 0 0 0 0 0 0 0 0 1
 1 0 0 0 0 0 1 0 0 0 0 0 0 0 0 1 1 0 1 0 1 0 1 0 0 0 0 0 0 1 1 0 1 1 1 0 0
 0 1 0 0 1 1 0 0 0 0 0 0 0 0 0 1 0 0 0 0 0 0 0 0 0 0 0 0 0 1 0 0 0 0 1 0 0
 0 0 1 0 1 0 0 0 0 0 1 1 0 0 1 0 0 0 0 0 0 0 0 1 0 1 0 0 1 0 0 0 0 0 0 0 0
 1 0 0 0 0 0 0 0 0 0 0 1 0]

========== Cluster 2 ==========

Base classifier: DummyClassifier(strategy='most_frequent')

Minority Class: 1

Selected Features: [206 208 224  82  92  90  89  87  86  85  84  83  80  94  79  78  75  74
  73  71  70  69  67  65  93  97  95 223 125 124 120 119 118 117 116 115
 113 111  63 110 109 107 105 104 103 102 101  98  64  60 128  14  29  25
  23  22  21  20  19  18  15  13  59  12   9   8   7   6   4   3   2   1
  30  32  33  36  58  57  56  54  53  52  51  50  49  47  46  45  44  43
  41  40  39  38  37 127 112 129 179 191 190 189 188 186 184 183 181 180
 178 193 177 174 172 171 170 169 168 167 166 192 195 163 213 222 221 220
 219 218 217 216 215 214 212 196 211 210 209 207 205 201 200 199 198 164
 175 143 134 149 139 138 150 148 151 152 146 153 154 136 155 135 145 156
 157 130 142 161 160 158 159 132 133 140  26 141 203  27 204 202  28  24
  81  17  16 114 108  11  10 121   5 122 123 131 137 194  31  55  77  76
 162  72  68  88  66 173 126  62  61]

Labels: [1 1 1]

========== Cluster 3 ==========

Base classifier: DummyClassifier(strategy='most_frequent')

Minority Class: 0

Selected Features: [  0   1   2   3   4   5   6   7   8   9  10  11  12  13  14  15  16  17
  18  19  20  21  22  23  24  25  26  27  28  29  30  31  32  33  34  35
  36  37  38  39  40  41  42  43  44  45  46  47  48  49  50  51  52  53
  54  55  56  57  58  59  60  61  62  63  64  65  66  67  68  69  70  71
  72  73  74  75  76  77  78  79  80  81  82  83  84  85  86  87  88  89
  90  91  92  93  94  95  96  97  98  99 100 101 102 103 104 105 106 107
 108 109 110 111 112 113 114 115 116 117 118 119 120 121 122 123 124 125
 126 127 128 129 130 131 132 133 134 135 136 137 138 139 140 141 142 143
 144 145 146 147 148 149 150 151 152 153 154 155 156 157 158 159 160 161
 162 163 164 165 166 167 168 169 170 171 172 173 174 175 176 177 178 179
 180 181 182 183 184 185 186 187 188 189 190 191 192 193 194 195 196 197
 198 199 200 201 202 203 204 205 206 207 208 209 210 211 212 213 214 215
 216 217 218 219 220 221 222 223 224]

Labels: [0]

