Clustering algorithm selected: fcm
=====================================

Clustering evaluation metric: rand
Clustering evaluation value: 0.3820820399549818

========== Cluster 0 ==========

Base classifier: DummyClassifier(strategy='most_frequent')

Minority Class: 0

Selected Features: [204 208 212 206 143 200 221 219 220   3  75  68  73  76  72  71  78  70
  77  69  74 224  67  66  80  65  64  63  62  61  60  59  58  57  56  79
  85  81  82 105 104 103 102 101 100  99  98  97  96  95  94  93  92  91
  90  89  88  87  86  54  84  83  55  49  53  26  24  23  22  21  20  19
  18  17  16  15  14  13  12  11  10   9   8   7   6   5   4   2   1  25
  27  52  28  51  50 107  48  47  46  45  44  43  42  41  40  39  38  37
  36  35  34  33  32  31  30  29 106 112 108 189 187 186 185 184 183 182
 181 180 179 178 177 176 175 174 173 172 171 170 169 168 167 166 165 188
 190 163 191 222 218 217 216 215 214 213 211 210 209 207 205 203 202 201
 199 198 197 196 195 194 193 192 164 162 109 134 132 131 130 129 128 127
 126 125 124 123 122 121 120 119 118 117 116 115 114 113 223 111 110 133
 135 161 136 160 159 158 157 156 155]

Labels: [0 0 0 0 0 0]

========== Cluster 1 ==========

Base classifier: DummyClassifier(strategy='most_frequent')

Minority Class: 0

Selected Features: [224 111  81  80  79  78  77  76  75  74  73  72  71  70  69  68  67  66
  65  64  63  62  61  60  59  58  57  82  83  84  98 109 108 107 106 105
 104 103 102 101 100  99  97  85  96  95  94  93  92  91  90  89  88  87
  86  56  55  54  13  24  23  22  21  20  19  18  17  16  15  14  12  26
  11  10   9   8   7   6   5   4   3   2   1  25  27  53  41  52  51  50
  49  48  47  46  45  44  43  42  40  28  39  38  37  36  35  34  33  32
  31  30  29 110 112]

Labels: [0 0 0 0 0 0 0 0 0 0 0]

========== Cluster 2 ==========

Base classifier: AdaBoostClassifier()

Minority Class: 1

Selected Features: [ 69   3  19 205  62 128 150 107  20  85 220  87 193  63  61  12  91 221
  93  43  97 169 163  99 160 187   7 115 180 207   5  49 196 195  59  14
 153 101  26 132 212   2 158 223  64  96 182 144  35 206 125  79 134   4
 181  17 177 110  66 183 188   8 123 131  51  13 140 129  83  65   1 190
 146 139  67 179 143  74 168  24 204 194  16  37  88 119 184  18 201  21
 141 159   0  75  45   6  78  95]

Labels: [0 0 0 0 1 0 0 1 0 0 0 0 0 0 0 1 0 0 0 1 0 0 0 0 1 0 0 0 1 0 0 0 1 0 0 1 0
 0 1 1 0 0 0 0 0 0 0 0 0 1 1 0 0 0 0 1 0 0 0 0 0 1 0 0 0 0 1 1 0 0 0 0 0 0
 0 0 0 0 0 1 1 0 1 1 0 0 1 1 1 0 0 0 0 0 0 1 1 0 0 1 0 0 0 1 0 0 0 1 1 0 1
 0 0 0 1 0 1 0 0 0 1 0 0 0 0 1 1 0 1 0 0 0 0 1 0 1 0 0 1 0 0 0 0 0 0 0 1 0
 0 1 0 1 0 0 0 1 0 0 0 0 0 1 0 0 0 0 0 0 0 0 0 0 0 0 1 0 0 0 1 0 0 0 0 0 0
 1 0 0 0 0 0 0 0 0 1 0 0 1 1 0 0 0 1 1 1 0 0 0 1 1 1 0 0 0 0 0 1 0 0 0 1 0
 0 0 0 0 0 0 0 0 0 0 0 1 0 1 0 0 0 0 0 0 0 0 0 0 0 0 0 0 1 1 0 0 0 1 1 0 1
 1 0 1 0 0 0 0 1 1 0 0 0 1 0 0 1 1 0 1 0 0 0 0 0 0 0 0 0 0 1 1 0 1 0 0 1 0
 0 0 0 0 0 1 0 0 0 1 0 0 0 0 0 0 0 0 0 0 0 0 0 0 0 1 1 0 0 0 1 0 0 1 1 0 0
 0 0 0 0 0 0 0 0 1 0 0 0 0 0 0 0 0 0 0 0 0 0 1 0 1 0 0 0 1 0 0 0 0 1 0 0 0
 1 0 0 0 0 0 1 1 0 1 0 0 0 0 0 0 0 1 0 1 0 0 1 0 0 0 0 0 0 0 0 1 0 0 0 0 0
 0 0 0 0 0 1 0]

========== Cluster 3 ==========

Base classifier: LogisticRegression()

Minority Class: 1

Selected Features: [221   3 215  34 135 178  23   0  35 182  66  77   6 214  72   7 134  41
 144 172 199  33 198 177  46 109 207 114 187 190 112  40 130  55 100 170
 145 142 179 127  96 149 196 175 183 217 139  70 151  90 200  91  19 113
 205  87  64  88 173   1 133 153 146 152 161 195 167  63 159 163 211  78
  75  85 192  38  42  10 141  37 180 220  51 162  36  62 101  81 117   5
  22 171 164  49  15  14 137  94 131 116 128 110  11  52  31  95 206 191
  25  76 209 106  18  24  67 218  57  21  20  58  59   8  60  61  17  56
 210  16]

Labels: [1 0 0 0 0 0 0 0 1 0 1 1 1 1 0 0 0 0 0 0 0 1 1 1 0 1 0 0 1 0 0 1 0 0 0 0 0
 1 0 0 0 1 1 0 1 0 0 0 0 1 1 1 0 0 0 0 0 0 1 1 0 0 1 1 0 0 0 1 1 1 1 0 0 1
 0 0 1 0 1 0 0 1 1 0 0 0 0 1 1 0 1 0 0 0 0 0 0 0 0 0 0 1 0 0 1 1 0 1 1 0 1
 0 0 1 0 0 1 0 1 1 0 0 0 1 0 0 0 0 0 0 0 0 0 0 0 0 1 0 0 0 0 0 0 0 0 0 0 1
 0 0 1 1 0 0 0 1 1 0 1 1 0 0 0 0 0 1 1 1 0 0 0 1 0 0 0 1 0 1 1 0 0 0 1 0 1
 0 0 1 0 0 0 1 0 0 1 0 1 0 1 0 0 0 0 0 0 0 0 1 0 0 0 1 0 0 1 1 1 0 0 1 1 0
 0 0 0 0 1 0 0 0 0 0 1 0 1 0 0 0 0 1 0 1 0 0 0 0 1 1 1 1 0 0 0 1 0 0 0 1 1
 0 1 0 0 0 0 0 1 0 1 0 0 1 1 1 1 1 0 1 0 1 0 1 1 1 0 0 0 1 1 1 0 0 0 1 0 0
 1 0 1 1 1 0 1 0 0 0 1 0 1 1 0 0 0 1 0 1 1 1 1 0 0 0 0 1 0 1 0 0 0 0 0 1 0
 0 0 0 1 0 1 0 0 0 1 1 0 0 0 1 0 0 1 0 0 0 0 1 0 0 0 1 1 1 0 0 1 0 0 0 1 1
 1 0 0 0 1 0 0 1 0 0 1 0 0 0 0 0 0 1 0 1 0 0 0 0 0 1 1 0 0 0 0 0 0 1 1 0 1
 1 0 0 0 0 0 1 0 1 0 0 0 1 0 0 1 0 1 0 1 0 0 0 1 0 1 1 0 0 1 1 1 0 0 0 1 0
 1 0 1 0 1 1 0 1 0 1 1 0 0 1 1 0 1 0 1 1 1 0 1 0]

========== Cluster 4 ==========

Base classifier: DummyClassifier(strategy='most_frequent')

Minority Class: 0

Selected Features: [  0   1   2   3   4   5   6   7   8   9  10  11  12  13  14  15  16  17
  18  19  20  21  22  23  24  25  26  27  28  29  30  31  32  33  34  35
  36  37  38  39  40  41  42  43  44  45  46  47  48  49  50  51  52  53
  54  55  56  57  58  59  60  61  62  63  64  65  66  67  68  69  70  71
  72  73  74  75  76  77  78  79  80  81  82  83  84  85  86  87  88  89
  90  91  92  93  94  95  96  97  98  99 100 101 102 103 104 105 106 107
 108 109 110 111 112 113 114 115 116 117 118 119 120 121 122 123 124 125
 126 127 128 129 130 131 132 133 134 135 136 137 138 139 140 141 142 143
 144 145 146 147 148 149 150 151 152 153 154 155 156 157 158 159 160 161
 162 163 164 165 166 167 168 169 170 171 172 173 174 175 176 177 178 179
 180 181 182 183 184 185 186 187 188 189 190 191 192 193 194 195 196 197
 198 199 200 201 202 203 204 205 206 207 208 209 210 211 212 213 214 215
 216 217 218 219 220 221 222 223 224]

Labels: [0]

