Clustering algorithm selected: fcm
=====================================

Clustering evaluation metric: rand
Clustering evaluation value: 0.3636530861193353

========== Cluster 0 ==========

Base classifier: DummyClassifier(strategy='most_frequent')

Minority Class: 0

Selected Features: [210 208 200 217 204 212   3 206 107 106  27  28  29 102 101 100 112  99
 110  98  30  96  95  94  93  31  33  89 108 114  25  24 129 128 127 126
  22  23 123 122 121 120 119 118 117 116 115  87 113  88  83  86  64  62
  38  59  58  57  56  39  53  52  51  41  49  48  47  46  45  44  63  65
  85  66  34 131  82  81  80  79  78  77  76  75  74  73  72  36  69  68
  67 130  43 132 184 192 191 190 189 188 187 186 185 183 172 182 181 180
 179 178 176 175  42 193   6 195 196 222 221   1   2 218 216 215 214 213
 209 207 205 202   5 199 198 197   8 174   9 153 150 149  16  17 146 145
  18 143 142 141 140  19 138  20 136 135 134 151 152 161 159 163 162 166
  15  12 167  11 165  14  10 156 155 170 164   7  26  40   4  13  37  35
  32  21 224  50 169 144 147 148 154 157 158 160 168 171  54 173 177 194
 201 203 211 219 220 139 137 133 125  55  60]

Labels: [0 0 0]

========== Cluster 1 ==========

Base classifier: SVC(probability=True)

Minority Class: 1

Selected Features: [  5 188 212 200 139  17 161 206 185 129 119 164  38 169  13 149 220 205
 175   1 142 202 172   2  77 132  52 176 193 182 124  96 125 174 157   4
 130  27  19 203  66 192  22 194  42 112   6  72 162  58 214 133 181 140
  92  53 131  59  85 199  15 118  35  12  47 108 113  81 156  78 218 143
 204  28  50 211  18  51 195  76 127  68 167 110 219  45 137 134 171  67
  60  70  82  61  80  62  79  63  75  74  69   3  73  64  71  65   7   9
   8  30  57  56  31  32  33  34  83  37  26  39  40  25  41  24  43  44
  23  46  21  20  48  49  16  14  29  11  54  55  10  36 224]

Labels: [0 0 1 0 0 1 0 0 0 0]

========== Cluster 2 ==========

Base classifier: DummyClassifier(strategy='most_frequent')

Minority Class: 1

Selected Features: [  0   1   2   3   4   5   6   7   8   9  10  11  12  13  14  15  16  17
  18  19  20  21  22  23  24  25  26  27  28  29  30  31  32  33  34  35
  36  37  38  39  40  41  42  43  44  45  46  47  48  49  50  51  52  53
  54  55  56  57  58  59  60  61  62  63  64  65  66  67  68  69  70  71
  72  73  74  75  76  77  78  79  80  81  82  83  84  85  86  87  88  89
  90  91  92  93  94  95  96  97  98  99 100 101 102 103 104 105 106 107
 108 109 110 111 112 113 114 115 116 117 118 119 120 121 122 123 124 125
 126 127 128 129 130 131 132 133 134 135 136 137 138 139 140 141 142 143
 144 145 146 147 148 149 150 151 152 153 154 155 156 157 158 159 160 161
 162 163 164 165 166 167 168 169 170 171 172 173 174 175 176 177 178 179
 180 181 182 183 184 185 186 187 188 189 190 191 192 193 194 195 196 197
 198 199 200 201 202 203 204 205 206 207 208 209 210 211 212 213 214 215
 216 217 218 219 220 221 222 223 224]

Labels: [1]

========== Cluster 3 ==========

Base classifier: DummyClassifier(strategy='most_frequent')

Minority Class: 0

Selected Features: [  0   1   2   3   4   5   6   7   8   9  10  11  12  13  14  15  16  17
  18  19  20  21  22  23  24  25  26  27  28  29  30  31  32  33  34  35
  36  37  38  39  40  41  42  43  44  45  46  47  48  49  50  51  52  53
  54  55  56  57  58  59  60  61  62  63  64  65  66  67  68  69  70  71
  72  73  74  75  76  77  78  79  80  81  82  83  84  85  86  87  88  89
  90  91  92  93  94  95  96  97  98  99 100 101 102 103 104 105 106 107
 108 109 110 111 112 113 114 115 116 117 118 119 120 121 122 123 124 125
 126 127 128 129 130 131 132 133 134 135 136 137 138 139 140 141 142 143
 144 145 146 147 148 149 150 151 152 153 154 155 156 157 158 159 160 161
 162 163 164 165 166 167 168 169 170 171 172 173 174 175 176 177 178 179
 180 181 182 183 184 185 186 187 188 189 190 191 192 193 194 195 196 197
 198 199 200 201 202 203 204 205 206 207 208 209 210 211 212 213 214 215
 216 217 218 219 220 221 222 223 224]

Labels: [0 0]

========== Cluster 4 ==========

Base classifier: RandomForestClassifier()

Minority Class: 1

Selected Features: [  3  55 158 215  87 147   6 217 130   2 181  19  64  75 213   1  20 143
 192 223 127 115 214  24  23  45   0 113 173  32  62  43 211  47 146 132
   5 104  56 102 193  50   8  57 195 200 187 157 123 208  66 220 148  81
 161  90 180 171  21  74 177  72  92  30  61  39 131  11 164  77 207 174
 209 186  28  60 205 120 194 169  13 188  69   9  37 118  88  82 152 110
  38  26 216 150 151 155 106  33 170  48  96  79  70]

Labels: [1 0 0 0 0 0 0 1 0 1 1 1 1 0 0 0 0 0 0 0 1 1 1 0 1 0 0 1 0 0 1 0 0 0 0 0 1
 0 0 0 1 1 0 1 0 0 0 0 1 1 1 0 0 0 0 0 0 1 1 0 0 1 1 0 0 0 1 1 1 0 0 1 0 0
 1 0 1 0 0 1 1 0 0 0 0 1 1 0 1 0 0 0 0 0 0 0 0 0 0 1 0 1 1 0 1 1 0 1 0 0 1
 0 0 1 0 1 1 0 0 1 0 0 0 0 0 0 0 0 0 0 0 0 1 0 0 0 0 0 0 0 0 0 0 0 1 0 1 0
 0 0 1 1 0 1 1 0 0 0 0 0 1 1 1 0 0 0 1 0 0 0 1 1 0 0 0 1 0 1 0 1 0 0 0 1 0
 0 1 0 1 0 1 0 0 0 0 0 0 1 0 0 0 1 0 0 1 1 1 0 0 1 1 0 0 0 0 1 0 0 0 0 0 1
 0 1 0 0 0 0 1 0 1 0 0 0 0 1 1 1 1 0 0 0 1 0 0 0 0 1 1 0 1 0 0 0 0 0 0 1 1
 0 1 0 0 1 1 1 1 1 0 1 0 1 0 1 1 0 0 0 1 1 1 0 0 0 1 0 0 1 0 1 1 1 0 1 0 0
 0 1 0 1 0 0 0 1 0 1 1 1 0 1 0 0 0 1 0 1 0 0 0 0 0 0 1 0 0 0 1 0 1 0 0 0 1
 1 0 0 0 1 0 0 1 0 0 0 0 1 0 0 0 1 1 1 0 1 1 0 1 1 1 0 0 0 0 0 1 0 0 0 0 0
 1 0 0 1 0 0 0 1 0 1 0 0 0 0 1 1 1 0 0 0 1 0 0 0 0 0 1 0 0 1 1 0 1 0 0 0 0
 0 0 0 0 0 0 0 0 0 0 0 1 0 1 0 1 0 0 0 1 1 0 0 1 1 1 0 0 0 1 0 1 0 1 0 1 1
 0 1 0 1 1 0 0 1 1 0 1 0 1 1 1 0 1 0]

========== Cluster 5 ==========

Base classifier: DummyClassifier(strategy='most_frequent')

Minority Class: 1

Selected Features: [  0   1   2   3   4   5   6   7   8   9  10  11  12  13  14  15  16  17
  18  19  20  21  22  23  24  25  26  27  28  29  30  31  32  33  34  35
  36  37  38  39  40  41  42  43  44  45  46  47  48  49  50  51  52  53
  54  55  56  57  58  59  60  61  62  63  64  65  66  67  68  69  70  71
  72  73  74  75  76  77  78  79  80  81  82  83  84  85  86  87  88  89
  90  91  92  93  94  95  96  97  98  99 100 101 102 103 104 105 106 107
 108 109 110 111 112 113 114 115 116 117 118 119 120 121 122 123 124 125
 126 127 128 129 130 131 132 133 134 135 136 137 138 139 140 141 142 143
 144 145 146 147 148 149 150 151 152 153 154 155 156 157 158 159 160 161
 162 163 164 165 166 167 168 169 170 171 172 173 174 175 176 177 178 179
 180 181 182 183 184 185 186 187 188 189 190 191 192 193 194 195 196 197
 198 199 200 201 202 203 204 205 206 207 208 209 210 211 212 213 214 215
 216 217 218 219 220 221 222 223 224]

Labels: [1]

========== Cluster 6 ==========

Base classifier: DummyClassifier(strategy='most_frequent')

Minority Class: 0

Selected Features: [  0   1   2   3   4   5   6   7   8   9  10  11  12  13  14  15  16  17
  18  19  20  21  22  23  24  25  26  27  28  29  30  31  32  33  34  35
  36  37  38  39  40  41  42  43  44  45  46  47  48  49  50  51  52  53
  54  55  56  57  58  59  60  61  62  63  64  65  66  67  68  69  70  71
  72  73  74  75  76  77  78  79  80  81  82  83  84  85  86  87  88  89
  90  91  92  93  94  95  96  97  98  99 100 101 102 103 104 105 106 107
 108 109 110 111 112 113 114 115 116 117 118 119 120 121 122 123 124 125
 126 127 128 129 130 131 132 133 134 135 136 137 138 139 140 141 142 143
 144 145 146 147 148 149 150 151 152 153 154 155 156 157 158 159 160 161
 162 163 164 165 166 167 168 169 170 171 172 173 174 175 176 177 178 179
 180 181 182 183 184 185 186 187 188 189 190 191 192 193 194 195 196 197
 198 199 200 201 202 203 204 205 206 207 208 209 210 211 212 213 214 215
 216 217 218 219 220 221 222 223 224]

Labels: [0]

========== Cluster 7 ==========

Base classifier: SVC(probability=True)

Minority Class: 1

Selected Features: [204 208 206   1 213 201 220 212 200 221  15  52   3 131  88 202  50 210
  89  46 211  53  23 121 194 207 191  24  73 139 127  41  27 108 141   8
 133 185 182 168 144  34  61 143 111 102 148  31 217 170   4 223  96   9
 104 125 190  55  92 110  57 120  71  77 152 103  90 188 128 169 158  80
  26  14  78 100 155 164 126  33 175  25  66  87  60 109 150   0 218 130
 195 112 138  16 140 199 146  36 215  45  42  47 186  44  43 132  48  40
  39  38  37  35 187  49 192 184  51 183 181  54 180  56 179  58  59 178
 177  62 189  30  32 193 222   2 219 216   5   6   7 214  10  11  12  13
 209 205  17  18  19  20  21  22 203 198 197 196  28  29  64  63 176  65
 134  99 159 101 157 156 154 105 106 107 153 151 149 147 113 114 115 116
 117 118 119 145 142 122 123 124 137 136 129 135]

Labels: [0 1 0 0 0 1 1 0 0 0 0 1 1 0 0 0 1 0 0]

========== Cluster 8 ==========

Base classifier: AdaBoostClassifier()

Minority Class: 1

Selected Features: [131 209 126 156  65   3 128   2  72   5  60  77  83 137 140   1 190 218
  15 205  67  53 214 171  25 212 179 207 149 180   4  46  26  10  49 173
 165   0  28 208  81 177  68 123 172 127  29   8 151 193  79 104  59 181
 113  58  76 167  11 101 211 217  37 158 141 163 103 139 105 170 192  42
 160 146 201  47 109  61 178 215  86  97  95 118  63  56 200 197 194 119
 206 196 166 135 223 130  55  64 191  50  54  94  14   9 142 108  39 143
  69  71  70  74   6   7  66  73  62  75  23  57  52  22  21  20]

Labels: [0 0 0 0 1 0 0 1 0 0 0 0 0 0 0 1 0 0 0 1 0 0 0 0 1 0 0 0 1 0 0 0 1 0 0 1 0
 0 1 0 0 0 0 0 0 0 0 0 1 1 0 0 0 0 1 0 0 0 0 0 1 0 0 0 0 1 1 0 0 0 0 0 0 0
 0 0 0 0 1 1 0 1 1 0 0 1 1 1 0 0 0 0 0 1 1 0 0 1 0 0 0 1 0 0 0 1 1 0 1 0 0
 0 1 0 0 0 0 1 0 0 0 0 1 1 0 1 0 0 0 0 1 0 1 0 0 1 0 0 0 0 0 0 0 1 0 0 1 0
 1 0 0 0 1 0 0 0 0 0 1 0 0 0 0 0 0 0 0 0 0 0 0 1 0 0 0 1 0 0 0 0 0 0 1 0 0
 0 0 0 0 0 0 1 0 0 1 1 0 0 0 1 1 1 0 0 0 1 1 1 0 0 0 0 0 1 0 0 0 0 0 0 0 0
 0 0 0 0 0 0 0 1 0 1 0 0 0 0 0 0 0 0 0 0 0 0 0 0 1 1 0 0 0 1 1 0 1 1 0 1 0
 0 0 0 1 0 0 0 1 0 0 1 1 0 1 0 0 0 0 0 0 0 0 0 0 1 1 0 1 0 0 1 0 0 0 0 0 0
 1 0 0 0 1 0 0 0 0 0 0 0 0 0 0 0 0 0 0 0 0 1 0 0 0 0 0 1 0 0 0 0 0 1 0 0 0
 0 0 0 0 1 1 0 1 0 1 0 0 0 0 0 0 0 0 1 1 0 0 1 1 0 0 0 0 0 0 0 1 0 0 0 0 0
 0 0 1 1 0 1 0 0 1 0 0 0 0 0 0 0 0 1 0 0 0 0 0 0 0 0 0 0 1 0]

========== Cluster 9 ==========

Base classifier: DummyClassifier(strategy='most_frequent')

Minority Class: 0

Selected Features: [  0   1   2   3   4   5   6   7   8   9  10  11  12  13  14  15  16  17
  18  19  20  21  22  23  24  25  26  27  28  29  30  31  32  33  34  35
  36  37  38  39  40  41  42  43  44  45  46  47  48  49  50  51  52  53
  54  55  56  57  58  59  60  61  62  63  64  65  66  67  68  69  70  71
  72  73  74  75  76  77  78  79  80  81  82  83  84  85  86  87  88  89
  90  91  92  93  94  95  96  97  98  99 100 101 102 103 104 105 106 107
 108 109 110 111 112 113 114 115 116 117 118 119 120 121 122 123 124 125
 126 127 128 129 130 131 132 133 134 135 136 137 138 139 140 141 142 143
 144 145 146 147 148 149 150 151 152 153 154 155 156 157 158 159 160 161
 162 163 164 165 166 167 168 169 170 171 172 173 174 175 176 177 178 179
 180 181 182 183 184 185 186 187 188 189 190 191 192 193 194 195 196 197
 198 199 200 201 202 203 204 205 206 207 208 209 210 211 212 213 214 215
 216 217 218 219 220 221 222 223 224]

Labels: [0]

