Clustering algorithm selected: fcm
=====================================

Clustering evaluation metric: rand
Clustering evaluation value: 0.3438195607698504

========== Cluster 0 ==========

Base classifier: AdaBoostClassifier()

Minority Class: 1

Selected Features: [  3  12  25  79 112  50   2  77 217  54 161 129  33 221 171 185 142 205
 141 204  69 146  28  66  20  76  30 108  49  71  85 184 202  91   7 127
  65 125 169 143 198 109 195  31   8 106 214  19 224  61 180  67 173 130
  38  21  13  34 166   0  27  96  62 105 179  22 136  89  16 163 189 182
  51 191 111  82 115 177 207 223 213  87  39 168 160 132  17 192  64 159
 165  93  42 120 206 181 137]

Labels: [0 0 0 0 0 0 0 0 0 1 1 0 0 0 0 1 0 0 0 0 0 1 0 0 0 0 1 1 0 0 0 0 0 0 0 0 0
 0 0 1 1 0 1 1 0 0 1 1 1 0 0 0 0 0 0 1 1 0 0 1 0 0 0 1 0 0 0 1 1 0 1 0 0 0
 1 0 1 0 0 0 1 0 0 0 0 1 1 0 1 0 0 0 0 1 0 1 0 0 1 0 0 0 0 0 0 0 1 0 0 1 0
 1 0 0 0 1 0 0 0 0 0 1 0 0 0 0 0 0 0 0 0 0 0 0 1 0 0 0 1 0 0 0 0 0 0 1 0 0
 0 0 0 0 0 0 1 0 0 1 1 0 0 0 1 1 1 0 0 0 1 1 1 0 0 0 0 0 1 0 0 0 1 0 0 0 0
 0 0 0 0 0 0 0 0 1 0 1 0 0 0 0 0 0 0 0 0 0 0 0 0 0 1 1 0 0 0 1 1 0 1 1 0 1
 0 0 0 0 1 0 0 0 1 0 0 1 1 0 1 0 0 0 0 0 0 0 0 0 0 1 1 0 1 0 0 1 0 0 0 0 0
 0 1 0 0 0 1 0 0 0 0 0 0 0 0 0 0 0 0 0 0 0 0 1 0 0 0 0 0 1 0 0 0 0 0 1 0 0
 0 0 0 0 0 1 1 0 1 0 1 0 0 0 0 0 0 0 0 1 1 0 0 1 1 1 0 0 0 1 0 0 1 1 0 0 0
 0 0 0 0 0 0 0 1 0 0 0 0 0 0 0 0 0 0 0 0 0 0 1 0 0 0 1 0 0 0 0 1 0 0 0 1 0
 0 0 0 0 1 1 0 0 1 0 0 0 0 0 0 0 1 1 0 1 0 0 1 0 0 0 0 0 0 0 0 1 0 0 0 0 0
 0 0 0 0 0 1 0]

========== Cluster 1 ==========

Base classifier: LogisticRegression()

Minority Class: 1

Selected Features: [165  92  28  66 112  65 110 207 111   7  33  68 102  99 202 155 169 144
  20  58  37  79 127 117 212 206 134 152  86  61  51  41  81 199  75   0
  47   3 200 182  85 149  91  98 175 161 140 156  57 108   6 143 118  96
  53 189  73   5  43 178 136 184 217  72  67  78 205 142  10  93   9  24
  32 153 194 159 193  74 211  94  44   4  22 195 158 201 131 204 214  59
 139  95 183 135 191  16 187 105  39 150]

Labels: [0 1 0 0 1 1 0 0 0 1 1 0 1 1 0 0 0 1 0 0 1 0 1 0 0 1 1 0 0 0 0 0 1 1 0 1 0
 0 0 0 0 0 0 0 0 0 1 0 0 1 1 0 1 1 0 1 0 0 1 0 0 1 0 1 1 0 0 0 1 0 0 0 0 0
 0 0 0 0 0 0 0 1 0 0 0 0 0 0 0 0 0 0 1 0 0 1 0 1 0 0 0 1 1 0 1 1 0 0 0 0 0
 1 1 1 0 0 0 1 0 0 0 1 0 1 1 0 0 0 1 0 1 0 0 1 0 0 0 1 0 0 1 0 1 0 1 0 0 0
 0 0 0 0 0 1 0 0 0 1 0 0 1 1 1 0 0 1 1 0 0 0 0 1 0 0 0 0 0 1 0 1 0 0 0 0 1
 0 1 0 0 0 0 1 1 1 1 0 0 0 1 0 0 0 1 1 0 1 0 0 0 0 0 1 0 0 1 0 0 1 1 1 1 1
 0 1 0 1 0 1 1 1 0 0 0 1 1 1 0 0 0 1 0 0 1 0 1 1 1 0 1 0 0 0 1 0 1 1 0 0 0
 1 0 1 1 1 1 0 0 0 0 1 0 1 0 0 0 0 0 0 1 0 0 0 0 1 0 1 0 0 0 1 1 0 0 0 1 0
 0 1 0 0 0 0 0 1 0 0 0 1 0 1 1 0 1 1 1 0 1 1 1 0 0 0 0 0 1 0 0 0 0 0 1 0 0
 1 0 0 1 0 1 0 1 0 0 0 0 1 1 1 0 0 0 1 0 0 0 0 0 1 0 0 1 1 0 1 0 0 0 0 0 0
 1 0 0 0 1 1 1 0 0 0 1 0 0 1 0 0 1 0 0 0 0 0 0 1 0 1 0 0 0 0 0 1 1 0 0 0 0
 0 0 1 1 0 1 1 0 0 0 0 0 1 0 1 0 0 0 1 0 0 1 0 1 0 1 0 0 0 0 1 1 0 0 1 1 1
 0 0 0 1 0 1 0 1 0 1 1 0 1 0 1 1 0 0 1 1 0 1 0 1 1 1 0 1 0]

========== Cluster 2 ==========

Base classifier: DummyClassifier(strategy='most_frequent')

Minority Class: 1

Selected Features: [  0   1   2   3   4   5   6   7   8   9  10  11  12  13  14  15  16  17
  18  19  20  21  22  23  24  25  26  27  28  29  30  31  32  33  34  35
  36  37  38  39  40  41  42  43  44  45  46  47  48  49  50  51  52  53
  54  55  56  57  58  59  60  61  62  63  64  65  66  67  68  69  70  71
  72  73  74  75  76  77  78  79  80  81  82  83  84  85  86  87  88  89
  90  91  92  93  94  95  96  97  98  99 100 101 102 103 104 105 106 107
 108 109 110 111 112 113 114 115 116 117 118 119 120 121 122 123 124 125
 126 127 128 129 130 131 132 133 134 135 136 137 138 139 140 141 142 143
 144 145 146 147 148 149 150 151 152 153 154 155 156 157 158 159 160 161
 162 163 164 165 166 167 168 169 170 171 172 173 174 175 176 177 178 179
 180 181 182 183 184 185 186 187 188 189 190 191 192 193 194 195 196 197
 198 199 200 201 202 203 204 205 206 207 208 209 210 211 212 213 214 215
 216 217 218 219 220 221 222 223 224]

Labels: [1]

========== Cluster 3 ==========

Base classifier: GaussianNB()

Minority Class: 1

Selected Features: [224 111  81  80  79  78  77  76  75  74  73  72  71  70  69  68  67  66
  65  64  63  62  61  60  59  58  57  82  83  84  98 109 108 107 106 105
 104 103 102 101 100  99  97  85  96  95  94  93  92  91  90  89  88  87
  86  56  55  54  13  24  23  22  21  20  19  18  17  16  15  14  12  26
  11  10   9   8   7   6   5   4   3   2   1  25  27  53  41  52  51  50
  49  48  47  46  45  44  43  42  40  28  39  38  37  36  35  34  33  32
  31  30  29 110 112]

Labels: [0 0 0 1 0 0 0 0 0]

========== Cluster 4 ==========

Base classifier: DummyClassifier(strategy='most_frequent')

Minority Class: 0

Selected Features: [221 143 208 212 224  82  92  90  89  87  86  85  84  83  80  94  79  78
  75  74  73  71  70  69  67  93  98  95  97 124 120 119 118 117 116 115
 113 223 111 110 109 107 105 104 103 102 101  64  65  60  63  15  30  29
  25  23  22  21  20  19  18  14 127  13  12   9   8   7   4   3   2   1
  32  33  36  37  59  58  57  56  54  53  52  51  50  49  47  46  45  44
  43  41  40  39  38 125 112 128 192 190 189 188 186 184 183 181 180 179
 178 177 174 172 171 170 169 168 167 166 191 193 163 195 222 220 219 218
 217 216 214 213 211 210 209 207 206 205 201 200 199 198 196 164 175   0
 136 154 153 152 134 135 150 149 137 132 138 148 146 145 142 139 140 133
 151 158 156 161 129 130 160 159 157 141 155  16 123 215 131  28  27 121
  26 202  24 203   5  31 204  10 122 114   6  17  11  81 108  55 165  77
  76  72  88  68  66 173  91 126  62  61 176]

Labels: [0 0 0]

