Clustering algorithm selected: kmeans
=====================================

Clustering evaluation metric: dbc_ss
Clustering evaluation value: 0.1828295974185135

========== Cluster 0 ==========

Base classifier: KNeighborsClassifier(n_neighbors=7)

Minority Class: 0

Selected Features: [7 1 0 2 5 3]

Labels: [0 0 1 0 1 0 0 0 1 0 1 1 1 1 0 0 1 0 1 1 0 1 0 0 0 1 1 1 0 1 0 1 1 0 0 0 0
 0 0 1 0 0 1 1 0 0 1 1 0 1 0 0 1 1 0 1 0 0 1 1 1 1 0 0 1 0 1 1 0 1 1 0 1 1
 0 1 1 1 0 1 0 1 0 1 0 0 1 0 1 1 1 0 0 0 1 0 1 0 1 0 0 0 0 0 0 1 0 0 0 1 1
 0 1 0 0 1 1 0 1 0 1 1 1 0 0 1 1 0 1 0 0 1 1 1 0 0 1 0 1 1 1 1 1 1 1 1 0 0
 0 1 1 0 0 1 0 1 0 1 1 1 0 1 0 1 1 1 0 1 1 0 1 1 1 1 0 1 0 1 0 0 0 0 0 0 0
 1 0 1 1 1 1 0 0 1 0 0 1 1 1 0 1 1 0 1 1 1 0 0 1 0 1 0 0 0 0 1 0 1 0 1 0 1
 1 1 1 0 0 1 0 1 1 1 1 1 1 0 1 0 1 0 0 1 0 1 0 1 1 1 1 1 0 1 0 1 1 1 1 0 1
 0 0 0 1 0 0 0 0 0 0 0 0 1 0 0 0 1 0 0 0 1 0 1 1 0 1 1 0 0 1 0 1 0 0 1 0 1
 1 0 1 0 0 0 1 1 1 1 0 1 1 1 1 0 0 1 0 1 1 0 1 1 1 1 1 0 0 0 1 1 1 0 0 0 1
 1 1 1 0 1 0 0 0 1 0 1 0 1 0 1 0 1 1 1 0 1 0 1 1 0 0 0 0 0 1 1 1 0 1 1 1 0
 1 1 0 0 1 0 1 0 0 0 0 1 0 1 0 1 0 1 0 0 1 1 0 0 0 0 1 0 1 0 1 1 1 0 1 1 0
 0 1 1 0 1 0 0 1 0 1 0 1 0 1 1 0 1 0 1 0 1 1 1 1 1 1 0 0 0 0 0 1 0 0 0 0 1
 0 0 0 0 0 1 0 0 1 0 1 0 1 1 1 1 0 0 0 0 1 1 0 0 1 0 1 0 1 0 1 1 0 0 1 0 0
 1 1 0 0 1 1 1 1 0 1 0 1 0 1 1 0 1 0 1 0 0 1 0 0 0 0 1 0 1 1 0 0 1 1 1 1 1
 1 0 1 0 0 0 0 1 1 0 1 1 1 0 0 0 0 1 1 0 0 1 1 1 0 0 0 1 0 0 0 1 0 0 0 1 1
 0 0 0 1 1 1 1 1 0 1 0 1 0 0 1 0 0 0 0 1 1 1 1 0 0 1 1 0 0 1 0 1 1 0 0 1 0
 0 0 1 0 1 0 1 1 0 0 0 0 1 0 0 1 0 1 1 0 1 1 0 0 1 0 0 0 1 1 0 1 0 1 0 0 0
 1 1 1 0 0 0 1 1 1 1 0 0 1 0 1 1 1 1 0 1 1 1 1 1 1 0 1 1 0 0 1 0 0 0 1 0 1
 0 0 0 1 1 0 1 0 0 0 0 0 0 0 0 1 1 1]

Synthetic samples indexes: [  2   8  11  12  16  18  19  26  32  47  52  53  55  58  59  60  61  64
  67  69  72  73  81  83  86  90  94 112 116 121 126 128 132 133 140 141
 142 143 144 145 149 150 155 157 158 163 164 165 167 170 171 172 173 185
 188 190 193 197 200 201 203 204 205 208 210 215 217 219 221 222 223 224
 227 229 230 231 232 233 234 236 241 243 245 246 247 248 249 251 253 254
 271 275 282 284 290 302 303 304 310 313 316 319 320 321 322 326 328 332
 334 335 337 341 343 345 347 349 350 353 355 356 362 363 364 366 367 381
 383 385 387 390 398 401 402 404 408 409 411 414 416 418 421 425 427 428
 429 431 443 449 454 456 457 458 464 465 468 470 472 474 475 478 481 482
 485 486 487 494 497 502 509 514 515 516 517 518 526 535 536 545 549 553
 560 561 562 566 574 576 580 581 584 590 596 599 607 609 610 612 621 623
 625 629 630 631 635 636 637 641 643 645 648 649 651 653 655 656 659 663
 665 669 670 672 681 682 683]

========== Cluster 1 ==========

Base classifier: LogisticRegression()

Minority Class: 0

Selected Features: [1 4 5 6 7]

Labels: [1 0 1 0 0 0 1 1 1 0 0 0 1 1 0 1 1 1 1 1 1 1 1 1 0 0 1 0 0 1 1 1 0 0 0 1 0
 0 1 0 1 1 0 1 1 1 1 0 1 1 1 1 0 0 1 0 1 0 0 1 1 1 0 0 0 1 0 0 0 0 1 1 0 1
 1 1 1 0 1 1 0 0 0 1 1 1 0 0 0 1 1 0 1 0 0 0 1 0 1 1 0 0 0 1 1 0 1 1 1 0 1
 0 0 1 1 0 0 1 1 1 0 1 1 0 1 1 1 0 1 1 0 0 1 0 1 1 1 0 0 1 1 0 0 0 1 1 0 0
 0 1 0 1 0 1 1 1 1 0 0 0 1 0 1 0 1 0 0 1 0 1 1 1 1 0 1 0 1 1 0 1 0 0 0 0 1
 1 1 1 1 0 0 1 1 0 0 0 0 1 0 0 0 0 0 1 0 0 1 0 1 0 0 1 0 1 0 0 1 1 1 0 0 0
 0 1 1 0 0 1 0 0 0 0 0 1 1 1 0 0 0 0 0 0 1 0]

Synthetic samples indexes: [  4  34  36  52  81 112 115 131 178 190 215 229 232 241]

