Clustering algorithm selected: kmeans++
=====================================

Clustering evaluation metric: dbc
Clustering evaluation value: 0.3730429342323809

========== Cluster 0 ==========

Base classifier: GaussianNB()

Minority Class: 0

Selected Features: [ 9  8 11 10  3 12  4  7  0  2 13]

Labels: [0 0 0 0 0 0 0 0 1 1 1 0 0 1 1 0 0 1 1 0 1 0 0 0 0 1 0 1 1 0 1 1 1 1 0 1 0
 1 1 1 0 0 0 1 1 1 1 0 0 0 0 1 0 1 1 1 1 1 1 1 1 1 0 1 1 1 0 1 0 1 1 1 0 1
 1 0 1 0 1 0 1 1 0 0 0 1 0 0 0 0 1 0 0 0 1 1 1 0 0 1 1 1 1 0 1 0 1 0 0 0 1
 1 1 1 1 1 1 1 1 1 0 1 0 0 1 1 0 1 0 1 0 1 1 0 1 1 0 1 0 0 1 0 1 0 0 1 0 0
 0 1 0 1 0 0 1 0 1 1 0 0 0 0 0 0 0 0 1 1 0 0 0 1 1 0 1 1 0 1 0 0 1 1 1 0 0
 1 1 1 0 1 1 1 0 0 0 0 0 1 0 1 0 1 0 1 1 0 0 0 1 1 1 0 0 1 1 0 1 1 1 1 0 0
 1 1 0 1 0 0 1 1 1 1 1 1 0 0 1 1 1 1 1 1 0 0 1 0 0 0 1 0 0 1 0 1 0 1 1 0 0
 1 0 1 1 0 0 1 1 0 0 0 1 0 0 0 1 1 1 1 1 1 0 0 0 0 0 1 1 0 0 0 0 1 0 1 1 1
 1 0 0 1 1 0 1 0 0 1 0 1 1 0 0 0 1 1 1 0 1 1 1 0 1 0 0 0 0 1 1 1 0 0 1 1 0
 0 1 0 0 0 0 1 0 0 0 0 1 1 0 1 0 1 1 1 0 0 1 1 0 0 0 0 0 0 1 0 0 1 0 1 0 1
 1 0 1 0 1 0 0 0 0 0 0 1 0 0 1 1 0 0 1 1 1 0 1 0 0 1 1 0 1 1 1 0 0 1 1 1 0
 1 0 1 0 0 1 1 1 1 0 1 0 0 1 0 1 0 0 0 1 0 0 1 1 0 0 1 1 1 0 0 1 0 1 1 1 0
 1 0 1 1 1 0 1 0 0 1 1 0 0 1 0 1 1 1 0 1 1 1 0 0 1 0 1 0 0 0 1 1 0 0 0 1 1
 0 0 1 0 0 0 0 1 1 0 1 0 1 0 0 0 1 1 1 0 1 0 0 1 1 0 0 1 0 1 1 1 0 0 0 1 1
 1 0 0 0 0 1 1 0 0 1 1 0 1 0 1 1 1 1 1 0 0 0 0 0 0 0 1 1 0 1 1 0 0 1 1 1 1
 0 1 0 0 1 1 1 0 1 0 0 1 0 0 0 1 0 0 0 1 1 0 0 0 1 0 1 0 1 1 1 1 1 1 1 0 0
 0 0 0 0 1 1 0 0 1 1 0 0 0 1 1 1 0 1 1 0 1 0 0 1 0 1 1 0 0 1 0 1 0 0 1 1 1
 0 1 1 1 1 0 0 1 1 0 1 0 1 0 0 1 1 0 1 1 0 0 0 0 0 1 1 0 1 1 0 0 1 0 1 1 1
 0 0 0 1 0 0 0 0 0 1 1 0 1 0 1 1 0 0 1 1 0 0 1 0 1 1 1 1 0 0 1 1 0 1 0 0 0
 1 1 1 1 1 0 0 0 0 0 0 1 1 0 1 0 1 1 1 1 1 0 1 1 1 1 0 1 1 1 0 1 0 0 0 1 0
 1 1 0 0 1 1 1 0 0 1 0 0 1 0 1 0 1 1 0 0 1 0 0 1 0 0 1 0 1 0 0 1 0 1 0 1 1
 1 0 1 0 0 1 0 0 0 1 0 1 1 1 1 0 0 0 1 0 0 1 1 1 0 0 1 0 1 1 1 1 1 0 1 0 1
 1 1 0 0 1 0 0 0 0 1 1 1 0 0 0 0 0 0 1 1 0 0 0 1 0 0 0 1 0 1 0 1 0 1 1 1 0
 1 0 0 0 1 0 1 1 1 0 1 0 1 0 1 0 0 0 0 1 0 1 0 0 0 0 1 0 0 0 1 1 0 0 1 0 1
 0 1 0 1 1 1 0 1 0 0 1 1 1 1 1]

========== Cluster 1 ==========

Base classifier: GaussianNB()

Minority Class: 1

Selected Features: [ 9 10 11  8  1 13  6  3  7 12  2]

Labels: [0 1 1 1 0 0 0 1 0 0 1 0 1 1 1 0 0 0 0 0 0 1 1 0 0 0 1 1 0 0 1 1 0 0 0 1 1
 1 1 1 1 0 1 1 0 0 0 1 1 0 1 0 1 1 1 0 0 1 1 0 1 1 1 1 0 1 1 0 0 1 1 1 0 1
 1 0 0 0 0 1 1 1 0 0 1 1 0 0 0 1 1 1 1 0 0 0 0 0 1 0 0 1 0 0 1 1 0 1 0 1 0
 0 0 1 0 1 0 0 0 0 1 0 1 0 0 1 0 1 0 0 0 0 1 1 1 0 0 0 1 0 0 0 1 0 0 0 1 0
 1 0 1 1 1 0 0 0 0 1 0 1 0 0 1 1 1 1 0 1 0 0 1 1 1 1 1 0 0 0 0 1 1 0 0 1 0
 0 0 1 1 0 1 1 1 0 1 0 0 0 0 0 0 0 0 0 0 1 0 0 0 0 1 0 1 0 1 1 0 1 1 1 1 0
 1 0 1 0 0 1 0 1 0 0 0 1 1 1 0 0 1 1 1 1 0 1 0 1 0 0 0 0 1 0 1 1 1 0 0 1 1
 1 1 1 1 0 0 1 1 0 1 0 0 1 1 0 0 0 1 0 0 0 1 0 1 0 1 1 1 0 1 0 0 1 1 0 1 1
 0 0 1 1 0 1 0 1 0 0 0 0 1 1 1 1 0 1 1 0 0 1 1 0 1 1 1 1 1 0 1 1 0 0 1 0 1
 1 1 1 0 1 1 1 0 0 0 1 1 1 1 1 1 0 1 0 1 0 0 1 1]

