Clustering algorithm selected: kmeans++
=====================================

Clustering evaluation metric: dbc
Clustering evaluation value: 0.1790235180123535

========== Cluster 0 ==========

Base classifier: GaussianNB()

Minority Class: 1

Selected Features: [24 23 21 22  3  4  1 20 16 10 28  2  0  8 14 19 17]

Labels: [1 1 0 1 0 0 0 1 0 0 1 0 0 1 0 1 1 1 0 1 0 1 1 0 1 0 0 0 1 0 1 1 0 0 1 1 0
 0 0 0 0 0 1 1 0 0 1 1 0 1 1 1 0 1 1 0 1 1 0 1 1 0 1 1 0 1 0 0 0 1 1 1 0 0
 0 1 0 1 0 1 0 1 0 1 1 1 0 0 1 0 1 0 0 1 1 0 1 1 1 0 1 0 0 0 0 1 0 1 1 1 0
 0 1 1 0 0 1 1 0 1 1 1 1 1 1 1 0 1 0 0 0 1 1 1 1 1 0 0 0 0 0 1 0 0 1 1 1 1
 0 1 0 0 1 0 0 0 0 0 0 1 1 1 1 0 1 0 0 0 1 0 1 1 0 0 1 1 0 1 1 1 1 1 1 0 1
 0 1 1 1 0 1 0 1 0 1 0 0 0 0 0 0 0 1 1 0 1 0 0 1 0 0 1 0 0 0 1 0 1 0 0 0 0
 1 0 1 1 0 0 0 1 1 1 1 1 1 1 0 0 0 0 0 1 1 0 0 0 1 0 1 1 1 1 0 1 0 0 1 1 1
 1 0 0 0 0 1 0 0 0 0 1 0 1 1 0 0 0 1 1 1 1 1 1 1 0 0 1 0 1 0 1 0 1 1 1 1 1
 1 0 1 0 0 0 0 0 0 1 0 0 1 1 0 0 1 1 0 1 0 1 1 1 0 0 0 1 0 0 0 1]

Synthetic samples indexes: [  2   4   5   6   8   9  11  12  14  18  20  23  25  26  27  29  32  33
  36  38  39  40  41  44  45  48  52  55  61  66  67  68  72  73  76  78
  82  86  87  89  91  92  95  99 101 102 103 104 106 110 114 115 118 126
 128 129 130 136 137 138 139 140 142 143 148 150 151 153 154 155 156 157
 158 163 165 166 167 169 172 173 176 183 185 189 191 193 195 197 198 199
 200 201 204 206 207 209 210 212 213 214 216 218 219 220 221 223 226 227
 228 236 237 238 239 240 243 244 245 247 252 254 255 260 261 262 263 265
 266 267 268 270 273 274 275 283 284 286 288 297 299 300 301 302 303 306
 307 310 311 314 316 320 321 322 324 325 326]

========== Cluster 1 ==========

Base classifier: GaussianNB()

Minority Class: 1

Selected Features: [24 21 23  0  4  3  1  8  2 22 14 27 28  7 10]

Labels: [1 0 1 0 1 0 0 1 0 0 1 1 1 0 0 1 1 1 0 0 1 0 0 0 0 1 1 1 0 0 0 1 0 1 1 0 0
 0 0 1 1 1 1 1 1 0 0 1 0 1 0 1 0 0 1 1 0 0 0 0 0 0 1 1 0 1 1 1 0 1 0 1 1 1
 1 1 1 0 0 0 1 0 1 0 1 1 1 1 0 1 1 1 1 0 1 1 1 1 0 1 1 0 1 0 1 1 0 0 1 1 0
 0 1 0 0 1 0 0 1 1 0 0 0 1 0 1 0 1 1 1 1 0 1 0 0 1 1 0 1 1 1 1 0 0 1 0 1 0
 0 1 0 0 1 0 0 0 1 1 1 0 1 0 1 0 1 1 0 0 1 0 1 0 1 1 0 1 1 1 1 1 0 1 1 1 1
 1 0 0 1 1 1 0 1 0 1 0 1 1 1 1 1 1 0 0 0 0 1 0 1 0 1 0 0 1 1 0 0 1 0 1 1 0
 1 0 1 0 1 0 1 0 1 0 1 1 0 1 0 1 1 0 1 0 0 0 1 1 0 1 0 1 1 0 0 1 1 1 1 1 1
 1 0 1 0 0 0 1 1 0 0 0 1 1 0 0 1 0 1 0 1 0 1 1 1 0 1 1 1 1 1 1 0 0 1 0 0 0
 0 0 1 0 0 1 0 0 0 0 0 1 1 1 1 0 0 0 1 0 1 1 0 1 1 1 0 1 0 0 0 1 1 0 0 1 0
 0 0 1 0 1 1 1 0 0 0 1 1 1 0 1 0 0 1 1 1 0 0 0 1 0 1 1 1 1 0 1 0 0 0 0 0 0
 1 0 1 1 0 1 1 0 1 0 1 0 0 0 1 1 0 0 1 1 0 0 1 1 1 0 0 1 1 0 1 0 1 1 0 0 0
 1 0 0 1 1 0 1 0 0 0 1 1 0 0 1 1 1 0 0 0 0 0 0 1 0 1 1 1 0 0 1 1 0 0 1 0 0
 1 0 0 0 0 0 1 1 0 0 0 0 0 1 0 0 0 0 1 1 1 0 0 1 1 1 0 0 1 1 1 0 0 0 1 0 0
 0 0 1 1 0 0 0 0 1 0 0 1 0 1 1 0 1 0 0 0 0 1 1 1 0 1 0 1 0 1 1 1 1 0 1 1 1
 0 1 1 1 1 1 1 0 1 1 1 0 0 0 0 0 1 0 0 0 1 1 1 1 1 0 0 1 1 0 0 0 0 0 0 0 0
 0 1 0 0 0 1 0 0 1 0 1 1 1 0 0 1 0 0 1 0 0 0 1 0 0 0 1 0 0 0 1 1 0 1 1 1 1
 1 0 0 1 1 0 1 0 0 0 0 0 0 0 1 1 0 1 1 1 0 1 1 0 1 0 1 1 0 1 0 0]

Synthetic samples indexes: [  0   2   4   7  10  12  15  16  17  20  25  26  27  31  33  34  39  40
  41  42  43  44  47  49  51  54  55  62  63  65  66  67  69  71  72  73
  74  75  76  80  82  84  85  86  87  89  90  91  92  94  95  96  97  99
 102 104 105 108 109 115 118 119 123 125 127 128 129 130 132 135 136 138
 139 140 141 144 146 149 152 156 158 160 162 165 168 170 172 173 175 176
 177 178 179 181 182 183 184 188 189 190 192 194 196 197 198 200 201 206
 210 213 214 217 219 220 222 224 226 230 232 233 237 238 240 244 245 247
 249 250 253 255 256 257 258 261 265 266 270 271 274 276 278 280 281 282
 284 285 286 287 288 289 292 298 301 307 308 309 310 314 316 317 319 320
 327 331 337 338 343 344 345 347 351 352 356 358 359 360 361 363 370 372
 373 376 378 380 384 385 388 389 392 394 397 400 402 403 407 410 411 417
 418 422 423 430 432 433 434 437 438 441 444 450 451 457 462 464 467 468
 469 472 473 474 478 483 484 489 492 494 495 497 502 503 504 506 508 510
 511 512 513 515 516 517 519 520 521 522 523 524 526 527 528 534 538 539
 540 541 542 545 546 556 560 563 565 566 567 577 581 585 586 588 589 590
 591 592 595 596 598 606 609 610 611 613 614 616 618 619 621]

