Clustering algorithm selected: fcm
=====================================

Clustering evaluation metric: dbc
Clustering evaluation value: 0.2008234520613864

========== Cluster 0 ==========

Base classifier: LogisticRegression(C=845.5522917313845)

Minority Class: 1

Selected Features: [0 1 2 3 4 5 6 7 8]

Labels: [1 0 1 0 2 1 2 0 1 0 1 0 0 1 0 1 2 2 0 0 2 1 0 1 0 2 0 0 0 0 1 0 1 2 1 0 2
 0 0 0 0 0 1 0 1 1 0 0 0 2 1 0 0 0 0 0 2 2 1 1 0 0 1 2 0 0 1 0 2 0 0 0 2 2
 1 1 0 1 2 0 0 1 0 1 0 0 0 0 2 2 2 1 0 1 0 0 0 2 1 2 1 0 0 1 2 2 2 2 0 2 2
 2 1 2 2 1 2 0 2 2 1 0 2 2 0 1 0 2 1 1 2 2 1 1 0 2 2 0 1 0 2 2 0 2 0 2 1 1
 1 2 1 2 2 0 2 2 1 1 0 2 1 2 0 0 2 0 0 2 0 2 2 0 2 0 0 2 1 1 1 1 2 1 0 2 2
 2 0 1 0 0 0 0 0 0 2 0 0 1 2 0 1 1 0 2 0 0 1 1 2 2 1 2 2 1 1 1 1 1 1 1 2 0
 1 1 0 2 2 0 2 0 0 2 0 1 0 0 2 2 0 2 1 2 0 1 0 0 1 0 0 0 0 0 0 1 1 1 2 2 0
 0 0 0 0 2 0 2 1 2 0 0 0 1 1 0 0 0 1 2 0 0 1 1 0 0 0 0 0 2 0 0 2 0 2 2 0 0
 0 0 0 2 2 0 2 0 0 2 0 0 0 0 2 0 0 2 0 0 2 2 0 1 2 1 2 0 2 2 0 0 0 0 0 2 1
 0 2 0 1 0 0 1 0 0 2 2 2 1 0 2 1 2 0 0 2 2 1 0 1 1 0 0 2 1 2 2 2 2 0 0 0 0
 2 0 1 2 1 0 0 2 2 0 2 0 0 2 1 1 2 2 2 2 0 0 2 0 0 0 2 1 0 2 2 0 1 1 0 2 0
 1 0 1 0 0 1 0 0 0 1 2 0 2 0 0 0 2 0 2 1 1 1 2 2 2 1 0 2 0 1 2 0 2 2 2 0 0
 0 2 2 2 0 0 1 2 2 2 0 1 1 0 0 0 0 2 2 1 1 1 0 2 2 0 2 1 0 2 2 2 0 2 2 0 0
 2 0 2 1 0 1 0 2 2 1 0 2 2 2 2 1 0 0 2 2 1 2 0 2 0 1 1 1 1 2 2 2 0 1 2 0 1
 2 1 0 1 2 0 2 1 0 0 0 2 0 0 2 2 1 0 1 2 2 2 1 0 2 1 0 1 0 2 2 0 0 0 2 0 2
 0 2 2 0 1 0 1 0 2 1 0 2 1 0 2 1 2 1 1 2 1 0 2 1 0 2 0 0 1 2 2 2 0 0 2 2 2
 0 1 0 2 0 0 0 0 0 0 0 1 0 2 0 1 0 0 0 1 0 0 2 0 2 0 0 1 2 0 2 2 0 0 0 0 0
 2 2 2 2 0 0 0 2 0 0 2 1 2 2 2 2 1 2 0 2 1 2 1 0 2 2 2 2 0 2 1 0 0 2 0]

========== Cluster 1 ==========

Base classifier: DecisionTreeClassifier(max_depth=4, min_samples_leaf=8, min_samples_split=8)

Minority Class: 1

Selected Features: [0 1 2 3 4 5 6 7 8]

Labels: [2 0 0 1 0 0 2 0 2 2 2 0 0 1 0 0 2 1 2 2 2 0 1 0 0 2 1 2 1 0 2 2 2 0 0 0 1
 2 1 0 2 0 0 2 0 0 2 1 0 2 1 1 0 2 0 0 0 2 0 2 0 2 0 2 0 1 1 2 2 1 2 1 0 2
 2 2 0 2 0 0 0 0 0 2 0 2 0 0 2 0 0 0 0 2 2 0 0 0 0 0 2 0 2 0 2 1 0 2 1 1 0
 0 2 2 2 1 0 0 2 0 1 1 0 1 1 2 1 2 1 0 1 0 0 0 0 2 0 1 0 2 2 0 0 1 0 2 1 0
 0 2 1 1 1 2 2 2 2 0 2 1 1 2 0 0 0 2 0 0 0 2 0 2 2 0 2 0 0 0 0 1 2 1 0 1 0
 0 2 2 1 0 0 0 0 0 2 0 2 2 1 2 2 0 0 2 2 2 0 1 2 2 2 1 0 0 2 0 0 1 2 1 0 0
 1 2 2 2 2 2 2 2 2 1 1 1 0 0 0 2 0 2 2 0 1 2 0 2 0 1 0 1 0 2 2 0 0 0 0 2 0
 0 2 1 2 2 0 2 1 1 2 2 0 2 2 1 0 0 0 0 0 0 2 2 2 0 2 0 2 2 0 2 0 1 1 2 2 0
 1 0 0 0 2 0 0 1 1 2 2 1 2 1 2 0 0 1 2 0 1 2 1 0 0 0 0 2 0 1 0 1 0 1 2 2 1
 0 2 2 0 2 2 2 2 0 2 2 0 0 2 0 1 0 0 2 1 0 0 2 0 2 0 2 0 0 2 1 0 0 0 2 2 0
 1 0 2 0 0 2 0 2 0 2 0 2 1 0 1 0 2 0 1 0 1 0 0 0 0 0 0 0 2 1 2 1 1 2 2 2 0
 0 1 2 0 2 2 1 0 2 1 0 0 0 2 2 1 2 2 2 0 2 1 2 0 2 2 0 0 0 1 1 1 1 2 2 2 1
 0 0 2 1 0 2 0 0 2 0 1 1 0 0 1 2 0 2 0 2 0 1 2 1 2 1 1 2 1 0 0 2 0 2 2 2 1
 0 2 1 0 1 0 0 0 2 0 1 2 0 0 0 0 2 2 0 1 0 2 2 1 2 0 0 2 2 0 2 1 1 0 1 1 1
 0 1 0 0 0 2 0 0 0 0 0 2 0 1 2 2 1 2 0 2 2 1 2 0 2 0 1 0 1 1 0 2 0 0 0 1 1
 0 2 1 1 0 0 1 1 2 0 0 2 2 0 1 2 0 0 0 0 2 0 2 2 1 2 1 2 1 2 1 1 2 2 2 1 1
 0 1 0 1 0 2 1 1 0 2 0 1 0 2 1 2 2 2 0 2 0 2 0 0 1 0 2 0 0 2 0 2 1 2 0 2 0
 0 1 0 1 2 0 1 2 2 0 1 0 1 2 1 2 0 0 1 2 0 0 0 0 2 0 0 0 1 0 0 1 2]

