Clustering algorithm selected: fcm
=====================================

Clustering evaluation metric: dbc
Clustering evaluation value: 0.2025968058928158

========== Cluster 0 ==========

Base classifier: SVC(probability=True)

Selected Features: [0 1 2 3 4 5 6 7 8]

Labels: [0 0 0 1 0 0 1 2 0 2 2 0 0 0 0 1 1 1 0 1 1 2 1 1 1 0 2 1 1 2 1 0 2 2 1 0 2
 0 0 2 2 1 0 0 1 1 1 0 0 1 2 0 0 2 0 2 2 1 1 0 0 2 0 1 0 1 0 2 0 0 0 0 1 2
 1 2 1 1 0 1 2 0 2 1 1 2 0 0 1 2 2 2 1 2 1 0 1 1 2 0 1 1 1 0 0 2 0 1 0 2 0
 0 2 2 0 2 1 2 0 2 0 0 1 0 2 2 0 2 2 1 2 0 0 1 0 1 2 1 1 2 1 0 1 1 2 2 1 0
 1 0 2 2 1 0 2 1 2 1 0 2 1 1 0 2 1 2 2 1 2 1 0 0 2 2 0 2 2 0 0 2 1 2 1 1 0
 1 0 1 1 0 0 2 2 2 1 0 0 1 2 1 2 2 2 2 2 1 1 0 0 0 1 1 2 0 2 2 0 2 1 0 1 2
 0 2 1 2 1 2 1 1 1 1 2 2 1 1 0 0 1 2 1 1 0 1 2 2 1 1 1 1 2 2 0 0 2 2 1 0 2
 2 1 1 0 1 0 0 0 2 1 0 0 1 1 2 0 2 2 1 2 2 0 2 1 2 0 2 1 2 1 0 1 2 0 0 1 1
 2 2 0 2 0 0 0 0 1 1 2 2 1 2 0 1 2 2 1 0 2 1 2 0 2 1 1 1 0 2 2 2 1 1 0 0 1
 0 1 2 2 1 0 1 2 0 1 0 1 2 2 2 2 1 1 1 2 2 2 2 0 0 2 2 2 1 0 0 0 1 1 0 1 2
 0 1 1 2 0 1 1 1 2 2 0 0 1 0 0 1 2 2 1 0 2 1 0 2 0 2 1 0 0 1 1 1 0 1 2 2 2
 0 2 2 2 0 1 2 1 1 2 2 1 2 0 0 2 0 0 1 2 1 0 1 2 0 0 1 1 0 0 0 1 2 1 2 2 2
 0 1 2 1 0 1 2 2 1 1 1 2 0 0 0 0 2 1 0 1 2 0 1 2 0 2 1 0 0 2 1 0 1 1 1 1 0
 0 1 2 0 1 2 1 1 0 1 0 2 1 0 0 0 1 1 1 0 2 1 0 2 2 0 1 0 0 1 2 2 1 1 1 0 0
 0 2 2 0 0 0 2 1 2 1 1 0 1 0 0 1 2 1 2 2 2 2 1 0 0 0 2 0 0 0 0 2 2 2 1 0 2
 0 2 2 0 2 1 1 1 2 0 0 1 1 0 0 1 0 1 1 0 2 0 2 0 1 0 0 2 0 1 1 0 0 0 2 2 0
 1 2 1 2 2 0 0 2 0 1 0 0 2 1 0 1 2 0 1 0 2 0 0 2 0 0 1 1 0 1 2 0 2 0 2 2 1
 2 0 0 2 0 2 0 2 0 1 2 0 1 2 2 1 1 1 0 2 2 1 2 2 1 2 2 2 2 1 2 2 2 1 1 2 0
 0 1 1 1 0 1 2 0 1 0 0 1 2 1 2 2 1 0 0 1 2 1 2 0 1 2 2 1 0 2 1 2 2 0 2 0 0
 1 1 1 2 2 2 1 1 0 0 2 2 2 0 0 0 1 2 1 1 1 2 1 0 0 0 2 0 0 2 0 1 1 0 2 1 0
 0 1 1 2 2 2 1 2 1 2 0 1 1 2 0 0 1 0 0 0 1 0 2 0 0 2 1 1 0 1 2 0 2 1 0 1 2
 1 2 2 0 2 2 0 1 1 0 2 1 0 1 2 2 2 0 0 2 1 1 2 2 2 0 1 1 2 0 0 2 2 1 0 1 0
 2 0]

Synthetic samples indexes: [  3   6   9  10  15  17  19  20  21  23  24  27  33  40  49  53  55  57
  63  67  72  79  84  98 105 128 129 133 135 136 139 140 145 152 155 160
 161 165 182 183 199 201 205 206 217 220 224 230 231 240 243 247 249 260
 261 263 268 271 272 276 277 282 287 288 294 295 304 305 311 318 323 328
 329 332 340 347 349 355 358 361 368 375 378 379 382 385 388 390 399 400
 406 409 412 413 414 416 417 419 427 429 440 451 453 466 467 474 477 478
 482 493 497 502 504 510 513 514 528 534 539 540 552 584 594 595 601 607
 610 626 629 638 646 650 653 654 660 662 663 668 669 674 678 685 695 696
 710 722 723 732 735 738 742 746 747 752 756 762 777 784 790 793 801 803
 809]

========== Cluster 1 ==========

Base classifier: SVC(probability=True)

Selected Features: [0 1 2 3 4 5 6 7 8]

Labels: [0 2 1 2 2 1 0 1 0 0 1 0 1 2 2 1 2 1 2 2 0 0 2 1 2 0 1 0 2 0 2 0 2 0 1 1 2
 2 2 0 2 2 1 0 0 0 2 2 1 2 2 2 2 1 1 1 0 0 2 0 0 2 0 0 1 1 2 0 2 0 0 0 0 1
 0 2 1 0 1 1 1 1 0 0 2 0 0 1 1 0 0 2 2 1 0 0 2 1 1 2 0 1 1 0 1 2 2 2 1 2 2
 1 1 2 2 2 1 2 0 0 2 0 0 1 0 0 0 0 2 2 0 0 0 0 1 1 2 0 1 2 1 2 1 1 1 2 2 0
 0 0 2 2 0 1 1 1 2 1 2 2 0 0 1 0 0 1 0 0 1 0 2 0 2 0 2 0 0 0 0 0 2 2 2 0 0
 0 2 1 2 2 1 0 2 2 0 0 0 0 1 0 0 1 2 2 2 0 0 2 0 1 0 1 0 1 2 1 0 0 0 0 0 2
 2 1 2 0 0 1 2 1 2 0 2 0 1 2 1 1 1 1 1 1 0 2 2 2 0 2 0 2 2 2 1 2 1 0 0 1 0
 2 0 2 1 2 0 0 2 0 2 2 1 0 1 2 0 1 2 0 2 1 1 1 1 0 1 1 2 1 1 1 1 1 2 2 1 1
 1 1 1 2 2 1 0 2 1 2 2 2 1 1 0 2 1 1 1 2 2 1 1 2 0 2 0 0 2 2 0 2 1 0 1 2 1
 2 2 2 2 1 1 0 2 2 0 2 0 2 1 2 1 2 1 1 1 0 0 0 0 2 2 0 0 1 0 1 1 0 0 0 2 2
 2 1 2 0 0 0 1 1 1 1 0 0 0 1 2 2 0 2 2 0 0 2 1 2 0 1 2 0 1 2 1 0 0 0 2 0 0
 0 2 1 1 2 1 0 0 1 2 2 2 0 2 0 1 1 0 0 2 0 1 1 0 2 1 0 0 1 0 2 0 0 0 1 1 2
 0 0 2 0 0 2 1 0 0 0 1 2 1 0 1 1 1 2 0 1 1 2 2 0 0 0 2 0 1 2 2 1 1 2 1 0 2
 0 0 0 2 0 2 2 2 1 0 0 2 0 2 2 1 0 1 1 0 0 2 1 0 0 2 0 0 1 1 0 1 2 2 1 0 1
 2 0 1 0 0 1 0 1 1 0 1 0 2 1 1 2 1 0 1 1 1 1 1 1 1 2 1 1 1 1 2 2 1 2 1 2 1
 2 1 1 2 2 0 1 2 2 2 2 2 0 2 1 0 1 1 1 2 0 2 0 1 0 2 1 0 1 1 1 0 2 0 1 0 2
 0 1 0 0 1 2 1 1 1 1 1 2 2 0 1 0 1 2 2 1 1 1 1 1 0 2 0 2 2 0 2 1 2 2 0 2 1
 2 2 2 0 1 0 2 1 2 1 0 0 2 1 1 1 0 0 0 1 0 0 0 2 0 2 1 2 1 1 1 2 0 0 2 2 0
 2 0 0 1 0 0 2 0 1 2 2 0 2 2 2 0 2 1 0 1 0 1 2 0 1 0 1 0 2 1 2 2 0 0 1 2 1
 0 2 2 1 0 1 0 0 2 1 2 1 1 2 1 2 1 0 0 2 1 0 2 1 0 2 0 1 1 1 2 2 1 1 0 1 2
 1 2 0 2 0 2 1 0 1 2 0 0 2 2 1 2 1 0 2 1 1 2 1 1 2 2 0 1 0 2 1 2 1 1 1 0 1
 2 0 0 2 2 2 2 2 2 2 2 0 1 1 1 0 1 2 0 0 1 1 1 2 1 2 1 2 1 1 1 1 1 1 0 1 1
 0 1 0 2 0 1 2 1 0 0 0 2 0 0 0 1 0 2 2 2 1 2 0 2 2 0 1 1 1 2 2 2 2 2 0 1 1
 2 0 1 0 0 2 1 1 0 1 2 2 2 1 0 0 0 0 2 2 0 2 1 0 2 0 2 0 1 2 2]

Synthetic samples indexes: [  5   7  10  12  32  34  35  37  40  42  47  48  54  66  68  76  80  87
  92  93  96  97 104 110 111 112 114 115 116 123 128 134 135 141 142 144
 150 153 154 156 157 165 168 170 188 198 201 207 209 211 223 236 237 238
 241 249 252 262 263 272 273 276 279 281 285 288 293 295 297 298 301 303
 304 307 312 318 325 328 331 332 345 346 350 361 363 364 369 371 376 377
 379 387 395 408 410 411 431 435 442 450 456 459 460 465 470 472 478 480
 486 489 499 503 512 528 531 532 534 538 539 540 541 545 547 550 552 561
 562 571 573 578 583 589 593 596 599 600 614 622 623 630 633 636 638 642
 644 655 658 659 660 669 674 676 679 680 682 683 685 687 690 692 695 706
 711 712 714 723 725 726 730 731 735 736 738 740 746 748 758 759 760 762
 764 767 770 772 791 797 798 801 805 807 810 812 815 817 819 821 829 834
 838 840 842 847 849 850 857 864 869 872 873 877]

