Clustering algorithm selected: kmeans++
=====================================

Clustering evaluation metric: silhouette
Clustering evaluation value: 0.37738845647553637

========== Cluster 0 ==========

Base classifier: SVC(probability=True)

Minority Class: 1

Selected Features: [24 21 23 22  3  4  1  0 20 16  8 28 14 10 17  2  6 18 19 26 12 15 11]

Labels: [1 1 1 1 0 1 1 0 0 1 1 1 0 1 1 1 1 1 0 1 0 1 0 0 0 1 1 0 1 0 0 1 1 1 0 0 1
 1 0 0 0 0 0 0 1 1 1 0 1 1 1 1 0 1 0 1 1 1 0 0 0 1 0 0 1 0 1 1 1 1 0 0 0 1
 0 0 1 1 1 0 0 1 1 1 0 1 0 0 1 0 0 1 0 0 0 0 0 0 0 0 0 0 0 0 0 0 1 0 1 0 0
 0 0 1 1 0 1 0 0 0 0 1 1 1 1 1 0 0 1 0 1 1 1 0 1 0 0 0 1 1 0 1 0 0 1 1 1 1
 0 1 1 0 1 0 1 1 1 0 0 0 1 0 1 0 0 1 0 1 0 0 1 0 1 1 1 0 1 0 0 0 0 0 0 0 0
 1 0 0 1 0 1 0 1 1 0 1 0 1 1 1 1 1 0 1 1 0 0 0 1 0 1 0 1 1 1 0 1 1 0 1 0 0
 0 0 1 1 1 0 0 1 0 1 0 0 0 0 0 1 1 1 1 1 1 0 0 1 0 1 0 0 1 1 1 1 1 0 0 1 1
 1 1 1 1 0 1 1 0 0 1 0 1 1 0 1 1 1 1 1 0 0 0 1 0 0 0 0 0 0 1 0 1 1 0 0 0 1
 1 0 0 0 0 1 1 0 1 1 0 0 0 1 0 0 1 1 1 0 1 1 0 1]

Synthetic samples indexes: [  4   7   8  12  18  20  22  23  24  27  29  30  34  38  39  40  41  42
  43  47  52  54  58  60  62  63  65  70  71  72  74  75  79  80  84  86
  87  89  90  93  94  95  97  98  99 100 101 102 103 104 105 107 109 110
 111 112 115 117 118 119 120 126 127 129 133 135 136 137 140 142 143 148
 151 153 157 158 159 161 163 164 166 168 169 171 175 177 178 179 180 181
 182 183 184 186 187 189 194 196 202 205 206 207 209 211 218 220 221 222
 223 227 228 230 232 233 234 235 236 244 248 249 255 256 263 266 267 269
 272 278 279 280 282 283 284 285 286 287 289 292 293 294 297 298 299 300
 303 306 307 308 310 311 315 318]

========== Cluster 1 ==========

Base classifier: SVC(probability=True)

Minority Class: 1

Selected Features: [24 21 23  0  3  4  1 14  8 28  2 22  7 27 16 11 10 13 17 20  9 19  5  6]

Labels: [1 1 0 1 1 1 1 0 1 0 0 0 0 0 0 0 0 0 1 0 0 0 1 1 0 0 1 0 1 1 1 1 0 1 0 0 1
 1 0 0 1 0 0 1 1 1 1 1 0 0 0 0 0 0 0 1 1 0 0 1 1 1 1 1 0 1 1 0 1 0 0 0 0 0
 0 0 1 0 0 1 1 0 0 0 0 0 0 0 1 1 0 0 0 1 0 1 0 1 1 0 1 0 1 1 0 0 1 0 1 1 0
 0 1 1 0 0 0 0 1 1 1 1 0 1 0 1 0 0 1 0 0 1 1 1 0 0 0 0 1 1 0 0 0 0 0 1 1 1
 1 0 0 1 1 1 1 1 1 0 0 1 0 1 0 1 1 0 1 0 1 0 0 0 0 1 1 1 1 1 0 0 0 1 0 1 0
 0 0 1 0 1 1 0 1 1 0 1 1 0 0 1 1 1 1 0 1 1 1 0 0 1 1 1 1 1 0 1 1 1 1 0 1 1
 1 0 1 1 1 1 0 1 0 0 1 0 0 0 1 0 0 1 0 1 1 0 1 0 1 0 1 1 1 1 1 0 0 0 0 0 0
 1 1 1 1 0 0 0 0 0 1 1 1 1 1 0 0 0 1 1 1 0 0 1 0 0 0 0 0 0 0 0 1 1 1 0 1 1
 0 0 0 1 1 0 1 0 0 0 1 0 1 1 0 0 1 1 1 1 0 0 0 1 1 0 1 0 1 0 0 1 0 1 0 0 1
 1 1 1 0 0 0 0 0 0 0 1 1 1 0 1 1 0 0 1 1 1 1 0 0 0 1 0 0 1 0 0 1 1 1 0 1 1
 1 0 0 0 1 1 1 1 1 1 1 0 0 0 0 0 1 1 0 0 1 0 0 0 0 0 1 0 1 1 1 1 0 1 1 0 1
 0 0 1 0 0 1 1 0 0 1 0 0 0 0 0 1 1 1 0 0 0 1 1 0 1 1 0 0 0 1 0 0 0 0 1 1 1
 0 1 1 1 0 1 1 0 0 0 1 1 1 1 0 1 0 0 1 1 0 0 1 0 1 1 0 1 0 1 1 0 0 0 0 1 0
 1 0 1 1 0 0 0 0 0 1 1 1 0 0 1 0 1 0 0 1 1 0 0 1 1 0 1 0 0 0 1 0 1 1 1 0 1
 0 0 1 0 0 0 0 1 0 0 0 1 1 1 1 1 1 1 1 1 1 0 1 1 0 1 0 1 0 1 0 0 1 1 1 0 1
 0 0 1 1 1 1 0 1 0 1 0 0 0 1 0 1 1 1 0 0 0 1 0 0 0 0 0 1 1 0 1 0 0 1 1 1 1
 1 1 1 0 1 0 1 1 0 0 0 0 1 1 0 1 0 1 0 1 1 0 1 1 0 1 0 1 1 0 0 1 1 1]

Synthetic samples indexes: [  0   1   3   5   6   8  28  29  30  31  33  36  37  40  43  44  45  46
  47  56  59  60  61  62  63  66  68  76  79  80  88  89  93  95  97  98
 100 102 103 106 108 109 112 113 118 119 120 121 123 125 128 131 132 133
 138 139 145 146 147 148 151 152 153 154 155 156 159 161 163 166 168 174
 175 176 181 183 187 189 190 192 195 199 200 201 202 204 205 206 209 210
 211 212 213 215 216 217 218 220 221 222 224 225 227 229 232 236 239 241
 242 244 246 248 249 251 252 259 260 261 262 268 269 270 271 272 276 277
 278 281 291 292 294 295 299 300 302 306 308 309 313 314 315 319 320 322
 324 327 332 333 334 335 343 344 345 347 348 351 353 354 364 365 368 369
 370 374 375 376 377 378 379 380 386 387 390 396 398 399 400 401 403 404
 406 409 412 413 416 422 423 424 428 429 431 432 436 441 442 443 445 446
 447 449 450 454 455 456 457 459 462 463 466 469 471 473 474 479 481 483
 484 490 491 495 500 501 504 505 507 513 515 517 520 525 529 530 531 532
 533 534 535 536 537 538 540 543 545 547 550 551 552 554 557 558 560 564
 568 570 571 572 576 582 583 585 588 589 590 591 592 593 596 598 599 604
 605 607 609 611 612 614 615 619 620 623 624 625]

