Clustering algorithm selected: kmeans++
=====================================

Clustering evaluation metric: dbc
Clustering evaluation value: 0.16295692700970665

========== Cluster 0 ==========

Base classifier: GaussianNB()

Minority Class: 0

Selected Features: [24 21 23  0  3  4  1  8 22 28  2 14 27 13  7  9 10  6 18 11 26 20 16 17]

Labels: [0 1 0 1 0 0 1 0 1 0 1 1 0 1 0 0 1 0 1 1 0 0 1 1 1 1 1 0 1 0 0 0 1 0 0 0 1
 0 0 1 1 1 0 1 0 0 1 0 0 1 0 0 0 0 1 1 1 1 1 1 1 1 0 1 1 1 1 0 1 0 0 0 1 0
 0 0 0 1 0 1 1 1 0 1 1 1 1 1 0 1 1 0 1 0 0 0 1 0 0 0 1 0 1 1 1 0 1 0 1 0 0
 0 0 1 0 0 1 0 1 1 0 0 1 1 0 0 1 0 0 1 1 0 0 1 1 0 1 0 0 1 1 0 1 1 1 1 0 1
 1 0 0 1 1 1 0 0 0 1 1 1 1 1 1 1 1 0 0 0 0 1 1 0 1 1 0 0 1 0 0 1 0 1 1 0 0
 0 0 0 0 1 0 0 0 1 0 0 0 0 0 0 1 1 1 0 0 1 0 0 1 1 1 1 0 0 1 1 1 1 1 0 0 0
 1 0 0 1 1 0 1 0 0 0 1 1 1 0 1 1 0 0 0 1 0 0 1 0 0 1 0 0 1 1 1 1 1 1 0 1 1
 0 1 1 1 1 1 0 0 0 0 1 1 0 0 0 0 1 1 1 0 1 0 1 1 1 0 0 1 0 0 1 1 0 0 1 0 1
 0 0 0 0 1 1 1 0 0 1 1 1 0 1 1 1 1 1 0 1 0 0 0 0 1 1 0 1 1 0 1 1 0 0 0 0 1
 0 1 1 0 0 0 0 0 1 1 1 0 0 1 1 1 1 0 1 1 0 1 1 1 1 0 1 0 0 0 0 0 0 1 1 1 0
 1 0 1 1 0 1 1 0 0 1 0 0 1 1 1 1 0 0 1 1 1 0 1 0 0 0 1 0 1 0 1 0 0 0 1 0 0
 0 1 1 0 0 0 1 1 0 1 0 1 1 1 1 0 1 0 0 1 0 0 0 0 1 1 1 0 0 1 1 0 0 0 1 1 0
 0 0 1 0 0 0 1 1 0 1 0 0 0 1 1 1 0 0 1 0 1 1 1 1 0 0 1 0 1 1 1 1 0 1 0 1 1
 0 1 1 1 1 0 1 1 1 0 0 0 0 1 1 0 0 0 0 0 0 1 1 0 1 1 1 0 0 1 1 0 1 1 0 0 1
 0 1 0 1 1 0 1 0 1 1 1 0 1 1 1 0 0 0 0 1 1 0 0 1 0 0 0 0 1 0 0 0 1 1 0 0 1
 0 0 1 1 0 0 1 1 1 0 0 1 0 1 0 0 1 0 0 0 0 0 1 1 0 0 1 0 1 1 1 0 1 0 1 1 0
 0 0 1 1 0 1 0 1 0 0 0 1 1 0 1 1 0 0 0 0 0 0 0 1 1 1 0 1 0 1 0 1 1 1]

Synthetic samples indexes: [  1   3   6   8  10  11  13  16  19  22  23  24  25  26  28  32  36  40
  41  43  46  49  54  55  56  57  59  60  61  63  64  65  66  68  72  77
  79  80  81  83  84  85  86  87  89  90  92  96 100 103 104 106 108 113
 116 118 119 122 123 126 129 130 133 134 136 139 140 142 143 145 147 148
 151 152 153 159 160 161 162 163 164 172 173 179 181 182 189 193 200 202
 205 208 209 210 211 214 215 216 217 218 222 225 226 228 233 236 237 241
 244 247 250 251 252 253 254 255 257 258 260 261 262 263 264 269 270 275
 276 277 279 281 282 283 286 289 293 300 301 302 305 306 307 309 310 311
 313 315 320 321 323 324 326 327 332 334 335 341 342 343 346 348 349 351
 352 354 355 356 359 366 367 368 370 372 373 375 376 379 382 384 385 388
 389 390 392 396 398 400 404 408 413 414 418 420 421 423 426 431 432 433
 436 437 441 442 446 450 451 453 457 458 459 462 464 465 467 470 472 473
 474 475 477 479 480 482 483 484 485 487 488 489 494 495 502 503 505 506
 507 510 511 513 514 517 519 522 524 526 527 528 530 532 537 538 541 546
 550 551 554 557 558 561 563 566 568 571 577 578 583 584 585 587 589 590
 594 595 599 603 604 606 615 616 617 619 621 624 625]

========== Cluster 1 ==========

Base classifier: GaussianNB()

Minority Class: 0

Selected Features: [24 21 23 22  3  4  1  0 20 19  2 28 16 10  8 17 18  6 25 12 26 14 11]

Labels: [0 0 1 0 1 0 0 1 1 1 1 0 0 0 1 1 1 1 0 0 1 0 0 1 0 0 0 0 0 0 1 1 1 1 0 0 1
 0 0 1 0 0 1 0 1 1 1 1 1 1 1 0 1 0 0 1 0 1 1 0 1 0 0 1 1 1 1 0 1 1 0 1 1 0
 1 0 0 0 0 1 0 0 0 1 0 0 1 0 0 1 1 1 0 0 1 0 1 0 1 1 0 1 1 1 1 1 1 0 1 0 1
 1 0 0 0 0 1 1 0 1 1 1 1 0 0 1 1 1 1 0 0 1 0 0 0 1 0 0 1 0 1 1 1 1 0 0 0 1
 1 0 0 0 1 0 0 0 0 0 1 1 0 1 0 1 1 0 0 0 0 0 1 0 1 0 1 0 1 0 1 1 1 0 0 0 0
 1 1 1 0 0 1 1 0 0 0 0 1 1 0 1 0 0 1 1 0 0 0 1 1 0 1 0 1 1 0 1 0 1 1 1 1 1
 1 0 0 0 1 0 1 0 0 1 1 0 1 0 1 1 0 0 0 1 1 0 0 0 0 0 1 1 0 1 0 0 0 1 0 0 0
 1 1 1 1 0 0 1 1 0 0 1 1 0 0 0 1 0 1 1 1 1 0 0 1 0 1 0 1 0 1 1 1 0 0 0 0 0
 0 1 1 0 1 1 0 1 0 0 1 1 0 1 1 0 0 1 0 1 0 1 1 1 1 1]

Synthetic samples indexes: [  0   1   3   5   6  11  12  13  18  19  22  24  25  26  27  28  29  34
  35  37  38  40  41  43  51  54  56  59  61  62  67  70  73  75  76  77
  78  80  81  82  84  85  87  88  92  93  95  97 100 107 109 112 113 114
 115 118 123 124 129 130 132 133 134 136 139 145 146 149 150 151 153 154
 155 156 157 160 162 165 166 167 168 169 171 173 175 177 181 183 184 188
 189 192 193 194 195 198 200 201 204 205 206 209 211 214 216 223 224 225
 227 229 230 233 235 238 239 240 243 244 245 246 247 250 252 253 254 256
 257 263 264 267 268 271 273 275 280 283 285 287 291 292 293 294 295 296
 299 302 304 305 308 311 312 314 316]

