Clustering algorithm selected: kmeans++
=====================================

Clustering evaluation metric: dbc
Clustering evaluation value: 0.17311297003598863

========== Cluster 0 ==========

Base classifier: GaussianNB()

Minority Class: 0

Selected Features: [24  0 21 23  3  1  4 14  8 28 27 22  2  7 11 16 10 13  9 26  6 17  5 18]

Labels: [1 0 1 0 0 1 1 0 1 0 0 0 0 1 0 1 0 1 1 0 1 0 0 1 0 0 1 1 1 1 1 1 0 0 1 1 1
 0 1 0 0 0 0 1 1 1 0 0 1 1 1 0 0 0 0 0 0 1 0 1 1 1 0 0 0 0 1 1 0 0 1 1 0 0
 0 1 1 1 1 1 1 0 1 0 1 0 0 1 1 0 0 1 1 1 1 1 1 0 1 0 0 1 0 1 0 0 1 1 0 0 0
 0 1 1 1 0 1 1 1 0 1 0 1 1 0 1 0 0 1 1 1 0 1 1 1 0 0 1 1 1 1 0 0 0 1 1 0 0
 1 1 1 0 1 1 0 1 0 0 1 1 1 1 0 0 1 1 0 0 1 1 0 0 0 1 0 1 0 1 1 0 1 0 0 0 0
 0 1 1 0 0 1 0 0 1 0 1 0 0 1 0 0 0 0 0 0 0 0 1 1 0 1 0 1 1 1 0 1 0 1 1 0 0
 0 1 0 0 0 1 0 1 0 0 0 0 1 1 0 0 0 0 1 0 1 1 0 1 1 1 1 1 1 1 0 1 1 1 0 1 1
 1 1 0 0 1 1 1 0 0 0 0 1 1 1 0 0 0 0 1 1 0 0 0 0 1 1 1 1 0 1 0 0 0 0 1 0 1
 0 0 0 0 1 0 0 1 0 0 1 1 1 1 0 0 0 0 1 1 1 0 0 1 0 1 1 0 0 0 0 1 1 1 0 1 0
 0 1 0 0 0 1 1 0 0 1 1 1 0 0 0 0 0 1 0 1 1 1 0 1 0 0 0 1 0 0 1 0 1 0 1 1 0
 1 0 1 1 0 1 0 0 1 0 1 0 1 0 1 1 0 0 0 0 1 1 0 1 1 1 0 0 1 1 0 1 1 1 1 1 1
 1 1 1 0 0 0 0 0 0 0 0 1 1 1 1 1 1 0 1 0 1 1 0 0 1 1 1 1 1 0 0 1 0 0 0 1 0
 1 0 1 0 0 0 1 1 1 0 1 1 0 1 0 1 0 1 1 0 1 1 0 0 0 1 1 0 0 1 1 1 1 1 1 1 1
 0 0 0 1 0 0 0 0 0 1 1 1 0 0 1 0 0 1 0 1 1 1 1 0 0 0 1 1 0 0 1 1 0 1 1 0 0
 0 1 1 1 1 0 0 0 1 0 1 0 0 0 0 1 0 0 1 1 1 0 1 1 0 0 1 1 1 1 0 0 0 0 0 1 0
 1 0 0 1 0 1 0 1 0 1 1 0 1 0 1 0 0 1 0 0 1 0 0 1 1 0 0 1 0 0 1 1 0 1 0 0 1
 0 0 1 1 1 1 1 0 1 1 0 0 1 1 0 1 1 0 1 0 0 0 0 0 1 1 0 1 1 1 0 0 1 0 1 1 0
 1 0 0]

Synthetic samples indexes: [  0   2   6   8  13  15  17  18  20  23  26  27  28  29  30  31  34  35
  36  38  43  44  45  48  49  50  57  59  61  66  67  70  71  75  76  77
  78  79  80  82  84  87  88  91  92  93  94  95  96  98 101 103 106 107
 112 114 116 117 118 120 125 128 129 133 134 137 138 139 140 144 145 148
 149 150 153 155 158 159 160 161 164 165 168 169 173 175 177 178 180 186
 187 190 193 195 198 207 208 210 212 213 214 216 219 223 227 229 235 240
 242 243 245 247 248 249 250 251 253 254 255 257 258 259 260 263 265 270
 272 277 278 283 284 285 286 288 300 303 306 307 308 309 314 315 316 321
 322 327 329 331 334 339 342 343 352 353 354 356 360 363 365 367 368 370
 372 373 375 378 380 382 390 391 393 394 395 398 399 401 402 403 404 405
 406 408 418 419 421 422 423 425 427 428 431 432 433 434 435 438 442 444
 446 450 451 454 455 457 459 461 462 464 465 469 470 473 474 475 476 477
 478 479 480 484 490 491 492 495 498 500 501 502 503 507 508 511 512 515
 519 520 521 522 526 528 533 536 537 538 540 541 544 545 546 547 553 555
 558 560 562 564 565 567 569 572 575 578 579 582 585 586 588 591 595 596
 597 598 600 601 604 605 607 608 610 616 617 619 620 621 624 626 627 629]

========== Cluster 1 ==========

Base classifier: GaussianNB()

Minority Class: 0

Selected Features: [22 24 21 23  1  4  3  8 20 15  0  6 10 16 28 17 19  2 18 14 30 12 26]

Labels: [1 1 1 0 0 1 1 0 1 1 1 1 0 1 0 0 0 0 0 0 1 0 0 0 0 0 1 0 1 1 1 0 1 0 0 1 0
 0 1 0 1 0 1 1 1 1 1 1 0 0 1 0 0 1 1 1 0 0 0 1 0 0 1 1 1 1 1 1 1 0 1 0 0 1
 0 0 1 1 0 0 1 1 1 0 1 1 0 1 1 0 1 1 0 1 1 1 1 1 0 1 0 0 0 0 0 0 1 1 0 0 0
 0 0 0 1 0 0 1 0 1 1 1 1 0 0 1 1 0 0 0 1 0 1 0 1 1 0 1 1 0 1 1 1 0 1 0 0 0
 1 0 0 0 0 0 0 1 1 1 0 0 0 1 1 1 0 1 1 1 1 1 1 1 0 1 0 0 0 0 1 1 0 0 1 1 1
 1 0 1 1 1 0 1 1 0 1 1 1 0 1 0 0 0 0 0 1 1 1 0 1 1 1 0 0 1 1 0 0 0 1 0 0 0
 1 1 0 0 0 1 1 0 0 0 1 1 0 0 0 0 1 1 1 0 0 1 0 0 1 1 1 0 0 1 0 0 1 0 0 1 1
 0 0 1 1 0 0 1 0 0 1 1 0 1 1 0 0 1 0 0 1 1 1 1 0 0 1 0 0 1 0 1 0 0 0 0 0 1
 1 0 1 0 1 1 1 0 0 0 0 1 0 1 1 1 0 1 0 1 0 0 1 0 1 0 1 0]

Synthetic samples indexes: [  3   4   7  12  14  15  16  18  19  21  22  23  24  25  27  31  33  36
  37  39  41  48  49  51  52  56  57  58  60  61  69  71  72  74  75  78
  79  83  86  89  92  98 100 101 102 103 104 105 108 109 110 111 112 113
 115 116 118 124 127 128 129 131 133 136 139 143 145 146 147 149 150 151
 152 153 154 158 159 160 164 172 174 175 176 177 180 181 186 190 193 197
 199 200 201 202 207 211 212 215 216 217 219 220 221 224 225 226 229 230
 231 234 235 236 237 241 242 244 245 249 252 253 255 256 259 260 263 264
 266 267 270 273 276 277 282 283 285 286 288 290 291 292 293 294 297 299
 303 304 305 306 308 312 314 316 317 319 321 323]

