Clustering algorithm selected: kmeans++
=====================================

Clustering evaluation metric: dbc
Clustering evaluation value: 0.1673082544946312

========== Cluster 0 ==========

Base classifier: GaussianNB()

Minority Class: 1

Selected Features: [21 24 22 23  1  3  4 19  0 20 16  8 28  2 10 17 18  6 14 15 26 12 25]

Labels: [0 1 1 0 0 1 0 1 0 1 0 0 1 0 1 0 1 0 0 0 0 0 0 1 1 1 1 0 0 1 1 1 1 1 1 1 0
 0 0 0 0 0 0 1 1 1 0 0 0 0 1 0 0 0 1 0 1 0 1 0 1 1 0 0 0 0 0 1 0 0 0 1 1 1
 0 1 0 1 1 0 1 1 0 0 1 1 0 1 1 1 1 0 1 1 1 1 1 1 0 0 1 0 1 0 0 0 0 0 0 1 1
 1 1 1 0 1 1 0 0 1 0 0 0 1 1 0 1 1 1 1 0 0 0 1 1 0 0 1 0 1 0 1 1 1 0 0 0 0
 0 1 1 0 0 1 1 1 0 1 1 1 1 0 1 1 1 1 1 1 0 1 1 1 0 0 0 0 0 0 0 1 1 1 0 0 1
 0 0 0 1 1 1 0 1 0 0 1 0 0 0 0 0 0 1 1 0 1 1 0 1 1 1 0 0 0 0 1 1 1 0 1 0 1
 1 1 0 0 0 0 0 0 1 0 0 1 0 1 0 0 0 0 1 1 1 1 1 0 1 1 0 0 1 1 0 1 0 1 0 0 1
 0 1 0 0 1 1 1 1 1 1 1 1 0 0 1 0 0 0 1 0 1 1 1 0 0 0 1 0 1 1 1 1 1 1 0 0 1
 0 1 1 0 1 1 0 0 0 0 0 1 0 0 0 1 1 1 0 0 1 0 1 0]

Synthetic samples indexes: [  0   3   4   6   8  10  11  13  15  18  19  20  21  22  27  28  36  37
  38  39  40  41  42  46  47  48  49  51  52  53  55  57  59  62  63  64
  65  66  68  69  70  74  76  79  82  83  86  91  98  99 101 103 104 105
 106 107 108 114 117 118 120 121 122 125 130 131 132 135 136 138 140 144
 145 146 147 148 151 152 156 161 168 172 174 175 176 177 178 182 183 186
 187 193 194 196 197 198 199 200 201 204 207 211 212 213 214 218 220 224
 225 226 227 228 229 231 232 234 237 238 239 245 248 249 254 256 257 259
 261 262 271 272 274 275 276 278 282 283 284 286 293 294 296 299 302 303
 305 306 308 309 310 314 315 317 319]

========== Cluster 1 ==========

Base classifier: GaussianNB()

Minority Class: 1

Selected Features: [21 24 23  0  2  3  8  4  1 28 22 27 14  7  9 11 13  5 16 26 17  6 18 20]

Labels: [1 0 1 0 1 1 1 1 1 0 0 1 1 1 0 1 0 1 0 0 0 1 0 1 1 1 1 0 1 0 1 0 0 1 1 0 0
 0 0 1 1 1 0 0 0 0 1 1 0 0 1 1 1 0 0 0 0 0 0 1 1 0 0 1 0 1 1 0 0 1 1 1 0 0
 0 0 1 0 1 0 1 0 0 1 1 0 0 0 1 1 0 0 1 1 0 0 0 1 0 0 1 1 0 1 0 0 0 0 1 1 1
 0 0 0 1 0 1 0 1 1 1 0 0 1 1 0 1 1 0 1 0 0 0 1 1 1 1 0 1 1 0 1 1 1 1 1 0 1
 0 0 0 1 0 0 0 1 0 0 1 0 1 1 0 0 1 1 1 0 1 1 1 0 0 0 0 1 1 0 0 0 0 0 0 0 0
 1 0 0 0 1 1 0 1 1 1 0 0 0 0 0 0 0 0 1 1 0 1 1 1 1 1 1 0 0 1 0 1 1 0 0 1 0
 0 1 0 1 0 0 0 0 0 0 1 1 1 1 0 1 0 1 0 1 1 0 0 0 1 1 1 0 0 1 1 1 0 0 1 1 1
 0 0 1 0 0 1 1 0 0 1 0 0 1 1 1 0 1 1 0 1 0 0 0 0 1 0 0 1 1 1 0 1 0 0 0 1 1
 1 1 1 0 0 1 1 0 1 1 1 0 1 0 0 1 1 0 1 1 1 1 0 0 1 1 1 1 0 0 0 1 0 1 1 1 0
 0 1 1 1 0 0 0 1 0 1 1 0 0 1 0 0 0 1 0 1 1 1 0 0 1 0 0 1 1 0 1 1 1 0 1 1 0
 1 1 1 0 0 0 0 0 1 0 1 1 0 1 0 0 1 0 1 0 1 1 0 0 1 0 1 1 1 1 1 1 1 0 0 0 0
 1 0 0 1 1 0 1 1 1 0 0 1 0 0 0 0 1 0 1 1 1 0 0 0 0 1 0 0 0 0 1 0 0 1 1 1 1
 0 0 0 1 0 0 0 0 1 1 0 0 1 0 0 1 0 1 1 0 1 0 1 0 1 0 1 0 0 0 0 1 0 1 1 0 0
 1 1 1 1 0 0 0 1 0 1 1 1 1 1 0 0 0 0 0 0 1 0 0 0 1 0 1 1 1 0 0 0 0 1 0 1 0
 1 1 0 0 0 1 1 0 1 1 1 1 0 1 0 0 1 1 0 0 0 1 1 1 0 0 1 0 0 1 1 1 0 1 0 0 0
 0 1 0 1 0 1 1 1 1 1 1 1 0 0 1 1 1 1 1 1 1 1 0 0 0 1 0 0 0 0 1 0 0 1 0 0 1
 1 0 0 0 1 1 1 1 1 1 1 1 1 1 1 1 1 0 0 1 1 1 0 1 1 0 0 1 0 1 0 1 0 1 0 0]

Synthetic samples indexes: [  0   4   5   6   7  12  13  15  17  21  23  24  25  26  28  30  33  34
  39  40  41  46  47  50  51  52  59  60  65  66  70  71  76  78  80  83
  84  88  89  92  93  97 100 101 103 109 110 114 116 118 119 120 124 126
 127 129 133 134 136 138 139 141 142 143 145 147 151 155 158 160 161 164
 165 166 169 170 175 176 185 189 190 192 193 194 203 204 206 207 208 209
 210 211 216 217 220 232 233 234 235 237 239 241 242 246 247 248 251 252
 253 256 257 258 261 264 265 268 271 272 273 275 276 278 283 286 287 288
 290 295 296 297 298 301 302 304 305 306 311 312 315 316 317 320 321 322
 323 327 329 330 331 334 335 336 340 343 346 350 352 353 354 357 360 363
 364 365 367 368 370 371 372 378 380 381 386 388 390 391 394 396 397 398
 401 402 407 410 413 414 415 418 423 425 426 427 432 437 440 442 443 447
 452 453 456 459 461 462 464 468 470 475 477 478 481 482 483 484 488 490
 491 492 493 494 501 505 508 509 516 519 523 524 526 527 528 529 531 534
 535 539 540 541 544 547 548 551 556 558 560 561 562 563 564 565 566 569
 571 572 573 575 576 580 585 588 591 592 596 597 598 599 601 602 603 604
 605 606 607 608 611 612 613 615 616 619 621 623 625]

