Clustering algorithm selected: kmeans++
=====================================

Clustering evaluation metric: silhouette
Clustering evaluation value: 0.37738845647553637

========== Cluster 0 ==========

Base classifier: SVC(probability=True)

Minority Class: 0

Selected Features: [21 23 24  0  3  4  1  8 14 22 28  2  7 27 13]

Labels: [0 0 0 1 0 0 1 1 1 1 1 0 1 1 0 0 1 0 0 0 0 1 0 0 1 0 0 1 1 0 0 1 1 0 0 1 1
 0 1 1 1 0 1 1 0 1 0 1 0 1 0 0 1 0 1 1 1 0 0 0 1 0 0 1 1 0 0 1 0 1 1 0 1 1
 0 0 1 1 0 1 1 0 1 0 0 1 1 0 1 0 1 0 0 1 0 1 0 1 1 1 0 0 0 0 1 1 0 1 1 1 1
 0 1 1 0 1 1 0 1 1 1 0 1 1 0 0 1 1 0 1 0 1 0 0 1 0 1 0 1 1 0 1 1 0 1 1 0 1
 1 1 1 0 0 0 0 1 1 1 0 0 0 1 1 0 0 0 0 0 1 1 1 0 1 1 1 0 0 0 1 1 0 0 1 1 1
 1 1 1 0 1 0 1 0 1 0 0 1 1 0 1 0 0 0 1 1 1 0 0 0 0 1 1 1 0 0 1 0 1 0 1 1 1
 1 1 0 1 0 0 1 0 0 0 1 1 0 0 0 1 0 0 1 1 0 1 0 1 0 1 0 0 0 1 1 1 0 1 1 0 0
 1 0 0 0 1 1 0 0 0 0 1 0 0 1 0 0 0 1 0 1 1 0 1 0 1 1 1 0 1 1 1 1 0 1 0 1 1
 0 1 1 1 0 1 0 0 0 0 1 0 0 0 1 0 0 0 0 1 0 0 0 0 0 1 0 0 1 1 0 0 0 0 1 0 1
 1 1 0 0 1 1 1 1 0 1 0 1 0 0 1 1 0 1 0 1 0 0 0 1 1 0 0 1 1 1 1 1 0 0 1 1 0
 0 1 1 1 0 0 1 1 0 1 0 0 0 1 0 1 0 1 0 1 1 1 1 0 1 1 0 1 1 0 0 1 1 1 0 0 1
 0 0 0 0 0 0 0 0 1 1 0 1 0 1 1 0 0 0 1 0 1 0 0 0 1 1 0 0 1 1 0 1 0 0 0 0 0
 0 0 1 1 1 1 0 1 1 1 0 1 0 0 1 0 1 1 0 0 0 1 0 1 0 1 0 1 1 1 0 1 1 1 0 0 0
 0 0 1 0 0 1 1 0 0 0 0 1 0 1 0 0 1 0 0 1 0 0 0 0 1 1 1 1 0 1 1 0 1 1 0 0 0
 1 1 1 0 0 0 1 1 1 1 1 0 1 0 0 1 0 1 0 0 0 0 0 1 0 1 1 1 1 0 0 1 1 1 0 1 0
 1 0 0 0 1 1 1 1 0 0 0 1 1 1 0 1 1 0 0 0 0 0 0 1 0 0 1 1 1 0 1 0 1 1 1 1 1
 1 1 0 1 1 1 1 0 1 0 1 0 0 1 0 1 0 0 0 1 0 1 1 0 1 0 1 1 0 1 0 1 0 0]

Synthetic samples indexes: [  3   6   7   9  10  12  13  16  21  24  27  28  31  35  36  38  39  40
  42  43  45  49  52  55  56  60  63  64  67  69  70  72  76  79  80  82
  85  90  93  95  97  98  99 104 105 107 108 109 110 112 113 115 116 118
 119 120 122 123 126 127 129 131 134 136 138 139 141 142 144 145 147 148
 150 155 156 157 162 168 169 170 172 173 174 179 182 183 184 185 186 187
 189 191 193 196 197 199 203 204 205 210 212 215 217 219 220 221 222 223
 225 228 232 233 237 240 241 243 245 247 251 252 253 256 259 263 264 269
 272 279 281 283 284 285 287 288 289 290 292 294 295 297 298 299 301 306
 310 315 321 324 325 330 332 333 334 337 338 340 342 344 347 348 350 352
 356 357 361 362 363 364 367 368 371 372 373 376 377 379 383 385 387 389
 390 391 392 394 395 397 398 401 402 403 406 415 416 418 420 421 425 427
 431 432 436 438 449 451 452 453 455 458 460 461 467 469 471 472 473 475
 476 477 486 487 494 500 505 506 507 508 510 511 513 518 519 520 524 525
 526 527 528 533 535 541 543 544 545 546 549 550 553 555 561 562 566 567
 568 570 571 578 581 582 583 585 587 588 589 590 591 593 595 596 597 598
 600 602 605 607 611 613 614 616 618 619 621 623]

========== Cluster 1 ==========

Base classifier: SVC(probability=True)

Minority Class: 0

Selected Features: [24 21 23 22  0  4  3  1 20 14  8 16 10 28 17  6  2]

Labels: [0 0 0 1 0 0 0 0 0 0 1 0 0 0 0 1 1 1 1 1 1 1 0 1 0 1 1 1 0 0 0 0 1 1 0 1 0
 0 1 1 1 0 1 0 0 0 0 1 1 1 1 1 0 0 0 1 1 0 1 1 1 0 0 0 0 1 1 0 1 1 0 0 0 0
 1 1 0 0 0 0 0 1 0 1 1 0 1 0 0 0 1 1 0 1 1 1 0 1 0 0 0 1 0 1 0 1 0 0 1 0 1
 1 1 1 0 0 0 1 0 1 1 0 0 0 1 0 0 1 0 0 0 1 1 1 0 1 0 0 1 0 0 1 1 1 1 1 1 0
 0 1 0 1 1 0 1 1 1 0 1 0 1 0 1 1 1 0 0 1 1 1 0 0 0 1 1 0 1 1 1 1 0 1 0 0 1
 0 1 0 1 0 0 0 1 1 1 1 1 1 0 1 0 0 0 0 0 0 0 1 1 0 1 0 1 0 0 1 0 0 0 1 0 0
 1 1 0 0 0 1 1 1 1 1 1 0 1 0 0 0 0 0 1 0 1 0 0 1 1 0 1 0 0 1 1 1 0 1 0 0 1
 1 1 1 0 1 0 1 0 0 0 0 1 0 0 1 0 1 1 1 1 1 0 1 0 1 1 1 1 1 0 0 0 0 0 1 1 0
 0 1 0 0 1 1 0 0 1 1 1 0 1 1 0 1 1 1 0 1 1 1 0 0]

Synthetic samples indexes: [  0   1   2   4   5   6   7   8   9  11  12  13  14  22  24  29  31  36
  37  41  43  44  45  46  52  53  54  57  61  62  63  64  67  70  71  72
  73  76  77  78  79  80  85  87  88  89  92  96  98  99 100 102 104 106
 109 114 115 116 118 121 122 123 125 128 130 134 136 137 139 140 147 148
 150 153 157 159 161 165 166 170 171 172 175 180 182 183 185 187 189 190
 191 198 200 201 203 204 205 206 209 211 213 214 216 217 218 220 221 224
 225 226 233 235 236 237 238 239 241 243 244 247 249 250 254 256 257 262
 264 266 267 268 269 271 272 274 280 282 288 289 290 291 292 295 296 298
 299 302 303 307 310 314 318 319]

