Clustering algorithm selected: kmeans
=====================================

Clustering evaluation metric: silhouette
Clustering evaluation value: 0.3702488414509102

========== Cluster 0 ==========

Base classifier: SVC(probability=True)

Minority Class: 0

Selected Features: [24  0 21 23  1  3  4 28  8  2 22 27 14  7  9]

Labels: [1 0 1 1 1 0 1 0 0 1 0 1 1 0 1 1 1 0 0 0 0 0 0 1 1 1 0 0 0 1 1 0 1 0 0 1 0
 1 0 0 1 1 0 1 1 0 0 0 1 0 1 1 0 1 1 1 1 0 0 0 1 1 1 0 0 0 1 1 1 0 1 1 0 0
 0 0 0 0 0 1 1 1 1 1 0 0 1 0 0 0 1 1 0 0 1 1 1 1 1 1 1 1 0 0 0 1 0 0 0 0 0
 1 1 0 1 0 0 1 0 0 1 0 0 1 0 0 1 0 0 0 1 1 1 1 1 0 0 1 1 0 0 0 1 1 0 1 1 0
 0 0 0 1 0 0 0 0 1 0 1 1 1 1 0 1 1 0 0 1 0 1 0 1 0 1 1 0 1 0 1 0 1 0 1 0 1
 1 1 1 1 0 1 0 0 1 1 1 0 0 0 1 1 0 0 1 1 0 0 0 1 1 0 0 1 1 1 1 1 0 0 1 0 0
 1 1 0 1 1 1 1 0 0 1 0 1 0 1 0 0 0 1 0 0 1 0 1 0 0 1 0 1 1 1 1 1 1 1 0 1 1
 1 0 0 1 1 1 0 1 1 1 1 0 0 0 0 0 1 1 1 1 0 1 0 0 0 1 1 1 0 0 0 0 0 1 0 0 0
 1 1 1 1 0 0 0 1 1 1 1 0 1 0 0 0 0 0 1 0 0 1 1 1 1 0 1 0 0 1 1 1 1 0 1 0 0
 0 0 0 0 0 0 0 1 0 1 0 1 1 0 1 0 0 1 1 0 1 0 0 1 0 1 1 1 1 1 1 0 0 1 1 1 0
 0 1 0 0 1 1 1 0 1 0 1 1 1 0 0 0 1 1 1 1 0 0 0 1 1 1 0 1 0 1 0 1 1 0 0 1 0
 1 1 1 0 1 1 0 0 1 1 0 1 0 1 1 0 1 1 0 1 1 0 1 1 0 0 1 0 1 0 0 0 0 0 0 0 0
 1 1 0 1 1 0 0 0 0 0 1 1 0 1 0 1 1 0 0 0 1 1 0 0 0 0 1 0 0 1 1 1 1 0 0 0 1
 1 1 1 0 0 0 0 1 1 1 1 0 1 0 0 1 1 1 0 1 0 0 1 0 0 1 1 1 0 0 0 0 0 0 0 0 0
 1 1 1 0 1 0 0 0 1 0 1 0 0 0 1 0 0 0 0 1 0 1 1 0 0 0 0 1 1 0 0 0 0 0 0 0 1
 1 0 0 1 1 0 0 1 1 1 0 1 1 1 1 1 0 1 1 0 1 1 1 0 1 1 0 0 1 1 0 0 0 1 1 1 1
 0 0 1 0 0 1 1 1 1 1 1 0 1 0 1 0 1 1 0 1 1 0 0 1 0 0 0 0 0 1]

Synthetic samples indexes: [  3   4   9  11  14  15  16  23  24  25  29  30  32  35  37  41  44  48
  50  51  53  54  55  60  61  62  67  68  70  71  79  80  81  82  83  86
  90  91  94  95  96  97  98  99 100 101 105 111 112 114 117 120 123 126
 130 131 132 133 134 137 138 142 143 145 146 151 156 158 159 160 161 163
 164 167 169 171 173 174 176 178 180 182 184 185 186 187 188 190 193 194
 195 199 200 203 204 208 209 212 213 214 215 216 219 223 225 226 227 228
 231 233 235 239 242 244 247 249 250 251 252 253 254 255 257 258 259 262
 264 267 268 269 275 276 278 280 284 285 286 292 296 297 299 303 304 305
 306 308 314 317 318 319 327 328 330 340 342 345 347 350 351 353 356 358
 359 360 361 362 363 366 367 368 371 374 375 378 380 381 382 386 387 388
 389 393 394 395 397 399 401 402 407 408 409 412 416 418 420 421 423 424
 426 427 429 430 433 435 444 445 447 448 454 455 457 459 460 464 465 473
 474 475 476 480 481 482 483 488 489 490 491 493 496 497 498 500 503 506
 507 508 518 519 520 522 526 528 532 539 540 545 555 558 559 562 563 564
 566 567 568 569 570 572 573 575 576 577 579 580 583 584 590 591 594 598
 599 600 601 602 604 606 608 609 611 612 615 621]

========== Cluster 1 ==========

Base classifier: SVC(probability=True)

Minority Class: 0

Selected Features: [21 24 23  3  1  4 28  8 16 20  0 25 10 14 17 22  2]

Labels: [0 0 0 1 1 1 0 0 1 1 0 1 0 1 1 0 0 1 1 0 0 0 0 1 0 0 1 1 0 0 0 0 1 0 0 0 0
 1 0 0 1 1 0 0 1 1 1 1 1 1 0 0 1 0 1 0 0 0 0 0 1 0 0 0 0 1 1 1 1 1 0 1 0 1
 0 0 1 1 1 1 1 0 1 0 0 0 1 0 0 0 0 0 1 0 0 0 1 1 0 1 1 0 1 0 1 1 0 1 1 1 1
 1 0 1 1 0 1 1 0 0 0 0 1 0 0 0 1 0 0 1 0 1 0 1 0 1 0 1 1 0 1 1 0 1 0 0 0 1
 1 1 1 0 1 1 1 1 1 1 1 1 1 1 1 0 1 0 0 0 1 1 0 0 1 0 1 0 0 0 0 0 0 1 0 1 1
 1 1 1 1 1 0 1 1 1 0 1 0 1 1 1 1 1 1 1 0 0 0 0 1 0 0 1 0 1 0 1 1 0 0 0 1 1
 0 1 0 0 0 1 1 0 0 1 1 1 0 1 1 1 0 0 1 0 0 0 1 0 0 1 0 1 0 1 1 0 0 1 1 0 0
 1 1 0 0 1 1 1 1 0 1 0 1 0 1 1 0 0 0 1 0 1 0 1 1 0 1 0 0 1 0 1 1 0 0 1 0 1
 1 0 0 0 1 0 1 0 1 0 0 0 1 1 1 1 0 0 0 0 1 1 0 0 0 0]

Synthetic samples indexes: [  0   1   2   6   7  10  12  15  16  19  20  22  24  25  28  29  30  33
  34  35  36  38  39  42  43  51  53  55  56  58  59  61  62  63  64  70
  72  74  75  81  83  84  85  87  88  89  90  91  93  94  95  98 101 103
 106 112 115 118 119 120 121 123 124 125 127 128 130 132 134 136 139 142
 144 145 146 151 163 165 166 167 170 171 173 175 176 177 178 179 180 182
 190 194 196 204 205 206 207 209 210 212 214 217 218 219 222 224 225 226
 229 230 238 239 241 242 243 245 248 250 253 254 258 261 262 267 269 271
 274 275 276 278 283 285 286 288 291 292 294 297 298 299 301 303 305 307
 312 313 314 315 318 319]

