Clustering algorithm selected: kmeans
=====================================

Clustering evaluation metric: silhouette
Clustering evaluation value: 0.3836484138214458

========== Cluster 0 ==========

Base classifier: SVC(probability=True)

Minority Class: 0

Selected Features: [24 21 23  0  1  4  3 14  8 28  2 27 22  7 11]

Labels: [1 0 1 0 1 1 0 0 0 1 0 0 1 0 0 0 0 0 0 1 0 1 0 0 0 1 0 1 1 1 0 1 1 1 0 0 1
 0 1 0 1 1 0 1 0 0 1 1 1 0 1 1 1 0 0 0 1 1 0 0 0 0 1 0 0 0 0 0 1 0 0 0 1 1
 1 0 1 0 1 1 0 1 1 1 0 1 1 0 1 1 1 0 0 1 1 0 0 0 1 0 1 1 0 1 1 1 1 0 0 1 1
 0 1 1 1 1 1 0 0 1 1 1 1 1 0 0 1 1 0 1 1 0 1 0 0 1 0 1 0 0 1 0 1 0 0 0 0 1
 0 0 0 0 0 1 1 0 0 0 1 0 1 1 1 0 1 1 0 1 0 0 1 1 1 1 1 1 0 1 1 0 0 1 1 1 1
 0 1 1 1 0 0 0 1 1 1 0 1 0 0 1 1 0 0 0 0 0 1 1 1 0 0 0 0 0 1 0 1 0 1 0 1 0
 0 0 0 0 0 1 1 0 1 0 0 1 1 1 0 1 0 1 0 1 0 0 1 1 1 1 1 1 1 1 0 0 1 0 1 0 0
 1 1 0 1 0 0 1 0 0 0 0 0 1 0 0 1 1 1 0 0 1 0 1 1 1 0 1 1 0 0 1 1 1 0 1 1 1
 0 1 0 0 1 0 0 1 1 1 0 1 0 0 0 0 1 1 1 0 0 0 0 0 0 0 0 1 0 1 0 0 0 1 1 1 1
 0 1 0 0 0 1 1 1 1 0 0 1 0 0 1 0 1 1 0 0 1 1 1 0 1 0 1 0 0 1 0 0 0 1 1 1 0
 0 1 0 1 1 1 1 1 1 0 0 0 0 1 1 1 0 0 1 1 1 0 1 1 1 1 0 0 1 0 1 1 0 1 0 0 1
 1 0 0 0 0 0 1 0 0 1 0 0 1 0 0 1 1 1 0 0 0 1 1 1 1 1 1 0 1 0 0 0 1 1 1 0 1
 1 0 1 1 1 0 1 1 1 1 1 0 0 0 1 0 1 1 0 1 1 1 1 1 0 1 0 0 1 0 1 0 0 0 1 1 1
 1 0 0 1 1 1 0 0 0 1 1 0 1 0 0 0 0 1 1 1 0 0 0 1 0 0 1 0 1 0 0 1 0 0 1 1 0
 1 0 0 0 0 0 1 0 0 0 1 1 0 0 1 0 1 1 0 0 0 0 1 1 0 1 1 0 1 1 1 0 1 1 1 0 0
 0 1 1 0 1 1 0 0 0 1 0 0 0 0 1 1 1 1 1 1 1 1 0 0 1 0 1 0 0 0 0 0 0 0 0 1 0
 1 1 0 0 1 0 0 0 0 0 0 1 0 1 1 0 1 1 0 0 0 1 1 1 1 1 0 0 0 1 0 1 1 0 1 1 0
 1 0 1]

Synthetic samples indexes: [  0   2   4   5   9  12  19  21  25  27  28  29  31  32  33  36  38  40
  41  43  46  47  48  50  51  52  56  57  62  68  72  73  74  76  78  79
  81  82  83  85  86  88  89  90  93  94  98 100 101 103 104 105 106 109
 110 112 113 114 115 116 119 120 121 122 126 127 129 130 132 135 137 140
 142 147 153 154 160 161 164 167 170 171 172 173 174 175 177 178 181 182
 183 184 186 187 188 192 193 194 196 199 200 207 208 214 216 218 227 228
 230 233 234 235 237 239 241 244 246 247 250 251 254 259 260 262 265 271
 274 275 276 279 281 282 283 285 286 289 290 291 293 294 295 297 300 303
 312 313 314 323 325 329 330 331 332 334 338 339 340 341 344 347 350 355
 357 359 362 366 367 368 371 373 374 375 376 377 378 383 384 385 388 390
 393 394 395 398 400 401 403 406 407 413 416 419 422 423 424 429 430 431
 432 433 439 440 441 443 444 446 447 448 450 451 452 453 454 458 460 461
 463 464 465 466 467 469 472 474 478 479 481 485 486 490 491 493 498 499
 500 504 507 509 512 516 518 524 528 529 532 534 535 540 543 544 546 547
 548 550 551 552 556 557 559 560 564 569 570 572 573 575 579 581 590 592
 593 596 603 605 606 608 609 613 614 615 616 617 621 623 624 626 629 631]

========== Cluster 1 ==========

Base classifier: SVC(probability=True)

Minority Class: 0

Selected Features: [24 22 21 23  4  1  3  8 20 10 15  0 17 16  6 28  2]

Labels: [0 0 1 0 0 1 1 0 1 1 1 1 1 0 1 0 1 1 1 0 1 0 1 1 1 0 1 0 0 1 1 1 0 1 1 1 1
 0 1 0 1 0 0 1 0 1 0 0 0 0 0 0 1 0 0 0 0 0 1 1 0 0 1 1 0 1 0 0 1 1 0 1 1 0
 1 1 0 1 1 1 1 0 0 1 1 0 1 1 1 0 0 0 1 0 0 0 0 0 0 0 0 0 0 1 1 1 0 0 1 0 1
 0 1 1 1 0 0 1 0 0 0 0 0 1 1 0 0 0 0 1 0 0 1 1 1 0 0 0 1 0 1 0 1 0 0 0 0 1
 1 0 0 1 1 0 1 0 1 1 0 0 0 0 1 0 0 1 1 0 1 1 1 0 0 1 1 1 0 1 1 0 0 0 1 0 1
 0 0 1 1 0 0 0 0 1 1 0 1 0 1 0 1 1 1 1 1 0 1 1 1 1 1 1 0 1 1 0 1 0 1 0 0 0
 0 1 1 1 1 1 0 1 1 0 0 1 1 1 1 0 1 0 0 0 1 0 0 1 0 1 0 0 0 1 1 0 0 1 0 1 0
 1 0 0 0 1 0 1 1 0 0 0 1 0 0 0 0 1 1 1 0 1 1 1 0 0 0 0 1 1 0 0 1 0 1 1 1 1
 1 1 0 0 0 0 1 1 1 0 0 1 1 0 1 0 0 1 0 1 1 1 1 1 1 0 1 0]

Synthetic samples indexes: [  0   1   3   4  13  15  19  21  25  27  28  32  37  39  41  42  44  46
  47  48  49  50  51  53  54  55  56  57  60  61  64  66  67  70  73  76
  81  82  85  89  90  91  93  94  95  96  97  98  99 100 101 102 106 107
 109 111 115 116 118 119 120 122 125 126 127 128 130 131 135 136 137 139
 141 144 145 146 149 153 155 158 159 160 161 163 164 167 171 172 176 179
 180 181 183 185 186 189 190 191 192 195 197 199 205 212 215 217 219 220
 221 222 228 231 232 237 239 240 241 243 244 246 248 249 250 253 254 256
 258 260 261 262 264 267 268 269 271 272 273 274 278 282 283 284 285 289
 291 298 299 300 305 306 309 311 312 314 321 323]

