Clustering algorithm selected: kmeans++
=====================================

Clustering evaluation metric: silhouette
Clustering evaluation value: 0.3818408798120339

========== Cluster 0 ==========

Base classifier: SVC(probability=True)

Minority Class: 0

Selected Features: [23 24 21  3  4  0  1  2  8 14 22 28 27  7 13]

Labels: [1 1 0 0 1 0 0 1 0 0 0 1 1 0 1 0 0 1 0 0 0 1 1 0 1 0 1 0 1 0 1 0 0 1 1 0 1
 1 1 0 0 1 1 0 0 0 0 0 1 0 0 1 1 0 1 1 0 0 1 1 0 1 1 1 0 1 0 0 0 1 0 0 0 0
 0 1 1 1 1 0 0 0 1 1 0 1 1 0 0 0 1 1 1 0 1 0 0 0 1 0 0 1 1 0 0 1 1 0 0 1 1
 1 1 0 1 0 1 1 0 0 1 0 0 1 0 0 0 1 0 1 1 0 1 1 1 1 0 1 1 0 0 1 1 1 1 1 0 1
 1 1 0 0 1 1 0 0 1 1 0 1 0 1 0 0 0 1 1 0 1 1 0 1 0 0 0 1 0 1 1 0 0 1 0 0 1
 0 1 1 1 1 0 1 0 0 1 1 1 0 0 1 1 0 0 1 0 1 1 0 1 1 0 1 1 0 0 0 0 0 1 0 0 1
 1 0 1 1 1 0 0 1 1 1 0 1 0 0 0 1 1 1 0 1 0 0 1 0 0 0 1 1 0 1 0 1 1 0 0 0 1
 1 1 1 1 0 1 0 0 0 1 0 1 1 0 0 0 0 1 0 1 0 1 0 1 0 0 1 1 0 0 1 1 0 1 0 0 0
 0 1 0 0 0 0 0 0 1 1 0 0 1 0 0 0 1 0 0 1 0 1 0 1 1 0 1 1 0 0 1 1 0 0 0 1 0
 0 0 0 1 0 0 1 1 1 1 0 1 1 1 1 0 1 0 1 0 0 0 0 0 1 1 1 1 0 1 1 0 1 1 0 0 0
 0 0 0 1 1 0 0 1 1 0 0 1 0 1 0 0 0 0 0 0 0 0 1 1 0 1 1 0 1 1 1 1 1 1 1 1 0
 1 0 0 0 0 1 0 0 0 1 1 0 1 1 1 0 0 0 1 1 1 0 0 0 0 1 1 0 1 1 0 0 1 1 1 1 1
 1 1 1 0 1 0 1 1 0 0 1 1 0 0 0 0 0 0 1 1 0 1 0 0 0 1 1 1 0 1 1 1 1 0 1 1 0
 1 0 0 1 0 0 1 0 0 0 1 1 0 1 0 0 1 0 0 0 1 1 1 1 1 1 0 0 0 1 1 0 1 1 1 1 0
 1 0 0 1 1 1 1 0 0 0 0 0 1 0 1 0 1 0 0 0 1 0 0 1 0 0 0 0 0 1 1 0 0 1 1 0 1
 1 1 1 1 0 1 1 0 1 0 0 0 1 0 1 1 1 0 0 1 0 1 1 0 0 1 1 1 0 0 0 0 0 1 1 0 1
 0 1 0 0 1 1 1 0 0 1 1 0 1 0 1 1 0 1 1 1 0 1 1 0 0 1 1 1 1 1 1 1 0 1 0 1]

Synthetic samples indexes: [  0   1   4   7  11  12  14  17  22  24  26  28  30  33  34  36  37  38
  41  42  48  52  55  58  59  61  62  63  65  69  75  76  77  78  82  83
  85  86  90  91  92  98 101 102 105 106 109 110 111 112 114 116 117 120
 123 127 129 130 132 133 134 137 138 141 142 143 144 145 147 148 149 152
 153 156 157 159 161 165 166 168 169 171 175 177 178 181 184 186 187 188
 194 195 196 199 200 203 205 206 208 209 212 218 221 222 224 225 226 229
 230 231 233 237 238 239 241 253 254 258 259 260 262 264 268 270 271 276
 278 280 285 286 289 290 292 297 304 305 308 312 315 317 319 320 322 323
 326 327 331 336 339 340 341 342 344 345 346 347 349 351 357 358 359 360
 362 363 366 373 374 377 378 381 383 395 396 398 399 400 401 403 404 405
 407 412 416 417 419 420 421 425 426 427 433 435 436 439 440 441 442 444
 445 446 448 450 451 454 455 462 463 469 470 471 473 476 478 479 481 484
 487 491 492 494 497 502 503 504 505 506 510 511 513 515 516 518 521 522
 523 524 530 532 534 538 541 547 548 551 552 554 555 556 557 558 560 561
 563 567 569 570 574 576 577 580 581 582 588 589 591 593 596 597 598 601
 602 604 606 607 609 610 613 614 617 618 619 620 621 623 625 627]

========== Cluster 1 ==========

Base classifier: SVC(probability=True)

Minority Class: 0

Selected Features: [21 24 23 22  3  1  4  0 20 19 28  2 16  8 10  6 17]

Labels: [1 0 1 0 1 1 0 1 1 1 1 1 0 1 1 0 1 1 1 0 1 1 0 1 0 0 0 1 1 1 0 0 0 0 0 1 1
 0 0 0 0 1 0 0 1 1 1 1 1 1 0 1 1 0 0 0 0 0 1 1 1 0 0 0 0 0 0 1 0 1 1 1 0 0
 1 1 0 1 1 0 0 0 1 0 1 0 0 0 1 0 1 1 0 0 1 0 1 0 0 1 0 0 0 0 1 1 1 0 1 0 0
 1 1 0 0 1 1 0 1 1 0 1 1 0 1 0 0 0 1 1 1 0 0 1 0 0 0 0 0 0 1 1 0 1 0 1 1 1
 1 1 1 0 0 1 0 1 0 1 1 0 1 0 1 0 0 1 0 0 1 1 1 0 0 1 1 1 0 0 1 1 0 0 1 1 1
 0 1 1 0 0 1 1 1 0 0 0 0 0 0 0 1 1 0 1 1 1 0 1 0 1 0 1 0 1 0 0 1 1 1 1 1 0
 1 0 0 1 1 0 1 0 0 1 1 0 0 0 0 1 1 1 1 0 0 1 1 0 1 0 0 1 0 1 1 1 0 1 0 1 0
 1 1 0 1 0 1 0 0 0 0 0 1 0 0 1 1 1 0 0 0 1 0 1 1 1 0 0 0 1 0 1 1 1 0 1 1 0
 1 0 0 1 0 0 1 1 0 0 0 0 1 1 0 0 1 0 1 0 1 1 0 0 1 0 1 1 0 0]

Synthetic samples indexes: [  1   3   6  12  15  19  22  24  25  26  30  31  32  33  34  38  39  40
  42  43  50  53  54  55  56  57  61  62  63  64  65  68  72  73  76  79
  80  81  83  85  86  87  89  92  93  95  97  98 100 101 102 103 107 109
 110 113 114 117 120 123 125 126 127 131 132 134 135 137 138 139 142 144
 151 152 154 156 159 161 163 164 166 167 171 172 177 180 181 185 188 189
 193 194 195 196 197 198 199 202 206 208 210 212 214 221 223 224 227 229
 230 233 234 235 236 242 245 247 248 250 254 256 258 261 263 265 266 267
 268 269 271 272 276 277 278 280 284 285 288 292 295 297 298 300 301 304
 305 306 307 310 311 313 315 318 319 321 324 325]

