Clustering algorithm selected: spectral
=====================================

Clustering evaluation metric: dbc
Clustering evaluation value: 0.4132855420821685

========== Cluster 0 ==========

Base classifier: LogisticRegression()

Minority Class: 1

Selected Features: [17 15  8  1 20 10  3 16  6 19 14 13 12 11  9  7]

Labels: [1 1 1 0 2 1 2 0 0 1 0 1 0 1 1 1 2 2 0 0 0 2 1 1 1 1 0 1 2 0 1 2 0 2 1 0 1
 1 1 2 2 1 1 0 0 0 0 0 1 0 2 1 0 1 2 0 0 1 0 0 0 1 2 2 1 1 1 2 2 1 2 2 2 2
 2 2 2 0 0 1 0 0 1 1 1 1 1 2 0 0 1 0 1 2 2 2 2 2 0 2 0 2 0 0 2 2 2 0 0 1 1
 1 1 0 2 2 1 0 0 1 2 0 0 1 0 2 0 2 2 0 2 1 0 2 1 1 0 1 0 0 0 1 0 1 0 0 1 2
 1 1 1 0 2 2 1 2 1 1 2 1 2 0 1 1 0 1 1 1 0 0 1 1 1 1 1 1 0 2 2 2 2 2 0 2 1
 0 0 1 0 1 2 0 2 2 2 1 1 0 1 2 0 0 2 0 2 0 1 2 0 1 2 0 2 0 0 2 2 2 2 1 0 2
 0 0 2 0 2 1 1 1 1 0 2 1 2 1 0 2 2 2 2 1 1 2 0 1 2 1 2 0 1 0 0 0 2 0 2 1 1
 1 2 1 2 0 0 0 1 2 0 1 1 0 0 0 1 2 0 0 2 1 2 1 0 0 1 0 0 0 2 0 1 0 0 0 0 1
 2 0 2 2 0 0 1 2 2 2 1 0 0 0 0 2 1 2 0 1 1 2 2 1 2 1 0 2 1 0 2 2 2 2 2 0 2
 2 0 0 0 0 2 0 1 0 2 0 1 0 0 0 2 2 1 2 0 2 2 1 2 2 0 1 0 2 2 2 0 0 0 2 1 1
 0 0 0 1 2 2 0 0 0 0 1 1 2 2 2 2 2 2 1 2 1 0 2 0 2 1 1 2 1 2 1 0 1 0 1 0 2
 1 1 0 0 0 2 2 1 1 2 2 2 1 2 2 2 2 2 1 0 1 2 2 1 2 1 0 0 2 2 2 2 0 2 1 2 1
 0 0 1 1 1 2 0 2 0 1 2 1 1 1 1 1 2 0 0 2 2 2 2 0 2 2 0 1 2 1 0 1 0 1 0 0 1
 0 2 0 1 2 2 0 2 2 2 1 0 2 1 2 2 1 1 2 1 1 0 1 1 1 1 1 1 1 0 1 2 2 2 0 0 2
 2 0 1 1 2 2 1 1 2 0 1 2 2 0 1 1 1 1 0 0 2 0 0 0 2 1 2 1 0 1 0 1 1 2 1 2 0
 1 0 1 1 0 2 2 0 0 0 0 0 0 2 1 1 0 2 2 1 1 2 2 1 1 2 1 1 1 2 1 2 0 1 0 1 0
 1 0 0 2 0 1 2 0 2 2 2 1 2 2 2 0 2 2 0 0 1 0 1 0 2 0 2 0 0 0 1 0 2 0 2 0 2
 0 2 0 0 1 0 0 2 1 2 0 2 2 2 1 0 1 0 2 2 1 1 2 2 1 0 1 2 2 1 0 1 0 2 0 2 0
 0 0 0 1 2 0]

========== Cluster 1 ==========

Base classifier: LogisticRegression()

Minority Class: 1

Selected Features: [17 16  4 20  3  1 18  5 12 10 14  9 19  8  7  6 11]

Labels: [2 0 0 0 0 0 2 0 2 2 2 0 1 0 0 2 0 0 2 2 2 0 0 2 1 2 0 0 2 2 2 0 0 0 0 0 0
 0 2 0 0 0 2 2 0 0 0 2 0 0 0 2 0 0 0 2 2 0 0 0 2 2 1 0 1 2 2 2 2 2 2 0 0 0
 1 1 0 0 1 0 0 0 2 2 2 0 0 0 2 1 0 0 0 0 0 0 1 0 2 1 0 1 0 2 2 0 2 1 2 2 0
 0 0 0 2 0 0 2 2 2 0 2 0 1 2 0 2 0 0 0 1 2 0 1 0 0 2 0 2 1 2 2 2 0 0 2 0 2
 0 0 2 1 2 1 2 0 2 2 1 0 0 2 0 1 2 0 2 1 1 2 0 2 0 0 0 2 2 2 1 2 2 2 0 0 0
 2 2 0 0 0 0 2 2 0 0 1 2 1 2 0 0 2 2 0 1 0 2 0 0 2 0 0 0 0 2 1 1 0 2 0 0 2
 0 0 0 2 0 2 0 1 0 2 0 2 0 0 0 0 0 0 2 0 2 0 2 1 0 0 0 0 0 2 0 0 0 0 0 2 0
 1 1 2 2 2 0 2 0 2 0 0 0 1 0 0 0 2 0 2 0 2 2 2 0 0 2 0 0 2 0 2 0 1 1 2 0 0
 0 2 0 0 0 0 2 0 1 2 2 2 0 2 2 2 1 0 0 0 1 0 0 0 0 0 2 0 0 0 0 0 2 0 2 2 2
 0 2 2 0 0 0 0 1 0 2 1 0 0 0 2 1 0 2 2 2 0 1 0 0 2 0 2 0 1 0 0 0 0 1 1 0 2
 1 0 2 0 0 2 0 2 0 0 2 0 2 2 0 2 1 0 2 2 0 1 2 0 1 0 2 0 0 0 0 0 0 0 0 0 0
 1 1 2 2 0 2 0 2 0 2 1 0 0 0 0 0 0 0 0 0 2 2 2 0 2 0 2 1 1 2 0 0 2 1 0 0 0
 0 1 2 0 1 0 2 0 2 2 0 2 1 0 2 0 0 0 0 1 2 0 0 2 0 0 0 0 2 2 2 1 1 2 0 2 0
 1 0 0 2 2 2 2 0 0 2 0 2 0 2 0 1 0 0 2 2 0 2 0 0 0 2 2 0 0 2 2 2 0 0 2 0 0
 0 0 0 2 0 0 1 0 0 2 1 0 2 0 2 2 2 0 0 0 0 0 2 0 0 1 1 2 0 2 1 2 0 0 2 2 2
 0 2 2 0 0 2 2 0 0 2 0 0 2 1 2 0 0 2 2 1 1 2 2 1 2 1 2 1 0 1 2 2 0 0 2 0 1
 0 2 0 2 0 1 0 0 0 0 0 0 0 0 1 0 0 0 2 0 2 0 1 1 2 0 2 0 2 0 0 0 2 1 2 0 0
 0 0 0 2 2 2 0 2 2 0 0 0 2 2 2 0 2 0 2 1 1 0 0 2]

