Clustering algorithm selected: kmeans
=====================================

Clustering evaluation metric: dbc
Clustering evaluation value: 0.16809170690622727

========== Cluster 0 ==========

Base classifier: GradientBoostingClassifier()

Minority Class: 1

Selected Features: [3 2 1 7]

Labels: [0 0 2 1 0 2 2 1 0 0 1 1 2 2 0 2 1 0 0 0 1 0 2 0 0 0 0 1 0 1 2 0 0 2 0 0 0
 0 2 1 0 1 0 0 0 1 0 0 0 1 0 2 2 1 0 2 0 1 2 0 0 0 0 1 0 0 1 2 1 1 1 2 0 1
 0 0 2 0 2 2 1 0 1 0 0 1 2 2 2 0 0 0 2 2 0 2 2 0 1 1 0 1 0 2 0 0 0 1 2 2 2
 2 0 0 0 1 1 0 2 1 1 0 2 2 0 0 2 2 2 0 1 2 2 0 0 0 0 0 2 0 2 2 2 0 1 2 1 0
 0 2 0 1 2 0 2 1 0 2 2 2 2 0 2 0 0 0 1 1 0 1 2 0 0 0 0 0 2 0 1 2 0 1 2 0 0
 1 0 0 0 1 0 0 2 1 2 0 0 0 1 2 1 1 1 2 0 2 0 0 0 2 0 0 0 2 2 0 1 0 2 2 0 0
 0 1 2 2 0 0 0 1 2 0 0 1 1 2 0 2 0 0 2 2 0 1 0 2 0 0 2 2 0 1 2 1 0 1 0 0 2
 0 0 1 0 2 0 2 2 1 1 1 0 0 2 2 0 1 1 0 1 0 1 0 0 1 1 2 2 2 1 2 1 0 0 2 1 1
 1 2 2 1 1 2 1 0 0 2 2 0 0 0 1 0 2 0 2 2 0 0 0 2 0 2 0 0 2 2 0 2 1 0 0 1 2]

========== Cluster 1 ==========

Base classifier: GradientBoostingClassifier()

Minority Class: 1

Selected Features: [1 3 0]

Labels: [2 1 0 0 1 1 0 0 2 2 1 0 2 2 2 0 0 0 1 1 0 0 0 2 1 0 0 1 1 2 2 2 0 2 0 0 2
 1 2 0 0 2 0 1 0 1 0 1 2 0 0 0 0 0 2 0 2 0 1 0 2 2 1 0 1 2 2 1 1 0 0 0 2 0
 0 0 0 0 0 0 2 1 2 1 0 0 0 0 2 2 1 0 0 0 1 2 2 1 1 2 2 0 0 1 1 2 2 0 0 2 1
 2 0 2 0 0 0 2 0 2 2 0 1 0 0 2 0 0 0 2 2 0 2 0 1 0 0 0 0 2 0 2 0 2 2 2 1 2
 0 0 1 0 2 1 1 0 0 2 0 2 1 2 2 1 0 1 0 0 0 0 1 2 1 2 2 1 1 2 0 1 2 2 2 1 2
 2 1 2 1 0 2 2 1 0 0 0 0 0 2 2 0 1 2 0 2 2 0 1 1 2 1 2 2 2 1 1 1 0 2 0 2 2
 1 1 2 1 2 2 0 0 2 2 2 0 2 0 2 1 1 2 0 0 2 1 0 2 2 2 0 2 1 0 0 0 2 2 1 2 2
 0 2 0 0 0 2 0 0 0 0 2 2 1 0 2 0 2 1 1 1 0 2 1 0 2 1 2 0 0 1 0 0 2 0 0 2 0
 2 0 1 2 2 0 2 0 2 0 1 2 0 0 0 0 2 0 2 1 0 0 1 1 0 2 1 0 2 0 0 1 0 1 2 2 0
 2 0 2 0 1 2 1 2 1 1 0 1 2 2 1 2 0 1 2 1 1 1 2 0 0 2 1 1 1 1 2 0 0 1 1 1 1
 2 0 1 2 1 2 2 0 2 0 1 0 0 1 2 0 2 1 1 2 2 2 0 2 0 2 2 1 0 0 1 2 2 0 0 0 2
 2 0 1 2 2 0 1 2 0 2 0 0 0 2 1 2 2 2 1 2 0 1 0 2 0 1 0 0 0 2 2 0 2 1 0 0 0
 0 0 1 1 1 2 0 0 2 0 0 2 1 0 2 0 0 0 0 2 0 1 0 0 1 2 2 1 0 2 1 2 0 1 2 0 0
 0 0 0 0 2 0 0 0 0 0 0 2 0 1 2 2 2 1 1 2 1 2 2 0 2 0 2 0 1 0 0 2 0 0 2 0 1
 2 2 2 0 2 0 0 0 2 1 0 0 0 1 2 0 0 0 2 1 1 2 0 1 0 0 0 2 0 2 0 0 2 0 0 1 2
 2 0 2 0 0 2 1 2 2 0 2 0 1 0 2 0 1 2 0 2 0 0 0 0 0 0 0 0 2 0 1 2 0 0 0 0 1
 2 2 2 2 0 0 2 2 1 2 2 2 0 2 2 2 2 0 0 2 2 0 0 0 1 0 0 1 0 2 0 2 1 1 0 0 0
 0 2 1 0 2 2 2 0 1 0 0 2 2 0 1 2 0 0 0 2 1 2 0 1 1 0 2 0 1 0 2 1 2 2 0 2 0
 2 0 0 2 0 2 0 2 0 2 0 1 1 0 1 0 2 2 2 0 2 0 1 0 0 2 0 1 1 2 2 2 0 0 0 0 0
 0 2 0 2 0 0 1 2 2 1 2 0 2 0 2 1 2 1 2 1 1 0 0 1 0 0 0 1 0 0 0 2 1 0 1 0 0
 2 0 0 2 2 2 1 2 1 2 1 1 2 2 1 2 0 2 2 2 2 0 0 0 0 1 2 0 1 0 1 2 2 1 2 2 0
 2 2 0 0 2 1 2 2 2 0 2 0 0 1 0 2 1 2 2 1 0 0 1 1 2 0 0 0 0 2 0 1 2 1 2 1 1
 2 0 1 2 2 2 0 2 1 0 0 2 2 2 0 2 2 2 0 0 2 2 0 2 1 0 0 2 2 0 2 2 0 0 0 0 2
 2 2 0 2 1 2 0 0 0 2 1 0 1 2 2 0 0 2 2 2 0 0 2 1 1 1 1 1 1 1 1 1 2 1 1 1 1
 1 1 1 1 2 2 2 2 0 2 2 2 2 0 2 0 1 0 0 2 0 0 0 0 0 0 0 0 0 1 0 1 0 0 1 0 0
 2 0 2 0 2 2 0 0 1 2 2 0 2 0 0 1 0 0 0 0 0 1 2 2 0 2 2 1 2 2 0 1 0 1 0 2 2
 1 1 2 2 2 0 2 1 1 2 2 0 1 0 0 1 2 2 0 2 2 0 2 0 0 0 1 0 0 2 0]

