Clustering algorithm selected: spectral
=====================================

Clustering evaluation metric: rand
Clustering evaluation value: 0.41629483240705745

========== Cluster 0 ==========

Base classifier: GaussianNB()

Minority Class: 0

Selected Features: [17 24  1  3 21 23  4 16 19 27  6  7  5 26 18 14 28  8 15 11 22 10 25  2]

Labels: [1 1 1 1 1 1 1 1 1 1 1 1 1 0 1 1 1 0 1 1 1 1 1 1 1 1 1 1 1 1 1 1 0 0 0 0 0
 0 0 0]

========== Cluster 1 ==========

Base classifier: DummyClassifier(strategy='most_frequent')

Minority Class: 1

Selected Features: [30 14  1  2  3  4  5  6  7  8  9 10 11 12 13 15 29 16 17 18 19 20 21 22]

Labels: [1 1 1 1 1 1 1 1 1 1 1 1 1 1 1 1 1]

========== Cluster 2 ==========

Base classifier: SVC(probability=True)

Minority Class: 1

Selected Features: [23 24 21 28  8  3  4  1 14  7 27 13 11 26  6  0 22 17 18  2 29 25 30  5
 16]

Labels: [1 1 1 1 1 1 1 1 1 1 1 1 0 0 0 1 1 1 1 1 1 1 1 1 1 1 0 1 1 1 1 1 1 1 0 1 0
 0 0 0 0 1 1 0 1 1 0 0 0 0 0 1 1 0 0 0 1 0 1 0 1 0 1 0 0 0 1 0 1 1 1 0 0 0
 1 0 0 1 1 0 0 0 1 1 0 0 0 0 0 0 0 0 0 0 0 0 0 0 1 1 0 1 0 0 0 1 1 0 1 0 1
 1 0 1 1 0 0 1 0 0 1 0 0 0 0 1 0 0 0 0 0 0 0 0 1 0 0 0 0 1 1 0 0 0 1 1 0 0
 1 1 0 0 0 0 1 0 0 1 0 1 0 1 0 0 0 0 0 1 1 0 1 1 1 1 0 1 0 1 0 1 0 0 1 0 1
 1 1 0 0 1 1 0 0 0 1 0 0 0 0 0 1 0 0 1 0 0 1 0 1 0 0 0 0 1 0 0 0 0 0 0 1 1
 1 1 1 1 1 1 1 0 0 0 0 0 0 0 1 0 0 1 0 0 1 0 1 1 0 0 0 0 0 0 0 0 0 0 0 0 0
 1 0 0 1 0 1 0 0 0 0 0 0 0 0 0 0 0 0 0 0 1 0 0 0 0 0 0 0 0 0 0 0 0 0 0 0 0
 0 0 0 0 0 0 0 0 0 0 0 0 0 0 0 0 0 0 0 0 0 0 0 0 0 0 0 0 0 0 0 0 0 0 1 0 0
 1 0 0 0 0 0 0 0 0 0 0 0 0 0 1 0 0 0 0 0 1 0 0 1 0 0 0 0 0 0 0 0 0 1 1 1 1
 1 1 1 1 1 1 0 0 0 0 1 0 0 0 0 0 0 0 1 0 1 0 0 1 0 0 0 0 0 1 1 0 1 0 0 0 0
 0 0 0 0 1 0 1 0 1 1 0 0 0 0 0 0 0 0 0 0 0 0 0 0 1 0 1 1 0 0 0 0 0 0 0 0 0
 0 0 0 0 0 0 0 0 0 0 0 0 0 0 0 0 1 1 0]

