Clustering algorithm selected: fcm
=====================================

Clustering evaluation metric: rand
Clustering evaluation value: -1.0998376227229752e-06

========== Cluster 0 ==========

Base classifier: KNeighborsClassifier(n_neighbors=7)

Minority Class: 1

Selected Features: [0 1 2 3 4 5 6 7 8 9]

Labels: [1 1 1 1 1 0 0 0 1 1 1 0 1 0 0 0 0 0 1 0 1 1 0 1 0 0 0 1 1 1 1 0 0 0 0 1 0
 0 1 0 1 1 0 0 1 0 0 1 0 1 1 1 1 0 1 0 1 1 1 0 1 1 0 1 0 0 0 1 0 0 0 1 0 0
 0 1 1 0 0 0 1 0 0 0 1 0 1 0 1 1 0 1 1 1 0 0 0 0 1 0 1 0 0 0 0 1 1 1 0 0 1
 1 0 1 0 0 1 0 0 0 0 0 0 0 1 1 0 0 0 0 0 0 1 1 0 0 1 0 0 1 1 0 0 1 1 1 0 1
 1 1 1 1 0 1 0 1 0 0 0 0 0 0 0 1 0 1 1 1 1 1 1 0 0 1 0 0 1 1 0 0 1 0 0 0 1
 1 0 0 0 1 1 1 0 0 0 0 1 1 0 1 1 1 0 1 1 0 0 1 0 1 1 1 0 0 0 1 0 1 0 0 0 0
 0 1 1 0 0 1 1 0 0 0 1 0 1 0 1 0 0 0 0 0 0 1 1 1 1 0 1 0 0 1 0 1 1 0 1 0 1
 1 0 0 1 0 0 1 0 0 0 0 1 0 1 1 1 0 1 0 0 0 1 1 1 0 0 0 1 0 1 1 1 1 0 1 1 1
 1 0 0 0 1 1 0 1 0 1 1 0 1 0 0 0 0 1 1 1 1 1 1 1 1 1 1 0 1 0 1 1 0 1 1 1 1
 0 1 0 0 1 1 1 0 0 0 1 1 0 0 1 1 1 1 1 1 1 1 1 0 0 0 0 1 1 1 0 1 0 1 1 0 1
 1 1 1 1 0 1 1 0 0 1 0 1 0 1 0 0 0 0 0 1 0 1 1 1 0 1 0 0 0 0 1 0 0 0 0 0 0
 1 1 0 1 0 0 1 0 0 0 0 1 0 0 0 1 0 0 1 1 1 1 1 1 0 1 1 0 1 0 1 1 0 0 0 1 0
 0 0 1 1 0 1 0 0 0 1 0]

========== Cluster 1 ==========

Base classifier: SVC(C=421.3319185832456, gamma=25.187940572776824, probability=True)

Minority Class: 0

Selected Features: [0 1 2 3 4 5 6 7 8 9]

Labels: [1 1 1 1 1 0 1 1 1 0 0 1 1 0 1 0 1 1 1 0 1 1 0 0 0 0 1 1 1 1 0 1 1 1 1 0 1
 0 0 0 1 0 1 0 1 1 1 1 0 0 0 0 1 1 0 1 0 0 1 1 0 1 0 1 1 0 1 0 1 0 0 1 0 0
 0 0 1 1 0 0 1 1 1 0 0 1 1 0 0 0 1 1 0 0 0 0 0 1 1 0 1 0 0 0 1 1 0 1 1 1 1
 1 1 0 0 0 1 0 1 1 1 0 0 1 0 0 1 1 0 0 1 1 0 0 0 0 0 0 0 0 1 0 1 0 0 0 0 0
 1 1 1 1 0 1 1 0 1 0 0 1 1 0 1 1 0 1 1 0 0 1 0 0 0 0 0 1 1 1 0 1 1 0 1 1 0
 0 0 0 0 0 1 1 1 1 1 1 0 0 0 0 0 0 1 0 1 1 0 0 0 0 1 0 0 0 1 1 1 0 0 1 0 0
 1 1 0 0 1 0 0 1 1 0 0 0 1 1 0 1 0 1 0 1 0 0 0 1 1 1 0 1 1 0 0 1 1 0 0 1 0
 1 1 1 1 1 0 1 0 1 0 1 1 1 0 1 0 1 1 1 1 1 1 1 1 1 0 1 1 0 1 0 1 0 1 0 0 0
 0 1 1 0 1 1 1 0 0 1 1 1 0 0 0 0 1 0 0 0 0 0 0 1 1 0 0 1 0 1 1 1 1 1 1 0 0
 0 1 0 1 1 1 0 0 1 0 1 1 1 1 1 0 1 1 1 1 1 1 0 1 1 1 0 1 1 0 0 1 0 1 1 1 1
 0 1 1 0 0 0 0 0 1 1 0 1 0 0 1 1 0 1 1 1 0 1 1 0 1 1 1 0 0 1 1 0 1 0 1 1 1
 0 0 1 0 1 0 1 0 1 0 1 1 1 0 1 1 0 1 0 0 0 1 0 0 0 1 0 0 0 0 0 0 1 0 1 0 0
 0]

