Clustering algorithm selected: kmeans++
=====================================

Clustering evaluation metric: dbc_rand
Clustering evaluation value: 0.21171352921547398

========== Cluster 0 ==========

Base classifier: GaussianNB()

Minority Class: 0

Selected Features: [ 9  8 11  6 10 13  7 12  0  3  5]

Labels: [0 0 0 0 0 1 1 1 1 1 0 0 0 0 0 0 0 0 0 0 1 0 0 1 0 0 0 1 1 1 0 1 1 0 1 1 0
 1 1 0 0 1 0 1 1 1 0 1 0 0 1 0 0 0 1 1 0 0 0 0 1 1 1 1 0 1 1 0 1 1 1 0 1 0
 0 0 0 0 0 0 1 1 1 1 1 0 0 1 1 1 1 1 1 1 1 0 1 1 0 0 0 1 1 1 0 1 0 1 0 1 1
 0 0 1 1 0 1 0 1 0 1 0 0 1 0 0 1 1 1 0 0 1 1 1 0 0 0 0 0 0 1 0 1 0 1 1 1 1
 1 1 1 1 0 0 0 0 1 0 1 1 1 0 1 1 0 0 1 1 0 1 0 0 1 1 1 1 0 0 1 0 0 1 1 1 1
 1 0 0 1 1 0 1 1 0 0 1 0 0 1 0 1 1 1 0 0 1 0 1 0 0 1 1 0 1 1 1 1 0 0 0 0 0
 1 0 0 0 1 0 1 1 0 0 0 1 0 1 1 1 0 0 1 1 0 0 1 0 0 0 0 0 1 1 0 1 1 1 0 1 0
 1 1 1 0 0 1 0 1 0 0 0 0 0 0 1 0 0 1 1 0 1 0 0 0 1 0 1 0 0 0 1 1 0 0 0 0 0
 1 0 1 0 1 1 0 0 1 1 0 0 1 0 0 0 1 1 0 1 1 1 0 0 0 0 0 0 1 1 1 0 1 1 1 0 0
 0 0 0 1 0 0 1 0 1 0 1 0 1 0 1 0 0 1 1 0 1 1 1 1 0 1 0 1 1 1 1 1 0 1 0 0 1
 0 1 1 1 0 1 0 1 1 0 0 0 1 0 1 0 1 1 1 0 1 1 1 0 1 0 0 1 0 1 0 0 0 0 0 1 1
 1 0 0 1 0 1 1 1 0 1 1 0 0 0 0 1 0 0 1 1 0 0 0 1 1 1 0 0 0 0 0 0 0 0 1 0 1
 1 1 0 1 1 0 1 1 0 1 0 1 0 0 1 0 1 0 0 1 0 0 1 1 1 1 1 1 0 0 1 0 0 0 0 0 1
 0 1 0 0 1 1 1 1 0 0 0 1 1 0 0 1 0 1 1 1 0 1 0 0 0 1 1 1 0 1 0 1 0 1 1 1 1
 0 0 1 0 0 1 1 0 1 0 0 0 0 0 1 1 1 0 1 1 0 1 1 0 1 0 0 0 0 1 1 1 0 1 0 1 0
 1 1 0 0 1 1 0 1 0 0 1 1 1 0 0 1 0 1 1 0 1 0 0 0 1 1 0 1 0 1 1 1 0 1 1 1 1
 1 0 1 0 1 1 0 1 0 1 1 0 0 1 1 1 1 0 1 0 0 0 1 1 1 0 0 0 0 1 1 0 1 0 0 1 1
 0 1 0 0 0 0 0 1 1 1 1 0 1 1 0 1 1 0 0 1 1 0 0 1 1 0 1 0 1 1 1 0 0 1 1 1 1
 0 1 1 0 1 0 1 1 0 1 0 0 1 1 1 1 1 0 0 1 1 0 1 0 0 0 0 1 0 0 1 1 1 1 1 0 0
 1 0 0 0 0 0 0 1 0 0 1 1 0 0 1 0 1 1 0 0 0 1 0 1 1 0 0 1 0 1 1 1]

========== Cluster 1 ==========

Base classifier: GaussianNB()

Minority Class: 1

Selected Features: [ 9  8 10 11  7  6 13  2  3  4 12]

Labels: [1 0 1 0 0 0 0 1 1 1 0 1 1 1 0 0 0 0 0 1 0 1 0 0 1 1 0 1 1 1 0 1 0 1 0 0 1
 1 1 0 1 0 1 0 1 1 0 0 1 1 1 1 1 1 1 1 0 1 0 1 1 1 1 1 1 1 0 0 0 1 0 1 0 0
 0 0 0 0 1 0 0 1 1 1 0 1 1 1 0 1 0 0 1 0 0 0 0 1 0 1 0 1 0 1 0 1 1 1 0 0 1
 1 1 0 1 1 0 1 1 1 0 1 0 0 0 0 1 1 1 1 0 1 1 1 1 0 0 0 0 1 0 0 1 0 1 1 1 0
 0 0 0 1 1 0 0 0 0 0 0 1 1 1 0 0 1 0 1 1 1 0 1 0 0 1 1 1 1 0 0 0 0 1 0 1 0
 0 0 0 1 0 1 0 1 1 1 0 0 1 1 0 0 0 0 0 0 1 0 1 1 1 1 0 0 0 0 0 0 0 1 0 1 1
 1 1 0 0 1 1 0 0 1 0 1 1 1 0 1 1 0 1 1 0 0 0 0 1 0 1 0 1 1 1 0 1 1 1 0 1 1
 0 0 0 0 1 1 0 0 0 1 1 0 0 0 1 0 0 0 0 0 1 0 0 1 0 0 0 1 1 0 1 0 0 1 0 0 1
 0 0 0 1 0 0 0 1 0 0 1 1 0 1 1 0 1 0 0 1 1 1 0 1 1 1 1 0 0 0 1 0 1 0 1 1 1
 0 0 0 1 1 0 0 0 0 1 0 1 1 1 0 0 0 0 1 1 1 1 0 1 1 1 0 0 1 0 1 1 1 0 0 0 1
 1 0 0 1 1 1 0 1 0 1 1 0 1 1 1 1 0 1 0 1 1 0 0 0 0 1 0 0 0 1 1 0 0 0 0 1 0
 1 1 0 0 1 0 0 0 1 1 1 0 1 0 1 1 0 1 1 0 1 0 1 0 0 0 1 0 0 0 1 0 1 0 1 1 0
 1 0 0 1 0 0 1 1 1 0 0 0 1 1 0 0 0 1 1 0 1 1 1 0 0 1 0 0 0 0 0 0 0 0 1 0 0
 1 0 1 1 1 1 1 0 1 1 0 1 1 0 0 1 0 1 0 0 1 1 0 1 1 1 0 0 1 1 0 1 0 1 1 0 1
 1 1 0 0 1 1 1]

