Clustering algorithm selected: kmeans++
=====================================

Clustering evaluation metric: dbc_ss
Clustering evaluation value: 0.2922115649559154

========== Cluster 0 ==========

Base classifier: RandomForestClassifier()

Selected Features: [32 37 34 33 22 11 31  6 29  3 17 36 30 12 13 16 20 14 19  5  2  1  7 10
  9  4  8 18 15 21 23 24 25 26 27]

Labels: [1 0 1 1 0 0 0 0 1 0 0 0 0 0 0 0 0 1 0 1 0 0 0 0 0 1 1 0 0 0 0 0 0 1 0 0 0
 0 0 0 1 0 0 1 1 0 0 0 0 0 0 1 1 0 1 0 0 0 1 0 0 0 0 0 0 0 0 0 0 0 0 1 0 0
 0 0 0 1 0 0 0 1 0 0 1 1 0 0 0 1 1 0 0 0 1 0 0 1 1 0 1 0 0 0 0 0 1 1 0 0 1
 0 0 0 1 0 0 0 0 0 0 0 0 1 0 0 1 1 1 0 0 0 1 0 0 0 1 0]

========== Cluster 1 ==========

Base classifier: RandomForestClassifier()

Selected Features: [32 34 33 37 31  1 18 25  6 14 23 36 30  9 12  3 17  0 29 26 28 35  8  2
  4  5 27  7 19 20 10 11 24 13 22]

Labels: [1 0 1 1 1 0 1 0 1 1 0 0 0 1 0 0 0 0 0 0 1 0 1 0 0 0 0 0 0 1 1 0 1 1 1 1 1
 1 0 0 1 1 1 1 0 0 1 1 0 0 1 0 0 1 1 1 0 1 1 1 1 0 0 0 1 0 0 0 1 1 0 0 0 1
 1 0 0 1 1 0 0 0 1 1 1 0 1 1 0 0 0 1 0 1 1 0 0 1 0 1 0 1 1 0 1 1 0 0 0 0 0
 1 0 0 1 1 1 1 0 1 1 0 1 1 1 1 0 1 0 0 1 0 0 0 1 1 0 1 1 1 0 0 1 1 0 1 1 0
 0 1 0 1 1 0 0 0 1 1 1 1 0 0 1 0 0 0 0 1 0 1 1 1 0 0 0 0 1 1 1 1 1 0 1 0 0
 1 0 1 0 1 1 1 0 1 0 1 1 1 0 1 0 1 1 1 0 1 0 1 0 1 1 0 1 0 1 0 1 1 0 1 1 0
 1 0 1 1 0 1 1 1 0 1 1 1 0 1 1 1 1 0 0 1 1 0 0 0 1 0 0 0 1 1 0 0 1 0 0 0 1
 1 0 1 0 0 0 1 0 0 1 0 0 1 0 0 1 1 1 0 1 1 0 0 1 0 1 1 1 0 0 1 1 0 1 0 1 1
 1 1 1 1 1 1 1 1 1 1 1 1 1 1 1 1 1 1 0 0 0 0 0 0 0 1 0 0 0 1 0 0 0 1 1 1 0
 1 1 0 0 0 1 1 1 1 1 1 1 1 1 1 0 0 1 0 1 0 0 1 1 1 1 1 1 0 0 0 1 1 1 0 0 1
 1 0 0 1 0 1 0 1 1 1 0 1 1 1 1 0 1 1 1 0 1 0 1 1 1 0 0 1 0 1 1]

========== Cluster 2 ==========

Base classifier: GradientBoostingClassifier()

Selected Features: [23 17  2 37 31 20  9 21 33 35  4 18  7  1 27 26 12 22 10 32  5 30  8 34
  3  6 25 11 24 13 14]

Labels: [0 0 0 0 0 1 0 0 0 0 0 0 0 0 0 0 0 1 0 0 0 0 1 0 0 1 0 0 0 0 1 0 0 0 1 0 0
 1 0 1 1 0 0 1 0 0 0 0 0 0 0 1 0 0 0 0 1 0 1 1 1 0 0 0 0 0 0 0 1 0 1 0 0 0
 0 0 0 0 1 0 0 0]

