Clustering algorithm selected: kmeans++
=====================================

Clustering evaluation metric: dbc
Clustering evaluation value: 0.044674199110563306

========== Cluster 0 ==========

Base classifier: LogisticRegression()

Minority Class: 2

Selected Features: [0 1]

Labels: [0 0 2 0 0 0 1 1 0 1 0 0 0 1 0 0 0 1 0 0 1 0 2 0 0 0 0 0 1 0 2 0 0 1 0 0 0
 1 0 1 0 0 2 0 0 0 0 0 0 2 0 1 0 0 0 1 0 1 0 0 0 0 0 0 0 0 2 0 1 1 0 0 2 0
 0 1 1 0 0 2 0 0 2 0 0 0 0 2 0 0 1 0 2 0 0 0 0 0 0 2 0 0 1 0 1 0 1 0 2 0 2
 0 1 1 1 1 0 2 0 0 0 0 0 0 0 0 0 0 0 0 0 0 2 0 1 0 2 0 0 2 0 0 2 2 1 0 0 0
 1 0 0 0 0 0 1 0 0 1 0 2 0 0 0 0 2 0 1 0 0 0 2 2 0 0 0 2 0 0 0 0 0 0 1 0 0
 1 0 2 0 0 0 1 1 0 0 0 2 2 0 2 0 0 1 1 0 1 0 0 0]

========== Cluster 1 ==========

Base classifier: DecisionTreeClassifier(max_depth=5, min_samples_leaf=3, min_samples_split=9)

Minority Class: 2

Selected Features: [0 1]

Labels: [2 1 1 1 1 1 1 1 1 0 1 1 1 1 0 0 0 1 2 1 1 0 0 0 1 1 1 1 1 1 0 0 1 1 1 1 1
 0 2 2 0 1 2 1 1 1 0 1 1 0 0 1 1 1 1 0 1 2 1 1 2 1 0 1 1 1 1 1 0 1 0 1 0 1
 1 1 1 0 1 1 1 1 2 1 1 0 2 1 1 1 1 1 1 1 1 1 1 0 1 1 1 1 2 1 2 1 2 1 1 1 1
 1 1 1 2 1 2 0 2 1 1 1 1 1 1 1 1 1 1 0 1 1 1 0 0 1 1 1 1 0 0 0 2 2 2 2 0 0
 1 1 0 2 1 1 1 1 1 1 1 1 1 1 1 1 1 1 1 1 0 2 0 2 1 1 2 0 0 0 1 1 1 1 1 2 1
 1 1 1 1 1 1 1 1 1 1 0 1 2 1 1 1 1 1 1 1 1 1 1 1 0 1 1 0 1 0 2 1 1]

========== Cluster 2 ==========

Base classifier: LogisticRegression()

Minority Class: 1

Selected Features: [0 1]

Labels: [2 2 1 2 0 1 2 2 0 1 0 1 1 2 2 2 2 1 0 1 2 1 2 2 1 2 2 2 1 0 2 2 2 2 0 2 2
 2 0 0 2 2 1 2 2 2 2 1 2 0 1 2 2 0 2 2 2 0 2 2 0 0 1 2 0 2 2 2 2 0 2 2 2 1
 2 1 2 2 2 2 2 2 2 0 2 2 2 1 1 2 2 2 2 2 2 2 2 0 0 0 2 0 2 0 2 2 2 1 1 2 2
 2 2 1 2 0 1 0 0 2 0 2 1 2 2 2 2 2 2 2 0 2 2 2 0 2 2 2 2 2 1 2 2 1 2 2 2 2
 2 1 2 2 2 2 2 2 2 2 2 2 2 2 2 2 2 2 2 0 1 2 2 2 2 0 0 2 2 2 2 2 2 2 2 2 2
 1 2 2 0 2 1 2 1 1 2 2 2 2 2 2 2 2 2 2 2 2 2 2 2 1 2 2 2 0 1 2 2 2 0 0 1 2
 0 0 2 0 2 2 2 1 2 2 2 2 2 2 2 2 2 0 0 2 0 2 1 2 0 0]

