Clustering algorithm selected: kmeans
=====================================

Clustering evaluation metric: silhouette
Clustering evaluation value: 0.3655319430893968

========== Cluster 0 ==========

Base classifier: GaussianNB()

Minority Class: 0

Selected Features: [ 0  1  2  3  4  5  6  7  8  9 10 11 12 13 14 15 16 17 18 19 20 21 22 23
 24 25 26 27 28 29 30]

Labels: [1 0 1 0 1 0 0 0 1 1 1 0 1 1 0 0 1 0 1 0 1 1 1 0 0 1 0 0 1 0 1 1 0 0 0 1 0
 1 1 1 0 0 1 0 0 0 0 0 0 1 0 1 0 0 0 0 0 1 1 0 0 1 0 0 0 0 1 0 0 0 1 0 1 1
 1 1 0 1 1 1 1 1 1 0 1 0 0 1 1 0 0 1 0 0 0 1 0 0 1 1 1 1 0 0 0 1 1 0 0 1 1
 1 1 0 0 0 0 1 0 1 0 1 1 1 1 1 1 0 1 1 0 0 0 1 1 0 1 1 1 0 1 1 1 1 1 0 0 0
 0 1 1 0 0 1 0 1 1 0 1 1 1 0 0 0 0 0 1 1 1 1 0 0 0 0 0 1 0 0 1 1 0 0 0 0 0
 1 0 1 1 0 1 1 0 1 1 1 1 1 1 0 0 1 0 0 1 0 0 0 1 0 0 1 0 0 1 0 0 1 1 0 0 0
 1 0 1 0 1 1 1 1 1 1 0 1 1 1 1 0 1 1 0 1 0 1 1 0 1 1 1 0 1 1 1 1 1 0 0 0 1
 1 1 0 1 1 1 0 0 0 0 1 0 0 1 1 0 0 1 1 0 1 0 0 0 0 1 0 1 1 1 1 1 1 1 1 0 0
 1 0 0 0 0 0 0 0 1 1 0 1 0 1 1 1 0 0 0 0 1 0 1 1 1 1 1 1 0 1 1 1 0 1 1 0 0
 0 0 1 1 0 1 1 1 1 0 1 0 0 1 1 0 0 1 0 1 1 1 0 1 0 0 0 1 0 1 0 0 0 1 1 1 1
 0 1 0 1 1 0 1 1 1 0 0 1 0 1 1 0 0 0 1 0 0 1 0 1 0 0 1 0 0 0 0 1 0 0 1 0 1
 1 1 1 1 1 0 1 1 0 0 0 1 1 1 0 0 0 0 0 0 0 1 1 0 0 1 0 0 1 0 0 0 0 0 0 1 0
 0 0 0 1 1 0 1 0 1 1 1 0 0 1 1 1 0 0 0 0 0 0 1 0 1 0 0 1 0 0 0 1 1 1 1 0 0
 1 0 0 0 0 0 0 1 1 1 1 1 0 0 0 1 1 0 1 0 0 0 1 1 1 0 0 1 1 1 1 1 0 0 0 1 0
 0 1 0 1 1 1 1 1 0 1 1 0 1 0 1 1 1 0 0 1 1 0 1 1 0 0 0 0 0 0 1 0 0 0 1 0 0
 1 1 1 1 0 1 1 0 0 0 1 1 1 0 1 0 0 1 0 1 0 0 0 0 1 0 1 0 0 1 1 0 1 1 0 1 0
 0 1 1 1 0 1 1 1 0 1 1 0 1 1 0 0 0 0 1 1 0 0 1 0 0 1 1 1 0 1 0 1]

Synthetic samples indexes: [  0   4   8   9  10  12  13  16  18  20  21  25  28  30  31  35  37  38
  39  49  51  57  58  61  66  70  72  73  74  75  77  78  79  80  81  84
  87  88  91  95  98  99 100 101 105 106 109 110 111 112 117 119 121 122
 124 125 126 128 129 133 134 136 137 138 140 141 142 143 144 149 150 153
 155 158 159 167 168 169 178 179 185 187 188 190 191 193 195 196 197 198
 201 211 214 217 218 222 224 226 227 228 229 230 231 233 234 235 236 239
 241 243 244 246 247 248 250 252 253 254 258 259 260 262 263 264 272 273
 276 277 279 284 286 288 289 290 291 292 293 296 304 305 307 309 310 311
 316 318 319 320 323 325 326 327 329 335 336 338 339 340 341 343 346 347
 350 353 354 356 360 366 367 368 369 371 374 376 377 378 381 383 384 388
 391 393 396 401 404 406 407 409 410 411 413 414 418 419 420 428 429 432
 435 442 447 450 452 453 454 457 458 459 466 468 471 475 476 477 478 488
 489 490 491 492 496 497 499 503 504 505 508 509 510 511 512 516 519 521
 522 523 524 525 527 528 530 532 533 534 537 538 540 541 548 552 555 556
 557 558 560 561 565 566 567 569 572 574 579 581 584 585 588 590 593 594
 595 597 598 599 601 602 604 605 610 611 614 617 618 621 623]

========== Cluster 1 ==========

Base classifier: GaussianNB()

Minority Class: 0

Selected Features: [ 0  1  2  3  4  5  6  7  8  9 10 11 12 13 14 15 16 17 18 19 20 21 22 23
 24 25 26 27 28 29 30]

Labels: [0 0 0 0 0 0 0 0 0 0 1 0 1 0 1 1 0 0 1 1 0 1 1 0 1 1 0 1 1 0 1 1 0 0 1 1 1
 0 1 0 1 0 1 1 0 1 1 0 1 1 0 1 0 1 1 1 1 0 0 1 1 0 1 0 1 1 0 0 1 1 0 1 0 1
 0 0 0 0 0 1 1 0 1 0 0 1 1 1 0 0 0 0 1 1 1 1 0 0 1 0 1 1 1 0 1 1 0 0 0 1 1
 1 1 1 0 1 0 0 1 1 1 0 0 0 1 1 1 0 0 0 0 1 0 0 1 0 1 0 0 1 0 0 1 0 0 0 0 0
 1 1 0 0 1 1 0 0 1 0 1 1 0 0 1 1 0 0 0 0 1 1 0 1 1 0 0 0 1 1 0 0 0 1 1 1 1
 1 1 0 0 1 0 0 0 0 0 1 1 0 0 0 1 1 0 0 1 0 0 1 0 1 0 1 1 0 1 0 0 1 1 1 0 1
 1 0 0 0 0 1 0 1 0 1 0 1 1 0 0 0 1 0 1 0 1 1 0 0 0 0 1 0 1 0 0 0 1 0 0 0 1
 1 0 1 0 1 1 1 1 0 1 1 0 1 1 0 1 0 0 1 0 0 0 1 1 1 1 1 0 1 0 0 0 1 1 0 1 0
 1 1 0 0 1 0 1 0 1 1 1 0 1 1 1 1 1 1 1 1 1 1 1 0 1 0 0 0 1 0 0 1]

Synthetic samples indexes: [  0   1   2   3   4   5   6   7   8   9  11  13  16  17  20  23  26  29
  32  33  37  39  41  44  47  50  52  57  58  61  63  66  67  70  74  75
  76  77  78  81  83  84  88  90  91  96  97  99 103 106 107 108 114 116
 117 121 122 123 128 129 130 132 133 135 137 138 140 141 143 144 145 146
 147 151 154 155 157 160 164 165 166 167 170 173 174 175 178 179 180 187
 188 190 191 192 193 194 198 199 202 203 205 206 208 210 213 215 216 220
 223 224 225 226 228 232 235 236 237 239 241 244 245 246 247 251 252 253
 255 256 257 260 262 267 273 275 276 278 279 280 286 288 289 290 293 295
 298 299 301 303 307 319 321 322 323 325 326]

