Clustering algorithm selected: kmeans++
=====================================

Clustering evaluation metric: silhouette
Clustering evaluation value: 0.3818408798120339

========== Cluster 0 ==========

Base classifier: GaussianNB()

Minority Class: 0

Selected Features: [ 0  1  2  3  4  5  6  7  8  9 10 11 12 13 14 15 16 17 18 19 20 21 22 23
 24 25 26 27 28 29 30]

Labels: [0 0 0 0 0 0 1 0 1 0 0 0 1 0 0 1 1 0 1 0 1 1 0 1 0 1 0 0 0 0 1 1 0 0 0 0 0
 0 1 0 0 1 1 1 1 1 0 0 0 0 0 0 0 0 1 1 0 1 1 1 0 0 1 0 0 0 1 0 1 0 1 0 0 1
 1 1 1 0 0 1 1 1 1 1 0 1 1 0 1 1 0 0 0 0 1 0 0 1 0 0 1 1 1 1 0 1 1 0 1 0 1
 1 1 0 1 1 0 1 1 1 0 1 0 1 0 1 0 0 0 0 1 0 1 0 0 0 0 1 1 1 1 1 1 0 0 0 0 1
 1 1 1 0 1 0 0 1 1 0 1 0 0 0 0 0 0 1 1 0 1 1 1 0 0 0 1 1 0 0 1 1 1 0 1 1 1
 1 1 1 0 1 0 0 1 0 0 0 1 1 1 1 1 1 1 0 0 1 1 0 1 1 0 0 1 1 1 0 0 1 1 0 0 0
 1 0 0 0 1 1 0 1 0 1 0 0 1 1 0 0 1 0 0 0 1 1 1 0 1 0 1 1 0 0 0 0 0 1 0 0 1
 1 1 0 0 1 0 1 0 1 1 0 0 0 0 0 0 0 0 0 1 0 0 1 0 0 0 1 1 0 1 1 0 1 1 0 1 0
 0 0 1 0 1 1 0 1 0 1 0 1 1 0 1 0 0 0 1 0 1 1 0 0 0 0 1 0 0 1 0 0 0 1 0 1 1
 1 0 1 0 1 0 1 0 0 0 1 0 1 0 0 1 0 1 1 1 0 1 1 1 0 0 1 0 1 1 0 1 1 1 1 1 1
 1 0 0 0 1 1 1 0 0 1 1 1 0 1 1 0 1 1 1 0 1 0 0 0 1 0 0 1 0 0 0 1 1 0 0 0 1
 1 0 1 0 1 1 1 0 1 0 0 0 0 1 1 0 0 0 0 1 1 1 0 1 0 1 0 0 1 0 1 1 1 0 0 1 0
 1 0 1 1 0 1 1 0 0 0 0 1 1 1 0 1 1 1 1 1 1 0 1 1 0 0 1 0 0 0 0 1 1 1 1 0 0
 0 1 1 1 1 1 1 1 0 1 1 1 1 1 0 0 1 1 1 0 0 1 1 1 0 1 0 1 1 1 0 1 0 0 1 1 1
 1 1 1 1 1 0 1 0 0 0 0 0 0 0 1 1 1 0 0 0 0 0 0 0 1 0 0 1 0 1 0 1 0 1 1 0 0
 0 0 1 1 1 0 0 1 1 1 0 0 1 1 1 0 1 1 0 1 0 0 0 1 1 1 0 1 1 0 1 1 0 1 1 1 0
 0 0 0 0 0 0 0 1 0 0 1 1 0 1 1 0 1 1 1 1 0 0 1 0 1 0 1 0 1 0 0 0 0 1 0 1]

Synthetic samples indexes: [  8  12  15  16  18  20  21  23  25  30  31  38  41  42  43  44  45  54
  57  58  59  62  66  68  70  73  74  75  76  79  81  82  83  86  88  94
  97 100 101 102 103 105 106 108 110 111 112 115 117 118 119 121 123 125
 130 132 137 138 139 140 141 142 147 148 149 150 152 155 166 168 169 174
 175 178 179 180 182 183 184 185 186 187 189 192 196 197 198 199 200 201
 202 205 206 208 209 212 213 214 217 222 226 227 229 231 234 235 238 242
 243 244 246 248 249 255 258 259 260 263 267 268 281 285 286 288 289 291
 292 294 298 300 303 305 308 310 314 316 317 325 329 331 332 333 335 337
 339 343 345 348 350 352 354 355 359 361 362 364 365 366 367 368 369 374
 375 376 379 380 381 383 384 386 387 388 390 394 397 401 402 406 407 409
 411 412 415 420 421 426 427 428 430 435 438 439 442 444 446 447 449 450
 455 456 457 459 460 461 462 463 464 466 467 470 475 476 477 482 483 484
 485 486 487 488 490 491 492 493 494 497 498 499 502 503 504 506 508 509
 510 512 515 516 517 518 520 521 522 524 532 534 542 545 549 551 552 558
 559 562 563 564 567 568 569 571 572 574 578 579 580 582 583 585 586 588
 589 590 599 602 603 605 608 609 610 611 614 616 618 620 625 627]

========== Cluster 1 ==========

Base classifier: GaussianNB()

Minority Class: 0

Selected Features: [ 0  1  2  3  4  5  6  7  8  9 10 11 12 13 14 15 16 17 18 19 20 21 22 23
 24 25 26 27 28 29 30]

Labels: [1 1 0 1 1 0 1 1 0 0 1 0 0 1 0 1 0 0 1 0 1 0 0 1 0 1 1 1 1 1 0 0 1 1 1 0 0
 1 0 0 1 1 1 0 0 1 1 0 0 0 1 1 1 0 1 0 0 0 0 0 1 0 0 0 0 0 0 0 0 0 0 1 0 0
 1 1 1 1 1 0 0 1 1 0 1 1 0 0 0 1 1 0 0 1 0 1 1 1 0 1 0 0 1 0 1 0 1 0 0 0 1
 1 0 1 0 1 1 1 1 0 1 0 0 0 1 0 1 1 0 0 0 1 1 0 1 0 0 0 0 1 1 1 0 0 0 1 0 1
 1 0 0 1 0 0 1 0 1 0 1 1 0 1 1 1 0 1 1 0 1 1 1 0 1 0 1 0 1 1 1 1 0 0 1 1 1
 1 0 0 0 0 0 0 1 0 1 1 0 1 0 0 0 0 1 1 1 0 1 1 0 1 1 0 1 0 0 0 1 1 0 0 1 0
 1 0 0 0 0 1 1 1 1 1 1 0 0 0 1 1 1 1 1 0 1 1 1 0 1 1 1 1 0 0 0 1 0 0 0 0 0
 1 0 0 0 1 1 0 0 1 1 1 1 0 0 1 0 0 1 0 1 1 1 0 1 0 1 0 0 1 0 1 1 0 0 1 1 1
 0 0 1 0 1 0 0 1 1 1 1 1 1 0 0 0 0 0 1 0 0 1 0 1 0 1 0 1 0 1]

Synthetic samples indexes: [  5   8   9  11  12  14  16  17  19  22  24  30  35  36  38  39  43  44
  47  48  49  53  55  56  57  58  59  61  63  64  65  66  67  68  69  70
  72  73  79  80  83  86  87  88  91  92  94  98 100 101 103 105 108 109
 112 114 119 121 122 123 125 128 129 130 133 135 136 137 138 142 143 144
 146 149 150 152 153 155 157 160 164 167 171 173 175 180 181 186 187 188
 189 190 191 196 198 199 200 201 205 208 211 213 214 215 218 219 221 223
 224 226 233 234 235 241 245 250 251 252 254 255 256 257 258 260 261 262
 265 266 271 272 274 275 277 281 283 285 286 288 291 292 296 297 299 301
 302 309 310 311 312 313 315 316 318 320 322 324]

