Clustering algorithm selected: kmeans
=====================================

Clustering evaluation metric: silhouette
Clustering evaluation value: 0.3846719547627156

========== Cluster 0 ==========

Base classifier: SVC(probability=True)

Minority Class: 0

Selected Features: [ 0  1  2  3  4  5  6  7  8  9 10 11 12 13 14 15 16 17 18 19 20 21 22 23
 24 25 26 27 28 29 30]

Labels: [1 0 1 0 0 1 0 0 1 1 0 1 0 0 0 0 1 0 1 0 0 1 1 0 1 1 1 1 1 1 1 0 1 0 1 0 1
 0 0 1 1 0 0 0 0 1 1 1 0 0 1 0 1 1 0 1 1 0 1 0 0 1 0 0 1 1 0 0 0 0 0 1 1 0
 1 1 0 1 0 1 0 1 0 0 0 1 1 0 0 0 0 0 1 1 1 0 0 1 0 1 1 1 1 1 1 1 1 0 0 0 0
 0 0 1 1 1 0 0 1 1 1 0 0 0 1 1 0 0 0 1 0 0 1 1 0 1 0 1 0 0 1 1 0 0 1 0 0 0
 1 1 1 1 0 1 1 1 1 1 0 0 1 0 1 1 1 1 0 0 0 1 1 1 0 0 1 0 0 0 0 1 1 0 0 0 0
 1 0 1 0 1 0 1 0 1 0 1 0 1 1 1 1 1 0 1 0 0 0 1 0 0 0 0 1 0 1 0 0 0 0 1 1 0
 1 0 1 0 0 1 0 1 0 1 0 1 1 0 0 0 1 0 1 0 0 0 0 1 1 0 1 1 0 1 0 0 1 0 0 1 1
 1 1 0 1 1 0 1 0 0 0 0 1 0 1 1 1 1 1 1 1 0 0 0 1 0 0 0 0 0 1 1 0 0 0 0 1 1
 1 0 0 0 1 0 1 1 1 1 1 1 0 1 0 0 0 0 0 1 1 0 0 0 1 0 0 0 1 1 0 1 1 0 0 1 0
 0 1 1 0 0 1 1 0 1 1 1 0 1 0 1 0 1 1 1 1 0 0 1 0 0 1 1 0 0 1 1 0 0 0 1 0 1
 1 0 0 0 0 0 0 0 0 1 0 0 0 1 0 1 1 1 1 0 0 0 1 0 0 1 1 0 0 1 1 1 1 1 1 1 1
 0 0 1 1 0 1 0 1 0 1 0 1 0 0 1 0 1 1 0 1 1 1 1 0 0 0 1 1 0 0 1 1 1 1 1 0 0
 1 0 1 0 1 0 0 0 1 1 1 0 0 1 0 1 1 1 0 1 0 0 0 0 0 0 1 0 1 0 0 0 1 1 1 0 1
 1 1 0 1 0 1 0 1 1 0 1 1 0 0 0 0 0 0 1 0 1 1 0 1 1 0 1 0 0 1 1 0 1 1 1 0 0
 1 0 1 1 1 0 1 1 0 0 0 1 0 0 0 0 1 1 1 0 1 0 0 1 0 1 0 0 0 0 1 1 1 1 0 1 1
 1 0 1 1 1 0 1 1 1 1 0 1 1 0 0 1 0 1 1 0 1 1 1 1 1 1 0 1 1 1 1 1 1 0 0 1 1
 1 0 0 1 0 0 0 1 1 0 1 1 0 0 0 0 0 0 1 0 0 1 1 1 0 0 0 1 1 0 0 0 1 1 0 1 0
 0]

Synthetic samples indexes: [  0   2   5   8   9  11  16  18  21  22  24  25  26  28  29  30  32  36
  39  40  45  46  47  50  52  53  55  56  58  61  64  65  71  72  74  75
  77  79  85  86  92  93  94  97 100 101 102 103 104 105 106 114 115 118
 120 124 125 132 133 135 137 140 141 144 148 149 151 153 154 155 156 160
 162 163 164 165 169 170 174 179 180 185 187 189 191 193 195 197 198 199
 201 203 207 212 214 219 220 222 224 227 229 231 233 234 238 240 245 246
 248 249 251 254 257 258 259 260 262 263 265 270 272 273 274 275 276 277
 278 282 288 289 294 296 300 302 303 306 307 309 315 316 320 324 325 327
 331 334 335 339 341 342 343 345 347 349 350 351 352 355 358 359 362 367
 369 370 383 385 386 387 388 392 395 396 399 400 401 402 403 404 405 406
 409 410 412 414 416 418 421 423 424 426 427 428 433 437 438 439 440 441
 444 448 452 453 454 457 459 460 461 463 470 476 477 478 480 481 482 484
 486 488 489 491 492 499 501 502 504 505 507 510 511 513 514 515 518 520
 521 522 524 525 529 535 536 541 543 548 549 550 551 554 557 558 559 562
 563 564 566 567 572 573 575 576 577 578 579 580 582 583 585 586 587 590
 591 592 599 600 602 610 613 614 615 619 620 624 625 627]

========== Cluster 1 ==========

Base classifier: GaussianNB()

Minority Class: 0

Selected Features: [ 0  1  2  3  4  5  6  7  8  9 10 11 12 13 14 15 16 17 18 19 20 21 22 23
 24 25 26 27 28 29 30]

Labels: [0 0 0 1 0 1 1 1 0 0 1 1 1 1 0 1 0 0 1 0 0 0 1 1 1 0 0 0 0 0 0 1 0 1 1 0 0
 0 0 0 1 1 1 0 1 1 1 1 1 1 0 0 0 1 1 1 1 1 0 0 1 0 1 1 0 0 0 1 1 0 0 0 1 1
 0 0 1 1 0 1 0 1 1 1 1 0 1 1 0 0 1 1 1 1 1 1 0 1 1 0 0 0 0 1 0 0 0 0 1 0 0
 1 1 0 0 1 1 1 0 1 0 0 0 0 1 0 0 0 0 1 1 0 1 1 1 1 0 0 0 1 0 1 1 1 1 0 1 0
 0 0 0 1 1 0 1 1 1 0 0 1 0 1 1 0 1 1 0 1 1 0 0 1 0 1 0 0 0 1 1 0 1 0 0 0 1
 1 1 1 0 0 1 0 1 0 1 0 1 0 1 1 0 0 0 0 1 0 0 1 0 0 0 0 1 1 1 0 0 0 0 0 0 1
 0 0 0 1 1 1 0 1 1 1 1 1 0 0 1 0 1 0 0 1 1 0 1 1 1 0 0 1 1 1 1 0 0 0 0 1 0
 1 0 1 1 1 1 0 0 0 0 0 1 1 1 1 1 1 1 0 1 1 1 0 0 1 1 1 0 0 0 1 0 0 1 0 0 0
 1 0 0 1 0 0 0 1 1 1 1 1 0 1 1 0 0 0 0 0 1 0 1 1]

Synthetic samples indexes: [  0   1   2   4   8   9  14  16  17  19  21  25  26  27  28  29  30  32
  35  36  37  38  39  43  50  51  52  58  59  61  64  65  66  69  70  74
  75  78  80  88  89  99 100 101 102 104 105 106 107 109 110 113 114 118
 120 122 123 125 126 127 128 131 136 137 138 140 145 147 148 149 150 153
 157 158 160 163 166 169 170 172 174 175 176 179 181 182 183 188 189 191
 193 195 197 200 201 202 203 205 206 208 209 210 211 215 216 217 218 219
 220 222 223 224 228 234 235 237 239 240 243 247 248 253 254 255 256 258
 260 265 266 267 268 269 281 282 286 287 288 290 291 293 294 295 297 298
 300 301 302 308 311 312 313 314 315 317]

