Clustering algorithm selected: kmeans
=====================================

Clustering evaluation metric: silhouette
Clustering evaluation value: 0.36839288061612674

========== Cluster 0 ==========

Base classifier: GaussianNB()

Minority Class: 1

Selected Features: [ 0  1  2  3  4  5  6  7  8  9 10 11 12 13 14 15 16 17 18 19 20 21 22 23
 24 25 26 27 28 29 30]

Labels: [0 1 1 0 1 1 1 1 0 0 1 1 1 0 1 1 0 0 0 0 1 0 0 1 1 1 1 1 1 1 0 1 0 0 0 1 0
 0 1 0 1 1 1 0 0 0 1 1 0 0 1 1 1 0 1 1 0 1 0 0 1 1 0 1 0 0 0 0 0 1 0 1 1 1
 0 1 1 0 0 0 1 1 0 0 1 0 0 0 0 1 0 0 1 1 1 1 1 0 0 1 0 1 1 0 1 1 0 0 1 1 0
 0 0 1 1 1 1 0 0 0 0 0 1 1 0 0 1 0 0 0 1 0 0 1 0 1 1 0 1 1 1 0 0 0 1 0 1 1
 1 0 1 1 1 1 1 0 1 0 1 0 1 0 0 1 1 0 1 1 0 1 0 1 0 0 0 0 0 0 1 1 1 0 0 1 0
 1 0 0 1 1 1 0 1 1 0 0 0 0 0 0 1 0 1 1 1 1 0 0 1 1 1 0 0 1 1 0 0 1 0 0 0 0
 1 1 1 0 0 0 0 0 1 1 0 0 1 1 0 1 0 0 1 0 0 1 1 0 0 1 0 1 1 0 1 0 1 1 0 0 0
 1 1 0 1 1 1 0 1 1 1 1 1 0 0 0 1 1 0 0 0 0 1 1 1 0 0 0 1 1 1 0 1 0 0 0 1 1
 0 0 1 1 0 0 1 1 0 0 1 0 0 1 1 1 0 1 0 0 0 1 0 0 1 0 1 1 0 1 1 0 1 0]

Synthetic samples indexes: [  0   8   9  13  16  17  18  19  21  22  30  32  33  34  36  37  39  43
  44  45  48  49  53  56  59  62  64  65  66  67  68  70  74  77  78  79
  82  83  86  87  88  90  91  97  98 100 103 106 107 110 111 112 118 119
 120 121 124 125 127 128 129 131 132 134 137 142 143 145 149 155 157 159
 161 165 168 170 172 173 174 175 176 177 181 182 184 186 187 191 194 195
 196 197 198 199 201 206 207 211 212 215 216 218 219 220 221 225 226 227
 228 229 232 233 236 238 239 241 242 245 246 248 253 256 257 258 261 265
 271 272 273 276 277 278 279 283 284 285 289 291 292 296 297 300 301 304
 305 307 308 312 314 315 316 318 319 321 324 327 329]

========== Cluster 1 ==========

Base classifier: SVC(probability=True)

Minority Class: 1

Selected Features: [ 0  1  2  3  4  5  6  7  8  9 10 11 12 13 14 15 16 17 18 19 20 21 22 23
 24 25 26 27 28 29 30]

Labels: [0 1 1 1 0 1 0 1 0 1 1 0 1 1 1 1 1 0 0 0 0 0 1 1 0 0 1 1 0 0 1 1 1 1 0 0 0
 0 1 0 1 0 0 0 0 0 0 0 0 0 1 0 0 1 0 1 0 1 1 0 1 1 0 0 1 0 0 1 0 1 1 1 0 1
 0 0 0 1 0 1 0 1 1 1 0 1 1 0 1 1 1 0 0 0 0 1 1 0 1 1 1 0 0 0 0 1 1 0 1 0 0
 0 1 1 1 1 0 0 0 0 1 0 1 1 0 0 0 0 0 0 1 0 0 1 1 1 0 1 1 1 0 0 0 1 1 1 0 0
 1 1 1 0 1 1 1 0 1 0 0 0 1 1 0 0 0 0 1 0 1 1 1 1 1 1 1 0 0 1 0 1 0 1 1 1 0
 0 1 0 0 1 1 1 1 1 1 0 1 0 1 0 1 0 0 0 1 0 0 1 1 0 0 0 0 0 0 1 0 1 1 1 1 1
 1 1 0 1 0 1 1 0 0 1 0 0 0 1 0 1 1 0 1 0 0 1 0 1 1 0 1 0 1 1 1 1 0 0 0 1 1
 0 1 1 1 0 1 0 0 0 1 0 0 1 1 1 1 0 1 0 0 0 0 0 0 0 1 1 1 1 1 0 0 1 0 0 0 0
 0 0 1 1 0 1 0 0 0 1 0 1 0 0 1 0 1 0 1 1 1 1 0 1 1 1 1 1 0 0 0 1 1 1 1 1 0
 0 1 1 1 0 0 1 1 1 0 1 1 0 0 0 0 1 1 1 0 0 1 0 0 0 0 1 1 0 0 1 0 1 1 0 1 1
 0 1 0 0 0 1 0 0 1 1 1 0 0 1 0 1 1 1 0 0 1 1 1 1 1 1 0 1 1 1 0 0 0 0 1 0 0
 1 1 0 0 1 1 0 0 1 1 1 1 0 1 0 1 0 1 0 1 1 1 1 1 1 1 0 0 0 1 1 0 0 0 0 1 0
 1 0 1 1 0 0 1 0 1 0 0 1 0 0 0 1 0 0 1 0 1 0 1 0 0 1 0 0 0 1 1 0 0 0 1 1 0
 0 0 1 1 0 1 0 0 0 1 0 0 1 0 0 1 0 1 1 0 0 0 0 1 0 0 1 0 1 0 0 0 1 0 0 1 1
 0 1 1 0 0 0 1 1 0 0 0 0 1 1 0 1 0 0 1 1 0 1 1 1 1 1 1 1 1 0 0 0 1 1 0 1 1
 0 1 1 1 1 1 1 0 0 1 0 0 0 0 1 0 1 1 1 1 0 0 1 1 1 0 0 0 0 0 1 0 0 0 0 0 0
 1 1 0 1 1 0 1 0 1 0 1 0 1 0 1 0 1 0 0 1 0 1 0 1 0 1 1 1 1 1 1 0 0 1]

Synthetic samples indexes: [  1   2   3   5   7   9  10  12  13  14  15  16  22  23  26  27  30  31
  32  33  38  40  50  53  55  57  58  60  61  64  67  70  73  77  79  81
  82  83  85  86  88  89  90  95  96  98  99 100 105 106 108 112 113 114
 115 120 122 123 130 133 134 135 137 138 139 143 145 148 149 150 152 153
 156 160 161 166 169 170 171 172 173 174 177 179 181 182 183 186 189 190
 191 192 193 194 196 198 200 204 207 208 215 218 219 220 221 222 223 225
 227 228 231 235 238 240 243 245 246 248 250 252 253 257 258 260 261 262
 264 268 271 272 273 274 276 285 286 287 288 291 298 299 301 305 307 310
 312 314 315 316 317 319 320 321 322 323 327 329 330 331 334 335 336 339
 340 341 343 344 349 351 354 359 360 363 365 366 368 369 371 375 378 379
 380 385 387 390 391 392 393 394 395 397 398 399 404 407 408 411 412 415
 416 417 418 420 424 426 427 428 429 430 431 432 436 437 442 444 446 447
 450 452 455 459 462 464 466 469 473 474 478 479 483 486 490 493 496 498
 499 504 507 509 513 516 517 519 520 524 525 530 531 533 536 537 540 541
 542 543 545 546 550 554 556 557 558 559 560 561 564 569 571 572 573 577
 578 585 595 596 602 604 608 611 613 615 617 618 619 620 621 622 625]

