Clustering algorithm selected: kmeans++
=====================================

Clustering evaluation metric: silhouette
Clustering evaluation value: 0.3818408798120339

========== Cluster 0 ==========

Base classifier: SVC(probability=True)

Minority Class: 0

Selected Features: [ 0  1  2  3  4  5  6  7  8  9 10 11 12 13 14 15 16 17 18 19 20 21 22 23
 24 25 26 27 28 29 30]

Labels: [0 0 0 0 0 1 0 1 0 1 1 1 0 0 0 1 1 1 1 1 1 0 1 0 1 0 0 1 0 0 1 0 0 1 1 0 1
 1 0 0 0 0 0 1 0 1 1 1 1 1 1 1 0 1 0 0 0 1 0 0 1 1 0 0 1 1 1 1 1 1 0 0 0 0
 0 0 1 1 0 0 1 1 1 0 0 0 0 0 0 0 0 1 0 0 0 0 1 1 0 0 1 0 1 1 1 0 1 0 0 1 1
 1 0 1 1 1 1 1 1 1 0 0 0 1 1 0 0 0 0 1 1 1 1 0 1 1 1 0 1 0 1 0 0 1 0 0 1 0
 1 1 1 0 0 0 1 0 1 1 1 0 0 0 1 0 1 0 1 0 1 1 1 1 1 0 0 1 1 1 1 0 1 0 0 1 0
 1 0 1 0 0 1 1 1 0 0 1 1 1 1 1 0 1 1 1 0 0 0 0 0 1 0 0 0 1 0 0 0 0 1 1 0 1
 1 0 0 0 1 0 0 1 0 0 0 1 0 0 1 1 0 0 0 1 1 1 1 0 1 1 1 0 1 1 0 0 1 1 0 0 1
 0 1 0 1 0 1 0 1 0 0 1 1 1 0 1 1 1 1 0 0 1 1 0 1 0 1 0 0 1 0 0 0 1 1 0 0 0
 0 1 1 0 0 0 1 0 0 0 1 0 1 1 0 1 1 1 1 1 1 1 0 1 0 0 1 1 0 0 0 1 0 1 1 1 0
 0 1 1 0 1 0 1 1 0 0 0 1 1 1 0 0 0 1 0 0 1 1 0 0 1 1 0 1 0 1 0 1 1 1 1 0 1
 1 1 0 0 1 1 1 0 0 1 0 1 1 0 0 0 0 0 1 0 1 0 0 1 1 0 1 1 0 1 0 0 0 1 1 1 1
 0 1 1 0 1 0 1 0 0 1 0 1 0 0 0 0 0 0 1 1 0 0 0 1 0 1 0 0 1 1 1 0 0 0 1 1 1
 1 1 1 1 1 0 0 1 1 0 1 0 1 0 0 0 0 0 0 0 0 0 1 1 1 0 1 0 0 1 1 0 0 0 1 1 1
 0 0 0 0 1 1 1 1 0 0 0 0 0 0 0 0 0 0 0 1 1 1 1 0 1 1 0 0 1 1 1 0 0 1 1 0 0
 1 1 0 0 1 1 1 0 0 0 1 1 1 0 1 1 0 0 1 1 1 1 0 0 1 0 0 0 0 1 1 1 0 0 0 0 0
 1 1 1 1 1 1 0 0 0 1 0 0 1 1 1 0 0 1 1 0 1 0 1 0 0 1 0 0 0 1 0 1 1 0 0 0 0
 1 1 1 0 1 1 0 1 1 1 0 1 0 1 1 0 1 0 1 0 0 1 1 0 1 0 1 0 1 1 0 1 1 0 1 0]

Synthetic samples indexes: [  5   7   9  11  15  17  18  19  20  22  24  27  33  34  36  37  43  45
  46  47  49  50  53  57  60  61  65  66  67  68  69  76  77  80  81  82
  91  96  97 100 102 103 104 106 109 110 111 113 114 115 116 117 118 119
 123 124 130 131 132 134 135 136 138 140 146 148 149 154 156 157 158 164
 166 168 169 170 171 172 175 176 177 178 180 185 187 190 191 192 195 196
 197 198 199 201 202 203 213 218 219 221 222 226 229 233 236 237 241 242
 243 244 246 247 248 250 251 254 258 260 262 264 266 269 270 271 273 274
 275 276 279 280 282 284 287 291 292 297 298 302 306 308 309 311 312 313
 314 315 316 317 322 323 327 329 330 334 335 337 339 340 344 346 350 353
 354 357 358 360 362 364 365 366 369 370 371 374 375 376 379 381 382 388
 390 393 394 396 397 399 403 404 405 406 409 411 413 416 418 425 426 430
 432 436 437 441 442 444 445 446 451 452 454 456 467 468 470 473 478 479
 480 485 486 487 488 500 501 502 503 505 506 509 510 511 514 515 518 522
 523 524 528 529 530 532 533 536 537 538 539 542 547 548 549 555 556 557
 558 559 560 564 567 568 569 572 573 575 577 580 584 587 592 594 596 597
 599 600 601 603 605 606 608 610 613 614 616 618 620 621 624 626]

========== Cluster 1 ==========

Base classifier: GaussianNB()

Minority Class: 0

Selected Features: [ 0  1  2  3  4  5  6  7  8  9 10 11 12 13 14 15 16 17 18 19 20 21 22 23
 24 25 26 27 28 29 30]

Labels: [0 0 1 1 0 1 1 0 1 1 0 0 0 0 1 1 1 0 0 1 0 0 1 0 0 1 1 0 1 1 0 1 0 1 1 0 1
 1 1 1 0 1 1 1 0 0 1 1 0 0 1 0 0 1 1 0 1 0 1 1 1 1 0 0 1 1 0 1 1 0 1 0 1 0
 1 0 1 0 1 0 1 1 0 1 0 0 1 1 1 1 1 1 1 0 0 0 1 1 0 0 0 0 1 1 1 1 0 0 0 1 0
 0 0 0 0 1 1 0 0 1 1 0 0 0 0 1 1 0 1 0 1 0 1 1 1 1 0 0 1 0 1 1 1 0 0 1 1 1
 1 1 1 1 1 1 0 0 1 0 0 0 0 0 1 0 0 0 0 0 1 0 0 1 0 0 0 0 0 1 1 0 1 1 1 1 0
 1 1 0 1 1 0 1 1 1 0 0 1 0 0 0 0 0 1 0 0 0 1 0 1 1 1 1 0 1 1 0 1 0 1 0 1 1
 0 0 0 0 1 0 1 1 1 0 0 0 0 1 1 0 1 0 0 1 1 1 0 0 0 0 1 1 1 1 0 1 0 1 1 1 0
 0 0 1 0 0 0 1 0 0 1 1 1 0 0 1 1 1 0 1 0 0 0 1 0 0 0 0 1 1 0 1 0 1 0 1 0 1
 1 0 0 0 1 1 0 1 0 0 1 0 1 1 0 0 0 0 0 1 0 1 0 1 1 1 0 0 0 1]

Synthetic samples indexes: [  0   1   4   7  10  11  12  13  17  18  20  21  23  24  30  32  35  40
  44  45  48  49  51  52  55  57  62  63  66  69  71  73  75  77  79  82
  84  93  94  95  98  99 100 101 106 107 108 110 111 112 113 114 117 118
 121 122 123 124 127 129 131 136 137 139 143 144 154 155 157 158 159 160
 161 163 164 165 166 167 169 170 172 173 174 175 176 184 187 190 194 195
 197 198 199 201 204 205 207 212 215 217 219 222 223 224 225 227 231 232
 233 234 239 244 245 246 247 252 254 258 259 260 262 263 264 266 267 271
 272 276 278 279 280 282 283 284 285 288 290 292 294 297 298 299 302 304
 305 307 310 311 312 313 314 316 318 322 323 324]

