Clustering algorithm selected: fcm
=====================================

Clustering evaluation metric: dbc
Clustering evaluation value: 0.5240664323362889

========== Cluster 0 ==========

Base classifier: GaussianNB()

Selected Features: [32 34 21  5 27 37  6 20  4 31 33 23 12 17 14 13 25  3 29 10 28  0  1 36
 19 35 26 30 22 24 16 18 11]

Labels: [1 0 0 0 0 0 0 0 1 0 1 0 1 1 1 0 1 1 0 0 0 1 1 0 0 0 0 0 0 0 1 0 0 0 0 0 1
 1 1 1 0 0 0 1 0 1 1 1 0 1 1 0 1 1 0 0 0 1 0 0 0 0 0 0 0 0 0 1 1 1 1 1 1 0
 1 1 1 1 0 1 0 1 1 1 0 0 1 0 1 1 0 0 0 0 1 1 1 0 0 1 0 1 1]

========== Cluster 1 ==========

Base classifier: GaussianNB()

Selected Features: [32  4 18 14 35 16 33 20  5 27 30 11 21 23  1  6 29 17 34 26 25 37 36 19
 28 24 31 22 13 15  8  9 10]

Labels: [1 1 0 0 0 0 0 0 0 1 0 1 0 0 0 1 1 1 1 0 0 0 0 0 0 1 1 1 1 1 1 0 0 1 0 1 0
 1 1 0 0 0 0 0 0 0 1 0 1 1 0 1 1 1 1 0 1 1 0 0 0 1 1 0 0 0 0 0 1]

========== Cluster 2 ==========

Base classifier: GaussianNB()

Selected Features: [32 33 34  8 26  4  3 25 37 29 31  7 20 16 36  0  2 24 11 14 15 28 30  5
 18 17 35 27 22 21 19 23 13]

Labels: [1 0 0 0 0 0 1 1 1 0 1 0 1 1 1 0 1 1 1 1 1 0 1 0 0 1 1 0 0 0 0 0 0 0 1 1 1
 0 1 1 0 1 0 0 1 0 0 0 0 0 0 0 1 0 1 1 1 0 0 0 0 1 1 1 0 1 0 0 1 0 1 0 0 0
 1 0 1 1 0 1 0 0 0 1 0 0 0 1 1 1 0 0 1 1 1 1 0 1 1]

========== Cluster 3 ==========

Base classifier: GaussianNB()

Selected Features: [34 32 33 37 17 31 16 19 36 14 20  2 28 18 23 30  7 26 15 35 13  1 10  5
  0  4 29 27 25 24 22 21 11 12  8]

Labels: [0 1 1 0 0 1 0 0 0 1 0 0 0 0 0 1 0 0 0 1 0 1 0 0 1 0 0 1 0 1 0 0 0 0 0 0 0
 1 0 0 0 0 0 0 0 1 1 1 0 0 0 0 0 0 1 1 1 0 1 1 0 0 1 1 0 1 0 1 0 0 0 1 1 1
 0 0 0 1 0 1 1 1 1 1 0 1 1 1 0 0 1]

========== Cluster 4 ==========

Base classifier: GaussianNB()

Selected Features: [32 34 27 37 19  6 33 17 36 18 12 29  1  0  9  7  4 31 16 15 22 13 21 25
 35 20 28 30 26 24 23 10 11 14]

Labels: [0 0 0 0 0 0 1 0 0 0 0 0 1 1 0 0 0 0 0 0 0 0 1 1 0 1 1 1 1 0 1 0 0 0 0 0 1
 1 0 0 1 0 1 0 1 1 1 0 0 0 1 0 0 1 0 0 1 0 0 0 1 0 0 0 0 1 1 0 0 1 0 0 1 0
 0 1 0 1]

========== Cluster 5 ==========

Base classifier: GaussianNB()

Selected Features: [32 34 37 33 24 31  8 25 28 11 27 10 26 15 22  9 35 23  6 36 17 13 20 18
 16 21 29 30 19 12 14  7  5  4  3]

Labels: [1 1 0 0 1 0 0 1 0 0 1 1 1 1 1 1 0 1 1 0 0 0 1 1 1 1 1 1 1 1 0 0 0 0 0 0 0
 1 1 0 1 0 1 1 0 0 0 1 0 0 1 1 1 0 0 1 0 1 0 1 0 1 1 0 1 0 1 0 0 1 0 1 0 0
 0 1 0 0 1 1 1 0 1 0 0 1 0 1 1 0 0 1 0]

========== Cluster 6 ==========

Base classifier: GaussianNB()

Selected Features: [ 0 34 32 31 36 33 24 14 35 37 15 23 20  9  3  6  1 29 22 12 16 25 27 17
 19 18 28 30 26 21  8 10 11 13  4]

Labels: [1 1 1 0 0 0 0 1 1 0 1 1 0 0 0 0 0 0 1 0 0 1 0 1 0 0 0 1 1 1 1 1 0 0 1 1 1
 0 1 1 0 1 0 0 0 0 1 1 1 1 0 0 1 1 0 0 1 1 0 1 1 1 0 0 0 0 0 1 0 1 1 0 0 0
 1 0 0 0 0 0 1 0 1 1 0 1 1 1]

