Clustering algorithm selected: fcm
=====================================

Clustering evaluation metric: rand
Clustering evaluation value: 0.026552322153731604

========== Cluster 0 ==========

Base classifier: SVC(probability=True)

Minority Class: 1

Selected Features: [189  15  44 111 154  87 143 100  14 146 107  84 115 216 170 183 215  90
  88 129 105  16  74  11  60 218 193 106 101 121 128  59  92 156  36 124
 186 220 214  35  78 122   2  40  96  17 174  99  53 177  85  31 117  79
 211 173 116 164   1 180 157  95 150  19 190 102  61  23   7  77  69  56
 123 182 114  64  57 199 171 108  10 187 223 113 147  70 168   3 152 137
  37 208   4 119 224 217 166  33 118 179   8  89  46 162  68  94  18  43
 158 169 125  66  22  65  21  55  67  20  25  13  12   9  71   6   5  72
  24  29  26  63  52  51  50  49  48  47  58  45  42  41  39  38  34  32
  30  62  54  28  27  73 112  75 196 194 192 191 188 185]

Labels: [0 0 1 0 1 1 1 0 0 0 0 0 0 0 1 1 0 0 0 0 1 0 0 0 0 1 0 1 1 0 0 0 0 1 1 0 1
 0 0 1 0 0 1 0 0 0 0 0 0 0 0 1 0 0 0 0 0 0 1 0 0 0 0 0 0 0 0 0 1 0 0 0 0 0
 0 0 0 1 0 1 0 0 0 1 1 0 0 0 0 0 1 0 0 0 1 0 0 1 0 1 0 1 0 0 0 1 0 0 0 0 1
 1 1 0 1 1 0 1 0 0 0 0 0 1 0 0 0 1 1 0 0 1 0 0 1 0 0 0 0 0 0 1 1 0 0 1 1 1
 0 0 1 0 1 0 1 0 1 0 0 1 0 1 1 0 1 0 1 0 1 0 0 0 0 1 0 0 1 0 0 0 0 0 0 0 1
 0 0 0 0 0 0 1 1 1 0 0 0 1 0 0 0 0 1 1 0 0 1 0 1 0 0 1 0 0 0 0 1 0 0 0 0 1
 1 1 0 0 0 1 0 0 0 0 1 1 0 0 0 0 0 0 1 0 1 1 1]

========== Cluster 1 ==========

Base classifier: KNeighborsClassifier(n_neighbors=7)

Minority Class: 1

Selected Features: [ 39  99 193  12   7 210  24 203  80 197 170 175  55  57  13 137 103 201
  62 190 205 182 132 191 168   3 198 176 154  26  41 212 120 195 141 146
 122  49 111 101 116 177  29  76 133 142  79   5 108  15 215 206 149 159
  53  59 104 139  27  47  68  95  20 161  75 118  83 211  63 102 148 217
   4 112 192 189 151  89 178 188 220 121 204 207  42 166  35 185  91  11
 173 131 162 199  16 224  61  28   0  54 172 186  36  37  45  34  38 184
  40 183 181  43  44 180  46  32  48 179  50  51  52 174  56 171  58 169
  60  33  31 165  14   1   2 222 221 219   6 218   8   9  10 216 214 213
 209  30 208  17  18  19 202  21  22  23 200  25 196 194 187 167 128 127
  65  98 150 100 147 145 144 143 105 106 107 140 109 110 138 223 113 114
 115 136 117]

Labels: [1 0 0 0 0 0 1 0 1 1 0 1 0 0 0 1 0 1 1 0 0 0 0 1 0 0 0 0 1 1 0 0 1 1 0 1 0
 1 0 0 1 1 0 0 0 1 1 0 0 0 1 1 1 1 1 0 0 1 1 1 1 0 0 0 0 0 0 0 0 0 0 0 0 0
 1 1 1 1 0 0 1 1 0 0 1 0 0 0 1 1 0 0 1 0 0 0 0 0 0 0 1 0 0 0 0 0 1 0 0 1 0
 1 0 0 1 1 0 0 0 1 1 0 0 0 1 0 1 0 1 1 1 1 1 0 1 1 0 0 0 1 0 0 1 1 0 1 0 0
 1 0 0 1 0 0 0 0 1 0 0 0 0 1 1 1 1 0 0 1 0 0 1 0 1 1 0 0 1 1 0 0 0 0 0 0 1
 0 0 0 0 1 1 0 0 0 0 1 1 1 0 0 0 0 1 0 0 0 1 0 0 1 0 0 0 0 0 0 1 1 0 0 1 1
 1]

========== Cluster 2 ==========

Base classifier: GaussianNB()

Minority Class: 1

Selected Features: [  1 200 213 201 212 221 132  99   6 153 215 138 141 209 102 127 214  35
 192 137 195  60  10 168 182 101  40 100  18   4   2  95 139  55   0 223
 169 164  75 216  83  20 121 105  13 112   5  19 175  94 149  42 147 151
 206 104 174  28 220  49 208 114 155  15 124  46  56 194 177 156 198  87
  23 113   8 196  85  69  78  57  67 188 154 159  98 180  32  90  80 190
 176 103 157  37 136 160  68 191  39  33 219  92  62 120 222 210  52  61
  66  65  53  54  64  58  59  51 204  63 205 178  50  25   3 218   7   9
 217  11  12 211  14  16  17  21  22  24  26  48  27  29  30  31  34 207
  36  71  38  41  43  44  45  47  70  89  72 185 145 144 143 142 184 140
 186 148 187 135 134 133 131 130 146 150 128 166 173 172 171 170 179 167
 165 152 181 163 162 161 158 183 129 189  73 202 199  93  91  88  86  84
  82  97  81]

Labels: [1 0 0 0 1 1 0 1 0 1 0 0 0 0 0 1 1 1 1 1]

========== Cluster 3 ==========

Base classifier: SVC(probability=True)

Minority Class: 1

Selected Features: [  3 214 118 217 216  87 154  40  43  13 149 163 181 125 126 115 196 221
 116 206   4  71  34  70 164 100 155  84 110 165 209  45 215   0 220  94
  48  93  65  88 176  72  20 121  91  51 133 182  82  61 114 177 145  54
  36  76 179 175 144 166  28  16   8 204  30  92  77 137 108  21 136  49
  68 201 210   7  46 150  86  33  66  22 158 203  60 185 113  67 197 184
  79   6  10 218  78  42  35 156 208  47 103  50  41   2 122  83 135  25
 207 139  89  17 119  69 162 153 107  14  12 104  27   9 157 167  26  19
  29  52  44  53  32  18   1  31  55  73  11  56  37  38  23  64  63  62
   5  24  59  58  57  39  15 224  74 151 187 186 183 180 178 174 173 172
 171 170 169 168 161]

Labels: [0 0 0 0 0 1 0 0 1 0 0 0 0 0 0 0 1 0 0 0 1 0 0 0 0 1 0 0 0 1 0 0 0 1 0 0 1
 0 0 1 1 0 0 0 0 0 0 0 0 0 1 1 0 0 0 0 1 0 0 0 0 0 0 1 0 0 0 0 1 0 1 0 0 0
 0 0 0 0 0 0 0 0 0 1 1 0 1 1 0 0 1 1 1 0 0 0 0 0 0 1 1 0 0 1 0 0 0 1 0 0 0
 1 1 0 1 0 0 0 1 0 1 0 0 0 1 0 0 0 0 1 1 0 1 0 0 0 0 1 0 1 0 0 1 0 0 0 0 0
 0 0 1 0 0 1 0 1 0 0 0 1 0 0 0 0 0 1 0 0 0 0 0 0 0 0 0 0 0 0 1 0 0 0 0 1 0
 0 0 0 0 0 0 1 0 0 0 0 0 0 0 0 1 0 0 1 1 0 0 0 1 1 1 0 0 0 1 1 1 0 0 0 0 0
 1 0 0 0 1 0 0 0 0 0 0 0 0 0 0 0 0 1 0 1 0 0 0 0 0 0 0 0 0 0 0 0 0 0 1 1 0
 0 0 1 1 0 1 1 0 1 0 0 0 0 1 0 0 0 1 0 0 1 1 0 1 0 0 0 0 0 0 0 0 0 0 1 1 0
 1 0 0 1 0 0 0 0 0 0 1 0 0 0 1 0 0 0 0 0 0 0 0 0 0 0 0 0 0 0 0 1 0 0 0 0 0
 1 0 0 0 0 0 1 0 0 0 0 0 0 0 0 1 1 0 1 0 1 0 1 0 0 0 0 0 0 0 1 1 0 0 1 1 1
 0 0 0 1 0 0 1 1 0 0 0 0 0 0 0 0 0 0 1 0 0 0 0 0 0 0 0 0 0 0 0 0 1 0 1 0 0
 0 1 0 0 0 0 1 0 0 0 1 1 1]

