Clustering algorithm selected: kmeans
=====================================

Clustering evaluation metric: rand
Clustering evaluation value: 0.2655206027660675

========== Cluster 0 ==========

Base classifier: LogisticRegression()

Minority Class: 1

Selected Features: [ 89 125  35 214   3 221 132  29 141  48   2  50   0  84 177  34  66 133
 102 202  93 204  53  15  19 129 111  32 203 116 172   6 121 181  10 188
 198 118 183 219  45  12 167  23 170   9  54 152  97 199 163  22 140  26
 207  74  86  75 128 200 171 155 208 184 119  18 154  60  61 178  14 205
 169 212 130  79 218  33 215 148 185  63 223  17  95 197 135  76  36 149
 106 160  11  28  73 166 211 164  91  71 124 174   4 146  52  30  42 190
 138 114   5  92 201  13  62  64   8  65  67  69   1  70  72  68  27  59
  44  31  25  24  37  38  40  41  43  21   7  58  20  46  47  49  51  16
  55  56  57  39 224  77 161 179 176 175 173 168 165 162 159  78 158 157
 156 153 151 150 147 180 182 186 187 222]

Labels: [1 0 0 0 0 0 0 0 1 0 1 1 1 1 0 0 0 0 0 0 0 0 0 0 1 1 1 0 1 0 0 1 0 0 1 0 0
 0 0 0 1 0 0 0 1 1 0 1 0 0 0 0 1 1 1 0 0 0 0 0 1 1 0 1 0 0 1 0 1 1 0 0 0 1
 0 0 0 0 0 0 0 0 0 0 0 0 0 0 1 0 0 0 0 0 0 0 0 0 0 0 1 0 0 1 0 1 0 0 0 1 1
 0 1 0 1 0 0 0 0 0 1 1 1 1 0 0 0 1 0 0 0 0 1 0 0 1 1 0 0 0 1 1 0 1 0 0 1 0
 0 0 0 1 0 0 1 0 1 1 0 1 0 0 0 0 0 0 0 0 1 0 0 0 1 0 0 1 1 1 0 0 1 1 0 0 0
 1 0 0 0 1 0 0 0 0 0 0 0 1 0 1 0 0 0 0 0 1 0 1 0 0 0 0 1 1 1 1 0 0 0 1 0 0
 0 0 1 1 0 1 0 0 0 0 0 0 0 1 1 0 0 1 0 0 1 1 1 1 1 0 1 0 1 0 0 1 0 1 1 1 0
 0 0 1 1 0 1 0 0 0 1 0 0 0 1 0 1 1 1 0 0 1 0 0 1 0 1 0 0 1 0 0 0 1 0 1 0 1
 0 0 1 1 0 1 0 0 0 0 1 0 1 0 0 0 1 0 0 0 0 0 0 1 0 0 0 0 1 0 1 0 0 0 1 1 0
 0 0 1 0 0 0 1 0 0 0 0 0 0 0 1 0 0 0 1 0 1 0 1 1 0 1 1 0 1 1 1 0 0 0 0 0 1
 0 0 0 0 0 1 0 0 1 0 0 0 0 1 0 1 0 0 0 0 1 1 1 0 0 0 1 0 0 0 0 0 1 0 0 0 1
 1 0 1 0 0 0 0 0 0 0 1 0 0 0 1 1 1 0 0 0 0 1 0 0 1 0 0 1 0 0 0 0 0 0 1 0 1
 0 1 0 0 0 1 1 1 0 0 0 0 0 0 0 0 1 1 0 1 1 0 0 0 0 0 1 0 1 0 0 0 1 0 0 1 0
 1 0 1 0 0 0 1 0 1 1 0 0 1 1 1 0 0 0 1 0 1 0 1 0 0 1 1 0 1 0 1 1 0 0 1 1 0
 1 0 1 1 1 0 1 0]

========== Cluster 1 ==========

Base classifier: RandomForestClassifier()

Minority Class: 1

Selected Features: [221 178 101   3 215  47  10  36 219  70 112  58 150 135  88  71 173   9
  75 168   0 191   8 104 115 140  16 122 127  92  27  30 217  82 220 189
 209 185  43 204 169 114  55   5  21 165 206  38  19  50 183 149  39  59
  65 109 163  64 141 157 106 108 176  80 222 174 210 207  49 134  90  81
 139  72 195  93 200 172 161  42  25   7 187 100 146 201  48  89  14 143
  99  54 120  95 218  97 119  79 116  26  74  66  13 186  44 211  18  45
  17  15  67  33  34  51  68  69 213 212  12  41  11  40  35  73  20  46
  29  63  52  31  32  53   4 216   2  28   6  56  57 214  24  23  22  60
   1  61  62  37 203  76 156 167 166 164 162 160 159 158 155  77 154 153
 152 151 148 147 145 170 171 205 175 199 198 197 196]

Labels: [0 0 0 0 0 1 0 0 1 0 0 0 0 0 0 1 0 0 1 0 0 0 0 1 0 0 0 1 0 0 0 1 0 0 1 0 0
 1 1 0 0 1 1 1 0 0 0 0 0 1 1 0 1 0 0 0 1 0 0 0 1 1 0 1 0 0 1 0 0 0 0 1 0 0
 0 1 1 0 0 0 1 0 1 0 1 0 0 0 0 0 0 0 0 1 0 0 1 0 0 0 0 1 0 0 0 0 0 1 0 0 0
 0 0 0 0 0 0 0 0 0 1 0 0 0 0 0 0 0 0 0 1 0 0 0 0 0 0 1 0 1 1 0 0 0 1 1 1 0
 0 0 1 1 1 0 0 0 0 1 0 0 0 0 0 0 0 0 0 0 0 0 0 0 0 1 0 0 0 0 0 0 0 0 0 0 0
 1 1 0 0 1 1 0 1 0 1 1 0 0 1 0 0 0 1 1 1 0 0 0 0 0 0 0 0 0 0 1 1 0 1 0 0 1
 0 0 0 0 0 0 1 0 0 1 0 0 0 0 0 0 0 0 0 0 0 0 0 0 0 0 0 0 1 1 0 0 0 0 0 1 0
 0 0 0 0 0 0 0 1 1 0 1 0 1 0 1 0 0 0 0 0 0 1 1 0 1 1 1 0 0 0 1 0 0 1 1 0 0
 0 0 0 0 0 0 0 1 0 0 0 0 0 0 0 0 0 0 0 0 0 0 0 0 0 0 1 0 0 0 0 1 0 1 0 0 0
 0 0 1 1 0 0 1 0 0 0 0 0 0 0 1 0 1 0 0 1 0 0 0 0 0 0 0 0 1 0 0 0 0 0 0 0 0
 0 0 1 0]

