Clustering algorithm selected: kmeans
=====================================

Clustering evaluation metric: silhouette
Clustering evaluation value: 0.29904285231569455

========== Cluster 0 ==========

Base classifier: RandomForestClassifier()

Selected Features: [3 7 1 6]

Labels: [1 1 2 0 0 0 0 2 1 1 0 0 2 0 1 0 0 0 0 0 1 2 1 1 1 2 1 0 1 2 0 2 2 2 0 1 2
 2 1 2 2 1 2 0 0 1 1 1 1 2 1 2 1 2 2 2 0 0 2 1 0 2 1 0 0 1 2]

========== Cluster 1 ==========

Base classifier: RandomForestClassifier()

Selected Features: [8 4 3 5 0 7]

Labels: [0 0 0 2 0 2 0 0 2 0 0 0 2 2 0 0 0 0 0 1 0 0 2 0 0 0 0 0 0 2 0 0 2 2 0 2 0
 0 0 0 0 0 0 0 0 0 0 0 1 0 0 2 1 0 0 0 0 0 2 0 0 0 0 0 0 1 0 0 2 1 2 0 2 0
 0 0 1 0 0 0 0 0 0 0 1 2 0 0]

========== Cluster 2 ==========

Base classifier: LogisticRegression()

Selected Features: [4 3 8 6 5]

Labels: [1 0 1 0 1 0 2 0 0 0 0 1 2 2 1 0 0 0 1 2 0 1 1 2 1 2 2 0 2 2 1 1 1 1 1 0 0
 2 1 0 2 1 0 1 2 1 1 0 1 2 0 2 0 0 2 0 0 0 1 0 1 2 2 0 2 2 0 0 2 2 1 1 2 2
 1 0 0 2 2 1 1 0 0 1 2 1 1 2 1 2 2 2 1 2 0 0 2 2 1 0 0 2 1 1 2 0 2 1 0 2 1
 0 2 1 0 1 1 1 2 2 2 2 0 0 1 1 0 1 0 0 0 0]

========== Cluster 3 ==========

Base classifier: GaussianNB()

Selected Features: [0]

Labels: [2 0 0 2 2 2 2 1 0 0 2 2 2 2 2 1 2 0 0 0 0 2 0 0 2 2 0 0 2 0 0 2 0 0 0 2 2
 0 0 0 0 1 0 0 2 0 0 0 0 0 0 0 0 2 0 2 0 2 0 2 2 2 1 0 2 2 0 1 2 0 0 0 2 2
 1 2 1 0 0 0 2 0 2 0 1 1 2 2 1 0 0 2 2 1 2 2 2 2 2 2 0 0 2 0 2 2 2 0 2 0 0
 0 2 1 0 0 2 1 2 2 1 0 0 0 2 0 2 2 2 0 0 1 2 0 0 2 0 0 0 2 1 2 2 2 0 2 2 1
 1 2 1 0 2 1 1 1 2 0 2 0 2 2 1 2 2 0 0 0 2 2 2 0 0 0 2 0 0 0 0 0 0 0 0 0 0
 0 0 0 0 2 0 2 2 2 0 2 2 0 0 1 0 1 2 1 0 0 0 2 1 0 2 2 2 0 1 0 2 2 0 1 0 0
 0 1 1 0 0 2 1 0 2 0 2 0 2 0 2 0 2 0 1 0 2 2 0 2 0 1 2 0 0 0 0 0 0 0 0 2 2
 2 0 0 0 0 0 0 2 2 2 2 0 2 0 0 0 1 2 1 2 2 0 2 2 0 0 2 0 0 1 0 2 0 2 2 0 2
 0 1 0 0 2 2 0 0 2 2 2 2 2 2 0 0 2 2 0 2 2 0 0 2 0 0 0 1 0 1 0 0 0 0 2 2 2
 1 2 0 0 0 1 1 2 1 0 2 0 2 2 0 2 2 0 0 2 0 2 2 2 1 2 2 2 2 2 0 2 0 2 0 2 0
 1 0 0 0 0 1 0 2 0 2 0 0 0 0 2 1 2 0 2 2 2 0 2 0 2 2 0 2 1 0 0 2]

========== Cluster 4 ==========

Base classifier: LogisticRegression()

Selected Features: [3 1 7 4]

Labels: [1 1 0 2 1 0 0 0 0 1 0 1 2 0 0 0 1 1 0 1 2 0 2 1 1 1 2 2 1 1 0 0 0 0 0 2 1
 0 1 1 2 1 1 2 2 1 2 2 2 2 1 2 0 2 1 0 0 0 2 0 1 1 0 0 2 1 1 0 1 2 1 2 2 2
 1 2 1 0 2 0 2 1 2 2 1 2 0 0 2 1 1 2 1 1 2 2 2 0 2 0 0 2 2 1 0 1 0 1 0 0 1
 2 0 2 0 0 2 1 1 0 2 1 0 0 1 0 0 1 2 1 1 2 2 1 2 0 1 1 1 0 1 1 1 2 2 1 0 1
 0 1 2 2 0 2 1 1 2 2 0 0 2 1 0 1 2 0 2 0 0 2 2 2 0 2 0 2 0 2 1 0 0 0 0 0 0
 1 0 1 2 0 0 0 0 2 1 2 0 0 1 2 2 0 1 2 2 2 0 2 2 0 0 2 0 1 0 2 2 1 2 1 2 0
 2 0 0 1 2 2 1 2 2 0 2 0 1 1 2 1 0 1 0 2 1 1 0 0 2 1 2 1 2 2 2 2 0 0 1 2 2
 1 2 2 2 1 0 1 1 0 2 0 1 1 1 1 1 2 2 2 2 2 0 2 0 0 2 0 2 2 2 0 1 2 0 2 1 1
 1 1 1 1 1 1 0 2 2 2 1 1 2 1 2 2 2 0 1 0 1 0 1 0 1 2 0 1 0 1 2 0 0 0 0 2 1
 0 2 2 2 2 2 1 2 1 2 0 0 1 1 0 0 2 1 2 0 2 2 0 0 0 1 0 0 0 1 2 2 2 0 2 2 0
 0 1 2 0 2 2 2 1 0 2 1 1 2 2 1 1 2 0 1 2 2 0]

========== Cluster 5 ==========

Base classifier: RandomForestClassifier()

Selected Features: [3 1 0 7]

Labels: [0 0 2 1 0 2 2 0 0 1 2 2 0 1 0 0 1 0 2 0 1 0 1 2 0 0 2 0 0 0 0 0 0 1 0 0 1
 0 2 2 1 0 0 1 2 0 0 0 1 0 0 1 2 1 1 2 1 0 2 2 2 1 0 2 2 2 0 0 2 2 2 0 1 0
 2 0 0 2 2 2 0 0 0 1 0 2 1 1 2 2 0 0 2 2 2 0 2 2 0 0 0 0 2 0 2 2 0 0 2 1 0
 0 1 0 1 0 0 0 1 2 1 1 1 2 0 2 0 0 0 2 0 0 0 2 0 1 0 2 0 1 2 2 0 0 0 2 0 1
 2 0 0 2 0 0 0 0 0 1 2 1 0 1 0 2 0 0 0 2 2 1 1 1 2 2 0 1 0 0 0 0 1 2 2 0 0
 0 2 0 0 1 1 0 1 2 0 0 0 1 2 0 1 2 0 0 0 1 2 1 1 0 1 1 1 1 1 0 2 1 2 1 0 2
 2 0 0 0 1 0 0 2 2 0 0 2 0 2 0 0 2 2 0 2 0 0 1]

