Clustering algorithm selected: fcm
=====================================

Clustering evaluation metric: dbc
Clustering evaluation value: 0.13594331893945935

========== Cluster 0 ==========

Base classifier: SVC(probability=True)

Minority Class: 1

Selected Features: [0 1 2 3 4 5 6 7]

Labels: [0 0 1 0 1 0 1 0 1 1 0 0 1 0 0 0 0 0 1 0 1 0 0 0 1 0 0 0 0 0 1 0 0 1 0 1 1
 0 0 0 1 1 1 1 1 0 0 0 0 1 0 0 1 0 1 1 0 0 1 1 1 1 1 1 1 0 0 0 0 0 0 0 0 0
 0 0 0 1 0 1 0 0 0 0 0 0 0 0 0 0 0 0 1 0 0 1 0 1 0 0 1 0 1 0 1 0 0 1 0 0 1
 1 1 0 1 0 0 0 0 1 1 0 0 0 0 0 0 0 0 0 0 0 1 0 1 1 1 1 0 0 1 1 0 1 1 1 0 1
 0 0 0 1 0 1 1 0 0 1 0 1 0 1 0 0 0 0 1 1 1 0 0 0 0 1 0 0 0 1 0 0 1 0 0 1 0
 1 1 0 0 0 0 0 0 1 0 0 0 0 0 0 0 0 0 0 0 1 0 0 0 1 0 1 0 1 1 0 0 0 1 1 1 0
 0 0 0 0 1 0 1 0 0 0 1 1 1 0 0 1 0 0 1 0 1 0 1 0 0]

========== Cluster 1 ==========

Base classifier: SVC(probability=True)

Minority Class: 1

Selected Features: [0 1 2 3 4 5 6 7]

Labels: [0 0 0 0 1 0 0 0 0 1 1 1 1 0 1 0 1 1 0 0 1 1 1 1 0 1 0 0 0 1 1 1 0 0 0 1 0
 1 0 0 0 1 1 1 0 0 0 0 1 0 1 0 0 0 0 0 0 0 0 0 1 0 0 1 0 0 0 1 1 0 0 1 0 0
 1 0 1 0 1 0 1 0 1 0 1 0 1 0 0 1 1 1 0 1 1 1 0 1 1 0 0 1 0 0 1 1 0 0 0 1 1
 0 0 0 0 0 1 0 1 0 1 0 0 1 1 1 0 0 0 1 0 0 1 1 1 0 1 1 0 1 0 1 0 1 0 0 1 0
 0 0 1 0 0 0 1 1 1 1 1 1 1 0 0 0 1 0 1 0 1 1 0 0 1 1 0 1 0 0 0 0 1 1 0 1 0]

========== Cluster 2 ==========

Base classifier: SVC(probability=True)

Minority Class: 1

Selected Features: [0 1 2 3 4 5 6 7]

Labels: [0 0 0 0 0 0 1 0 1 0 0 0 1 0 1 0 0 1 0 0 0 1 0 0 0 0 0 0 0 1 0 0 1 0 0 0 1
 0 0 0 0 1 0 1 0 0 1 1 0 0 0 1 0 0 0 1 0 0 0 1 0 1 0 0 1 0 0 0 0 0 0 1 0 1
 0 1 1 0 0 1 0 0 0 0 0 1 0 1 0 0 0 0 0 0 0 0 0 0 0 0 1 1 0 0 0 1 0 1 0 0 0
 0 0 0 0 0 0 0 0 0 0 0 1 0 1 0 0 1 0 0 0 1 1 0 0 0 1 0 1 0 0 0 1 1 0 0 0 1
 0 0 0 1 1 1 0 0 0 1 0 1 0 1 0 0 0 1 1 1 1 0 0 1 1 0 1 0 0 1 0 0 0 0 0 0 0
 0 0 0 0 0 0 1 0 0 0 0 0 0 0 0 0 0 0 0 1 0 0 1 1 0 0 0 0 0 1 0 0 1 1 0 0 0
 1 0 0 1 0 0 0 0 1 0 0 0 0 0 1 0 1 0 0 0 1 0 0 0 0 0 0 1 1 1 0 0 1 0 0 0 1]

