Clustering algorithm selected: fcm
=====================================

Clustering evaluation metric: dbc
Clustering evaluation value: 0.3948491244972934

========== Cluster 0 ==========

Base classifier: DecisionTreeClassifier(max_depth=2, min_samples_leaf=9, min_samples_split=7)

Minority Class: 0

Selected Features: [ 0  1  2  3  4  5  6  7  8  9 10 11 12 13]

Labels: [0 0 0 1 1 0 0 0 1 1 0 1 1 1 0 0 1 1 1 0 1 0 0 1 1 1 1 0 0 0 1 1 1 1 1 1 1
 1 1 1 1 0 1 0 0 1 1 1 0 1 0 1 1 1 1 0 1 0 1 1 0 0 0 1 1 1 1 0 0 1 1 1 1 1
 1 1 1 1 1 0 0 1 1 0 1 1 1 0 1 1 1 0 0 0 0 1 1 0 1 0 0 1 1 0 0 1 0 1 1 0 1
 1 1 1 0 1 1 1 1 0 1 0 0 1 1 0 0 0 0 1 1 0 1 0 0 0 1 0 1 1 0 0 0 1 1 1 1 1
 1 0 1 1 0 1 0 1 1 0 0 1 1 0 1 0 0 0 0 0 0 1 1 0 0 0 1 0 1 1 0 0 0 1 1 0 0
 1 0 0 0 1 1 0 0 1 0 0 1 1 0 1 1 0 1 1 0 1 1 1 1 0 1 0 0 1 0 1 1 0 0 1 1 1
 0 1 0 0 1 1 0 1 0 0 1 1 0 1 1 0 0 0 0 0 0 0 1 0 1 0 0 0 0 1 1 1 1 0 1 1 0
 0 1 1 0 1 1 0 0 1 0 1 1 0 1 1 0 0 1 1 0 0 0 0 0 1 1 0 0 0 1 1 0 1 1 0 1 1
 1 0 0 1 1 0 1 1 1 0 0 0 1 1 1 0 0 0 1 0 0 1 0 1 1 0 0 0 1 1 1 0 0 1 0 0 1
 0 0 1 0 1 0 1 0 0 1 0 1 0 1 1 1 1 1 0 1]

========== Cluster 1 ==========

Base classifier: LogisticRegression()

Minority Class: 1

Selected Features: [ 0  1  2  3  4  5  6  7  8  9 10 11 12 13]

Labels: [0 0 1 0 0 0 1 1 0 1 0 1 0 1 1 0 1 1 0 0 0 0 1]

========== Cluster 2 ==========

Base classifier: KNeighborsClassifier(n_neighbors=7)

Minority Class: 0

Selected Features: [ 0  1  2  3  4  5  6  7  8  9 10 11 12 13]

Labels: [0 0 1 1 0 1 1 1 0 1 1 1 0 1 0 0 1 0 1 0 1 0 1]

========== Cluster 3 ==========

Base classifier: DecisionTreeClassifier(max_depth=9, min_samples_leaf=9, min_samples_split=8)

Minority Class: 1

Selected Features: [ 0  1  2  3  4  5  6  7  8  9 10 11 12 13]

Labels: [0 0 1 1 1 0 1 1 0 0 0 0 0 0 0 0 0 1 1 0 1 1 0 0 0 1 1 0 1 0 1 1 1 0 1 0 0
 1 0 0 0 0 1 0 1 0 1 1 0 1 0 1 0 1 0 1 1 0 0 0 0 1 0 1 1 1 0 1 0 0 1 0 1 1
 1 1 1 0 0 0 0 1 1 0 0 0 0 0 0 0 1 1 1 0 0 0 0 0 1 0 1 1 0 1 0 1 1 0 0 1 0
 0 1 1 0 0 0 0 0 0 1 1 0 0 1 0 1 1 1 0 1 0 1 1 1 0 0 0 1 1 1 1 1 0 0 0 1 0
 1 1 0 1 1 1 0 1 1 1 0 0 0 0 1 0 1 1 0 1 1 1 0 1 1 0 0 0 1 0 0 0 1 0 1 0 0
 0 1 1 1 0 0 1 1 1 0 0 0 0 0 1 0 1 1 1 1 1 0 1 1 0 0 0 1 1 0 1 1 0 1 0 1 1
 0 0 1 1 0 1 0 0 1 0 0 0 1 0 0 0 0 0 0 0 0 0 0 0 0 0 1 1 0 1 1 0 1 1 1 0 1
 0 0 1 1 0 0 1 1 1 0 1 1 0 0 0 1 0 1 1 1 0 1 1 0 1 1 0 0 0 1 0 1 0 1 0 1 1
 1 0 1 1 0 0 0 0 0 1 1 1 1 1 1 1 1 1 1 1 0 0 0 0 0 1 0 1 0 0 1 0 1 1 1 1 1
 0 0 0 0 0 1 0 0 1 0 0 1 0 1 0 1 1 1 0 0 0 0 0 0 1 0 0 0 0 0 1 1 1 1 0 0 1
 1 0 0 1 0 0 1 0 1 0 0 0 1 1 1 0 1 1 0 1 0 0 0 1 1 0 1 1 1 1 0 0 0 0 0 0 1
 0 0 0 0 1 0 1 0 1 1 0 0 1 1 1 0 0 0 0 0 1 0 0 0 1 0 1 0 1 0 0 1 0 1 0 0 0
 0 0 0 0 1 0 0 1 1 1 1 0 1 1 0 1 1 0 1 0 0 1 1 1 0 1 1 0 1 0 0 1 0 0 1 1 1
 1 0 1 1 0 0 0 0 0 0 0 1 0 0 0 1 1 0 0 1 0 0 1 1 0 0 1 1 1 0 1 1 1 0 1 1 0
 0 1 0 1 0 1 0 1 1 0 1 0 0 1 0 0 1 0 0 1 1 0 0 1 0 0 1 0 1 0 0 0 1 1 1 1 0
 1 0 1 0 0 0 0 1 1 1 0 1 0 0 1 1 0 0 1 0 0 1 0 0 0 1 1 1 0 0 0 0 0 1 1 1 1
 0 1 0 0 1 0 1 0 0 0 0 0 1 0 0 1 1 0 1 1 0 0 0 1 1 1 1 0 0 1 0 1 1 0 1 0 1
 0 1 0 0 0 1 1 0 0 0 0 0 1 0 1 0 1 1 1 1 1 1 0 0 0 0 0 0 0 1 0 1 0 1 0 0 1
 1 1 1 0 1 1 0 0 1 0 1 0 1 1 1 1 0 1 1 1 0 1 0 1 0 0 1 0 1 1 1 0 0 1 1 1 0
 1 0 0 0 1 1 0 0 0 0 0 1 1 0 1 1 1 0 1 1 0 1 0 1 0 1 1 0 1 0 0 0 0 0 0 0 1
 0 1 0 1 1 0 0 1 1 0 0 1 0 1 1 1 1 0 1 1 0 1 0 0 0 1 0 1 1 1 1 0 0 0 1 0 0
 1 1 0 1 1 1 1 1 0 1 1 1 1 0 1 1 1 0 1 0 0 1 0 1 1 1 1 0 0 1 1 1 1 0 0 0 1
 1 0 1 0 1 0 0 1 0 1 1 0 1 0 0 1 0 1 0 1 1 1 0 0 0 0 1 1 0 0 0 0 1 0 0 1 1
 1 1 0 0 1 1 1 1 1 1 1]

