Clustering algorithm selected: kmeans++
=====================================

Clustering evaluation metric: silhouette
Clustering evaluation value: 0.12848523142121293

========== Cluster 0 ==========

Base classifier: RandomForestClassifier()

Selected Features: [32 34 37 33 17 31  6 36  3 23  0 29 21 20 10 28 27  9 35 16  2  1  4  5
 30  7  8 26 13 11 12 25 14]

Labels: [1 0 1 0 1 0 0 1 0 0 0 0 0 1 0 1 1 0 0 1 0 0 0 0 0 1 0 0 0 1 0 0 1 0 0 0 1
 1 0 0 1 0 0 1 1 0 0 1 0 1 0 1 0 1 0 1 1 1 1 1 1 1 1 1 1 0 0 0 0 0 0 0 1 0
 0 1 0 0 1 1 0 0 0 0 0 1 0 1 0 0 1 1 1 1 0 0 1 1 1 1 1 1 1 1 0 0 0 1 1 0 1
 1 0 1 0 0 1 0 1 0 1 0 0 1 0 1 0 0 0 0 1 1 1 0 0 0 1 0 0 1 0 1 0 0 0 1 1 1
 0 0 0 1 1 0 1 0 1 1 1 1 1 0 1 1 0 0 1 1 1 0 0 0 1 1 0 0 1 0 1 0 1 0 0 0 0
 1 0 0 0 0 0 1 0 1 1 0 0 0 0 1 0 0 0 0 0 1 1 0 1 0 1 1 0 0 0 0 1 1 1 1 1 0
 1 0 0 0 0 1 1 0 1 1 0 0 1 1 0 0 1 1 0 1 1 0 1 0 0 1 1 0 1 0]

========== Cluster 1 ==========

Base classifier: RandomForestClassifier()

Selected Features: [32 33 34 37 27 36 22 24 18 19  5 14 21  7 26 29 28 12  8  1  9 20 23 31
 30  2  3  4 25  6 10 11 13]

Labels: [1 1 0 1 0 1 1 0 1 0 0 1 0 0 0 0 0 0 0 0 0 0 0 0 0 1 0 0 0 0 1 0 1 0 0 1 1
 0 0 1 1 1 1 0 0 0 0 0 0 1 0 1 1 0 1 1 1 1 0 0 1 0 0 0 0 1 1 1 1 1 1 1 1 0
 0 0 0 0 0 0 0 0 0 0 0 0 0 0 0 0 0 1 0 0 1 0 0 1 0 1 0 1 0 1 0 1 1 0 0 0 0
 1 1 0 0 0 1 0 1 0 0 1 0 1 0 0 0 1 1 1 0 0 0 1 0 0 0 1 0 1 0 1 0 0 1 0 0 0
 0 0 1 0 1 0 0 1 1 1 1 1 0 1 1 0 1 1 1 0 0 0 0 1 1 1 1 0 0 0 0 1 0 0 1 0 0
 1 0 1 0 1 0 0 0 0 0 0 1 0 1 0 0 0 0 1 1 1 0 0 0 0 0 0 0 0 0 0 1 1 1 0 0 1
 0 0 1 1 0 0 1 1 1 0 0 0 1 0 1 1 0 0 1 1 0 0 1 1 1 1 1 0 1 1 0 0 0 1 1 1 0
 1 1 1 0 0 1 1 0 1 1 0 1 0 0 1 0 1 0 1 1 0 0 1 1 0 1 1 1 1 0 1 1 1 0 0 1 0
 1 0 1 0 0 1 0 0 0 1 1 0 0 1 1 1 1 0 1 0 0 0 0 1 1 0 0 0 1 0 1 1 0 0 1 1 0
 0 0 0 0 0 1 1 0 1 1 0 1 1 0 1 0 0 1 0 0 0 1 0 1 1 1 0 0 1 1 1 1 0 0 1 1]

