Clustering algorithm selected: kmeans++
=====================================

Clustering evaluation metric: silhouette
Clustering evaluation value: 0.25907686728328716

========== Cluster 0 ==========

Base classifier: GaussianNB()

Selected Features: [1 5 7 3]

Labels: [0 0 0 0 0 1 0 1 0 0 1 1 0 0 0 0 1 0 1 1 1 1 1 0 0 1 0 0 1 0 0 0 0 0 0 0 0
 0 1 0 1 0 0 0 0 1 0 0 0 1 1 0 0 0 0 0 0 0 0 1 0 0 1 0 0 1 1 0 0 0 0 0 1 0
 0 0 0 0 0 0 1 0 1 0 0 0 0 0 0 1 0 0 0 0 0 0 0 0 0 0 1 1 0 0 0 0 0 0 0 1 0
 0 0 1 0 0 0 1 0 0 0 0 0 0 0 0 0 0 1 0 0 0 1 0 1 0 1 1 0 1 0 0 0 0 0 0 0 0
 0 0 0 0 1 0 0 0 0 0 0 0 0 0 0 0 1 0 0 0 0 0 0 0 0 0 0 0 1 1 0 0 0 0 0 1 0
 1 1 1 0 0 0 0 1 1 1 0 0 0 0 1 1 0 1 1 0 1 0 1 0 0 1 0 1 0 0 1 0 0 0 0 0 0
 1 0 0 0 0 0 0 0 0 1 0 0 1 0 0 0 0 1 1 1 0 1 0 0 0 1 0 1 0 0 0 1 1 1 1 1 0
 0 0 0 0 1 1 0 0 1 0 0 0 0 0 0 0 1 0 0 0 1 0 1 0 0 0 0 0 0 0 0 0 0 0 0 0 0
 1 0 0 0 0 0 0 0 1 0 0 0 0 1 0 0 0 0 0 1 0 0 0 0 0 1 0 1 1 0 0 0 0 1 1 0 0
 0 1 0 1 0 0 0 0 0 0 0 0 1 0 0 0 0 0 0 0 0 0 0 0 0 1 0 1 0 0 0 1 0 0 0 0 0
 1 0 0 1 0 0 0 1 0 0 0 0 0 1 1 1 0 0 1 0 0 0 1 1 0 0 0 0 0 0 1 1 0 0 0 0 0
 1 0 1 0 0 0 0 1 0 0 0 1 0 1 0 0 0 0 0 0 0 1 1 1 0 1 0 0 0 1 0 1 0 0 0 0 1
 0 0 0 1 1 1 1 0 0 0 0 0 0 0 0 1 0]

========== Cluster 1 ==========

Base classifier: GaussianNB()

Selected Features: [1 3 4 5]

Labels: [0 0 0 0 0 1 0 0 0 0 0 1 1 0 1 1 0 0 0 1 1 0 0 1 1 0 1 1 0 1 1 0 0 0 0 1 1
 1 0 0 0 1 1 1 0 1 0 1 1 1 0 1 1 1 1 1 0 1 0 0 0 1 0 0 1 0 0 0 0 0 0 1 1 0
 1 0 1 1 0 1 1 0 0 0 0 1 0 1 1 1 1 1 1 1 0 1 1 1 1 1 1 1 0 0 1 1 0 0 0 0 0
 1 1 0 1 0 0 0 1 0 1 1 0 1 1 1 1 1 1 1 1 1 1 0 0 0 1 0 0 0 1 1 1 1 0 1 0 1
 1 1 0 0 0 1 1 1 1 0 0 1 1 0 0 0 0 0 1 1 0 1 0 1 1 1 1 1 0 0 0 0 0 0 1 0 0
 1 0 1 1 1 0 0 0 1 1 1 1 1 1 0 1 1 1 1 1 1 0 0 0 0 0 1 0 1 1 1 0 1 1 0 0 0
 0 0 1 1 0 1 1 1]

