============== Classifiers Parameters ==============
[{'n_estimators': 13, 'max_depth': 8, 'min_samples_split': 9, 'min_samples_leaf': 8, 'learning_rate': 0.13055345731627158}, {'n_estimators': 405, 'max_depth': 3, 'min_samples_split': 3, 'min_samples_leaf': 5, 'learning_rate': 0.142445935259972}]

Optimal clusterer: kmeans

External clustering metrics:
adjusted_rand_score: -0.002128687852596701
normalized_mutual_info_score: 0.0372513752812325
v_measure_score: 0.0372513752812325
fowlkes_mallows_score: 0.7557685517630244

Internal clustering metrics:
silhouette: 0.45752082874452493
davies_bouldin: 1.0138941895816154
calinski_harabasz_score: 98.60790428173726

Base classifier: gb
========== Cluster 0 ==========

Labels: [0 0 0 0 0 0 0 0 0 0 0 0 0 1 0 0 0 0 0 0 0 0 1 0 1 0 1 1 0 0 1 0 0 0 0 0 0
 0 1 1 0 0 0 1 0 1 0 0 0 0 0 1 0 1 1 0 0 1 0 0 0 0 0 0 1 0 0 0 0 0 0 0 0 0
 0 0 0 1 0 0 0 0 1 0 1 0 0 0 0 0 1 0 0 1 0 0 1 0 0 0 0 1 1 0 0 0 1 0 0 0 0
 0 1 0 0 0 0 1 0 1 0 1 0 0 0 1 0 1 0 0 0 0 1 0 1 1 0 0 0 0 0 0 0 0 1 0 0 1
 0 0 0 1 0 0 1 0 0 0 0 1 0 1 1 0 0 0 0 0 0 0 0 0 0 0 0 0 0 0 0 0 0 1 0 1 0
 1 0 0 0 0 1 0 0 0 0 0 1 1 0 0 0 0 0 0 0 0]

========== Cluster 1 ==========

Labels: [0 0 0 0 0 0 0 0 1 1 0 0 1 0 1 0 0 0 0 1 0 0 1 0 0 0 0 0 0 0 0 0 0 0 1 1 0
 1 1 0 0 0 0 1 1 0 0 0 1 1 0 0 0 0 0 0 0 1 0 0 0 1 0 0 0 1 0 0 0 0 0 0 1 0
 0 0 1 0 1 0 0 0 1 0 0 0 0 0 1 1 1 0 0 0 1 1 0 0 0 0 1 0 1 0 1 0 0 0 0 0 0
 0 0 1 1 0 1 1 0 0 1 0 0 0 0 0 0 1 1 0 1 0 0 0 0 0 1 0 1 0 1 0 0 0 0 0 0 0
 0 1 1 0 0 1 1 0 1 1 0 0 0 0 0 1 0 0 0 1 0 0 0 0 0 1 1 1 0 0 0 0 0 0 0 0 0
 1 1 0 0 0 0 0 1 0 0 1 0 1 0 0 0 0 1 0 0 0 0 0 0 1 1 0 1 1 1 0 1 0 0 0 0 1
 1 0 0 0 0 0 0 0 0 0 0 1 0 0 0 0 0 0 0 1 1 0 1 0 0 0 0 0 0 1 0 0 0 0 0 0 0
 0 0 0 0 0 0 0 0 0 1 1 0 0 1 1 0 0 0 0 0 1 1 0 0 0 0 1 1 0 0 1 1 0 0 0 0 0
 1 0 1 0 1 1 0 0 0 0 0 1 1 0 0 0 0 1 0 0 0 0 0 1 0 0 1 0 1 0 0 0 0 0 0 0 0
 0 0 0 1 1 0 0 0 0 0 0 0 1 0 0 1 1 0 1 0 0 0 0 0 0 0 0 0 0 0 1 0 1 0 0 0 0
 0 0 0 0 0 1 0 0 0 0 0 1 0 0 0 1 1 0 1 0 0 0 0 0 0 0 0 1 0 0 0 0 0 0 0 0 0
 0 0 0 0 1 0 0 0 0 0 0 0 0 0 0 1 0 0 1 1 0 0 0 0 1 0 0 0 0 0 0 1 1 1 0 0 0
 1 1 0 0 0 1 0 0 0 0 0 0 0 0 0 0 0 0 0 0 0 0 0 0]

