Clustering algorithm selected: kmeans++
=====================================

Clustering evaluation metric: dbc_ss
Clustering evaluation value: 0.2863945727036524

========== Cluster 0 ==========

Base classifier: GradientBoostingClassifier()

Selected Features: [32 34 31 37 33 14 23 17 36 16 19  3 26 29  7 30 11 15 35  6 20 21  5  9
  4  2  1  8 18 10 12 13 22 24]

Labels: [1 0 1 0 0 1 0 0 0 0 1 0 1 0 0 0 0 0 1 0 1 1 0 0 1 1 0 0 1 1 0 0 1 0 1 0 0
 1 0 1 1 0 1 1 1 1 0 0 1 1 1 1 1 1 0 0 1 1 1 1 1 1 1 1 1 1 1 1 1 0 0 0 0 0
 1 1 1 1 0 1 1 1 0 1 0 1 0 1 0 1 1 1 0 0 1 0 0 0 1 0 0 1 0 0 0 1 1 1 0 0 1
 1 1 1 1 1 1 1 1 0 0 1 1 1 0 0 0 1 1 0 0 1 1 0 1 0 0 0 1 0 0 1 0 1 0 0 0 0
 0 0 0 1 1 1 0 1 0 0 0 1 1 1 1 1 0 0 1 1 1 1 0 0 1 0 1 1 0 1 0 1 0 1 1 0 1
 0]

========== Cluster 1 ==========

Base classifier: LogisticRegression()

Selected Features: [32 34 37 33 35 22  0 36 25 27 11 15 23 14 17 10 31  3  6  4  1 28  8 24
 13 18 21  7 12 29  9 16 19  5 20]

Labels: [1 1 0 1 0 0 1 0 0 1 0 0 0 0 0 0 0 0 0 1 0 0 0 1 1 0 1 1 0 1 1 1 0 0 0 0 1
 0 1 1 0 1 1 1 0 0 1 0 0 1 0 0 0 0 1 0 1 0 0 0 1 0 1 0 0 1 0 0 0 0 1 0 1 0
 0 1 1 1 1 1 1 1 1 0 0 0 0 0 0 0 0 0 0 0 0 0 0 1 0 0 1 0 1 0 1 0 0 0 0 1 0
 1 0 0 1 1 1 1 1 1 0 1 1 1 0 0 0 1 1 1 0 0 1 0 0 0 1 0 1 0 1 0 0 0 0 0 0 1
 0 0 0 1 0 0 0 0 0 0 1 1 1 0 0 1 0 0 1 0 0 1 1 1 0 0 0 1 0 1 1 0 0 1 1 0 0
 1 1 1 1 1 0 1 1 0 0 1 0 1 1 0 0 1 1 1 1 0 1 0 1 0 1 0 0 1 1 0 1 1 1 0 1 1
 1 0 0 1 1 0 1 0 1 0 0 1 1 0 1 1 1 1 0 1 0 0 1 1 0 0 1 1 0 0 1 1 0 0 0 1 0
 1 1 0 1 0 1 1 0 1 1 1 0 0 1 1 1 1 0 1 1]

========== Cluster 2 ==========

Base classifier: RandomForestClassifier()

Selected Features: [32  8 34 24  1 26 37 27 33  5 12  6 31 28 35 36 11 25 20  4 23  2  9 14
 29 21  3 22  0 10  7 13 15]

Labels: [1 0 1 1 0 0 0 0 0 1 1 0 0 0 0 0 0 0 0 0 0 1 0 1 0 0 0 0 0 1 1 1 0 0 0 0 0
 0 1 0 0 0 0 0 0 1 0 0 1 1 0 0 1 1 1 0 0 0 0 0 0 0 0 1 0 0 0 0 1 0 0 0 0 0
 1 0 0 0 1 0 0 1 1 0 0 0 1 1 0 0 0 1 0 0 1 1 0 1 0 0 0 0 0 1 0 0 1 1 1 1 0
 0 0 0 0 0 1 0 1 1 0 0 1 0 0 0 0 1 0 0 1 0 0 0 0 0 0 1 0 0 0 0 0 1 1 1 0 0
 0 1 0 0 0 1 0 0]

