Clustering algorithm selected: kmeans
=====================================

Clustering evaluation metric: silhouette
Clustering evaluation value: 0.15685367315374665

========== Cluster 0 ==========

Base classifier: SVC(probability=True)

Minority Class: 1

Selected Features: [ 0  1  2  3  4  5  6  7  8  9 10 11 12 13 14 15 16 17 18 19 20 21 22 23
 24 25 26 27 28 29 30 31 32 33 34 35 36 37]

Labels: [1 1 1 1 1 0 1 0 0 1 1 1 0 1 0 1 1 0 1 1 1 0 0 0 0 1 0 0 0 1 1 0 0 0 0 1 0
 0 1 1 1 1 0 1 1 0 1 0 0 1 1 0 1 1 1 1 1 1 0 1 1 0 0 1 1 1 0 1 0 1 1 1 0 1
 0 1 0 0 0 1 1 0 0 1 1 0 0 1 0 1 0 1 0 0 1 1 1 1 1 0 0 1 1 0 0 1 1 1 0 0 0
 0 1 0 1 1 0 0 1 0 0 0 0 1 0 1 0 0 1 1 0 0 1 1 0 0 1 0 1 0 0 1 0 1 0 0 0 0
 0 0 0 1 0 0 1 0 1 0 0 1 0 1 1 0 1 0 0 1 1 1 1 1 1 0 1 0 0 1 1 1 0 1 0 0 0
 1 1 0 1 1 1 1 0 1 0 0 0 1 0 0 0 1 0 0 1 1 0 1 1 1 0 1 1 0 1 0 1 0 0 1 0 1
 1 1 0 0 0 1 1 0 1 0 0 1 0 1 0 1 1 0 1 0 0 1 1 1 1 0 1 0 1 0 0 1 0 0 0 0 1
 0 0 1 1 0 1 1 1 0 1 0 0 1 1 0 0 0 1 0 1 1 0 1 0 0 1 1 1 1 1 1 1 1 1 1 1 1
 1 0 0 1 0 0 0 1 1 0 1 0 1 1 1 0 0 0 1 0 1 1 0 0 1 0 0 1 0 0 0 0 0 0 0 0 0
 1 0 1 1 0 0 0 1 0 1 0 0 0 0 1 0 0 1 1 0 0 1 1 0 0 1 1 0 1 0 1 1 0 1 0 1 1
 0 0 0 0 0 1 1 0 0 1 0 0 1 0 0 0 1 1 1 1 0 0 1 0 1 0 0 1 0 0 1 1 0 0 1 1 0
 1 0 0 1 0 0 1 0 1 0 1 1 1 0 0 1 0 0 1 0 0 1 1 1 0 1 0 1 0 0 1 1 0 0 1 0 1
 0 1 0 1 1 1 0 0 1 0 0 0 0 1 0 0 0 0 1 1 1 1 1 1 0 1 1 1 1 1]

Synthetic samples indexes: [235 309 394]

========== Cluster 1 ==========

Base classifier: SVC(probability=True)

Minority Class: 1

Selected Features: [ 0  1  2  3  4  5  6  7  8  9 10 11 12 13 14 15 16 17 18 19 20 21 22 23
 24 25 26 27 28 29 30 31 32 33 34 35 36 37]

Labels: [1 1 1 1 0 1 1 0 0 0 0 0 1 1 1 1 0 1 0 1 1 0 1 1 1 1 1 0 0 0 1 0 0 0 1 0 1
 1 0 0 1 0 1 0 0 0 0 0 0 0 1 1 0 0 1 1 1 1 1 0 1 1 1 1 0 1 0 1 0 0 0 0 1 0
 1 0 1 1 1 1 0 0 0 1 0 1 1 0 1 1 1 0 1 1 1 1 0 1 0 0 0 0 1 0 1 1 0 0 1 1 1
 1 1 1 0 1 0 0 1 1 0 1 0 1 0 1 0 1 0 0 1 0 1 0 1 0 0 0 0 1 0 1 1 0 0 1 0 0
 0 0 1 0 0 0 1 1 0 0 0 1 1 0 1 0 1 1 1 1 1 0 0 0 1 0 1 0 0 0 0 0 1 0 0 0 1
 1 1 1 1 1 1 1 0 0 1 0 0 0 0 1 1 0 0 0 0 1 0 0 0 1 1 1 1 0]

Synthetic samples indexes: [  1   5  12  13  15  17  19  20  22  24  26  36  37  42  50  54  55  56
  57  58  60  61  63  67  72  76  78  83  89  92  93  94  97 104 105 109
 111 112 113 118 121 125 127 130 141 150 159 164 165 166 167 168 174 180
 184 186 187 188 191 194 199 200 210 211]

