Clustering algorithm selected: kmeans
=====================================

Clustering evaluation metric: silhouette
Clustering evaluation value: 0.29587696017046344

========== Cluster 0 ==========

Base classifier: LogisticRegression()

Minority Class: 2

Selected Features: [0 1 2 3 4 5 6 7 8]

Labels: [1 0 1 0 1 0 2 0 0 0 0 1 2 2 1 0 0 0 1 2 0 1 1 2 1 2 2 0 2 2 1 1 1 1 1 1 0
 1 2 0 2 0 0 2 0 1 0 1 0 1 2 0 1 0 1 1 0 2 0 1 1 2 0 1 2 2 0 2 2 0 0 2 2 1
 1 2 2 1 0 0 2 2 1 1 0 0 1 2 1 1 2 1 2 2 2 1 2 0 0 2 2 1 0 0 2 1 1 2 0 2 1
 0 2 1 0 2 1 0 1 1 1 2 2 2 2 0 0 1 1 0 1 0 0 0 0]

========== Cluster 1 ==========

Base classifier: SVC(probability=True)

Minority Class: 1

Selected Features: [0 1 2 3 4 5 6 7 8]

Labels: [2 0 0 2 2 2 2 1 0 0 2 2 2 2 2 1 2 0 0 0 0 2 0 0 2 2 0 0 2 0 0 2 0 0 0 2 2
 0 0 0 0 1 0 0 2 0 0 0 0 0 0 0 0 2 0 2 0 2 0 2 2 2 1 0 2 2 0 1 2 0 0 0 2 2
 1 2 1 0 0 0 2 0 2 0 1 1 2 2 1 2 2 2 2 2 2 2 2 2 0 1 1 2 1 0 2 1 1 1 2 0 2
 0 2 2 1 2 2 0 0 0 2 2 1 2 0 0 1 0 2 0 0 0 1 0 2 0 0 2 1 0 0 0 0 0 0 2 0 0
 0 2 0 0 0 2 0 1 2 2 2 0 2 0 2 0 1 0 0 2 2 0 2 0 2 0 0 0 2 1 2 0 2 0 0 0 2
 2 2 0 0 0 0 0 0 0 0 2 0 2 2 2 0 2 2 0 0 1 0 1 2 1 0 0 0 2 1 0 2 2 2 0 1 0
 2 2 0 1 0 0 0 1 1 0 2 1 0 2 0 2 0 2 0 2 0 2 0 1 0 2 2 0 2 0 1 2 0 0 0 0 0
 0 0 0 2 2 2 0 0 0 0 0 0 2 2 2 2 0 2 0 0 0 1 2 1 2 2 0 2 2 0 0 2 0 0 1 0 2
 0 2 2 0 2 0 1 0 0 2 2 0 0 2 2 2 2 2 2 0 0 2 2 0 2 2 0 0 2 0 0 0 1 0 1 0 0
 0 0 2 2 2 1 2 0 0 0 1 1 2 1 0 2 0 2 2 0 2 2 0 0 2 0 2 2 2 1 2 2 2 2 2 0 2
 0 2 0 2 0 1 0 0 0 0 1 0 2 0 2 0 0 0 0 2 1 2 0 2 2 2 0 2 0 2 2 0 2 1 0 0 2]

========== Cluster 2 ==========

Base classifier: KNeighborsClassifier(n_neighbors=7)

Minority Class: 2

Selected Features: [0 1 2 3 4 5 6 7 8]

Labels: [0 0 2 1 2 2 1 1 0 0 1 0 2 0 0 1 2 0 2 0 0 1 0 1 0 1 2 0 1 2 2 0 0 0 1 0 1
 1 2 2 0 2 2 2 0 0 2 1 1 0 2 1 2 2 1 2 0 0 0 0 1 2 0 0 1 2 2 0 1 0 0 0 1 2
 1 1 1 2 0 0 2 0 0 0 2 1 0 2 0 1 0 0 0 2 1 0 0 1 2 1 1 2 0 2 1 1 2 0 1 0 0
 1 2 2 0 0 0 0 1 1 2 0 0 0 1 2 0 1 0 0 0 1 1 1 0 1 1 0 2 1 0 2 2 0 0 0 1 0
 2 2 2 0 2 0 0 1]

========== Cluster 3 ==========

Base classifier: LogisticRegression()

Minority Class: 1

Selected Features: [0 1 2 3 4 5 6 7 8]

Labels: [0 0 0 2 0 2 0 0 2 0 0 0 2 2 0 0 0 2 0 2 0 2 0 0 1 0 0 2 0 2 2 0 2 2 0 0 0
 0 0 0 0 0 0 1 0 0 0 2 0 0 0 0 0 0 1 0 0 0 2 1 2 0 2 0 0 0 1 0 0 0 0 0 0 0
 1 0 0]

========== Cluster 4 ==========

Base classifier: GaussianNB()

Minority Class: 0

Selected Features: [0 1 2 3 4 5 6 7 8]

Labels: [1 1 2 0 0 0 2 1 1 0 0 2 0 1 2 1 0 1 2 0 2 0 1 1 2 2 2 0 1 2 2 1 2 2 1 2 0
 0 1 1 1 1 2 1 2 1 2 2 2 0 0 2 1 0 2 1 0 0 1 2]

========== Cluster 5 ==========

Base classifier: LogisticRegression()

Minority Class: 1

Selected Features: [0 1 2 3 4 5 6 7 8]

Labels: [0 0 0 2 2 0 0 1 0 0 0 0 0 0 2 2 0 0 1 0 0 0 2 0 0 2 0 2 0 2 0 0 0 0 2 2 2
 0 0 0 0 2 2 2 1 0 0 2 0 0 0 0 0 1 0 0 2 1 0 2 0 0 0 0 2 2 0 1 2 0 0 2 0 2
 0 0 0 0 0 0 0 0 0 2 1 2 0 0 0 2 1 0 2 2 1 1 1 2 1 0 2 2 0 0 0 0 2 2 0]

========== Cluster 6 ==========

Base classifier: LogisticRegression()

Minority Class: 1

Selected Features: [0 1 2 3 4 5 6 7 8]

Labels: [1 1 0 2 1 0 0 0 0 1 0 1 2 0 0 0 1 1 0 1 2 0 2 1 1 1 2 2 1 1 0 0 0 0 0 2 1
 0 1 1 2 1 1 2 2 1 2 2 2 2 1 2 0 2 1 0 0 0 2 0 1 1 0 0 2 1 1 0 1 2 1 2 2 2
 1 2 1 0 2 0 2 1 2 2 1 2 2 0 0 1 1 1 2 0 1 1 1 0 1 1 1 2 2 1 0 1 0 1 2 2 0
 2 1 1 2 2 0 0 2 1 0 1 2 0 2 0 0 2 2 2 1 0 2 0 2 0 2 1 0 2 1 1 2 2 1 2 2 0
 0 0 0 2 1 2 0 0 1 2 1 0 0 0 1 1 0 0 0 0 2 0 0 0 1 2 0 2 1 2 0 0 0 0 2 1 2
 0 0 1 2 2 0 1 2 2 2 0 2 2 0 0 2 0 1 0 2 2 1 2 0 1 2 0 2 0 0 1 2 2 1 2 2 0
 2 0 1 1 2 1 0 1 0 2 1 1 0 0 2 1 2 1 2 2 2 2 0 0 1 2 2 1 2 2 2 1 0 1 1 0 2
 0 1 1 1 1 1 2 2 2 2 2 0 2 0 0 2 0 2 2 2 0 1 2 0 2 1 1 1 1 1 1 1 1 0 2 2 2
 1 1 2 1 2 2 2 1 0 1 0 1 0 1 2 0 1 0 1 2 0 0 0 0 2 1 0 2 2 2 2 2 1 2 1 2 0
 0 1 1 0 0 2 1 2 0 2 2 0 0 0 1 0 0 0 1 2 2 2 0 2 2 0 0 1 2 0 2 2 2 1 0 2 1
 1 2 2 1 1 2 0 1 2 2 0]

