Clustering algorithm selected: kmeans++
=====================================

Clustering evaluation metric: dbc
Clustering evaluation value: 0.4754299577766323

========== Cluster 0 ==========

Base classifier: LogisticRegression()

Minority Class: 1

Selected Features: [ 0  1  2  3  4  5  6  7  8  9 10 11 12 13 14 15 16 17 18 19 20 21 22 23
 24 25 26 27 28 29 30 31 32 33 34 35 36 37]

Labels: [0 1 1 1 1 1 0 0 0 1 1 0 0 0 1 1 1 1 1 0 0 1 1 0 1 0 1 0 0 0 1 1 0 1 1 0 0
 0 0 0 1 0 1 1 0 0 1 0 1 0 1 1 0 1 1 0 1 0 1 1 1 1 1 0 0 1 1 1 0 1 1 1 1 1
 0 1 1 0 0 1 1 1 0 1 1 1 1 0 0 1 1 1 1 1 0 1 0 1 1 0 0 0 1 0 0 1 1 1 0 0 1
 0 0 0 0 1 1 0 1 0 1 1 1 0 1 0 0 0 0 1 1 1 0 0 1 0 1 0 0 0 0 1 0 0 0 0 1 1
 0 1 0 0 0 1 1 0 1 1 1 1 0 1 0 0 1 0 0 0 0 0 1 1 0 1 0 0 0 1 1 0 0 1 1 1 0
 1 0 0 0 1 0 0 1 1 0 1 1 1 0 1 1 0 0 0 1 0 0 1 0 0 0 1 0 0 1 1 0 0 0 0 0 1
 0 0 1 0 1 1 0 0 0 1 1 0 0 0 1 1 1 1 1 0 1 1 1 0 0 0 1 1 1 1 0 1 0 0 1 0 1
 0 1 1 0 1 0 0 0 1 0 0 0 0]

Synthetic samples indexes: [  2  51  85  89  97 156 159 204 215 236 238 239 248 250 261]

========== Cluster 1 ==========

Base classifier: LogisticRegression()

Minority Class: 1

Selected Features: [ 0  1  2  3  4  5  6  7  8  9 10 11 12 13 14 15 16 17 18 19 20 21 22 23
 24 25 26 27 28 29 30 31 32 33 34 35 36 37]

Labels: [1 1 1 0 0 1 1 0 1 0 1 1 0 0 0 0 1 0 1 0 1 0 0 1 0 0 1 0 1 0 1 1 1 1 1 1 1
 0 0 1 0 1 0 0 1 0 0 1 1 1 1 1 0 0 0 1 1 1 0 1 0 0 0 1 1 1 1 1 1 0 1 0 0 0
 1 1 1 0 0 1 1 0 1 1 0 0 0 1 1 1 1 0 0 0 0 1 1 1 0 1 0 1 0 1 1 1 0 1 1 1 0
 0 1 0 1 0 1 0 0 1 0 0 1 0 1 0 0 0 1 0 0 0 1 0 1 0 1 1 0 1 0 0 0 1 0 0 0 1
 1 1 1 1 0 0 1 0 0 0 1 0 0 0 0 0 1 0 0 1 1 1 1 1 1 1 1 0 1 1 0 0 0 1 1 1 0
 0 1 0 0 1 1 0 0 1 1 0 0 0 0 0 1 1 0 1 1 1 0 0 0 1 0 0 0 1 1 1 1 0 0 0 1 0
 1 0 1 0 0 0 0 0 0 0 1 1 1 1 1 1 0 1 1 0 1 1 1 1 1 1 0 1 0 1 0 0 1 0 0 0 1
 1 1 0 1 1 0 1 0 1 0 1 1 0 0 1 0 1 1 0 0 1 1 0 0 0 0 1 1 0 1 0 0 0 1 0 1 0
 1 0 0 1 1 1 0 0 1 0 0 0 1 1 0 1 0 1 0 1 0 1 0 0 1 1 0 0 0 1 0 0 0 1 0 0 1
 0 0 1 1 0 1 0 0 1 1 1 1 1 0 0 0 1 1 0 0 0 1 1 0 0 0 1 0 0 1 1 1 0 0 0 0 0
 0 1 1 1 0 1 0 1 1 0 0 0 1 1 1 1 0 1 1 1 1 1 0 1 0 0 1 1 0 0 0 1 0 1 1 0 0
 1 1 0 0 1 1 1 0 0 1 0]

Synthetic samples indexes: [ 11  33  34  41  49  51  57  63  66  68  70  83  88 104 105 114 116 137
 139 149 154 169 171 173 174 189 201 205 216 242 243 244 247 259 288 296
 300 304 308 309 311 321 349 350 355 363 375 383 384 385 396 397 401 404]

