Clustering algorithm selected: kmeans++
=====================================

Clustering evaluation metric: dbc
Clustering evaluation value: 0.47643704370476936

========== Cluster 0 ==========

Base classifier: SVC(probability=True)

Minority Class: 1

Selected Features: [ 0  1  2  3  4  5  6  7  8  9 10 11 12 13 14 15 16 17 18 19 20 21 22 23
 24 25 26 27 28 29 30 31 32 33 34 35 36 37]

Labels: [0 1 1 0 0 0 1 1 0 1 1 0 0 1 1 1 0 1 0 0 0 1 1 0 0 1 0 0 0 0 1 1 1 0 0 1 1
 1 1 1 1 0 1 0 1 0 0 1 1 0 1 0 0 1 0 0 1 1 1 0 0 0 1 1 0 1 0 0 1 1 0 0 1 1
 0 1 0 1 1 1 1 1 1 1 0 1 1 1 1 1 1 0 1 1 1 1 1 1 0 0 1 1 1 1 0 1 0 0 0 0 1
 0 0 0 0 1 0 1 1 0 0 1 1 0 1 1 0 1 1 0 0 0 0 0 0 1 0 1 0 1 1 1 0 0 1 0 1 1
 1 0 0 0 0 0 1 0 1 0 0 0 1 1 0 1 1 0 1 1 0 0 1 1 0 0 0 1 0 1 0 1 1 0 1 0 0
 0 0 1 1 0 1 1 0 1 0 0 0 0 0 1 1 1 0 1 1 0 1 0 0 1 0 0 1 0 0 0 1 0 1 0 1 0
 0 1 1 1 0 1 0 0 1 0 1 1 0 0 0 1 0 1 0 1 1 0 0 1 0 0 0 1 0 1 1 0 0 1 0 1 0
 1 0 1 0 0 0 1 1 0 0 1 0 1 0 1]

Synthetic samples indexes: [  1   9  10  31  50  63  80  81  95 115 128 140 144 146 147 148 170 188
 230 237 259 273]

========== Cluster 1 ==========

Base classifier: LogisticRegression()

Minority Class: 1

Selected Features: [ 0  1  2  3  4  5  6  7  8  9 10 11 12 13 14 15 16 17 18 19 20 21 22 23
 24 25 26 27 28 29 30 31 32 33 34 35 36 37]

Labels: [0 0 1 1 1 1 0 1 1 1 1 1 0 1 1 0 0 0 0 0 1 1 0 1 1 0 1 1 1 1 1 1 0 0 0 1 0
 0 1 1 1 0 0 0 0 1 0 0 0 0 1 1 1 0 0 0 1 0 1 0 0 1 0 1 1 0 0 1 0 1 0 1 1 1
 1 0 0 1 0 0 0 1 0 1 0 1 0 1 1 0 0 0 0 1 1 0 0 1 0 0 0 1 0 1 0 0 1 1 1 1 0
 0 0 0 1 1 0 0 1 0 0 1 0 1 1 1 0 1 0 1 0 1 0 0 1 1 0 0 0 0 1 0 1 0 1 1 1 1
 1 0 0 0 0 0 0 0 0 0 0 1 0 0 0 1 1 1 1 0 1 1 1 0 1 1 1 1 0 1 1 0 1 1 0 1 0
 0 1 1 1 1 0 0 1 1 0 1 1 1 1 1 1 0 0 1 0 0 1 0 0 0 1 0 1 1 0 0 0 1 0 1 0 1
 0 0 0 1 0 1 1 0 0 1 1 1 1 1 1 1 1 1 0 1 1 0 1 1 1 0 1 0 1 1 1 0 0 1 1 0 0
 0 1 1 1 0 0 1 1 1 0 0 1 1 0 0 1 0 0 0 1 0 0 1 0 1 1 1 0 1 0 1 0 0 0 1 0 0
 0 1 1 0 0 1 1 1 0 0 1 1 0 1 0 0 0 1 0 1 0 0 1 0 1 0 1 1 1 0 1 0 1 0 0 1 0
 1 1 1 0 1 0 0 0 1 0 1 0 1 1 0 1 0 0 1 0 1 1 0 0 1 1 0 0 0 1 1 1 0 1 0 0 0
 1 0 0 1 1 1 0 1 0 1 1 1 0 0 0 1 1 1 0 0 0 0 1 1 0 0 1 1 0 0 0 1 0 1 0 0 1
 0 0 0 1 1 0 0 0 1]

Synthetic samples indexes: [  4  20  28  29  31  39  51  58  71  72  74  85 107 109 118 121 146 166
 168 170 173 174 187 189 199 225 234 235 236 251 281 289 293 297 301 302
 315 341 354 366 374 375 386 387 393 410 411]

