Clustering algorithm selected: kmeans
=====================================

Clustering evaluation metric: dbc
Clustering evaluation value: 0.4656158335875339

========== Cluster 0 ==========

Base classifier: SVC(probability=True)

Minority Class: 1

Selected Features: [ 0  1  2  3  4  5  6  7  8  9 10 11 12 13 14 15 16 17 18 19 20 21 22 23
 24 25 26 27 28 29 30 31 32 33 34 35 36 37]

Labels: [0 0 1 1 1 0 0 1 0 0 1 1 1 1 0 0 1 1 1 0 0 0 1 1 1 1 0 0 0 0 0 0 1 1 0 0 1
 0 0 1 1 1 0 0 0 0 1 1 0 0 0 1 0 1 0 0 1 0 1 0 1 1 0 1 0 0 1 0 0 0 1 0 0 1
 0 0 1 0 1 0 1 1 1 1 0 0 1 0 0 0 1 0 1 1 1 1 1 0 0 0 0 0 0 0 0 1 0 1 0 1 0
 1 0 0 0 1 0 0 1 1 0 1 0 1 0 0 0 0 0 0 1 1 0 1 1 1 1 0 0 1 1 0 0 0 0 0 1 0
 1 0 0 1 1 0 0 0 1 1 0 0 0 1 0 0 1 1 1 1 1 0 1 1 0 0 1 1 1 1 1 1 1 1 0 0 1
 0 1 0 1 1 1 1 0 0 1 1 1 1 0 1 1 1 1 1 0 0 0 1 1 1 1 1 1 0 1 1 1 0]

Synthetic samples indexes: [  2   3   4   7  13  16  18  23  32  33  39  41  46  47  51  53  56  60
  66  70  73  76  83  90  92  93  94  96 105 107 115 119 121 123 130 133
 134 135 148 151 152 157 161 165 166 167 171 174 177 178 179 180 184 188
 190 191 195 199 202 203 207 208 210 211 212 214 215 216]

========== Cluster 1 ==========

Base classifier: SVC(probability=True)

Minority Class: 0

Selected Features: [ 0  1  2  3  4  5  6  7  8  9 10 11 12 13 14 15 16 17 18 19 20 21 22 23
 24 25 26 27 28 29 30 31 32 33 34 35 36 37]

Labels: [1 1 0 0 0 0 1 1 0 1 0 0 0 0 1 1 0 1 1 1 1 1 1 0 0 1 0 0 1 1 1 1 0 1 1 0 1
 0 1 1 0 0 0 0 1 0 1 0 1 0 0 1 0 0 0 0 0 1 1 0 0 0 0 0 1 0 0 0 1 0 0 0 0 1
 1 0 0 0 0 0 1 1 0 1 0 1 1 0 1 1 0 1 1 0 1 0 1 0 0 0 1 0 1 1 1 1 0 0 1 1 1
 1 1 1 1 0 0 0 1 1 0 0 0 0 0 1 1 1 1 1 1 0 0 0 0 1 1 1 1 1 0 1 1 1 0 1 1 1
 0 1 1 1 0 0 1 1 1 0 1 0 0 0 1 1 0 1 1 0 0 0 0 1 1 0 0 1 0 0 0 0 1 1 1 0 1
 1 1 0 1 0 1 0 1 0 1 1 0 1 1 0 1 0 1 0 0 1 1 1 0 1 0 1 1 1 0 1 1 1 0 0 1 1
 1 1 1 1 1 0 1 1 1 0 1 0 0 1 0 1 0 1 1 1 1 1 1 0 0 0 1 0 1 0 0 0 1 0 0 0 0
 0 1 1 1 1 0 0 1 0 1 1 1 1 1 0 1 1 0 0 1 0 1 0 1 0 0 1 1 0 1 0 0 1 0 0 1 1
 1 1 0 1 0 1 0 1 0 1 1 0 0 1 0 0 1 0 1 1 0 1 1 0 1 0 0 0 0 1 1 1 0 0 0 1 1
 1 1 1 1 1 1 0 0 0 0 1 0 0 1 1 0 1 1 1 1 1 1 0 0 1 1 1 0 0 1 1 0 0 1 0 0 0
 1 0 1 0 1 0 0 0 0 1 1 1 1 0 0 0 1 1 0 0 1 0 1 1 1 1 0 0 0 1 1 0 0 0 0 1 1
 1 0 0 0 1 0 1 0 1 0 0 0 0 0 0 0 0 0 0 1 1 0 0 0 1 0 0 0 1 0 0 1 1 1 0 1 1
 0 0 1 0 0 1 0 1 0 0 0 0 0 1 0 0 1 0 0 0 0 0 1 0 0 1 1 0]

Synthetic samples indexes: [24]

