Clustering algorithm selected: kmeans
=====================================

Clustering evaluation metric: dbc
Clustering evaluation value: 0.6482657668430718

========== Cluster 0 ==========

Base classifier: DummyClassifier(strategy='most_frequent')

Minority Class: 0

Selected Features: [30 29 28 27 26 25 24 23 22 21 20 19 18 17 16 15]

Labels: [0 0 0 0 0 0 0 0 0 0 0 0 0 0 0 0 0 0 0 0 0 0 0 0 0 0 0 0 0 0 0 0 0 0 0 0 0
 0 0 0 0 0 0 0 0 0 0 0 0 0 0 0 0 0 0 0 0 0 0 0 0 0 0 0 0 0 0 0 0 0 0 0 0 0
 0 0 0 0 0 0 0 0 0 0 0 0 0 0 0 0 0 0 0 0 0 0 0 0 0 0 0 0 0 0 0 0 0 0 0 0 0
 0 0 0 0 0 0 0 0 0 0 0 0 0 0 0 0 0 0]

Synthetic samples indexes: []

========== Cluster 1 ==========

Base classifier: DummyClassifier(strategy='most_frequent')

Minority Class: 0

Selected Features: [30 29 28 27 26 25 24 23 22 21 20 19 18 17 16 15]

Labels: [1 1 1 1 1 1 1 1 1 1 1 1 1 1 1 1 1 1 1 1 1 1 1 1 1 1 1 1 1 1 1 1]

Synthetic samples indexes: []

========== Cluster 2 ==========

Base classifier: SVC(probability=True)

Minority Class: 0

Selected Features: [ 0 21 24  8 14  2 22 23  7 27 28  9 11  4  3]

Labels: [0 1 0 0 1 1 1 1 1 0 1 1 1 1 0 1 1 1 0 1 0 0 1 0 1 1 0 1 0 0 0 1 1 0 0 0 0
 0 1 1 0 1 0 0 0 0 1 0 1 1 1 1 1 0 1 1 1 1 0 1 1 0 0 1 0 0 1 0 0 0 1 0 1 1
 1 0 0 0 1 1 1 0 0 0 0 1 1 0 0 0 0 0 1 1 1 0 1 1 0 1 1 0 1 1 1 1 0 0 0 0 0
 1 1 0 1 0 0 0 1 0 1 1 1 0 1 1 0 0 0 0 0 1 0 0 0 1 1 0 1 0 0 0 1 1 1 1 0 0
 1 0 0 0 0 0 0 0 0 1 1 0 0 1 0 0 0 0 1 1 1 1 0 0 0 1 0 1 1 1 1 1 0 1 1 1 0
 0 0 1 1 1 0 0 0 1 0 1 0 1 1 0 1 1 1 0 0 0 0 1 0 1 0 1 0 1 0 1 0 1 1 0 1 1
 1 1 1 1 1 1 0 0 0 1 1 0 0 1 0 1 0 1 1 1 0 1 0 1 0 1 0 1 1 1 1 1 0 1 1 0 1
 0 0 0 0 1 1 1 0 0 0 1 0 1 0 1 1 0 0 0 1 1 1 1 0 0 1 0 1 0 0 0 0 1 0 1 0 1
 1 1 1 1 1 0 1 1 1 1 1 1 0 0 0 1 0 0 0 0 0 0 1 1 0 0 1 1 0 0 0 1 0 0 1 0 0
 0 0 1 0 1 0 0 1 0]

Synthetic samples indexes: [  1   4   5   6   7  10  11  12  13  15  16  17  19  24  25  27  31  32
  38  39  41  46  48  49  50  52  54  55  56  57  59  60  63  66  70  72
  73  74  78  79  80  85  86  93  94  96  97  99 100 102 103 104 105 112
 114 118 120 122 124 125 131 135 138 142 144 145 148 157 158 161 166 167
 169 173 175 176 177 178 179 181 183 187 188 189 193 195 197 198 200 201
 202 207 209 211 213 215 217 218 220 221 223 225 226 227 231 232 235 237
 239 240 241 243 245 247 250 252 253 255 256 258 263 264 265 269 271 274
 278 279 280 281 284 291 295 296 297 299 300 303 304 305 306 307 311 318
 319 322 323 327 330 335 337 340]

========== Cluster 3 ==========

Base classifier: LogisticRegression()

Minority Class: 0

Selected Features: [28 21 24 23  8 20  4 22  3  1 25 29  5 10 12  0 18  2 16 27 15]

Labels: [1 0 1 0 0 1 1 0 0 0 1 1 0 0 1 0 1 1 1 1 0 0 1 0 0 1 0 1 0 1 0 0 0 0 0 0 0
 1 1 0 0 0 1 0 0 0 0 0 0 0 1 0 1 1 0 1 1 0 0 1 1 1 1 1 0 1 1 1 1 1 1 0 1 1
 1 0 0 1 0 0 1 1 1 1 1 1 1 1 0 1 1 0 1 1 0 1 0 0 1 0 0 0 0 0]

Synthetic samples indexes: [  1   3   4   8  13  15  20  21  24  26  28  32  33  34  41  43  44  45
  46  49  51  54  57  58  64  79  88  97 100 102]

========== Cluster 4 ==========

Base classifier: DummyClassifier(strategy='most_frequent')

Minority Class: 0

Selected Features: [30 29 28 27 26 25 24 23 22 21 20 19 18 17 16 15]

Labels: [1 1 1 1 1 1 1 1 1 1 1 1 1 1 1 1 1 1 1 1 1 1 1 1 1 1 1 1 1 1 1 1 1 1 1 1 1
 1 1 1 1 1 1 1 1 1 1 1 1 1 1 1 1 1 1 1 1 1 1 1 1 1 1 1 1 1 1 1 1 1 1 1 1 1
 1 1 1 1 1 1 1 1 1 1 1 1 1]

Synthetic samples indexes: []

