Clustering algorithm selected: kmeans
=====================================

Clustering evaluation metric: dbc
Clustering evaluation value: 0.6513786804825331

========== Cluster 0 ==========

Base classifier: DummyClassifier(strategy='most_frequent')

Minority Class: 1

Selected Features: [ 0  1  2  3  4  5  6  7  8  9 10 11 12 13 14 15 16 17 18 19 20 21 22 23
 24 25 26 27 28 29 30]

Labels: [1 1 1 1 1 1 1 1 1 1 1 1 1 1 1 1 1 1 1 1 1 1 1 1 1 1 1 1 1 1 1 1 1 1 1 1 1
 1 1 1 1 1 1 1 1 1 1 1 1 1 1 1 1 1 1 1 1 1 1 1 1 1 1 1 1 1 1 1 1 1 1 1 1 1
 1 1 1 1 1 1 1 1 1 1 1 1 1 1]

Synthetic samples indexes: []

========== Cluster 1 ==========

Base classifier: DummyClassifier(strategy='most_frequent')

Minority Class: 1

Selected Features: [ 0  1  2  3  4  5  6  7  8  9 10 11 12 13 14 15 16 17 18 19 20 21 22 23
 24 25 26 27 28 29 30]

Labels: [1 1 1 1 1 1 1 1 1 1 1 1 1 1 1 1 1 1 1 1 1 1 1 1 1 1 1 1 1 1 1]

Synthetic samples indexes: []

========== Cluster 2 ==========

Base classifier: LogisticRegression()

Minority Class: 1

Selected Features: [24 21 28  8 23 25  3 20 29  4  1 22 16  5 17  0 14  2 10 26 18]

Labels: [1 0 1 0 1 0 0 0 1 0 1 1 1 1 0 0 1 1 1 0 0 1 1 0 0 0 1 1 0 0 0 0 1 0 1 1 0
 1 0 1 0 1 0 1 1 0 1 0 0 1 1 0 1 1 1 1 1 1 0 0 0 0 0 1 0 0 1 1 0 1 1 0 0 1
 1 0 0 1 1 1 1 1 0 0 0 1 0 1 1 1 0 0 0 1 0 0 1 0 0 1 0 1 0 0]

Synthetic samples indexes: [  1   3   5   6   9  15  20  23  24  45  47  48  51  58  59  60  61  65
  68  71  75  76  83  90  91  92  94  95  97  98 102]

========== Cluster 3 ==========

Base classifier: SVC(probability=True)

Minority Class: 1

Selected Features: [ 0 24 21 22 23  8  2 28 14  3 13 11  7  9 27]

Labels: [1 0 1 1 0 1 1 0 1 1 0 0 0 1 0 1 0 0 1 0 0 0 1 0 0 1 0 0 0 1 0 0 1 1 1 0 0
 0 0 0 1 0 1 0 0 0 0 0 0 1 1 0 0 0 0 0 0 0 0 1 1 0 0 0 0 0 0 1 0 1 1 0 0 1
 0 0 0 0 1 1 1 0 1 0 1 1 0 1 0 1 0 1 0 1 0 0 1 1 1 1 0 1 1 1 1 1 1 1 0 1 0
 0 1 0 1 1 1 0 1 1 1 0 1 1 1 0 0 1 1 1 1 0 1 0 0 1 1 1 0 0 0 1 0 0 0 1 1 0
 1 0 0 0 1 0 1 1 1 0 1 1 1 1 1 1 0 1 0 1 0 1 0 0 1 0 0 1 0 0 0 0 0 1 1 1 0
 1 0 1 0 1 1 0 0 0 1 1 0 1 1 1 0 0 0 0 0 0 0 1 1 0 0 1 0 1 0 0 0 1 1 1 1 1
 1 1 0 0 0 1 1 1 0 0 0 1 0 1 1 1 0 0 0 0 1 0 0 0 1 1 1 1 1 1 1 0 0 0 0 1 0
 1 0 1 0 1 0 1 0 1 1 0 1 0 1 0 1 1 1 1 1 1 1 0 1 0 0 0 1 0 1 0 1 1 1 1 1 1
 1 1 1 0 0 0 0 0 0 0 1 0 1 1 0 0 1 1 0 1 1 0 1 0 0 1 1 0 1 0 0 1 0 0 0 1 0
 1 1 1 1 0 1 1]

Synthetic samples indexes: [  2   5   6   8   9  13  15  18  22  25  29  32  33  42  49  50  59  60
  67  73  78  79  80  82  84  85  87  89  91  93  96  97  98  99 101 102
 103 104 105 106 107 109 112 114 115 118 119 120 122 123 124 127 128 129
 130 132 135 137 141 145 146 148 156 159 160 161 162 163 165 167 169 172
 175 181 182 183 185 187 189 190 194 195 197 198 199 207 208 211 213 219
 220 221 222 223 227 228 229 233 235 236 237 242 246 247 248 249 250 251
 252 257 259 261 263 265 267 268 270 272 274 275 276 277 278 279 280 282
 286 288 290 291 292 293 295 297 298 306 308 312 313 315 316 318 322 327
 331 333 335 336 338 339]

========== Cluster 4 ==========

Base classifier: DummyClassifier(strategy='most_frequent')

Minority Class: 1

Selected Features: [30 29 28 27 26 25 24 23 22 21 20 19 18 17 16 15]

Labels: [0 0 0 0 0 0 0 0 0 0 0 0 0 0 0 0 0 0 0 0 0 0 0 0 0 0 0 0 0 0 0 0 0 0 0 0 0
 0 0 0 0 0 0 0 0 0 0 0 0 0 0 0 0 0 0 0 0 0 0 0 0 0 0 0 0 0 0 0 0 0 0 0 0 0
 0 0 0 0 0 0 0 0 0 0 0 0 0 0 0 0 0 0 0 0 0 0 0 0 0 0 0 0 0 0 0 0 0 0 0 0 0
 0 0 0 0 0 0 0 0 0 0 0 0 0 0 0 0 0 0 0]

Synthetic samples indexes: []

