Clustering algorithm selected: spectral_clustering
=====================================

Clustering evaluation metric: dbc_ss
Clustering evaluation value: 0.3267431439741277

========== Cluster 0 ==========

Base classifier: RandomForestClassifier()

Selected Features: [32 34 31 33 36 35  6 16 10 29 11 25  2  0  8 37  5 15  4 13 19  9 27  3
 17 18 22 23 26 24 30 28 21 20 14]

Labels: [1 1 0 0 0 0 0 0 1 0 0 1 0 0 0 0 0 0 1 0 0 0 1 0 0 0 0 1 0 1 0 0 1 0 0 0 0
 1 0 0 0 0 1 0 0 0 0 0 1 1 1 0 1 1 0 0 0 1 0 1 0 0 0 0 0 0 1 0 0 0 1 0 0 0
 1 0 0 0 0 1 1 1 1 1 1 1 1 1 1 1 1 1 1 1 1 1 1 1 1 1 1 1 1 1 1 1 1 1 1 1 1
 1 1 1 1 1]

========== Cluster 1 ==========

Base classifier: RandomForestClassifier()

Selected Features: [32 37 31 33  4  7  8  6 26 30 35 34  9 23  5  0 22 28  3 20 14  2 29 16
 12 24 36 25 27 21 17 18 19]

Labels: [1 0 0 1 0 0 0 0 1 0 1 0 0 0 1 1 0 1 0 0 0 0 0 0 0 0 1 1 1 1 0 0 0 0 1 0 0
 1 1 0 0 1 1 1 1 1 1 1 1 1 1 1 1 1]

========== Cluster 2 ==========

Base classifier: SVC(probability=True)

Selected Features: [31 30 29 36 13 35  8 28 25 32 10  4 12 11  9 15 23 24  3 37 14 34  7 33
 16 19 20 21 22 27 26 17]

Labels: [0 0 0 0 0 0 0 0 0 1 0 1 1 0 1 0 1 0 0 1 0 0 0 0 1 0 1 0 0 0 0 0 0 0 0 1 1
 1 1 1 1 1 1 1 1 1 1 1 1 1 1 1 1 1]

========== Cluster 3 ==========

Base classifier: DummyClassifier(strategy='most_frequent')

Selected Features: [37 36 35 34 33 32 31 30 29 28 27 26 25 24 23 22 21 20 19 18 17 16 15 14
 13 12 11 10  9]

Labels: [0 0 0 0 0 0 0 0 0 0 0 0 0 0 0 0]

========== Cluster 4 ==========

Base classifier: DummyClassifier(strategy='most_frequent')

Selected Features: [ 0  1  2  3  4  5  6  7  8  9 10 11 12 13 14 15 16 17 18 19 20 21 22 23
 24 25 26 27 28 29 30 31 32 33 34 35 36 37]

Labels: [0 0]

========== Cluster 5 ==========

Base classifier: RandomForestClassifier()

Selected Features: [32 28 31 35 11  8  6 10  1 20 26 37 25 12 36 29 15 27 22  4 30 33 13 19
  5 17 21 23 34 24 16 18  9]

Labels: [0 0 1 0 0 0 0 0 0 1 0 0 1 0 0 0 0 0 0 0 0 0 0 1 1 0 0 0 1 0 0 0 1 0 0 0 0
 0 0 0 0 0 0 0 0 0 0 0 0 0 0 0 0 0 1 0 0 0 0 1 0 0 0 0 0 0 0 0 0 1 0 0 0 0
 1 0 0 0 0 1 0 0 0 0 0 0 0 0 0 0 0 0 0 0 0 0 0 1 0 0 0 0 0 0 0 0 0 0 0 1 0
 1 0 1 0 1 0 1 0 1 1 0 0 0 1 1 0 1 1 0 0 1 1 0 0 0 0 0 0 0 0 0 1 0 0 1 1 1
 1 1 1 1 1 1 1 1 1 1 1 1 1 1 1 1 1 1 1 1 1 1 1 1 1 1 1 1 1 1 1 1 1 1 1 1 1
 1 1 1 1 1 1 1 1 1 1 1 1 1 1 1 1 1 1 1 1 1 1 1 1 1 1 1 1 1 1 1 1 1 1 1 1 1
 1 1 1 1 1 1 1 1 1 1 1 1 1 1]

========== Cluster 6 ==========

Base classifier: RandomForestClassifier()

Selected Features: [33 34 32 36 31  1 35 37 13 10 18  7 28  9 26 21 12 30 22 25 24 23 29 16
 19 20 27 17 15 14  8 11  5  6  4]

Labels: [1 0 1 0 0 0 0 0 0 0 0 0 0 1 0 0 0 1 0 1 0 0 0 0 1 0 1 0 1 1 1 1 1 1 1 1 1
 1 1 1 1 1]

========== Cluster 7 ==========

Base classifier: RandomForestClassifier()

Selected Features: [32 34 10 37 33 20 35 36 21 30 28 16 22  4 23  3  9 25  7 19 29  0 27 15
 31 14  8  1 24 11 12 17 26 18 13]

Labels: [1 1 1 1 0 1 1 1 1 1 1 0 0 1 1 1 1 1 1 0 1 1 1 1 0 1 0 1 1 1 0 1 0 1 0 1 1
 1 1 1 0 1 1 1 0 1 0 1 1 1 1 1 1 1 1 1 1 1 1 1 1 1 1 1 1 1 1 0 1 1 1 1 1 1
 0 0 0 0 1 0 0 1 1 1 1 1 1 1 1 1 1 1 0 1 1 0 1 1 1 0 0 1 1 1 1 1 0 1 0 0 0
 0 0 0 0 0 0 0 0 0 0 0 0 0 0 0 0 0 0 0 0 0 0 0 0 0 0 0 0 0 0 0 0 0 0 0 0 0
 0 0 0 0 0 0 0 0 0 0 0 0 0 0 0 0 0 0 0 0]

========== Cluster 8 ==========

Base classifier: GaussianNB()

Selected Features: [29 32 35 34 31 28 37 33 36 30  0  7 24 19  6  3  5 21  9 26 25 27 20 12
  1 16 22 17 18 23  8 10 11 13 15]

Labels: [0 0 0 0 1 0 1 1 0 1 0 0 0 1 0 0 0 0 0 0 0 0 0 0 0 0 0 0 0 0 0 1 1 1 1 1 1
 1 1 1 1 1 1 1 1 1 1 1 1 1 1 1]

========== Cluster 9 ==========

Base classifier: RandomForestClassifier()

Selected Features: [32 17 29 28  5 33 34 13 37 36 26 25  8 18 19 20  6 35  0  4 11  7 16 23
 22 21 31 30 27 24  9 10 14 12]

Labels: [1 0 1 1 1 0 1 1 1 0 0 0 0 1 1 0 1 0 0 1 0 1 1 1 1 1 1 0 1 1 1 0 1 1 1 1 0
 1 1 1 1 0 1 1 1 1 1 1 0 0 0 0 0 0 0 0 0 0 0 0 0 0 0 0 0 0 0 0]

========== Cluster 10 ==========

Base classifier: RandomForestClassifier()

Selected Features: [37 32 34 13 31 28 35 36 29  8  6 33  9 10 26 30  2 15 17 20  0 11  3 25
 23 19 16 21 27 24 18 22 14 12  4  5]

Labels: [1 0 1 1 1 1 1 0 1 0 1 1 1 1 1 1 1 0 0 1 1 1 1 1 1 1 1 1 1 0 0 1 1 1 1 1 1
 1 1 1 1 1 1 1 1 1 1 0 1 1 1 1 0 1 1 1 1 1 1 1 1 1 1 0 1 1 0 1 1 1 1 1 1 1
 1 1 1 1 1 1 1 1 0 1 0 0 0 0 0 0 0 0 0 0 0 0 0 0 0 0 0 0 0 0 0 0 0 0 0 0 0
 0 0 0 0 0 0 0 0 0 0 0 0 0 0 0 0 0 0 0 0 0 0 0 0 0 0 0 0 0 0 0 0 0]

