Clustering algorithm selected: kmeans
=====================================

Clustering evaluation metric: silhouette
Clustering evaluation value: 0.17317001074894922

========== Cluster 0 ==========

Base classifier: LogisticRegression()

Selected Features: [36 32  8 16 29 11 17 12 35  2 13  0  3 34 18 14  6 22]

Labels: [0 0 1 0 0 0 0 0 1 0 0 0 1 1 1 0 0 0 1 0 0 0 0 0 0 0 0 0 0 0 0 0 0 0 0 0 0
 0 0 0 0 0 0 1 0 0 0 0 0 0 0 1]

========== Cluster 1 ==========

Base classifier: KNeighborsClassifier()

Selected Features: [32 34 33  4 37 36  8  3 10 21 25 23 17 12 27  7 31  5 19 28  6 35 16 13
 22 20 29 30 26 24 18 11 14]

Labels: [1 1 0 1 0 0 1 0 0 1 0 0 0 0 0 0 0 0 0 0 1 0 0 0 1 1 0 1 1 0 1 1 1 0 0 0 0
 1 0 1 1 0 1 1 1 0 0 1 0 0 1 0 0 0 0 1 0 1 0 0 0 1 0 1 0 0 1 0 0 0 0 1 0 1
 0 0 0 0 0 0 1 1 0 0 0 1 0 0 1 0 0 0 1 0 1 0 1 1 0 1 0 0 1 0 0 1 0 1 0 1 1
 0 1 1 1 1 1 1 1 1 1 1 0 0 0 0 0 0 0 0 0 1 1 0 0 1 0 0 0 1 0 1 0 1 0 0 0 0
 0 0 1 0 0 0 1 0 0 0 0 0 0 1 1 1 0 0 1 0 0 1 0 0 1 1 1 0 0 0 1 0 1 1 0 0 1
 1 0 0 1 1 1 1 1 0 1 1 0 0 1 0 1 1 0 0 1 1 1 1 0 0 1 0 1 0 1 0 0 1 1 0 1 1
 1 0 1 1 1 0 0 1 1 0 1 0 1 0 0 1 1 0 1 1 1 1 0 1 1 0 0 1 1 0 0 1 1 0 0 1 1
 0 0 0 1 0 1 1 0 1 0 1 1 0 1 1 1 0 0 1 1 1 1 0 1 1]

========== Cluster 2 ==========

Base classifier: LogisticRegression()

Selected Features: [33 34 27 32 37 36  1  4  5 31 29 18 21  6 30  8 17 14 11 35 24 28 16 19
 22 20 23 26 25 15  9 10 13]

Labels: [1 0 1 0 1 0 0 0 0 0 0 0 1 0 0 0 1 0 0 1 1 0 1 1 1 1 0 0 0 1 0 1 1 1 0 1 0
 0 1 0 0 1 0 0 0 0 1 1 1 0 1 0]

========== Cluster 3 ==========

Base classifier: LogisticRegression()

Selected Features: [32  6 33 34 17 24  9  1 19 25 31  7  8 26 36 22  3 23 11 12 35 13 29 37
  5 21]

Labels: [1 1 1 0 0 0 0 0 0 0 0 0 0 0 0 0 1 1 0 0 0 1 1 1 0 0 0 0 0 0 1 0 0 0 0 0 1
 0 0 1 0 0 0 1 0 1 0 0 0 1 0 0 0 0 0 1 0 0 1 1 0 0 0 1 0 0 1 0 1 1 0 0 0 0
 0 1 0 0 1 1 1 1 0 0 0 0 1 0 1 0 1 0 0 0 0 0 0 0 0 0 0 1 0 0 0 0 0 1 1 0 0
 0 1 0 0 0 0]

========== Cluster 4 ==========

Base classifier: GradientBoostingClassifier()

Selected Features: [32 37 20 34 25 13 31 18  3  6  4 27 21  9 16 11 28 36  8 29 15 35 14  7
 23 33 26 30]

Labels: [1 0 1 0 0 1 1 0 0 0 0 0 1 1 0 1 1 1 1 1 1 0 1 0 1 1 1 1 1 1 1 0 0 1 1 1 1
 1 1 1 1 1 0 1 1 0 0 0 1 1 1 1 1 1 1 1 1 1 0 0 0 1 0 1 0 1 1 0 1 0 0 1 1 1
 0 1 1 1 1 1 1 1 0 1 1 0 1 1 1 1 0 0 1 1 1 1 1 1 1 1 1 0 1 1 1 1 1 0 1 1 1
 1 1 0 1 0]

