Clustering algorithm selected: fcm
=====================================

Clustering evaluation metric: dbc
Clustering evaluation value: 0.5176809566318147

========== Cluster 0 ==========

Base classifier: LogisticRegression()

Selected Features: [32 33 37 22 17 34 23  0 31 27 30  8  9  3  4 20 11 24 26 16 13 10  1 29
 15  6 19 18  5 36 35 21 28]

Labels: [1 0 0 0 1 0 0 1 0 1 1 1 0 1 1 0 0 0 0 1 0 1 0 1 0 1 1 1 1 0 0 1 0 0 0 1 1
 0 1 1 1 1 0 0 1 1 0 1 1 1 0 1 1 0 1 1 0 1 1 1 0 1 0 1 1 1 0 0 1 1 1 1 0 1
 1 0 1 0 1 1 0 1 0 0 0 0 0 0 0 0 0 0 0 0 0 0]

========== Cluster 1 ==========

Base classifier: SVC(probability=True)

Selected Features: [32 37 33 34 13  3 16 29 17 12  9  7  6 30  5 35 14  1  8 27 28 11 25  0
 19 36 10 31 26 24 18 22 21 20]

Labels: [1 1 1 0 1 0 0 1 1 0 1 0 0 0 1 1 1 1 0 0 0 0 1 0 1 0 1 1 0 0 1 1 1 1 1 1 0
 0 1 0 0 1 1 0 1 0 0 0 0 0 0 1 0 0 1 1 0 0 1 0 0 1 0 1 1 0 0 1 1 0 1 0 0 1
 1 0 1 1 0 0 1 0 0 0 1 1 0 1 0 0 0 1 1 1 0 1 1 1]

========== Cluster 2 ==========

Base classifier: GradientBoostingClassifier()

Selected Features: [32  0 34 31 37 30 33 15 13 36 10  7  6 17 14  5  3 35 28  1 25 19 23 11
 20 24  9 29 26 27 16 18 22 21]

Labels: [0 0 1 0 0 0 0 0 1 1 1 0 1 0 1 1 0 1 0 0 1 0 1 1 0 0 1 0 0 0 1 1 0 0 0 1 0
 1 0 1 1 1 0 0 0 0 0 0 1 1 0 0 0 1 0 1 0 1 0 1 1 1 0 0 1 0 1 1 0 0 0 0 0 1
 1 0 0 0 0 0 0 1 0 1 1 1 1 1 1 1 1 1 1 1 1 1 1 1 1 1]

========== Cluster 3 ==========

Base classifier: SVC(probability=True)

Selected Features: [32  3 34 33 17 31 16 37 26  0  1 12 21 20 15 35 13 25 14  4  9 11 19 23
 28  8 30 36 29 24 18 22 27]

Labels: [1 0 0 0 0 1 0 0 0 0 1 0 0 1 0 0 1 1 1 1 0 0 0 0 1 0 0 0 0 0 0 0 1 1 1 0 0
 1 1 1 0 0 1 0 0 0 0 1 1 1 0 0 1 0 1 0 0 0 0 0 1 1 0 0 0 0 1 0 0 1 1 1 1 0
 0 0 0 0 1 1 0 1 1 1 1 1 1 1 1 1 1 1 1 1 1 1 1 1 1 1 1 1]

========== Cluster 4 ==========

Base classifier: LogisticRegression()

Selected Features: [34 32 33 26 36 10 19 25 31 37 14 20 29  6 15  4  8 30  9  7 24 18 28 21
 35 16 27 17 22 23 11 12 13  5  3]

Labels: [0 1 0 0 1 0 0 0 0 0 0 0 0 1 1 0 0 1 0 0 1 1 0 0 0 1 0 1 0 0 0 0 1 1 0 0 0
 0 1 1 1 1 0 0 1 0 0 0 1 0 1 1 1 0 1 0 1 1 1 0 0 0 1 1 0 0 1 1 0 0 1 0 0 0
 0 0 1 1 0 0 1 0 1 1 0 1 0 0 0 1 1 1 0 1 0 1 1 1 1 1 0 1 1 1 1 1 1 1 1 1 1
 1 1 1]

========== Cluster 5 ==========

Base classifier: SVC(probability=True)

Selected Features: [32 33 31 30 34 24 20  0 37 35  6 21 25 18 19 28  2 13  4 11  8  5 14  1
 36 22 26 29 27 23 16 17 15]

Labels: [0 0 0 0 0 0 0 0 1 1 0 0 1 0 0 1 0 0 0 1 1 1 0 0 1 0 1 0 0 0 0 1 0 0 1 0 1
 1 0 1 0 0 0 0 0 0 1 0 0 1 0 0 1 0 1 0 1 0 0 1 1 0 0 0 1 1 1 0 0 0 0 1 1 1
 1 0 0 0 1 1 1 1 1 1 1 1 1 1 1 1 1 1 1 1 1 1 1 1 1 1]

========== Cluster 6 ==========

Base classifier: LogisticRegression()

Selected Features: [32 29 34 36  3  1 28 31 22 35 27 16 19  4 11  5 23 33 17  2 12 21 14  7
 37 20 30 26 25 24 18  8 10]

Labels: [1 1 1 0 1 0 0 0 0 1 0 1 0 0 0 1 0 1 1 1 1 1 1 0 0 0 0 0 0 0 0 0 0 1 0 0 1
 1 0 0 1 1 0 1 1 0 0 1 0 1 0 0 0 0 0 0 1 0 1 0 1 0 1 0 1 1 0 1 0 1 1 1 1 1
 0 1 1 0 0 1 0 0 0 1 0 0 1 0 1 0 0 1 0 1 0 0 1 1 1 1 1 1 1 1 1 1 1 1]

