============== Classifiers Parameters ==============
[{'n_estimators': 294, 'max_depth': 6, 'min_samples_split': 5, 'min_samples_leaf': 9, 'learning_rate': 0.30562278488033134}, {'n_estimators': 239, 'max_depth': 1, 'min_samples_split': 6, 'min_samples_leaf': 3, 'learning_rate': 0.7281857388464356}]

Optimal clusterer: kmeans

External clustering metrics:
adjusted_rand_score: 0.022095977003711565
normalized_mutual_info_score: 0.024899994704256228
v_measure_score: 0.02489999470425623
fowlkes_mallows_score: 0.5560384595459887

Internal clustering metrics:
silhouette: -0.2433297626673449
davies_bouldin: 1.3283622086831244
calinski_harabasz_score: 5.124612509986167

Base classifier: gb
========== Cluster 0 ==========

Labels: [1 1 1 0 0 2 1 2 0 0 1 1 0 1 0 0 1 1 1 2 2 0 0 0 2 1 1 1 0 2 1 0 1 2 0 1 2
 0 2 1 0 1 2 1 1 2 2 1 1 0 0 0 0 0 0 1 0 2 1 0 1 2 0 0 1 0 0 0 1 2 2 1 1 0
 1 2 2 0 1 2 1 2 0 0 2 0 0 2 2 2 1 1 2 0 1 0 0 2 1 1 0 0 0 0 1 2 1 0 1 0 2
 1 1 0 0 0 0 2 1 1 0 1 0 1 1 2 1 1 2 2 1 2 2 2 1 1 2 1 2 0 2 2 0 0 2 1 0 2
 2 1 1 0 1 1 2 2 1 1 2 2 1 0 1 1 2 0 0 1 1 1 1 0 2 2 0 0 1 0 1 2 0 2 2 2 2
 0 2 0 2 0 0 2 2 1 2 0 0 1 1 1 1 0 2 2 1 2 0 1 0 2 0 1 0 2 0 2 2 0 2 1 0 0
 2 1 1 1 0 1 0 0 0 1 0 1 0 2 0 2 0 1 2 1 2 1 1 1 2 2 2 1 2 1 2 1 2 1 2 0 1
 1 0 1 1 1 0 0 1 1 1 1 1 1 0 2 2 2 2 2 0 2 1 0 0 1 0 1 2 0 2 2 2 1 1 0 1 2
 2 0 0 0 2 0 2 2 0 1 2 0 1 2 0 2 0 0 2 1 2 2 2 1 0 2 0 0 2 0 2 1 0 1 1 1 0
 2 2 0 1 2 2 1 0 2 2 2 0 2 1 1 2 0 1 0 2 1 2 0 1 0 0 0 2 0 1 1 1 2 1 2 0 0
 0 1 2 0 1 1 0 0 0 1 2 0 0 2 1 2 0 0 2 2 0 0 0 0 0 0 0 0 0 0 2 2 0 0 0 0 1
 2 2 2 2 2 2 1 2 1 0 2 0 2 1 1 2 1 0 2 1 0 1 0 1 0 2 1 1 0 0 0 2 2 2 2 1 1
 2 2 2 1 2 2 2 2 0 2 0 1 0 1 2 2 1 2 2 1 0 2 2 2 2 0 0 2 1 2 1 0 0 1 1 1 2
 0 2 0 2 0 1 1 1 1 1 1 1 2 0 0 2 2 2 2 2 0 2 2 2 2 0 1 2 1 0 1 0 1 0 0 1 0
 2 0 1 2 2 0 2 2 2 1 2 0 2 1 2 2 1 1 2 2 1 1 0 1 1 1 1 1 1 0 1 0 1 2 2 2 0
 0 2 2 1 1 2 2 1 1 2 0 2 2 2 0 1 1 1 1 0 0 0 0 0 0 0 2 1 2 1 0 1 0 1 1 2 1
 2 0 1 0 1 1 0 2 2 0 0 0 0 0 0 0 2 1 1 0 2 2 1 2 0 1 2 2 1 1 2 1 1 1 2 1 2
 0 1 0 1 0 1 0 0 2 1 2 0 2 2 2 1 2 2 2 0 2 2 0 0 1 0 1 0 2 0 2 0 0 0 0 1 2
 0 2 0 2 0 0 2 0 2 0 0 1 0 0 0 2 1 2 0 2 2 1 0 1 0 2 1 2 2 1 0 1 2 2 1 0 1
 0 2 2 0 2 2 0 0 1 0 0 1 2 0]

========== Cluster 1 ==========

Labels: [2 0 0 0 0 2 0 2 2 2 0 0 0 2 0 2 2 2 0 0 2 1 2 0 2 2 0 0 0 0 0 0 0 2 0 0 0
 2 0 0 0 2 0 0 2 0 0 0 2 2 0 0 0 2 2 1 0 1 0 0 2 2 0 0 0 0 0 0 0 0 2 0 0 0
 0 2 2 0 0 0 0 0 0 0 2 0 2 0 2 2 2 0 2 1 2 2 2 0 2 0 0 2 0 2 0 0 2 1 2 1 0
 0 0 2 0 2 0 0 0 2 0 2 1 0 0 0 2 2 1 2 2 0 0 2 2 2 1 2 2 2 0 2 1 0 2 2 2 0
 0 2 1 0 0 0 0 0 0 0 2 1 0 1 0 2 2 0 2 1 2 0 0 0 0 0 2 0 0 2 2 2 0 2 0 1 2
 0 2 0 0 0 1 2 0 0 2 0 2 1 2 2 0 0 2 0 0 0 2 1 0 2 1 0 0 2 0 1 2 0 2 1 1 2
 0 2 0 0 0 2 2 2 1 2 2 2 0 0 0 2 0 0 0 2 0 0 2 1 2 0 0 2 2 0 1 0 2 0 2 0 0
 0 0 2 1 1 0 2 0 0 0 0 0 2 0 1 0 2 0 2 0 0 0 0 0 2 0 2 2 1 0 0 0 0 0 2 0 0
 0 0 0 2 0 1 1 2 2 2 2 0 2 0 2 0 0 0 1 0 0 0 2 0 2 0 2 2 2 0 0 2 0 0 2 0 2
 0 1 1 2 0 0 2 2 2 2 2 2 2 2 2 0 0 0 0 0 0 0 0 0 0 0 0 0 0 2 0 2 2 0 2 0 1
 1 0 2 0 0 0 0 0 0 0 0 0 0 1 1 2 2 0 2 0 2 0 2 1 0 0 0 0 0 0 0 0 2 2 0 0 2
 1 1 2 0 0 2 1 0 0 1 2 0 1 0 2 0 2 0 0 2 1 0 2 0 0 0 1 2 0 0 0 0 0 2 2 2 2
 1 2 0 2 0 1 0 0 2 0 0 2 0 2 0 2 0 1 0 0 2 2 0 0 0 0 2 0 0 2 2 2 0 0 2 0 0
 0 0 2 0 0 1 0 0 0 2 1 0 2 0 2 1 2 0 0 0 0 2 2 0 1 1 2 0 2 1 2 0 0 2 2 2 0
 2 2 0 2 2 0 0 2 0 0 2 1 0 2 2 1 1 2 2 1 2 1 2 1 0 0 1 2 2 0 0 2 0 1 0 2 0
 2 0 1 0 0 0 0 0 0 0 0 1 0 0 0 2 1 1 2 0 2 0 2 0 0 2 1 2 2 0 0 0 2 0 0 2 1
 2 2 0 2 2 0 0 0 2 2 0 0 2 1 0 0 2]

