============== Classifiers Parameters ==============
{'svm': [{'cost': np.float64(874.2495517846778), 'gamma': np.float64(2.745492480865921)}, {'cost': np.float64(912.2946055730932), 'gamma': np.float64(58.72622932527531)}, {'cost': np.float64(396.1902698095289), 'gamma': np.float64(969.5688964051744)}, {'cost': np.float64(588.7225527724581), 'gamma': np.float64(549.8419522701059)}, {'cost': np.float64(61.18237925024472), 'gamma': np.float64(359.28875017502247)}], 'extra_tree': [{'n_estimators': 178, 'max_depth': 5, 'min_samples_split': 9, 'min_samples_leaf': 8}, {'n_estimators': 297, 'max_depth': 5, 'min_samples_split': 6, 'min_samples_leaf': 6}, {'n_estimators': 448, 'max_depth': 1, 'min_samples_split': 8, 'min_samples_leaf': 4}, {'n_estimators': 435, 'max_depth': 4, 'min_samples_split': 6, 'min_samples_leaf': 7}, {'n_estimators': 298, 'max_depth': 2, 'min_samples_split': 9, 'min_samples_leaf': 3}], 'grad_boost': [{'n_estimators': 26, 'max_depth': 5, 'min_samples_split': 6, 'min_samples_leaf': 9, 'learning_rate': np.float64(0.521543605140282)}, {'n_estimators': 345, 'max_depth': 6, 'min_samples_split': 3, 'min_samples_leaf': 9, 'learning_rate': np.float64(0.22593489300337133)}, {'n_estimators': 262, 'max_depth': 10, 'min_samples_split': 10, 'min_samples_leaf': 5, 'learning_rate': np.float64(0.41729741442340673)}, {'n_estimators': 251, 'max_depth': 7, 'min_samples_split': 5, 'min_samples_leaf': 3, 'learning_rate': np.float64(0.5330922523006056)}, {'n_estimators': 367, 'max_depth': 8, 'min_samples_split': 8, 'min_samples_leaf': 2, 'learning_rate': np.float64(0.5854684841226783)}]}

Optimal clusterer: kmeans

External clustering metrics:
adjusted_rand_score: 0.0038519753943493345
normalized_mutual_info_score: 0.01950707691060589
v_measure_score: 0.01950707691060589
fowlkes_mallows_score: 0.3861761366947753

Internal clustering metrics:
silhouette: 0.32514513450134624
davies_bouldin: 1.2571337336894473
calinski_harabasz_score: 280.20424870594167

Base classifier: gb
========== Cluster 0 ==========

Labels: [0 0 2 1 0 2 2 0 0 1 2 2 0 1 0 0 0 1 0 2 0 1 0 1 2 0 0 2 0 0 0 0 0 0 1 0 0
 1 0 2 2 1 0 0 1 2 0 0 0 1 0 0 1 2 1 1 2 1 0 2 2 2 1 0 2 2 2 0 0 2 2 2 0 1
 0 2 0 0 2 2 2 0 0 0 1 0 2 1 1 2 2 0 0 2 2 2 0 2 2 0 0 0 0 2 0 2 1 2 1 0 0
 2 0 1 2 0 2 1 0 2 2 0 2 0 0 1 0 1 2 0 0 0 0 2 0 1 2 0 2 0 0 1 0 0 1 0 2 1
 0 0 0 1 2 1 1 1 2 0 2 0 0 0 2 0 0 0 2 0 1 0 2 0 1 2 2 0 0 0 2 0 1 2 0 0 2
 0 0 0 0 0 1 2 1 0 1 0 2 0 0 0 2 2 1 1 1 2 2 0 1 0 0 0 0 1 2 2 0 0 0 2 0 0
 1 1 0 1 2 0 0 0 1 2 0 1 2 0 0 0 1 2 1 1 0 1 1 0]

========== Cluster 1 ==========

Labels: [1 0 1 0 1 0 1 2 1 0 0 2 0 0 1 0 0 0 2 2 1 0 2 1 1 0 0 0 1 2 0 1 1 2 2 1 2
 2 0 0 2 2 1 1 1 1 1 1 0 0 0 2 0 0 0 0 1 1 0 2 2 1 1 0 1 1 1 2 1 2 1 1 0 1
 0 2 0 2 1 0 0 2 0 1 2 0 1 0 0 1 2 2 0 1 0 0 1 1 1 0 2 0 1 1 1 2 0 2 1 2 2
 0 2 2 0 0 2 2 2 2 0 1 1 2 2 1 0 0 1 2 2 1 2 1 2 0 1 0 1 2 1 2 1 2 2 1 2 2
 2 1 2 0 1 0 2 0 0 2 2 1 1 1 1 1 0 2 0 1 2 2 1 1 1 2 2 2 2 0 0 0 2 1 0 2 2
 1 0 2 1 0 1 1 1 0]

========== Cluster 2 ==========

Labels: [2 0 0 2 2 2 2 1 0 0 2 2 2 2 2 1 2 0 0 0 0 2 0 0 2 2 0 0 2 0 0 2 0 0 0 2 2
 0 0 0 0 1 0 0 2 0 0 0 0 0 0 0 0 2 0 2 0 2 0 2 2 2 1 0 2 2 0 1 2 0 0 0 2 2
 1 2 1 0 0 0 2 0 2 0 1 1 2 2 1 0 0 2 2 1 2 2 2 2 2 2 0 0 2 0 2 2 2 0 2 0 0
 0 2 1 0 0 2 1 2 2 1 0 0 0 2 0 2 2 2 0 0 1 2 0 0 2 0 0 0 2 2 1 2 2 2 0 2 2
 1 1 2 1 0 2 1 1 1 2 0 2 2 0 2 2 1 2 2 0 0 0 2 2 1 2 0 0 1 0 2 0 0 0 1 0 2
 0 0 2 1 0 0 0 0 0 0 2 0 0 0 2 0 0 0 2 0 1 2 2 2 0 2 0 2 0 1 0 0 2 2 0 2 0
 2 0 0 0 2 1 2 0 2 0 0 0 2 2 2 0 0 0 0 0 0 0 0 2 0 2 2 2 0 2 2 0 0 1 0 1 2
 1 0 0 0 2 1 0 2 2 2 0 1 0 2 2 0 1 0 0 0 1 1 0 2 1 0 2 0 2 0 2 0 2 0 2 0 1
 0 2 2 0 2 0 1 2 0 0 0 0 0 0 0 0 2 2 2 0 0 0 0 0 0 2 2 2 2 0 2 0 0 0 1 2 1
 2 2 0 2 2 0 0 2 0 0 1 0 2 0 2 2 0 2 0 1 0 0 2 2 0 0 2 2 2 2 2 2 0 0 2 2 0
 2 2 0 0 2 0 0 0 1 0 1 0 0 0 0 2 2 2 1 2 0 0 0 1 1 2 1 0 2 0 2 2 0 2 2 0 0
 2 0 2 2 2 2 2 2 2 2 0]

========== Cluster 3 ==========

Labels: [1 1 0 2 1 0 0 0 0 1 0 1 2 0 0 0 1 1 0 1 2 0 2 1 1 1 2 2 1 1 0 0 0 0 0 2 1
 0 1 1 2 1 1 2 2 1 2 2 2 2 1 2 0 2 1 0 0 0 2 0 1 1 0 0 2 1 1 0 1 2 1 2 2 2
 1 2 1 0 2 0 2 1 2 2 1 2 0 0 2 1 1 2 1 1 2 2 2 0 2 0 0 2 2 1 0 1 0 1 0 0 1
 2 0 2 0 0 2 1 1 0 1 0 0 1 0 0 1 2 1 1 2 2 1 2 0 1 1 1 0 1 1 1 2 1 0 1 0 1
 2 2 0 2 1 1 2 2 0 0 2 1 0 1 2 0 2 0 0 2 2 2 1 0 2 0 2 0 2 1 0 2 1 1 2 2 1
 2 2 0 0 0 0 2 1 2 0 0 1 2 1 0 0 0 1 1 0 0 0 0 2 0 0 0 1 2 0 2 1 2 0 0 0 0
 2 1 2 0 0 1 2 2 0 1 2 2 2 0 2 2 0 0 2 0 1 0 2 2 1 2 0 1 2 0 2 0 0 1 2 2 1
 2 2 0 2 0 1 1 2 1 0 1 0 2 1 1 0 0 2 1 2 1 2 2 2 2 0 0 1 2 2 1 2 2 2 1 0 1
 1 0 2 0 1 1 1 1 1 2 2 2 2 2 0 2 0 0 2 0 2 2 2 0 1 2 0 2 1 1 1 1 1 1 1 1 0
 2 2 2 1 1 2 1 2 2 2 0 1 0 1 0 1 0 1 2 0 1 0 1 2 0 0 0 0 2 1 0 2 2 2 2 2 1
 2 2 0 0 0 0 2 0]

========== Cluster 4 ==========

Labels: [0 0 0 2 0 2 0 0 2 0 0 0 0 2 2 0 0 0 0 0 1 0 0 2 0 0 0 0 0 0 2 0 0 2 2 0 2
 0 0 2 1 0 0 2 0 2 2 0 0 2 0 2 0 0 0 0 0 0 0 0 0 1 0 0 2 1 0 0 0 0 0 2 0 0
 0 0 0 0 1 0 0 2 1 2 0 2 0 0 0 0]

