Clustering algorithm selected: fcm
=====================================

Clustering evaluation metric: dbc_ss
Clustering evaluation value: 0.4036251775219772

========== Cluster 0 ==========

Base classifier: GaussianNB()

Selected Features: [210 205 200 220 206   3 212   6 141 114   5 155  32  52  14 107   8  31
 126 214 121  33  34 130  67 190   4 138 120 147  83  12 181 219   7  95
 164 139  80 197  55 167 184  30 109  21 150 169 137 221 189 102  18 158
  16  98  47 191  75  37 178 192 208 156 112   2  22  85  41  87  56  61
  65  74 157 180 177 203  20 172  76  68  69  24  70  71  72  73  23  19
  17  44  66  78  15  79  13  81  11  82  10  84   9  86   1  77  25  45
  26  43  46  42  48  49  50  40  51  89  39  38  36  53  54  35  57  29
  58  59  60  28  27  62  63  64  88 224  90 151 183 182 179 176 175 174
 173 171 170 168 166 165 163 162 161 160 159 154 153 185 186]

Labels: [0 1 0 0 1 1]

========== Cluster 1 ==========

Base classifier: GaussianNB()

Selected Features: [ 71 193   0   3 224  97 160 216  96  40 208 118 135  44  15 210  76 134
 155  52 106  18 221 176 165  98  83 169 184 213 114 202  88 153 220 177
 163  32   1 140  62 128 185  42 179  46  51  78 162  50  63 174  68  13
 111   7 123  16 211  10 200 173  87  23   5  95 207  27 182  66 144  36
 190  39  19   4 145  91  48  89 215 166 141 136  12 120  21  11  24 157
  33  56 129   8 189  99  14 209 101  80  25  65  69  70  67  75  77]

Labels: [0 0 0 0 0 1 0 0 1 0 0 0 0 0 0 1 0 0 0 1 0 0 0 0 1 0 0 0 1 0 0 0 1 0 0 1 0
 0 1 0 0 0 0 0 0 0 0 0 1 1 0 0 0 0 1 0 0 0 0 0 0 1 0 0 0 0 1 0 1 0 0 0 0 0
 0 0 0 0 0 0 1 1 0 1 1 0 0 1 1 1 0 0 0 0 0 0 1 1 0 0 1 0 0 0 1 0 0 0 1 1 0
 1 0 0 0 1 0 0 0 0 1 0 0 0 0 0 1 1 0 1 0 0 0 0 1 0 1 0 0 1 0 0 0 0 0 0 0 1
 0 0 1 0 1 0 0 0 1 0 0 0 0 0 1 0 0 0 0 0 0 0 0 0 0 0 0 1 0 0 0 1 0 0 0 0 0
 0 1 0 0 0 0 0 0 0 0 1 0 0 1 1 0 0 0 1 1 1 0 0 0 1 1 1 0 0 0 0 0 1 0 0 0 0
 0 0 0 0 0 0 0 0 0 0 0 1 0 1 0 0 0 0 0 0 0 0 0 0 0 0 0 0 1 1 0 0 0 1 1 0 1
 1 0 1 0 0 0 0 1 0 0 0 1 0 0 1 1 0 1 0 0 0 0 0 0 0 0 0 0 1 1 0 1 0 0 1 0 0
 0 0 0 0 1 0 0 0 1 0 0 0 0 0 0 0 0 0 0 0 0 0 0 0 0 1 0 0 0 0 0 1 0 0 0 0 0
 1 0 0 0 0 0 0 0 1 1 0 1 0 1 0 0 0 0 0 0 0 0 1 1 0 0 1 1 0 0 0 0 0 0 0 1 0
 0 0 0 0 0 0 1 1 0 1 0 0 1 0 0 0 0 0 0 0 0 1 0 0 0 0 0 0 0 0 0 0 1 0]

========== Cluster 2 ==========

Base classifier: GaussianNB()

Selected Features: [  3  92 209  60 211 158 167  35 139 146 103 127 166  36 129  91 102 186
  30 160  85 142 132 125 134  48 126 215 170 177  18  73 140   0 216 100
 200  42 151  24 112  81 196  38  25 145  65   7 159  68  79  54  74  10
 154 138  89 198  80 104 223  77  56 192 210 128 130  69  94 171  20  12
 165 187  64 207 201 173 191 109 206  21 153 150 219  95 199 183  58 111
 141 118  14 156 212 152   4 182  34 217  28  90 214 172 133  32  70 155
 194  37  26 174  39  40  41 136  43  44  45  46  47  49  50  51  52  53
  55]

Labels: [1 0 0 0 0 0 0 0 1 0 1 1 1 1 0 0 0 0 0 0 0 0 1 1 1 0 1 0 0 1 0 0 1 0 0 0 0
 0 1 0 0 0 1 1 0 1 0 0 0 0 1 1 1 0 0 0 0 0 0 1 1 0 0 1 1 0 0 0 1 1 1 1 0 0
 0 1 0 0 1 0 1 0 0 1 1 0 0 0 0 1 1 0 1 0 0 0 0 0 0 0 0 0 0 1 0 1 1 0 1 1 0
 1 0 0 1 0 0 1 0 1 1 0 0 0 1 0 0 0 0 0 0 0 0 0 0 0 0 1 0 0 0 0 0 0 0 0 0 0
 1 0 0 1 0 1 0 0 0 1 1 0 1 1 0 0 0 0 0 1 1 1 0 0 0 1 0 0 1 0 1 1 0 0 0 1 0
 1 0 0 1 0 0 0 1 0 0 1 0 1 0 1 0 0 0 0 0 0 0 0 1 0 0 0 1 0 0 1 1 1 0 0 1 1
 0 0 0 0 0 0 1 0 0 0 0 0 1 0 1 0 0 0 0 1 0 1 0 0 0 0 1 1 1 1 0 0 0 1 0 0 0
 0 1 1 0 1 0 0 0 0 0 0 1 1 0 0 1 0 0 1 1 1 1 1 0 1 0 1 0 1 1 1 0 0 0 1 1 1
 0 0 0 1 0 0 1 0 1 1 1 0 1 0 0 0 1 0 1 1 0 0 0 1 0 1 0 1 1 0 1 0 0 0 0 1 0
 0 1 0 0 0 0 0 0 1 0 0 0 0 1 0 1 0 0 0 1 1 0 0 0 1 0 0 1 0 0 0 0 0 1 0 0 0
 1 0 1 1 0 1 1 1 0 1 1 1 0 0 0 0 0 0 1 0 0 0 0 0 1 0 0 1 0 0 1 0 1 0 1 0 0
 0 0 1 1 1 0 0 0 1 0 0 0 0 0 1 0 0 0 1 1 0 1 0 0 0 0 0 0 0 0 0 0 0 0 0 0 0
 1 0 1 0 1 0 0 0 0 1 1 0 0 1 1 1 0 0 0 1 0 1 0 1 0 0 1 1 0 1 0 1 1 0 0 1 1
 0 1 0 1 1 1 0 1 0]

