Clustering algorithm selected: kmeans
=====================================

Clustering evaluation metric: silhouette
Clustering evaluation value: 0.3655319430893968

========== Cluster 0 ==========

Base classifier: SVC(probability=True)

Minority Class: 0

Selected Features: [ 0 24 21 23  3  1  4  8  2 14 22 28 27 11]

Labels: [1 1 0 0 0 0 1 0 1 1 1 0 0 1 1 0 0 0 1 1 0 0 0 0 1 1 1 0 1 0 0 0 1 1 0 0 1
 1 0 0 0 1 1 0 0 1 1 0 0 1 0 0 1 0 1 1 1 0 1 0 0 1 0 1 0 1 1 1 0 1 1 0 1 1
 1 1 1 1 1 0 1 0 0 1 1 1 1 0 1 0 0 1 1 0 0 0 1 0 1 0 0 1 0 0 0 1 1 1 0 1 0
 1 1 1 1 0 0 1 1 1 0 1 0 0 1 1 0 0 0 1 1 1 1 1 1 1 0 0 0 0 0 0 0 1 0 1 1 0
 1 1 1 0 0 1 0 0 1 0 0 0 1 1 0 1 0 0 1 0 0 0 1 1 0 1 1 1 1 0 1 0 0 1 1 0 0
 1 0 0 1 1 0 1 1 1 0 1 0 0 0 1 1 1 0 1 1 1 0 1 1 0 0 1 0 1 0 1 0 0 1 1 1 1
 1 0 1 0 1 0 0 1 0 1 0 0 1 1 0 0 0 1 1 1 1 0 0 0 1 1 0 0 1 0 1 0 1 0 1 0 1
 1 0 1 0 0 1 1 0 0 1 1 0 0 1 0 0 0 0 0 1 0 1 0 1 0 0 1 0 1 1 0 1 1 1 0 1 1
 1 0 1 0 0 1 1 0 0 0 1 1 0 1 1 0 1 0 0 1 0 1 1 0 1 1 1 0 0 0 1 1 0 1 0 1 0
 1 0 0 1 1 0 0 1 0 0 1 0 0 0 1 0 0 1 0 0 1 0 0 1 1 1 1 0 0 1 0 1 1 0 0 0 0
 0 0 0 0 0 0 1 1 0 1 1 1 1 1 0 0 1 1 0 1 1 0 1 0 0 0 1 1 0 1 0 0 1 1 0 1 0
 0 1 1 0 0 0 1 1 0 0 1 1 1 0 1 0 0 1 0 1 1 0 1 1 1 0 1 1 1 1 1 0 1 1 0 1 1
 0 0 1 0 0 0 0 1 0 1 1 0 0 1 1 0 1 0 0 1 1 1 0 0 1 0 1 1 1 1 0 0 0 0 0 0 0
 0 0 1 0 0 1 1 1 1 1 0 0 1 1 1 0 1 0 0 0 0 1 1 0 1 1 1 1 1 1 1 0 1 0 1 1 0
 1 1 0 1 0 0 0 0 0 0 0 0 0 1 0 0 0 0 0 1 1 0 1 1 1 1 0 0 0 0 0 1 1 0 0 0 0
 0 1 1 0 0 0 1 0 0 0 1 0 1 0 0 1 0 0 0 0 1 1 1 1 1 0 0 1 0 1 0 1 1 0 1 1 1
 0 1 1 0 1 0 0 0 1 1 0 1 1 1 0 1 1 0 0 0 1 1 0 1 0 1 1 0 1 1 0 0]

Synthetic samples indexes: [  0   1   6   8   9  10  13  14  24  25  26  28  32  36  37  41  42  45
  46  49  52  54  55  56  58  61  63  65  66  67  69  70  72  73  74  75
  76  77  78  80  83  85  86  88  91  92  96  98 101 105 106 107 111 112
 113 114 117 118 119 121 124 125 129 130 131 132 133 134 135 145 146 148
 149 150 153 156 160 161 163 166 170 171 173 174 175 176 178 181 182 185
 188 189 191 192 195 199 200 201 203 204 205 207 208 211 213 215 218 219
 220 221 222 226 229 231 234 235 239 240 242 246 247 250 252 254 256 258
 259 261 264 265 268 269 272 278 280 282 287 288 290 291 292 294 295 296
 298 301 302 307 309 310 312 315 317 318 320 321 322 326 327 329 333 336
 337 340 347 350 353 356 357 358 359 362 364 365 376 377 379 380 381 382
 383 386 387 389 390 396 397 399 402 403 405 408 409 413 414 418 419 421
 424 426 427 429 430 431 433 435 436 437 439 440 442 443 446 451 453 454
 457 458 460 463 464 465 468 470 471 472 473 483 486 487 488 489 490 494
 495 497 502 503 506 508 510 511 516 518 521 531 537 538 540 541 542 543
 549 550 556 557 561 565 567 570 575 576 577 578 579 582 584 586 587 589
 591 593 594 596 600 603 607 608 612 613 615 617 618 620 621]

========== Cluster 1 ==========

Base classifier: SVC(probability=True)

Minority Class: 0

Selected Features: [24 21 23 22  3  1  4 20 16 28  2  0  8 10 19 17  6]

Labels: [0 1 1 0 1 0 1 0 1 0 0 1 0 0 0 1 0 1 0 1 1 0 1 1 0 1 0 0 0 0 0 0 0 0 1 1 1
 1 0 0 0 0 1 0 1 0 0 1 1 0 1 0 1 0 0 1 1 0 0 1 1 1 1 0 0 1 0 0 1 1 0 0 1 1
 1 0 1 0 1 1 1 0 0 1 0 1 1 1 0 1 0 0 0 1 1 0 0 1 0 1 0 1 1 0 1 0 1 0 1 1 1
 1 1 1 1 0 1 0 0 1 0 0 0 1 1 1 1 1 1 1 0 0 1 1 0 0 0 1 1 0 0 1 1 0 0 0 1 1
 1 1 0 0 0 0 1 0 1 0 1 0 1 1 0 1 1 0 1 0 1 0 1 1 0 1 1 0 0 1 0 0 0 1 0 0 0
 1 1 1 0 1 1 1 1 1 1 0 0 1 1 0 1 0 0 1 0 0 0 0 0 1 0 1 0 0 0 1 1 1 1 1 1 1
 0 0 0 0 0 0 1 1 0 0 0 0 0 1 1 0 1 1 1 0 1 0 1 1 0 0 1 1 1 1 0 1 0 1 0 1 1
 1 1 0 1 0 1 0 1 1 1 0 1 0 0 0 1 1 1 0 0 0 0 1 1 0 0 0 0 0 0 1 0 0 0 0 1 0
 1 1 0 0 0 1 0 1 0 0 0 1 1 0 1 0 0 1 0 0 1 1 0 1 1 0 0 1 0 1 1 1]

Synthetic samples indexes: [  3   5   7   9  10  12  13  14  16  18  21  24  26  28  29  30  31  32
  33  38  39  40  41  43  45  46  49  51  53  54  57  58  63  64  66  67
  70  71  75  77  81  82  84  88  90  91  92  95  96  98 100 103 105 107
 115 117 118 121 122 130 131 134 135 136 139 140 143 144 145 150 151 152
 153 155 157 159 162 167 169 172 175 176 178 179 180 182 183 184 195 196
 199 201 202 204 205 206 207 208 210 212 214 222 224 225 226 227 230 231
 232 233 234 237 241 243 246 247 252 254 256 261 263 265 269 271 272 273
 277 278 279 280 283 284 285 286 287 288 290 291 292 293 298 300 302 304
 305 306 309 311 312 314 315 318 321 322 324]

