Clustering algorithm selected: kmeans++
=====================================

Clustering evaluation metric: dbc
Clustering evaluation value: 0.44520743024180703

========== Cluster 0 ==========

Base classifier: GradientBoostingClassifier()

Selected Features: [32 37 15 34 18 31  2 10 24 25  5 17  1  6  0  3  8 20 29 21 30 23 11 22
 13 16 35 14 12  9]

Labels: [0 0 1 0 1 0 1 1 1 1 1 1 1 0 0 1 0 0 0 1 1 0 0 1 1 0 1 1 1 1 1 0 1 1 0 1 0
 1 1 1 0 1 1 1 1 1 0 0 0 1 0 0 1 1 1 1 0 1 1 1 1 1 1 1 0 1 0 1 1 1 0 1 1 0
 0 1 1 1 1 0 1 1 1 0 0 1 1 1 1 0 0 1 0 0 1 1 1 0 1 1 1 1 1 1 0 0 1 0 1 1 1
 1 1 1 1 1 1 0 1 1 1 0 1 0 1 0 1 0 1 1 1 0 1 1 1 0 1 1 0 1 1 1 1 1 1 1 1 1
 0 1 1 1 1 0 1 1 1 1 0 1 0 1 1 1 0 1 0 1 1 1 0 0 1 0 1 1 1 1 1 0 1 1 1 0 1
 0 1 1 1 1 1 0 1 1 1 1 0 0 1 1 1 0 0 1 1 0 1 1 1 0 1 1 1 1 1 1 0 1 1 1 1 1
 0 1 0 1 1 1 0 0 1 1 0 1 0 0 1 1 1 1 0 1 1 1 1 1 1 1 0 0 1 0 1 0 1 1 1 0 1
 1 1 0 1 1 1 1 1 1 1 1 1 0 1 0 1 1 1 1 1 1 1 0 0 1 1 1 1 1 1 1 0 1 0 1 1 1
 0 1 1 1 1 1 0 1 1 1 1 1 1 1 0 1 1 1]

========== Cluster 1 ==========

Base classifier: RandomForestClassifier()

Selected Features: [27 26 22 37 35 21 31 30  3 16 34 24  8 32  0 23 10  1  2 33  4  5  6  7
 29  9 11 25]

Labels: [0 0 0 0 0 0 0 0 1 0 0 1 0 0 0 0 0 1 0 0 0 0 1 0 0 1 0 1 1 0 0 1 0 0 0 0 0
 0 0 1 0 0 0 0 1 0 0 0 0 1 0 0 1 0 1 1 1 0 0 0 0 1 0 1 0 0 0 1 0 1 0 0 0 0
 0 0 0 1 0 1 0 0 0]

========== Cluster 2 ==========

Base classifier: LogisticRegression()

Selected Features: [32 20 33 34 24 18 23 16  5  0 11  1 36  7 14 28 30 25  2 10 31 35  6  9
  4]

Labels: [0 0 0 0 0 0 0 0 0 0 0 0 0 0 0 0 1 0 0 1 0 0 0 0 0 0 0 0 0 1 0 0 0 0 0 0 0
 0 0 0 0 1 0 0 1 0 0 0 1 0 0 0 0 0 0 0 0 1 0 0 0 0 1 0 0 1 0 0 0 0 0 0 1 0
 0 0 0 0 1 0 0 0 0 0 0 0 0 0 0 0 0 0 0 0 0 0 0 0 0 0 0 0 0 0 0 1 0 0 0 0 0
 0 0 1 0 0 0 0 0 0 1 0 0 0 0 0 0 0 0 0 0 1 0 0 0 0 0 0 1 1 0 0 0 0 0 0 0 0
 0 1 1 0 0 0 0 0 0 0 0 0 1 1 0 0 1 0 0 0 0 0 0 0 1 0 0 1 0 0 0 0 1 0 1 0 0
 0 0 0 0 0 0 0 0 0 1 0 0 0 0 0 0 0 0 0 1 0 0 0 0 0 0 1 0 0 0 1 0 0 0 0 0 0
 0 0]

