Clustering algorithm selected: kmeans++
=====================================

Clustering evaluation metric: dbc
Clustering evaluation value: 0.4534178426195919

========== Cluster 0 ==========

Base classifier: RandomForestClassifier()

Selected Features: [32 37 34 33 22 11 31  6 29  3 17 36 30 12 13 16 20 14 19  5 35 24 18 21
 23 28 27 26 25 15  8  9 10]

Labels: [1 0 1 1 0 0 0 0 1 0 0 0 0 0 0 0 0 1 0 1 0 0 0 0 0 1 1 0 0 0 0 0 0 1 0 0 0
 0 0 0 1 0 0 1 1 0 0 0 0 0 0 1 1 0 1 0 0 0 1 0 0 0 0 0 0 0 0 0 0 0 0 1 0 0
 0 0 0 1 0 0 0 1 0 0 1 1 0 0 0 1 1 0 0 0 1 0 0 1 1 0 1 0 0 0 0 0 1 1 0 0 1
 0 0 0 1 0 0 0 0 0 0 0 0 1 0 0 1 1 1 0 0 0 1 0 0 0 1 0]

========== Cluster 1 ==========

Base classifier: GradientBoostingClassifier()

Selected Features: [32 34 33 37 31  1 18 25  6 14 23 36 30  9 12  3 17  0 29 26 28 35 16 19
 21 20 22 24 27 15  8 10 11]

Labels: [1 0 1 1 1 0 1 0 1 1 0 0 0 1 0 0 0 0 0 0 1 0 1 0 0 0 0 0 0 1 1 0 1 1 1 1 1
 1 0 0 1 1 1 1 0 0 1 1 0 0 1 0 0 1 1 1 0 1 1 1 1 0 0 0 1 0 0 0 1 1 0 0 0 1
 1 0 0 1 1 0 0 0 1 1 1 0 1 1 0 0 0 1 0 1 1 0 0 1 0 1 0 1 1 0 1 1 0 0 0 0 0
 1 0 0 1 1 1 1 0 1 1 0 1 1 1 1 0 1 0 0 1 0 0 0 1 1 0 1 1 1 0 0 1 1 0 1 1 0
 0 1 0 1 1 0 0 0 1 1 1 1 0 0 1 0 0 0 0 1 0 1 1 1 0 0 0 0 1 1 1 1 1 0 1 0 0
 1 0 1 0 1 1 1 0 1 0 1 1 1 0 1 0 1 1 1 0 1 0 1 0 1 1 0 1 0 1 0 1 1 0 1 1 0
 1 0 1 1 0 1 1 1 0 1 1 1 0 1 1 1 1 0 0 1 1 0 0 0 1 0 0 0 1 1 0 0 1 0 0 0 1
 1 0 1 0 0 0 1 0 0 1 0 0 1 0 0 1 1 1 0 1 1 0 0 1 0 1 1 1 0 0 1 1 0 1 0 1 1
 1 1 1 1 1 1 1 1 1 1 1 1 1 1 1 1 1 1 0 0 0 0 0 0 0 1 0 0 0 1 0 0 0 1 1 1 0
 1 1 0 0 0 1 1 1 1 1 1 1 1 1 1 0 0 1 0 1 0 0 1 1 1 1 1 1 0 0 0 1 1 1 0 0 1
 1 0 0 1 0 1 0 1 1 1 0 1 1 1 1 0 1 1 1 0 1 0 1 1 1 0 0 1 0 1 1]

========== Cluster 2 ==========

Base classifier: KNeighborsClassifier()

Selected Features: [23 17  2 37 31 20  9 21 33 35  4 18  7  1 27 26 12 22 10 32  5 30]

Labels: [0 0 0 0 0 1 0 0 0 0 0 0 0 0 0 0 0 1 0 0 0 0 1 0 0 1 0 0 0 0 1 0 0 0 1 0 0
 1 0 1 1 0 0 1 0 0 0 0 0 0 0 1 0 0 0 0 1 0 1 1 1 0 0 0 0 0 0 0 1 0 1 0 0 0
 0 0 0 0 1 0 0 0]

