Clustering algorithm selected: fcm
=====================================

Clustering evaluation metric: dbc
Clustering evaluation value: 0.49137151302317744

========== Cluster 0 ==========

Base classifier: SVC(probability=True)

Minority Class: 1

Selected Features: [ 89   1 173 216 114 209   8  16 224 164  99 145 135   5 197  73 205 143
  80 110 204   4   9  46 199 153   0 125  77 214  32 217  15  57 200  10
 141 187  51   6  28  65 201 142 140 113  64 133   3 117  52  78 129 144
 223  82  98 171 132 122  38 146 106 195 188 215 220  25 161 191 177  93
  39 124  27  61  69 184  43 108  70 167 178 180  75  17 105 193 186 131
 212  56 160  44 189 202  97  95  26  20 166 219 127 151  35  87  47 120
 222  92 102  24  88 136 107  14 162 101  45 185  53 137 139  40  41  49
 155 126 152 208 203 206 210 221 218 211 213 207 154 157 156 150 147 165
 163 168 169 176 179 183 190 182 181 175 174 170 172 196 198 194 192 128
 130 134 138 148 149 159 158  91  90  94  86  84  79  74  72 112]

Labels: [1 0 1 1 1 1 1 0 0 0 1 0 0 0 0 0 1 0 1 1 0 1 1 0 0 0 0 1 1 1 0 1 1 0 1 0 1
 0 1 0 1 1 0 0 0 1 1 0 1 0 1 0 0 0 0 0 1 0 0 0 0 1 1 0 0 0 1 1 0 1 1 1 1 0
 1 1 0 0 1 0 1 1 1 1 1 0 0 1 0 1 1 0 0 0 1 0 1 1]

Synthetic samples indexes: [ 3  4  5  6 18 19 21 22 27 31 32 34 40 48 50 62 69 70 71 72 74 83 84 89
 90 97]

========== Cluster 1 ==========

Base classifier: SVC(probability=True)

Minority Class: 1

Selected Features: [  0 144 113 140  19 143 216 214 210 137  39 220 219 145  25 101   3 136
  34 141 224 161   8 205 152 204  11 221  98 135  70 180  84 173 215 138
  82 154 186 193   5  90 130 149  93  77  20  68 146  75 212 218 202   2
 125 176 200  23 142  95  79  13 133 158 156  94 192  35 148 120  62  81
  41   1 194 172 171 147  66  71 209 153 100 151  53 175 203   4  49 150
 206  14  61  16 211  28 123  10  40 111  15  89  26 179 174  69 112 104
 217 166 198 103  57 201  46 195  45 119  37 106  27 110 177 185 117  12
  80 189 109   7 196  73  38 223 213 159 157 155 169 165 167 164 163 184
 191 178 183 182 181 188 190 187 170 168 160 162 222 208 207 197 199 128
 129 131 132 134 139  76  78  85  88  92  91  87  86  74  83 115 114 118]

Labels: [1 1 0 1 0 0 1 0 1 1 0 1 1 0 1 1 1 1 1 1 1 1 1 0 1 1 0 1 0 0 0 1 0 1 1 1 0
 0 0 1 1 1 0 0 1 0 0 1 0 0 1 1 1 0 0 0 0 0 1 1 1 0 1 0 1 0 0 0 0 0 0 1 0 1
 0 0 1 1 1 0 1 1 0 0 0 0 1 1 0 0 0 1 1 1 0 1 1 0 0 1 1 1 1 1 0 0 0 0 1 0 0
 0 1 0 0 1 0 1 0 0 1 1 0 1 0 1 0 0 0 1 1 1 1 1 1 0 0 0 1 0 0 0 1 0 0 1 0 0
 1 1]

Synthetic samples indexes: [  0   1   6   8  11  12  14  15  16  18  19  21  22  24  25  27  33  34
  35  39  40  41  44  50  51  58  59  64  73  76  77  78  80  86  87  91
  92  93  95  99 101 102 103 112 115 121 125 129 131 132 133 138 142 148
 149]

========== Cluster 2 ==========

Base classifier: SVC(probability=True)

Minority Class: 1

Selected Features: [  3  40 157 198 200 156  83 215  48  20  92   8  29 123  81  77  21  18
 168  38 143 176  37   1 211   6 151 100 221   5 219  47 166 167 141 126
 196  54 142 205 135 154 181 216  82 182  89  97  57 111  64 175 145 137
 204  30  15 218 183  33  88   0 190 155 209 138 160 203 136 179  23 144
 172 124 206 113 147 210 131  12 104 164  46 171 185 121  51 158  43  16
 224  13  32  52 192   2 207  36  35 189  44 159 130 118  39  34 149 186
  25 103  49 152  80 202 214  69 133 134 139 140 132 128 129 201 199 197
 195 194 193 208 212 223 213 220 222 217 146 153 150 148 173 165 163 162
 161 169 177 180 178 188 191 187 184 174 170 115 114 112 108 119 116  65
  66  67  68  71  70  73  72  76  78  74  75]

Labels: [0 0 1 0 1 1 1 1 0 1 0 0 1 1 1 0 1 1 1 0 1 1 1 0 0 0 1 0 1 1 0 1 1 0 0 0 1
 0 1 1 0 0 0 0 0 0 1 1 1 0 0 0 1 0 0 0 1 0 1 1 1 1 0 1 0 1 0 1 0 0 1 0 1 0
 1 1 0 1 0 1 0 0 0 1 1 0 0 0 0 1 0 1 1 0 1 1 1 0 0 0 0 1 1 1 1 0 0 1]

Synthetic samples indexes: [  2   4   6   9  12  16  17  22  29  32  36  38  39  47  48  52  56  60
  67  70  72  74  84  96 101 103 104 107]

========== Cluster 3 ==========

Base classifier: SVC(probability=True)

Minority Class: 1

Selected Features: [216 219 224   3  63 140 218 172  55  53 190  82   0 174  70 155  68 145
  56 152 113 221  94  33   8  19 102 159 127   9 169 180  65 199 110 124
 154 153  14 212   5 128 189 101  69  67 220 138 146  88   2  22 167 132
 125 164 203 118 184 105  15  74 134  83  97 130  95 150  31  85  34 133
  80 187  78 175 170 201 173 176  43 157  92 198  26 181 115 123   7  17
   1  58 200 122  16 185 178 210 217 119  18  41  81 107  12 141  59 126
  72 196  64 209  79 161 213 109 114 129 136 165  62 192 162 106  29  47
 211  73  51 202 215 208 222 223 207 214 144 148 156 158 151 149 166 163
 160 177 179 182 171 188 191 186 183 168 206 205 204 197 195 194 193 131
 135 139 137 143 142 147  66  89  71  76  75  77  84  87  86 104 108]

Labels: [0 0 1 0 0 1 0 1 0 0 0 1 1 0 1 0 0 1 1 0 1 0 1 0 0 0 0 0 1 0 1 1 1 0 1 0 1
 0 1 0 0 0 1 1 1 0 0 1 0 1 1 1 1 0 0 1 1 1 1 1 0 0 1 1 1 0 0 0 1 0 1 0 1 1
 0 0 0 1 1 1 0 1 0 0 0 0 1 1 1 1 1 1 1 0 1 1 1 0 0 0 0 0 0 0 1 0 0 1 1 1 1
 1 0 1 1 0 0 0 0 1 1 1 1 0 0 1 0 0]

Synthetic samples indexes: [  7  11  12  14  17  18  20  28  31  34  38  42  44  47  49  51  52  59
  62  63  64  72  73  77  78  88  90  91  92  94  96 108 111 119 120 122
 125]

========== Cluster 4 ==========

Base classifier: SVC(probability=True)

Minority Class: 1

Selected Features: [  3 141 208  72 215   0  52  16 112 205 216 209 124 145 163 150  63  91
  73  10  99 168  39  79 139 143 214 131 180 128 178 159 191  56  19   8
 183 186  12 152   4  76 195  43   7 219  82  44 126 217 204  47 137  59
 114 134  87  46 199 218  92 212 153  89  33 182 210 193 200  71 223  25
  80 171 136 123 185   1  38 148  81 108  26  67  95 169 104  85 189  88
 133 144 221  65 155 127 116  11 154  62  74  28 162  84 146  41  17 122
  21 164 132 179  77 201 109  27 211   6  54  66 101 156 120  94 220 224
 140 149 142 203 202 206 198 213 222 207 147 158 151 157 167 165 166 161
 187 176 177 181 184 188 190 172 175 170 174 173 160 196 197 194 192 129
 130 135 138  64  70  69  68  90  93 102 103  78  75  86  83 113 115 118
 117]

Labels: [1 0 0 1 1 0 1 0 0 1 1 0 1 1 1 0 0 1 0 1 0 0 0 0 1 0 1 0 0 0 0 0 0 0 0 0 1
 0 1 1 0 0 0 0 1 0 0 0 1 0 1 1 1 1 0 0 0 0 0 1 0 1 1 1 1 0 1 1 0 1 0 1 1 1
 0 1 0 0 1 1 0 0 0 1 0 1 1 1 1 1 1 1 1 0 0 1 1 1 1 0 1 0 1 0 0 0 1 1 1 1 0
 0 0 0 0 1 0 1 1 0 1 0 1 0 1 1 1 0 1 1 0 1]

Synthetic samples indexes: [  0   4   6   9  10  14  17  19  24  36  38  50  59  61  63  67  72  73
  79  83  85  90  91  95  96  98 100 106 107 108 109 122 124 126 128 129
 131]

========== Cluster 5 ==========

Base classifier: LogisticRegression()

Minority Class: 1

Selected Features: [ 19 161   6 121 152 210  85 135 179  35 187 190  50 150  22  21 171  40
  14 201 145  17   1 224  87 124   0 212  91   3  57 142 218 141  25 118
 169   2  73  54 223  64 192  76 215  68  97 109 175  26  52  30 133  67
 107 206 186 193 166 137 157  78 119 176 194 188  53 199 110 202  44 197
  56  55 170 209 139 129  84 112 154 198  74  36 182  31 151 138  51 102
 172 160  10 132  38 178  81 134 177  13  11  70 181  77 211 127 131 196
 105 115  62 217  16 128 143 130 136 148 147 156 159 153 155 140 167 207
 203 205 195 208 213 214 222 220 221 219 216 200 204 158 149 146 144 162
 163 168 173 183 180 189 191 185 184 164 165 174 114 113 122 120 126  65
  66  71  69  75  79  72  94  88  89  90]

Labels: [1 1 0 1 0 0 0 0 0 0 1 1 1 1 1 0 1 1 0 1 1 0 1 0 1 1 1 0 0 0 0 1 0 1 1 1 0
 1 0 0 1 0 1 1 1 1 1 1 0 1 1 1 0 0 1 0 0 0 1 1 0 1 1 0 0 1 0 0 0 0 0 0 1 0
 1 1 1 1 0 1 0 1 1 0 0 0 0 1 0 1 0 1 0 0 1 1 0 1 0 0 1 0 0 0 0 1 1 0 1 1 0
 0 1 0]

Synthetic samples indexes: [  0   3  10  13  14  16  20  24  25  40  42  43  45  49  54  59  72  75
  76  87  91  94  95  97 106]

========== Cluster 6 ==========

Base classifier: SVC(probability=True)

Minority Class: 1

Selected Features: [138 215   0 173  32 214   3 154  94 218 208 216  23 144 141   6 223 161
  53 106 145  97 134 129 192 191  75  56  65  96 200   8 212 199  36  74
  84 164  18 219 100  68 113  24 221  57  86 107  50 204 196 116 168  27
  89  49  72 220  47  61  51  46 195 112 102   2 224 131 104 184 135  71
 137 127 163 206 142 157  73 213   7  62 143 201  25   1 122  31 207 159
 186  88 183 190 177 160  12 133 210  91 153 172  55  76 167  93  85  64
 149  13  92  82 146  21 119 152  58 148 166  67 140  15 217 105  95  33
  90 181 182 174  17 110 150 156  20  42 132 176 178 171 175 169 170 165
 162 188 189 179 180 187 185 222 211 209 203 205 202 197 198 194 193 128
 130 139 136 155 158 151 147  87  83 108  78  79  77  81  80 115 114 118
 117 124 123 121 120 126 109  99 111 101 103]

Labels: [0 0 1 1 1 0 1 1 0 1 1 0 0 1 0 0 0 1 0 0 0 0 0 1 0 1 0 0 1 1 0 0 1 1 1 0 0
 1 0 0 0 1 0 1 0 0 1 0 1 1 1 1 1 1 0 1 0 1 1 0 1 1 0 1 1 1 0 1 1 0 1 0 1 0
 1 0 1 1 0 0 1 0 0 1 1 0 0 0 1 1 0 0 0 0 0 1 0 0 1 1 1 1 0 1 1 0 1 0 0 0 1
 1 1 1 1 0 0 1 1 0 1 1 1 0 1 0 1 1 0 1 0 0 0 1 0 0 1 0 0 0]

Synthetic samples indexes: [  2   6   7   9  13  23  25  28  37  41  43  49  50  51  57  58  60  61
  64  65  67  68  70  72  77  80  83  84  88  89  95  98  99 100 110 112
 113 114 117 118 120 126 133 136]

========== Cluster 7 ==========

Base classifier: SVC(probability=True)

Minority Class: 1

Selected Features: [216 218 138 215 152  15 140 141   8 150 157 200 176  92 221   2  45 189
   3 160 201 194 142 145  39  91  71 214 107 179 144 220   5 137 136  14
 205  33 186   7 219  20  75  52 135  28  96 168  87  73 167 103 173  58
  37  30  38  93  61 148 156  25 159 151 204  21  99 125 153  47  72 139
 154 211  83 169 217 131 171 124 127  88 116  51  36 120  17 126   0  63
 105 104 185 147  24  31 121 155  12 223 128 163 146 108 133 106 213  27
  10 122 191  59  67 180  40 202 102 134  74 184 208 198 161  70  44 101
  97  56  76  23 222 212   6 132  42  16 224 170 175 174 172 164 165 166
 162 177 178 182 181 183 210 209 206 203 207 197 199 196 195 193 192 129
 130 143 149 158 190 188 187  89  90  85  86  84  82  81  78]

Labels: [0 1 0 0 0 1 0 0 1 0 1 1 1 0 0 0 1 1 0 1 1 1 1 1 1 0 1 1 0 0 1 0 1 1 1 1 1
 1 1 1 1 1 0 0 0 0 0 0 0 0 0 0 0 1 0 0 1 1 1 0 1 1 1 1 1 1 0 1 0 1 1 0 1 0
 0 1 0 0 1 0 0 0 0 0 0 1 0 1 1 1 1 1 0 0 0 1 0 0 1 1 0 1 0 1 0 0 1 0 1 0 0
 0 1 0 0 0 0 0 1 1 1 0 0 1 0 1 1 0 1 1 0 1 1 0 1 0 0 1]

Synthetic samples indexes: [  1   8  12  16  17  19  20  23  30  33  34  35  40  41  53  57  60  61
  62  63  64  65  67  69  75  78  87  89  90  91  98  99 101 103 108 112
 118 119 125 131 134 137]

========== Cluster 8 ==========

Base classifier: SVC(probability=True)

Minority Class: 1

Selected Features: [223 136 140  17 224  58 153 214   0 126  64 134  49 138  65 163 216   8
  36 116 181 137 194 179 195  57 215 221   3   1  37  81  45 219 207  86
  22 197 154 121 222 124 208 145 141  75  78  44 144  32 147   9 183 112
  13 218  59  42 135 143 180 206  77  62  68  15  79  11  40  31  74 119
 164  88 114 102   6 150  19 205 171  73  63  41 209 177 182 175  46  24
  10 217  30 146  43  95  60  56 200 108 168 132  14  12 127  93 170 158
 125 109 122   2  89   7  76 111 106 162 220  38 161   5 117 211  35 213
 191 189  90  91  54 123 202 201 212 210 204 193 198 203 199 196 148 151
 160 176 178 190 188 187 186 185 184 169 174 173 172 165 166 167 192 128
 129 130 131 133 139 142 149 152 155 157 156 159  84  85  87 104 115 118
 120]

Labels: [0 1 0 1 0 1 0 0 1 0 1 1 0 1 0 1 1 1 0 1 1 0 0 0 1 1 0 1 0 0 0 1 1 1 1 1 1
 1 0 0 1 1 1 0 0 1 1 0 0 0 0 1 0 0 0 1 1 1 1 1 1 1 0 1 0 1 1 0 0 0 0 0 0 0
 0 1 0 0 0 1 1 1 1 1 1 1 1 1 0 0 1 0 0 1 0 1 0 0 0 0 0 1 0 1 1 1 0 0 0 1 1
 0 1 0 0 1 1 0 0 1 1 1 1 0 0 0 0 0]

Synthetic samples indexes: [  1   3   5  16  25  27  31  32  33  35  36  40  41  42  46  55  57  58
  60  63  65  79  83  84  85  86  87  90 101 103 104 105 110 112 119 121]

========== Cluster 9 ==========

Base classifier: SVC(probability=True)

Minority Class: 1

Selected Features: [  3 193 214   0 198 190 200  57 172  78 142 136 194 215  68  70 140  77
 143 175 100 216   6 114  25  11 204  21 188 132  88  61 170 105  35   8
  84 116 224  87 118 145 134 161 207 155  10 201  23 117 128 164  67 189
  17  72  30 125  51 191 180 157 217  74 173 152 218 160  82  96 141  85
 176  79  46 162  69 127 147   4  59  47  66   2   5 159 213  32 166  65
 111 110 163 126 184 208  15  20  19 210 171 156  92 130 165  90   9 149
 148 192  86 178  58  31  16  43  95  81  27 137 151  56 223 131 211 138
 133 135 139 220 221 209 212 222 150 146 144 153 154 158 181 168 169 174
 167 177 179 182 185 183 187 186 219 203 202 206 205 196 197 199 195 129
  64  75  71  76  91  83  73  89  93  94 103 120 121 122  80 112 113 115
 119 123 107 108 109 104 106 102  97]

Labels: [0 0 0 0 1 0 0 1 1 0 1 0 1 0 1 0 0 1 1 1 0 1 1 1 0 0 0 0 0 1 0 0 1 1 1 1 1
 1 1 1 1 1 1 1 1 1 0 0 0 0 0 1 0 0 1 0 0 0 0 0 0 1 0 0 0 1 1 0 0 1 0 0 0 0
 0 0 0 0 1 1 0 0 1 0 1 1 1 1 1 0 0 0 0 1 1 0 0 0 1 1 1 0 1 0 1 1 1 1 1 0 1
 1 0 1 1 1 1 0 0 1 1 1 1 0]

Synthetic samples indexes: [  7   8  18  19  21  29  32  35  37  38  41  45  51  61  66  79  82  85
  87  94 100 102 105 107 114 116 119 120 121 122]

