Clustering algorithm selected: fcm
=====================================

Clustering evaluation metric: dbc
Clustering evaluation value: 0.48981018319697295

========== Cluster 0 ==========

Base classifier: LogisticRegression()

Minority Class: 1

Selected Features: [ 22  67  18 204   3  75   7  56 152  66  27 162 118 159 223 113 180 132
  45  59 161 151  76 163 128 220   1  63 146 167 112  52  42  24 115 183
 139 193  11  69 205 130 106 104 117 126 100 192 199   2  49 168 181  32
 217  94 208 160  77 213  30 214 210  73  38  85 186 170 149 110 179 108
  40  36  44 127  16  48 209 197 224 194  98 157 169  57 184  53 216  64
  71  95  21  65   5  26  47 196  91 155 176  93  23   0 120 187  31 202
  33  34  35 201  37 200  39 198  41 136  43 195 135  46 134 191 190  50
  51 189 133  54  55 188 145 203  29  28  13 222 221 219   4 141   6 218
   8   9  10 140  12  14 206  15 215  17 212  19  20 144 211 138 207  25
 137]

Labels: [0 0 0 0 0 0 0 0 0 0 1 1 0 0 1 0 0 0 0 0 0 0 0 0 0 0 0 0 0 0 0 1 0 1 0 0 0
 0 0 0 0 0 0 0 1 0 1 0 0 0 0 1 0 0 1 0 0 1 1 0 1 0 0 0 0 0 0 1 1 0 0 0 0 0
 0 0 1 1 0 0 1 0 0 0 0 0 0 0 1 1 0 0 0 0 0 0 0 1 0]

========== Cluster 1 ==========

Base classifier: SVC(probability=True)

Minority Class: 1

Selected Features: [145 113 114 128  72  31 201 111  35  13  96 171 161  87 214 119  97 138
 203  32  23 184 166  57   5 134  63  91 116 169   2  27  75  36 206 100
 124 222  84 200 223 156 108   6  11  45  54 170 107   9  21  98  19 118
   8  28 168 160 148 191  40 105 207 157 120  81  90  89 112  20  67 183
 205 221 131 167   3 179   1 192  51 211 212 220  79  93 175 133  39 163
 165 182 204   4 159  92 198  95 158 208 117  16  43 135 209  59  53  73
  71  62  64  69  70  65  66  68   7  61  18  60  25  33  34  30  37  29
  38  41  42  44  26  46  47  48  10  49  50  24  52  22  55  56  17  15
  14  58  12  74 224  76 173 185 181 180 178 177 176 174 172  77 164 162]

Labels: [1 0 0 0 0 0 1 1 0 0 0 0 0 0 1 1 1 1 0 0 0 1 1 1 0 1 0 0 0 1 0 0 0 0 0 0 0
 0 0 1 0 0 1 1 0 1 0 0 1 0 1 0 0 0 0 1 0 1 0 0 0 1 0 0 0 0 0 1 0 0 1 0 1 0
 1 0 0 1 0 1 1 0 0 0 0 0 0 0 1 1 0 0 0 0 0 1 1 1 1 0 0 1 1 1 0 1 0]

========== Cluster 2 ==========

Base classifier: LogisticRegression()

Minority Class: 1

Selected Features: [164 143 186  49  64  82 154  76   2  91 206  23  51 114 133 187   0  35
 220  38  44 216  40  90 147 219 215  31 169  26 127  69 224  73  19  55
 121 197  72 208  58  11 111 103 214  43 205 122 172   3  33  93 200  87
  41 193  54  34  80  12  88  28 149 144 185  57 177  74 180 178 174 119
  15 211 161 212  46 182  97   1  25  85 117  98 120 145 115 189  21 132
 126 181 165  14 151 125 146  99 129 175 194 135  94 203  95  77  79  50
  62 201   5  84 202 166 188 141 195   8  56  10  13   9  37  59   7  60
   6  61   4 222  63  16  18  17 213  36  39  66  32 217  30  42  29  27
  45 218  47  48 210 209  24 221  22  52  53  20  65 191  67 157 136 137
 138 139 140 142 198 148 150 152 153 196 155]

Labels: [0 0 1 0 0 0 0 1 0 1 0 0 1 0 1 0 1 1 1 0 1 1 0 0 0 1 1 0 1 0 0 1 1 1 0 0 0
 1 1 0 1 0 0 0 1 0 1 0 1 0 1 1 0 0 0 0 0 0 0 1 0 1 0 0 1 1 0 0 0 1 0 0 1 0
 0 1 0 1 1 0 0 0 0 0 0 1 0 0 0 0 0 0 0 1 0 1 0 0 0 0 1 1 0 0 0 1]

========== Cluster 3 ==========

Base classifier: SVC(probability=True)

Minority Class: 1

Selected Features: [175 171  47 103   3 116 188 104  24 177  11 201 114 214 140 168  57  81
 219  46  56  52 218  34  84  80 108  14 141  55   0  26 164 212 107  73
 194 123   9  65 112 203 199 109  67   7 217  99  16  76 176  91  64 179
  62 173 167 156 121 193 163 191 150 224 207 186  45  28   1 102 138  12
  88 142  40   8 208 152 161 134 222  35 118 159 124  78  82  66   6 136
  85  29  69 183  42 119 154  48  95  15 174  33 200  58  89 139  83 105
 158   2  92  49  50 206 149 145  36  37  38  39 146  54  53 148  41 209
  51  43  44 147 211 213 210 130  32  60 157   4   5 155 181 221  10 220
 153  13 180 178  17  18  19  20  21  22  23 216  25 215  27 151 162  30
  31  59 205  61 184 100 101 133 169 198 106 197 196 187]

Labels: [0 0 0 0 1 1 0 0 0 1 1 0 1 1 0 1 1 0 0 0 1 0 0 0 0 0 0 0 0 1 0 0 0 0 0 0 1
 0 0 1 0 0 1 0 1 0 1 0 0 0 1 0 0 0 1 0 1 0 0 0 0 1 1 0 1 0 1 0 0 1 0 0 0 0
 0 0 0 0 0 0 0 0 0 0 1 0 0 0 0 1]

========== Cluster 4 ==========

Base classifier: LogisticRegression()

Minority Class: 1

Selected Features: [111  72 130 134 220 215  96  54 214 119 173 149 131  44 103   1  73  26
 118 216 126 151  37 182  57  22 120   8 204  10 219 124  69  78 198  17
 163 169 193  87 197 202 114 189 210 181 191 179   7 212 172 199  79  92
  42 139  94  65 110  30 128  71  12 164 195  28 146  18  41 101 105 186
  29 168  64   5 154 148  31   3  97 133 142  80 121 143 141 113  60 162
 104  61  19 152  13  23  66  21  67  68  20  47  70  16  25  15  14  11
   9  74  75   6  76  77   4   2  24  33  27  40  48  49  50  51  46  52
  45  43  53  81  55  63  39  56  38  36  35  58  59  34  32  62 224 112
  82 157 185 184 183 180 178 177 176 175 174 171 170 167 166 165 161 160
 159 187 188 190 208 222 221 218 217 213 211 209 207 192 206 205 203 201]

Labels: [0 0 0 0 0 0 1 0 0 1 0 1 1 0 0 1 0 0 0 0 0 1 1 0 1 0 0 0 1 1 1 0 0 0 0 1 0
 1 0 0 0 1 1 1 1 0 0 0 0 0 1 0 0 0 0 0 0 1 0 0 0 1 0 0 0 0 0 0 0 1 1 0 0 0
 0 1 0 1 1 0 0 0 0 0 0 0 1 0 0 0 0 0 0 0 0 0 1 0 0 1 0 0 0]

========== Cluster 5 ==========

Base classifier: LogisticRegression()

Minority Class: 1

Selected Features: [152  10 108  45 101  29 130  98   3 135 195  89   7   4 153 202  68 147
  61  49  14 118 184 211 114 109 121 148 111  16 182  11 199 174 214  62
 215 146  25  83  74 159  48 106 161 144 123 162   9 221 115 191 141  38
 142  51   5 112  88 210 209 180   6 179  69 145 173 207  55  13 133  32
  19 131  86 200  58 192 172 183 178 166 113 137  73 188 155  57  75  39
 170  36  60 171  40 219 169   1  78  77  76   2  12  70  67   8  63  64
  72  65  15  66  71  53  59  44  31  28  33  34  35  37  80  27  26  41
  42  43  24  17  46  47  23  22  21  50  52  30  20  54  56  18  79 224
  81 150 187 186 185 181 177 176 175]

Labels: [1 0 1 1 0 0 0 0 0 0 1 0 1 0 1 0 1 0 0 0 0 0 0 0 1 0 0 1 1 0 0 1 0 0 0 0 0
 0 0 0 1 1 0 1 1 0 1 0 0 0 1 1 0 0 1 0 1 0 0 1 1 0 0 1 0 0 1 0 1 0 0 0 1 0
 1 0 0 0 0 1 1 0 1 0 0 0 0 0 0 1 1 1 0 0]

========== Cluster 6 ==========

Base classifier: DecisionTreeClassifier()

Minority Class: 1

Selected Features: [101 213 122 130 183  50  29 109 151 161 133   7 120 146 132  63  48 218
  44   0 190 117  16  73  60 179 188 207 164 118 223  52 178  66 195  18
 114  15  95  13 203  28 219 187 102  25   6 208 170 180  67 182  24   3
 139  99 201  97   4   8 224  53  55 221  74 169  26 216 116 136 200 171
  22 214  41  31 162 176  94 100 163  78  90 135 150  75  70  58  32  20
 110  57 107 149  98 111   9 199  10  54  51 217  56  11 220  23  59  49
  61  62 197  64  65   5 196 194 222  68  69   2   1 198  46 202  35 210
  19 211 209  17  27 206 205  30 212  33  34  36  47  37  71  14 215  39
  40  12  42  43 204  45  21  38  81  72 193 141 140 168 138 137 134 131
 172 129 128 127 126 125 124 123 142 143 144 155 165 160 159 158 157]

Labels: [0 0 0 0 1 1 1 0 0 0 0 0 1 0 0 1 1 0 0 0 0 0 0 0 0 0 0 0 0 1 1 0 0 1 0 0 0
 0 1 1 1 0 0 1 0 0 0 1 0 0 0 0 0 0 1 0 0 0 1 0 1 0 1 0 1 0 1 0 1 0 0 1 0 0
 1 0 0 1 1 0 0 0 1 0 1 0 0]

========== Cluster 7 ==========

Base classifier: LogisticRegression()

Minority Class: 1

Selected Features: [143  58 206 181  33  24 124  35 193 214 208  43 185 144 221 161  12  81
  40 156 106  96  13 207 163 202  32 204 223  80  64  91 203 199  27 109
  38 105 183 136 121 101 187  97 175  65   1  47  36  55 197 158 169   5
 178  44  17  77 137   0  15   2 151 219  53 138 177   8   3 111 171 170
 186 166 213   7  84 217  74 116 212  86 176 210 154  70 148 165  68 162
 140  52 132 218   6  66 122  49  82 192 196  18  50  67  19  62  61  14
  63  71  76  10  69  75  16  72  73  26  60  41  28  25  29  30  31  78
  34   9  37  39  23  42  20   4  22  45  46  21  48  51  54  56  57  59
  11 224  79 159 174 173 172 168 167 164 160 157 180 155 153 152 150 149
 147 146 179 182 142 201 222 220 216 215 211 209 205 200 184 198 195 194
 191 190 189 188]

Labels: [1 0 0 0 0 1 0 1 0 1 1 0 0 0 0 0 0 0 0 0 1 0 0 0 1 1 0 0 0 0 0 0 0 0 1 1 0
 0 0 0 1 0 0 0 0 0 0 1 0 1 0 1 0 0 0 0 0 0 0 0 1 1 1 1 0 0 0 1 0 1 0 0 0 0
 0 0 0 0 0 0 1 0 0 0 0 0 0 0 1 0 1 0 0 0 0 0 1 1 1 0 0 0 0 0 0 1 0 1 0 0 1
 1 0 0 1 0]

========== Cluster 8 ==========

Base classifier: LogisticRegression()

Minority Class: 1

Selected Features: [ 97 149 104 142 219  42  89  62 221  66  96  52 114  29  36 152 141 128
   3  73  45 218  87 215 193 162  69  86 148 140 151   8 180 160 206 147
 177 112  81 207 174 100 110 195 118 205 163 111 122 213 137  53 144 101
  30 176 109 157 156  80  90 107  25 210  71 181  50 196 190 211 209 165
  18 133 117  68   4  10 116 153  27 123 124  12  41 188 183  88 179 191
  43  63 164  17   1 175   0 200 185 125 199  55 167  67 169 115  35  34
  44  37  38  39  40 198 197 194  47 192  46  32  48  49 189  51 187 186
  54  56  57  58  33 127  31  60 222   2 220 217   5   6   7 216   9 214
  11 212  13  14  15  16 208 204  19  20  21  22  23  24 203  26 202  28
 201]

Labels: [0 0 1 1 0 0 1 0 1 0 0 0 0 0 1 0 0 0 0 1 0 0 0 0 1 0 0 0 0 1 0 0 0 0 0 0 0
 0 0 1 0 1 1 0 0 0 1 1 1 1 0 1 0 1 1 0 0 0 0 0 0 0 0 0 0 1 0 0 0 0 0 0 0 0
 1 0 0 0 0 0 0 0 0 1 0 0 1 1 1 1 0 1 1 0 1 0 1 0]

