Clustering algorithm selected: spectral
=====================================

Clustering evaluation metric: dbc
Clustering evaluation value: 0.41192195362987044

========== Cluster 0 ==========

Base classifier: DecisionTreeClassifier(max_depth=3, min_samples_leaf=6, min_samples_split=5)

Minority Class: 1

Selected Features: [ 0  1  2  3  4  5  6  7  8  9 10 11 12 13 14 15 16 17 18 19 20]

Labels: [2 0 0 0 0 0 2 0 2 2 2 0 1 0 0 2 0 0 2 2 2 0 0 2 1 2 0 0 2 2 2 0 0 0 0 0 0
 0 2 0 0 0 2 2 0 0 0 2 0 0 0 2 0 0 0 2 2 0 0 0 0 2 2 1 0 0 1 0 0 1 0 2 2 0
 0 0 0 0 0 0 0 0 2 0 0 0 0 2 2 0 2 0 0 0 0 0 0 2 0 2 0 2 2 2 1 0 2 0 1 2 2
 2 0 0 2 0 0 0 2 0 2 0 2 0 2 1 2 1 1 0 0 0 2 0 2 0 0 1 0 2 0 2 1 0 0 2 1 2
 1 2 2 0 0 2 2 2 1 2 2 2 0 0 2 0 2 2 2 0 0 0 2 1 0 0 0 0 0 0 1 0 2 1 0 1 0
 2 2 0 2 1 2 2 0 0 0 0 2 0 0 2 2 2 0 2 0 1 2 0 2 0 0 0 1 2 0 1 0 0 2 0 2 1
 2 2 2 0 0 2 0 2 0 0 2 1 2 1 2 0 2 2 1 0 0 2 0 1 2 0 2 1 1 2 0 2 0 0 0 2 2
 2 1 2 2 2 0 0 0 2 2 0 0 0 0 2 2 0 0 1 2 1 2 0 0 2 2 0 1 0 2 0 0 2 0 0 0 0
 2 1 1 2 0 0 2 0 0 0 2 0 2 0 1 0 2 0 2 0 0 0 0 0 0 2 0 2 0 2 1 0 0 0 0 0 2
 0 0 0 0 0 2 0 1 1 2 2 2 0 2 0 2 0 0 0 1 0 0 0 2 0 2 0 2 2 2 0 0 2 0 0 2 0
 2 0 1 1 2 0 0 0 0 2 0 0 0 0 2 0 1 2 2 2 0 2 2 2 1 0 0 0 1 0 0 0 0 0 2 0 0
 0 0 0 2 0 2 2 2 0 2 2 0 0 0 0 1 0 2 1 0 0 0 2 1 0 2 2 2 0 1 0 0 2 0 2 0 1
 0 0 0 0 1 1 0 2 1 0 2 0 0 2 0 2 0 0 2 0 2 2 0 2 1 0 2 2 0 1 2 0 1 0 2 0 0
 0 0 0 0 0 0 0 0 1 1 2 2 0 2 0 2 0 2 1 0 0 0 0 0 0 0 0 0 2 2 2 0 2 2 1 1 2
 2 1 1 2 1 2 2 2 2 1 1 0 0 0 0 0 0 0 0 2 1 0 2 0 2 2 2 0 0 0 0 2 0 2 0 0 1
 1 2 0 2 1 2 0 0 2 2 2 0 2 2 0 0 2 2 0 0 2 0 0 2 1 2 0 0 2 2 1 1 2 2 1 2 1
 2 1 0 1 2 2 0 0 2 0 1 0 2 0 2 0 1 0 0 0 0 0 0 0 0 1 0 0 0 2 0 2 0 1 1 2 0
 2 0 2 0 0 0 2 1 2 2 0 0 0 0 0 2 2 2 0 2 2 0 0 0 2 2 2 0 2 0 2 1 1 0 0 0 2]

========== Cluster 1 ==========

Base classifier: LogisticRegression()

Minority Class: 1

Selected Features: [ 0  1  2  3  4  5  6  7  8  9 10 11 12 13 14 15 16 17 18 19 20]

Labels: [1 1 1 0 2 1 2 0 0 1 0 1 0 1 1 1 2 2 0 0 0 2 1 1 1 1 0 1 2 0 1 2 0 2 1 0 1
 1 1 2 2 1 1 0 0 0 0 0 1 0 2 1 0 1 2 0 0 1 0 0 1 2 2 1 1 1 2 2 2 1 2 0 0 2
 0 2 2 2 1 1 2 0 1 0 0 1 1 0 0 0 0 2 1 0 1 0 2 1 1 0 0 0 2 1 1 1 1 1 2 1 1
 2 2 1 2 2 1 1 2 2 0 2 2 0 0 2 1 0 2 2 1 0 1 1 2 2 1 1 2 0 2 1 0 1 2 0 0 1
 1 1 1 1 2 2 0 0 1 0 1 2 2 2 2 2 0 2 0 2 0 0 2 2 2 0 0 1 1 1 1 0 2 2 1 0 0
 1 2 0 0 1 0 2 0 2 2 0 2 1 0 2 1 1 0 1 0 0 0 1 0 1 0 0 1 2 1 1 1 0 2 2 1 2
 1 1 2 1 2 0 1 1 0 1 1 1 0 0 1 1 1 1 1 1 0 2 2 2 2 2 0 2 1 0 0 1 0 1 2 0 2
 2 2 1 1 0 1 2 0 0 2 0 2 0 1 2 0 1 2 0 2 0 0 2 2 2 2 1 0 2 0 0 2 0 2 1 1 1
 1 0 0 2 1 2 1 0 2 2 2 2 1 1 2 0 1 2 1 2 0 1 0 0 0 2 0 2 1 1 1 2 1 2 0 0 0
 1 2 0 1 1 0 0 0 1 2 0 0 2 1 2 1 0 1 0 0 0 2 0 1 0 0 0 0 1 2 0 2 2 0 0 1 2
 2 2 1 0 0 0 0 2 1 2 0 1 1 2 2 1 2 1 0 2 1 0 2 2 2 2 2 0 2 2 0 0 0 0 2 0 1
 0 2 0 1 0 0 0 2 2 1 2 0 2 2 1 2 2 0 1 0 2 2 2 0 0 0 2 1 1 0 0 0 1 2 2 0 0
 0 0 1 1 2 2 2 2 2 2 1 2 1 0 2 0 2 1 1 2 1 2 1 0 1 0 1 0 2 1 1 0 0 0 2 2 1
 1 2 2 2 1 2 2 2 2 2 1 1 2 2 1 2 1 2 2 1 1 1 0 2 2 0 0 2 2 0 1 1 2 2 1 1 2
 0 1 2 2 0 1 1 1 1 0 0 0 0 0 2 1 2 1 0 1 0 1 1 2 1 2 0 1 0 1 1 0 2 2 0 0 0
 0 0 0 2 1 1 0 2 2 1 1 2 2 1 1 2 1 1 1 2 1 2 0 1 0 1 0 1 0 0 2 0 1 2 0 2 2
 2 1 2 2 2 0 2 2 0 0 1 0 1 0 2 0 2 0 0 0 1 0 2 0 2 0 2 0 2 0 0 1 0 0 2 1 2
 0 2 2 1 0 1 0 2 2 1 1 2 2 1 0 1 2 2 1 0 1 0 2 0 2 0 0 0 1 2 0]

