Clustering algorithm selected: spectral
=====================================

Clustering evaluation metric: dbc
Clustering evaluation value: 0.17493570608136272

========== Cluster 0 ==========

Base classifier: AdaBoostClassifier(learning_rate=0.8514487979208453, n_estimators=389)

Minority Class: 1

Selected Features: [0 1 2 3 4 5 6 7 8]

Labels: [2 0 0 1 1 0 0 2 2 1 0 2 2 2 0 0 1 0 0 0 2 1 0 0 1 2 2 2 2 0 0 0 2 1 0 0 2
 2 0 1 1 0 1 2 0 0 0 0 0 2 0 2 0 1 0 2 2 1 0 1 2 2 1 1 0 0 0 2 0 0 0 0 0 0
 2 1 2 0 0 0 0 2 2 1 0 0 0 1 2 1 1 2 1 0 0 1 2 2 0 0 2 1 2 2 0 0 0 0 2 0 2
 0 2 0 1 0 0 2 0 0 0 2 2 2 0 0 1 0 0 0 0 2 0 2 0 2 2 2 1 2 0 0 2 1 1 0 0 2
 0 2 1 2 2 1 0 1 0 2 0 0 2 1 2 2 1 0 1 2 2 2 0 2 2 1 2 1 0 2 1 0 0 0 0 2 2
 0 1 2 0 2 2 0 1 0 1 2 1 2 1 0 2 0 2 2 2 1 2 2 0 0 2 2 2 0 2 0 2 1 2 0 0 2
 1 0 2 2 2 2 1 0 0 2 1 2 2 0 2 0 0 0 2 0 0 0 0 2 2 1 0 1 2 0 2 1 1 0 2 1 0
 2 1 0 0 1 0 0 0 2 0 0 2 0 2 0 1 2 2 0 2 0 2 0 1 2 0 0 0 0 0 0 1 2 0 2 0 0
 1 1 0 2 1 0 0 2 0 1 0 1 2 2 0 0 0 2 0 2 0 1 2 1 2 1 0 1 2 2 1 0 2 2 1 1 2
 0 0 2 1 1 1 1 2 0 0 1 1 1 1 2 0 1 2 2 0 2 0 0 1 0 1 2 0 2 1 1 2 2 2 0 2 0
 0 2 1 0 2 1 2 2 0 0 0 0 0 2 2 0 1 2 0 1 2 0 2 0 0 2 2 2 2 1 2 0 1 0 0 2 2
 0 1 0 0 2 2 0 2 0 0 0 0 1 1 1 0 2 0 0 2 0 0 0 2 1 0 0 2 0 0 2 0 1 0 0 1 2
 2 1 0 2 1 2 0 2 0 0 0 0 0 2 0 0 0 0 0 0 2 0 1 2 2 2 1 2 2 2 0 2 0 2 0 1 0
 0 2 0 0 0 2 0 1 2 2 2 0 0 2 0 0 2 1 0 0 0 1 0 0 2 1 2 0 1 0 0 0 2 0 0 2 0
 0 2 0 0 2 2 0 0 0 2 1 2 2 2 0 1 2 0 1 0 2 0 0 0 0 0 0 0 0 0 2 0 1 2 0 0 0
 0 1 2 2 2 0 0 2 2 1 2 2 2 0 2 2 2 2 2 0 0 2 2 0 0 1 0 0 1 0 2 0 2 1 1 0 0
 0 0 2 1 0 2 2 2 0 1 0 0 2 2 0 1 2 0 0 0 2 1 0 1 1 0 2 0 1 0 2 1 2 0 2 0 0
 2 0 0 2 0 2 0 2 0 2 2 0 1 0 0 2 0 2 0 2 0 1 1 2 2 0 2 0 0 0 0 0 0 0 2 0 0
 1 2 2 1 2 2 0 2 0 0 2 1 2 1 0 2 1 0 0 1 0 0 0 0 2 1 0 1 0 0 2 2 0 0 2 0 2
 2 1 2 1 2 1 2 0 2 2 2 2 0 0 0 0 1 2 0 1 0 1 2 2 2 0 2 0 2 2 0 0 2 1 2 2 0
 2 0 0 1 0 2 1 0 1 0 1 0 2 0 0 0 0 2 2 0 1 2 1 2 1 1 2 0 1 2 2 2 0 2 1 0 0
 2 2 2 0 2 2 2 0 0 2 0 2 0 0 2 2 0 2 2 0 0 0 2 2 2 0 2 1 2 0 0 2 1 0 1 2 2
 0 0 2 2 2 0 0 2 1 1 1 1 1 1 1 2 1 1 1 1 1 1 1 2 2 2 2 0 2 0 2 0 1 0 0 0 0
 0 0 0 0 0 0 0 1 0 1 0 0 1 0 0 2 0 2 2 2 0 0 1 2 2 0 2 0 2 0 2 0 1 0 0 0 0
 2 2 0 2 2 1 2 2 0 1 0 2 0 2 1 1 2 2 2 0 2 1 1 2 2 0 0 0 1 2 2 2 2 0 2 0 2
 1 0 0 2 0]

========== Cluster 1 ==========

Base classifier: AdaBoostClassifier(learning_rate=0.7592320923863681, n_estimators=274)

Minority Class: 1

Selected Features: [0 1 2 3 4 5 6 7 8]

Labels: [0 1 0 2 0 1 1 0 1 2 0 2 1 0 1 2 1 2 0 0 2 1 0 0 0 0 1 0 1 2 0 0 0 0 2 2 1
 0 1 2 0 0 2 0 0 0 2 1 0 1 0 0 0 1 0 0 0 1 0 1 0 2 1 0 1 0 1 2 2 1 1 2 2 0
 0 0 0 1 2 2 1 1 0 1 0 1 1 2 1 1 1 1 2 0 0 1 0 2 0 0 2 0 2 2 1 0 0 0 1 1 2
 2 2 2 0 0 2 2 2 2 1 1 0 1 0 2 0 1 1 2 2 2 1 2 1 0 0 0 1 1 0 2 1 1 1 0 2 2
 2 0 2 0 2 2 2 1 0 2 0 0 2 0 0 1 2 2 0 1 2 0 1 0 2 1 0 2 0 1 2 2 1 0 2 2 2
 2 0 0 2 0 0 1 0 0 1 1 0 1 1 1 2 0 0 0 0 2 0 1 2 0 2 0 1 1 2 0 0 1 0 0 1 1
 2 0 0 2 0 0 1 2 2 0 1 2 0 1 2 1 1 2 0 0 0 0 0 2 0 0 0 2 2 0 1 0 2 2 2 2 0
 0 1 1 2 0 0 1 2 2 0 1 0 0 1 2 2 0 1 1 2 0 2 1 2 0 0 1 0 1 0 0 2 1 2 1 2 2
 0 1 2 1 1 1 0 2 0 2 0 2 1 2 0 1 0 2 2 1 1 1 0 0 2 2 0 1 2 1 0 1 0 1 1 0 0
 1 1 0 2 0 2 2 1 2 1 0 0 1 1 2 1 1 1 1 2 2 1 1 2 2 2 2 2 1 0 0 2 2 0 0 0 0
 1 0 0 2 1 0 0 1 0 2 0 2 0 0 2 1 2 0 0 0 0 1 0 0 1 2]

