Clustering algorithm selected: kmeans
=====================================

Clustering evaluation metric: dbc_ss
Clustering evaluation value: 0.22683830712179204

========== Cluster 0 ==========

Base classifier: GradientBoostingClassifier()

Selected Features: [0 1 3 2]

Labels: [2 1 0 0 1 1 0 0 2 2 1 0 2 2 2 0 0 0 1 1 0 0 0 2 1 0 0 1 1 2 2 2 0 2 0 0 2
 1 2 0 0 2 0 1 0 1 0 1 2 0 0 0 0 0 2 0 2 0 1 0 2 2 1 0 1 2 2 1 1 0 0 0 2 0
 0 0 0 0 0 0 2 1 2 1 0 0 0 0 2 2 1 0 0 0 1 2 2 1 1 2 2 0 0 1 1 2 2 0 0 2 1
 2 0 2 0 0 0 2 0 2 2 0 1 0 0 2 0 0 0 2 2 0 2 0 1 0 0 0 0 2 0 2 0 2 2 2 1 2
 0 0 1 0 2 1 1 0 0 2 0 2 1 2 2 1 0 1 0 0 0 0 1 2 1 2 2 1 1 2 0 1 2 2 2 1 2
 2 1 2 1 0 2 2 1 0 0 0 0 0 2 2 0 1 2 0 2 2 0 1 1 2 1 2 2 2 1 1 1 2 2 2 1 2
 2 2 2 2 2 2 2 2 2 0 0 0 0 1 1 1 0 1 1 0 1 2 1 1 1 2 0 0 2 1 1 1 1 2 0 0 1
 1 1 1 2 0 1 2 1 2 2 0 2 0 1 0 0 1 2 0 2 1 1 2 2 2 0 2 0 2 2 1 0 0 1 2 2 0
 0 0 2 2 0 1 2 2 0 1 2 0 2 0 0 0 2 1 2 2 2 1 2 0 1 0 2 0 1 0 0 0 2 2 0 2 1
 0 0 0 0 0 1 1 1 2 0 0 2 0 0 2 1 0 2 0 0 0 0 2 0 1 0 0 1 2 2 1 0 2 1 2 0 1
 2 0 0 0 0 0 0 2 0 0 0 0 0 0 2 0 1 2 2 2 1 1 2 1 2 2 0 2 0 2 0 1 0 0 2 0 0
 2 0 1 2 2 2 0 2 0 0 0 2 1 0 0 0 1 2 0 0 0 2 1 1 2 0 1 0 0 0 2 0 2 0 0 2 0
 0 1 2 2 0 2 0 0 2 1 2 2 0 2 0 1 0 2 0 1 2 0 2 0 0 0 0 0 0 0 0 2 0 1 2 0 0
 0 0 1 2 2 2 2 0 0 2 2 1 2 2 2 0 2 2 2 2 0 0 2 2 0 0 0 1 0 0 1 0 2 0 2 1 1
 0 0 0 0 2 1 0 2 2 2 0 1 0 0 2 2 0 1 2 0 0 0 2 1 2 0 1 1 0 2 0 1 0 2 1 2 2
 0 2 0 2 0 0 2 0 2 0 2 0 2 0 1 1 0 1 0 2 2 2 0 2 0 1 0 0 2 0 1 1 2 2 2 0 0
 0 0 0 0 2 0 2 0 0 1 2 2 1 2 0 2 0 2 1 2 1 2 1 1 0 0 1 0 0 0 1 0 0 0 2 1 0
 1 0 0 2 0 0 2 2 2 1 2 1 2 1 1 2 2 1 2 0 2 2 2 2 0 0 0 0 1 2 0 1 0 1 2 2 1
 2 2 0 2 2 0 0 2 1 2 2 2 0 2 0 0 1 0 2 1 2 2 1 0 0 1 1 2 0 0 0 0 2 0 1 2 1
 2 1 1 2 0 1 2 2 2 0 2 1 0 0 2 2 2 0 2 2 2 0 0 2 2 0 2 1 0 0 2 2 0 2 2 0 0
 0 0 2 2 2 0 2 1 2 0 0 0 2 1 0 1 2 2 0 0 2 2 2 0 0 2 1 1 1 1 1 1 0 1 0 0 1
 0 0 1 2 2 0 1 0 0 2 0 1 1 2 2 1 0 1 2 2 0 2 2 1 2 2 0 2 1 0 1 0 0 0 2 0 0
 0 1 1 2 2 1 0 1 0 1 1 2 2 2 1 0 0 0 2 2 1 0 0 1 1 0 2 2 0 2 0 0 2 0 0 0 2
 2 2 0 0 1 2 0 0 2 2 1 2 0 1 2 2 2 2 2 1 1 1 2 1 2 2 2 0 2 1 0 1 1 0 0 2 2
 0 0 1 1 2 2 0 0 2 2 2 0 2 2 2 2 0 2 0 1 0 0 2 0 0 0 0 0 0 0 0 0 1 0 1 0 0
 1 0 0 2 0 2 0 2 2 0 0 1 2 2 0 2 0 0 1 0 0 0 0 0 1 2 2 0 2 2 1 2 2 0 1 0 1
 0 2 2 1 1 2 2 2 0 2 1 1 2 2 0 1 0 0 1 2 2 0 2 2 0 2 0 0 0 1 0 0 2 0]

========== Cluster 1 ==========

Base classifier: GradientBoostingClassifier()

Selected Features: [3 7 1 2 4]

Labels: [0 0 2 1 0 2 2 1 0 0 1 1 2 2 0 2 1 0 0 0 1 0 2 0 0 0 0 1 0 1 2 0 0 2 0 0 0
 0 2 1 0 1 0 0 0 1 0 0 0 1 0 2 2 1 0 2 0 1 2 0 0 0 1 2 2 0 0 0 0 1 2 2 0 0
 0 1 1 0 2 1 1 0 2 2 0 0 2 2 2 0 1 2 2 0 0 0 0 0 2 0 2 2 2 0 1 2 1 0 0 2 0
 1 2 0 2 1 0 2 2 2 2 0 2 0 0 0 1 1 0 1 2 0 0 0 0 0 2 0 1 2 0 1 2 0 0 1 0 0
 0 1 0 0 2 1 2 0 0 0 1 2 1 1 1 2 0 2 0 0 0 2 0 0 0 2 2 0 1 0 2 2 0 0 0 1 2
 2 0 0 0 1 2 0 0 1 1 2 0 2 0 0 2 2 0 1 0 2 0 0 2 2 0 1 2 1 0 1 0 0 2 0 0 1
 0 2 0 2 2 1 1 1 0 0 2 2 0 1 1 0 1 0 1 0 0 1 1 2 2 2 1 2 1 0 0 0 2 2 0 0 2
 2 1 0 1 0 1 0 2 0 0 0 1 2 0 1 2 2 0 0 0 1 2 1 1 1 0 1 1 1 0 1 1 2 0 2 0 1
 1 2 1 0 0 2 2 0 0 0 1 0 2 0 2 2 0 0 0 2 0 2 0 0 2 2 0 2 1 0 0 1 2]

