============== Classifiers Parameters ==============
[{'n_estimators': 423, 'max_depth': 1, 'min_samples_split': 4, 'min_samples_leaf': 6, 'learning_rate': 0.18935955049393463}, {'n_estimators': 30, 'max_depth': 3, 'min_samples_split': 10, 'min_samples_leaf': 10, 'learning_rate': 0.38049549182685527}]

Optimal clusterer: kmeans

External clustering metrics:
adjusted_rand_score: 0.06360177668313445
normalized_mutual_info_score: 0.08526802123100305
v_measure_score: 0.08526802123100305
fowlkes_mallows_score: 0.6723285291542139

Internal clustering metrics:
silhouette: 0.2396582806200445
davies_bouldin: 0.6830200498711475
calinski_harabasz_score: 6.223611183496588

Base classifier: gb
========== Cluster 0 ==========

Labels: [1 0 0 0 0 0 0 1 0 1 1 0 0 0 1 0 0 0 1 0 0 0 0 1 0 0 0 0 0 0 0 0 0 0 0 0 1
 1 1 0 0 1 0 0 0 1 1 0 0 0 0 0 0 1 0 0 0 0 0 1 1 0 1 1 0 0 0 0 0 1 1 1 0 0
 0 1 0 0 1 1 0 1 0 0 1 1 0 0 0 1 1 0 1 0 0 0 0 0 0 0 0 0 0 0 0 0 0 0 0 0 1
 1 0 0 0 0 0 0 0 0 0 0 1 0 0 0 0 0 0 0 0 1 0 0 0 1 0 1 0 0 1 0 1 0 1 0 0 0
 0 0 1 1 0 1 1 0 0 0 0 1 0 0 0 0 0 1 0 0 0 1 0 0 0 0 1 0 1 0 0 1 0 0 0 1 1
 0 0 0 1 0 0 0 1 0 0 0 0 1 0 0 1 0 0 1 1 0 0 1 0 1 0 0 1 0 0 0 0 0 0 0 1 0
 0 0 0 0 0 0 0 1 0 0 0 0 0 1 0 0 0 0 0 0 0 1 1 1 0 1 0 0 0 0 0 0 0 1 0 0 0
 0 0 0 0 0 1 0 0 0 0 0 0 0 0 0 0 0 1 0 1 1 0 0 0 0 1 1 0 0 0 0 0 0 1 1 0 1
 1 1 1 0 0 0 0 1 1 1 0 1 0 0 0 0 0 1 0 0 0 0 0 0 0 0 1 0 0 1 1 0 0 0 0 1 0
 0 0 0 1 1 1 1 0 0 0 0 1 0 0 1 0 1 0 0 0 1 1 1 0 0 0 0 0 1 1 1 0 0 0 0 1 0
 0 0 0 0 1 0 1 1 0 1 0 1 1 1 0 0 0 1 0 0 0 1 0 1 0 0 0 0 0 1 0 1 0 1 1 0 1
 1 0 0 1 0 0 0 0 1 0 0 0 1 1 1 0 0 0 0 0 0 0 0 0 0 0 0 0 0 0 0 0 0 0 0 0 0
 0 1 1 0 1 0 1 0 0 0 0 1 0 0 0 0 0 0 0 1 0 0 1 0 1 0 0 0 0 0 0 0 0 0 0 0 0
 0 0 1 0 0 0 0 0 0 1 0 1 0 1 1 0 0 0 0 1 1 0 0 0 0 1 0 1 0 1 1 0 0 0 0 0 0
 0 0 0 0 0 1 1 1 0 1 0 0 0 0 0 1 0 1 0 0 0 0 1 0 0 0 1 0 0 1 0 0 0 0 1 0 0
 0 0 0 1 0 0 0 0 0 1 1 1 1 1 0 0 0 0 0 1 0 0 0 1 0 0 0 1 0 0 0 0 1 1 0 0 0
 0 0 0 0 0 0 1 0 0 1 1 0 0 0 0 0 0 0 0 0 0 0 0 0 0 0 0 1 0 1 0 0 1 0 0 0 1
 1 1 0 0 0 0 0 0 1 0 0 0 0 0 1 0 0 0 1 0 0 1 1 0 0 0 0 0 1 0 0 0 1 0 0 0 0
 0 1 1 0 1 0 1 0 0 0 0 1 0 0 0 0 0 0 0 0 1 1 0 0 1 1 1 0 0 0 1 0 1 0 0 0 0
 0 0 1 0 1 0 0 1 1 1 0 0 0 1 0 1 1 0 0 1 1 0 0 0 1 0 0 0 1 0 1 0 0 1 0]

========== Cluster 1 ==========

Labels: [0 0 0 0 1 0 1 0 0 1 0 1 0 1 0 0 0 0 0 1 1 0 1 1 0 0 0 1 0 0 1 1 1 1 1 0 1
 0 1 0 1 1 1 0 0 0 0 1 0 0 0 1 1 0 0 1 0 0 0 0 1 1 0 1 0 0 1 1 0 0 0 0 0 1
 0 1 0 0 0 0 0 0 0 1 0 0 1 1 1 1 0 1 1 1 0 1 1 1 0 0 1 0 0 0 0 0 0 0 1 1 0
 0 0 0 1 0 1 1 0 0 1 0 0 0 1 1 0 1 1 0 0 1 0 0 0 1 0 0 0 0 0 1 1 0 0 0 1 1
 0 1 1 0 1 0 0 0 0 0 1 0 1 0]

