============== Classifiers Parameters ==============
[{'cost': 918.6613254500691, 'gamma': 502.06981266036087}, {'cost': 54.324046606483336, 'gamma': 295.24323159845545}, {'cost': 164.4207083713438, 'gamma': 441.2057859923985}, {'cost': 233.43319008447565, 'gamma': 731.1301888130981}, {'cost': 783.9268171441545, 'gamma': 9.95311931877839}, {'cost': 513.2387169556049, 'gamma': 831.3864106775599}, {'cost': 796.3544853891084, 'gamma': 479.4879294520472}, {'cost': 691.2471000114624, 'gamma': 945.4873494570771}, {'cost': 967.1793413226239, 'gamma': 793.9892694478237}, {'cost': 518.884038866963, 'gamma': 194.71870952787287}]

Optimal clusterer: kmeans

External clustering metrics:
adjusted_rand_score: -0.003770373321790831
normalized_mutual_info_score: 0.003762776589613061
v_measure_score: 0.003762776589613061
fowlkes_mallows_score: 0.7576870374224469

Internal clustering metrics:
silhouette: 0.028334606224660434
davies_bouldin: 1.242909270195605
calinski_harabasz_score: 3.1315471519247597

Base classifier: svm
========== Cluster 0 ==========

Labels: [0 0 0 1 0 0 0 1 1 0 0 0 0 0 0 1 0 1 0 1 1 0 0 0 1 0 0 0 1 1 0 0 0 0 1 0 0
 1 0 0 0 0 1 1 0 1 1 0 1 1 0 0 0 0 0 0 1 1 0 1 1 0 1 1 0 1 0 0 0 0 0 1 0 0
 0 0 1 0 1 0 0 1 0 0 0 0 1 0 0 0 0 0 0 0 1 1 0 0 1 1 1 1 0 1 0 0 1 1]

========== Cluster 1 ==========

Labels: [0 0 0 0 0 1 0 0 1 0 0 0 0 0 0 0 0 1 0 0 0 0 0 0 0 0 1 1 1 1 0 0 0 0 0 0 1
 0 0 0 0 0 0 0 0 0 0 0 0 1 0 0 0 0 0 1 0 0 0 1 0 0 1]

========== Cluster 2 ==========

Labels: [1 0 0 0 1 1 0 0 0 0 1 0 0 0 1 0 1 1 0 0 0 1 0 1 1 1 1 1 0 0 0 0 0 1 0 0 0
 1 0 0 1 0 0 1 0 0 0 0 1 1 1 0 1 1 0 0 1 1 0 0 0 0 0 0 0 0 0 1 0 0 1 1 1 0
 0 1 0 0 1 1 0 0 0 0 0 0 1 1 0 0 0 0 0 0 1 1 0 0 0 0 1 0 0 0 0 1 0 0 1 1 1
 1 1 1 0 0 1 0]

========== Cluster 3 ==========

Labels: [0 0 0 1 0 1 0 1 0 0 0 0 0 0 0 0 1 0 0 1 0 0 0 1 0 1 0 0 1 0 1 0 0 0 0 0 0
 0 0 0 0 0 1 0 0 0 0 0 0 1 0 0 0 0 0 0 0 0 0 0 0 1 0 0 0 0 0 0 0 0 1 0 0 0
 0 1 0 0 0 0 1 0 0]

========== Cluster 4 ==========

Labels: [0 0 1 1 0 1 0 1 0 1 0 0 1 1 1 0 1 0 1 0 0 0 0 0 0 0 0 1 1 1 1 1 0 0 0 1 1
 1 1 1 0 1 0 0 0 0 0 0 0 0]

========== Cluster 5 ==========

Labels: [0 0 1 0 0 0 1 0 0 1 0 0 1 0 0 0 0 0 0 0 0 0 0 0 1 0 0 0 0 0 0 1 0 0 0 0 0
 0 0 0 0 0 0 0 0 0 0 1 0 0 1 0 0 0 0 0 0 0 0 0 0 1 0 1 1 0 0 0 0 0 1 1 0 0
 0 0 0 0 0 0 0 0 0 0 0 1 1 0 0 1 0 0 0 0 0 0 0 0 0 0 0 0 0 0 0 1 0 1 0 0 0
 0 0 0]

========== Cluster 6 ==========

Labels: [0 0 1 0 0 0 1 0 0 1 0 0 1 0 1 1 1 0 1 0 0 0 1 1 0 0 0 1 0 0 1 1 0 0 1 1 1
 0 1 1 1 1 0 0 0 0 0 1 0 0 0 1 0 0 0 0 0 1 0 0 0 0 0 0 1 0 0 1 0 1 0 0 1]

========== Cluster 7 ==========

Labels: [0 0 0 0 0 0 0 0 0 0 0 0 0 0 0 1 0 1 0 0 0 0 1 0 0 1 0 1 0 0 0 0 0 0 1 0 1
 1 1 0 0 0 0 1 0 1 0 0 0 1 0 0 0 0 1 0 0 0 0 0 1 0 0 1 0 0 1 0 0 0 0 0 0 0
 0 0 0 0 0 0 0 1 0 0 0 1 1 0 0 0 0 0 0 0 0 1]

========== Cluster 8 ==========

Labels: [0 1 1 1 0 0 1 0 0 1 0 0 1 0 0 0 1 1 0 1 0 0 1 0 1 0 1 0 0 0 1 0 0 0 0 0 0
 0 0 1 0 0 0 0 1 0 0 0 0 0 1 0 1 1 0 0 0 1 0 0 0 0 1 0 0 1 1 0 0 0 1 0 0 1
 1 0 0 0 0 1 0 0 1 1 0 0 1 0 0 0 0 0 1 0 0 0 1 1 0 1 1 0]

========== Cluster 9 ==========

Labels: [1 0 0 0 0 1 0 1 1 0 1 0 0 0 1 1 0 0 0 0 1 1 0 0 0 1 0 0 0 0 0 1 1 0 1 0 0
 0 0 1 1 1 0 0 1 0 1 1 0 1 1 0 1 0 0 0 0 0 1 0 0 0 1 0 1 0 0 0 1 0 1 1 1 0
 1 1 0 0 1 0 1 1 1 1 1 0 0 0 0 1 1 1 0]

