============== Classifiers Parameters ==============
[{'n_estimators': 494, 'max_depth': 5, 'min_samples_split': 10, 'min_samples_leaf': 8, 'learning_rate': 0.6619254893984109}, {'n_estimators': 161, 'max_depth': 5, 'min_samples_split': 10, 'min_samples_leaf': 8, 'learning_rate': 0.25818614284844366}, {'n_estimators': 163, 'max_depth': 4, 'min_samples_split': 4, 'min_samples_leaf': 9, 'learning_rate': 0.6554436335773028}, {'n_estimators': 35, 'max_depth': 7, 'min_samples_split': 7, 'min_samples_leaf': 9, 'learning_rate': 0.2385520859266842}, {'n_estimators': 47, 'max_depth': 9, 'min_samples_split': 4, 'min_samples_leaf': 3, 'learning_rate': 0.384115134929094}]

Optimal clusterer: kmeans

External clustering metrics:
adjusted_rand_score: 0.05498876472943465
normalized_mutual_info_score: 0.08582092427516508
v_measure_score: 0.08582092427516508
fowlkes_mallows_score: 0.6757130724310761

Internal clustering metrics:
silhouette: 0.23632937685155608
davies_bouldin: 0.6587166717225267
calinski_harabasz_score: 6.166946382300248

Base classifier: gb
========== Cluster 0 ==========

Labels: [1]

========== Cluster 1 ==========

Labels: [1 0 0 0 0 0 1 0 1 0 0 0 1 0 1 0 0 0 1 0 0 0 0 0 1 1 0 1 0 0 0 1 0 0 0 0 1
 1 1 0 1 0 0 0 0 1 1 0 1 0 0 1 0 0 0 1 0 0 0 0 0 1 0 0 0 1 0 1 1 1 0 1 0 0
 1 1 1 0 0 0 0 0 0 0 0 0 0 0 0 0 0 1 0 0 0 0 1 1 1 0 1 1 0 1 1 0 0 0 1 0 1
 0 0 0 1 0 1 0 0 0 1 0 0 0 0 0 0 1 0 1 0 0 0 0 0 0 0 0 1 0 0 1 1 0 1 0 0 0
 1 0 0 0 0 0 1 0 0 0 0 0 0 1 0 0 1 1 0 0 0 0 0 1 1 1 0 0 0 0 0 1 0 0 1 0 0
 1 1 1 0 1 0 0 1 1 0 0 0 0 0 1 1 0 0 1 1 1 1 1 0 1 0 1 1 0 0 1 1 0 0 1 0 0
 1 0 0 0 1 0 1 1 0 0 0 0 1 0 0 1 0 1 0 0 0 1 1 1 0 1 1 0 1 1 1 0 0 0 0 0 0
 0 0 1 0 0 1 0 0 0 1 1 0 0 0 0 0 0 0 0 1 0 0 0 0 0 1 0 0 0 0 0 0 0 0 0 0 1
 0 0 0 1 0 1 1 1 0 0 1 1 0 1 1 1 0 1 0 0 1 1 0 0 0 1 1 1 1 0]

========== Cluster 2 ==========

Labels: [0 1 1 1 1 1 1 1 0 0 0 1 0 1 0 0 0 0 1 0 0 0 1 1 0 1 0 0 0 0 0 1 0 1 0 1 1
 1 0 0]

========== Cluster 3 ==========

Labels: [0 1 1 0 1 0 1 1 0 1 1 0 1 0 1 1 1 1 1 0 1 1 1 0 1 1 0 0 1 0 0 1 0 1 0 0 1
 0 0 1 1 0 1 0 1 1 1]

========== Cluster 4 ==========

Labels: [0 0 0 1 0 0 0 0 1 0 0 0 1 0 0 0 0 1 0 0 0 0 0 0 0 0 0 0 0 0 1 0 0 1 1 0 0
 0 0 0 0 0 1 0 0 1 0 0 1 0 0 0 1 0 0 0 0 0 0 0 0 0 1 1 0 0 0 0 1 0 0 0 1 0
 0 1 0 0 1 0 0 0 0 1 0 0 0 0 0 0 0 0 0 0 0 0 0 0 0 0 0 0 0 0 1 1 1 0 0 1 1
 0 0 0 1 1 0 0 0 0 0 0 1 1 0 0 0 0 0 0 0 1 0 0 0 0 0 0 1 0 0 0 0 1 0 1 0 0
 0 0 0 1 1 0 1 0 0 0 0 1 0 0 0 0 0 1 1 0 0 0 0 0 1 0 1 0 0 1 0 0 0 0 1 0 0
 0 0 1 0 0 1 0 0 1 1 0 1 0 0 1 0 0 0 0 0 0 1 0 0 0 0 0 1 0 0 0 0 0 0 0 0 1
 0 1 0 0 0 0 0 0 0 0 0 0 0 0 1 0 0 0 0 0 0 0 0 1 0 0 0 1 1 0 0 0 1 1 1 1 0
 0 1 1 1 1 0 0 0 0 0 0 0 1 0 0 0 1 0 0 0 0 0 0 0 0 0 0 1 1 0 0 1 1 0 0 0 0
 1 0 0 0 1 0 0 0 0 1 0 1 1 0 0 1 1 1 0 0 0 1 0 0 0 1 0 0 0 0 0 1 1 0 0 0 0
 0 1 0 0 0 1 1 1 0 0 0 0 0 0 0 0 0 0 0 0 0 0 0 0 0 1 0 0 0 1 0 0 0 0 0 0 0
 0 0 0 0 0 0 0 0 0 0 0 0 0 0 0 0 0 1 0 0 0 0 1 0 0 0 0 0 0 0 0 0 0 0 0 1 1
 0 1 0 0 0 1 1 0 0 0 0 0 0 0 1 0 0 0 0 1 1 1 1 0 0 1 0 0 0 0 0 0 0 0 0 1 0
 0 0 0 0 0 0 0 0 1 0 1 1 0 0 1 0 0 0 0 0 0 0 0 0 0 0 1 0 1 1 0 0 0 0 1 0 0
 0 0 0 0 0]

