Clustering algorithm selected: fcm
=====================================

Clustering evaluation metric: dbc
Clustering evaluation value: 0.489299300881963

========== Cluster 0 ==========

Base classifier: SVC(probability=True)

Minority Class: 1

Selected Features: [216  40 224 221  58 136  50 135   1 213 172 133   5 200 107 214  89  95
 210  38   4 139  77 142 141 191 154 164 215  47  75 204  13 201 155 183
  93  88  87  69   6 108 198 159   3  80 180 167 153 170  81 199  11 174
 110   0 186 127 109  16 137   7  66 178 146 187  60  51 102 205 131 157
 145  25  27 161  42  17 101  28   8 171 193  99  19 150 179 100  65 121
  94 169  83  12 140  10 160 212  79  33  90 147  21 177 223 197 219 119
  41 105  39  76 138 220   9  22 163  82 203  36  35 148 184 207  48 122
 103  86 192  64  15  23  74 208 222 218 217 152 151 158 156 168 166 165
 162 176 181 175 182 188 189 190 185 173 209 211 206 202 196 194 195 128
 129 130 132 134 143 149 144  91  92  84 106 104  78  72  85 112 113 114
 115 116 117 118]

Labels: [1 1 0 0 1 1 0 1 1 0 1 0 0 1 1 0 0 1 1 1 0 0 1 1 0 0 0 1 0 1 0 1 1 0 0 0 0
 0 1 0 1 0 0 0 1 0 1 0 1 1 1 0 0 0 1 1 1 0 1 1 1 1 0 0 0 0 0 1 1 1 0 0 0 0
 0 0 1 0 1 0 0 0 0 1 1 1 1 1 0 1 1 1 1 0 1 0 1 1 1 0 0 1 0 1]

Synthetic samples indexes: [ 0  1  4  7  8 10 18 22 27 29 32 38 46 48 50 54 55 59 61 67 68 69 84 85
 86 87 89 90 92 94 96 97]

========== Cluster 1 ==========

Base classifier: SVC(probability=True)

Minority Class: 1

Selected Features: [  0 214 211 141 216   3 140 217 166 145   7 172  32 219 135 144  79 220
  25   9  19  18 143  34 222   6 116   4  40 204 115 209  86 210 201  43
  17 191 151  61 157 113  16   1 224 223  11  22  74 221 177 126  47  13
  88 194 122  10  81 175 162 128 152 125  84 202 213  20   2 119 208 136
  38 120 106 123 138 178 185  14 142 165  72 193  27  66 159 134 154 195
  46 139 167  37  36  50 188 200  58 158  83   8 206  59  28  21 168 156
  70 161 176  42  48 218  26 121 212  65 207  51 180 137 130 109 169 173
  41 198 105  29  75 160  24  31  45 132 146 153 155 182 174 171 170 164
 147 190 183 179 181 189 187 186 184 196 215 203 205 199 197 192 163 129
 131 133 150 148 149  78  77  64  67  69  68  71  87  82  80  94  93  95
  89 108 110 107 104 103 102 101 100]

Labels: [0 1 1 0 0 1 0 0 0 1 0 1 0 0 1 1 1 1 0 1 0 1 0 1 1 0 1 0 0 0 0 1 0 0 0 1 0
 1 0 1 1 1 0 1 0 0 1 0 1 1 1 1 0 1 1 0 1 0 0 0 0 1 1 1 1 1 0 0 0 1 0 0 0 1
 1 0 0 0 0 0 0 0 1 0 0 1 1 0 0 0 1 1 0 1 1 1 0 1 0 1 1 0 0 0 1 1 1 0 1 1 1
 0 0 1 1 1 1 1 1 0 0 0 0 1 1 1 0 0 0 0 1 1 1 0 1 0 0 0 0 1 1 1 1 1 1 1 0 0
 1 0]

Synthetic samples indexes: [  5  11  14  15  19  21  23  26  31  37  39  40  41  43  48  49  50  51
  54  61  63  64  65  69  73  74  82  85  86  90  93  94  95  99 100 104
 105 106 108 109 113 114 116 117 118 123 124 132 139 141 142 143 144 145
 148]

========== Cluster 2 ==========

Base classifier: SVC(probability=True)

Minority Class: 1

Selected Features: [206   3 218  56 216  80 145 118 209 121 146 111  70  26  10  77 214   6
 220   8 143  54  60 185  35  74 136 169 186   1 213  16  13 176 115 200
  17 182 130 211 204 198 197   2 224  94 174  28 188 156 208 166 223  23
  52 221 133 161 193  84 167  39 191 100  37  76 109 201 177 168 189 158
  14 152 131 183 126 195   9 105  96 215  49  45  68  34  72 120 140  85
 144 132 160  65 108 107 207 165  98 101  30 117  86 139 175  18  27 119
 151 153 154 155 137 128 129 134 135 141 142 138 180 179 170 173 172 171
 164 162 163 210 203 205 202 222 212 219 217 196 199 194 192 148 149 150
 147 159 157 181 178 187 190 184 106  97  99 102 103 112 113 114 116  64
  66  67  69  71  78  75  73  79  89  90  91  87  83  82  81  92  93  95
  88 124 125 122 123 127 104 110  59  57  61  62  58  32]

Labels: [1 1 1 0 1 0 1 0 0 1 0 0 1 0 1 1 1 1 0 1 0 1 0 1 0 0 0 1 1 1 0 0 0 1 0 0 0
 1 1 0 1 0 0 1 1 1 1 0 0 1 1 0 0 1 0 0 0 0 1 1 0 0 1 1 0 0 0 0 0 1 1 0 1 1
 0 0 1 1 1 0 0 1 1 0 0 1 1 0 1 1 1 0 1 1 0 0 1 0 1 0 1 0 0 0 1 1 0 1]

Synthetic samples indexes: [  2   9  12  16  19  27  33  38  43  44  45  50  53  62  69  72  73  77
  81  82  86  88  89  90  92  93 105 107]

========== Cluster 3 ==========

Base classifier: SVC(probability=True)

Minority Class: 1

Selected Features: [  3   8 188 216 221   4 219  56  60 224  70 121  27  67  54 137 190 127
 205  92 160 111 195 124 144  18 214 154 196  30  53   0  40  41  78 140
  24 162   1 193  66 107  55  65 143 174  39 202  73   6  25 218 145 178
  91  64  13  12 206  26 212  50 208 141 133 136 149 215 192 109 171 129
 105 138  87 142 180 135 139 210 148 102  71 159   9  45  59  47  51 203
 155  46 112  22 119 204 101 181 128  74 146  28 184 117  14 130  72   5
 126  19  16 132  82  32 151 118  96  99  15 194 134 185 209 213 191  37
 186 158 153 211 222 207 217 223 220 150 147 168 169 167 166 164 189 187
 182 176 177 179 183 172 170 173 175 163 165 161 201 200 197 199 198 131
 152 157 156  69  68  94  95  88  89  85  86  84  83  81  80  90  93 115
 116 125 123 122 120 104 106 110 108]

Labels: [1 0 0 0 1 1 0 1 0 1 0 0 1 1 0 0 1 0 0 1 1 0 1 1 1 1 1 1 1 1 0 1 0 0 1 0 1
 0 0 0 1 0 1 0 0 0 1 1 0 1 0 1 0 1 0 0 1 0 0 1 1 0 0 0 1 0 0 0 0 1 1 0 1 1
 0 0 0 0 0 1 1 1 0 1 0 0 1 0 1 0 1 1 1 1 0 1 0 0 0 1 0 0 1 0 0 1 0 1 1 1 1
 0 0 0 0 1 1 0 1 1 1 1 1 0 1 1 0 1 0 1]

Synthetic samples indexes: [  0   4   7  20  22  25  26  27  28  29  31  36  40  42  46  47  53  56
  59  60  70  73  80  83  86  88  90  91  93 102 105 107 108 109 110 115
 120 121 127]

========== Cluster 4 ==========

Base classifier: SVC(probability=True)

Minority Class: 1

Selected Features: [  3 195 204 136 139 166   0  39 216  52   9 129  37 208  86  25 145 141
 207  41 193 223   1 135  58  90  93 214 220 127  31  67 179  61 140  80
 168  85 107 205   5 138  48  77 170 101 201 146  33 215 118  18 200 143
 115 221  27   6 144 219  12  57  56 181  30 150  73 123   2 222 174 217
 209 164 213  83  55 104 117 147 167  94 199  34  59  49 154 211  47 171
   8  91 203 134 122  21 187 202 224  70 131 192 112  38  40  15 169 162
  89 156 212  78  71 116  10  36 119 190 206 188 163   4 106 175  84  74
  65  50  11  51  14  76  29  60 124 198 218 196 197 210 157 159 148 149
 160 176 177 178 180 183 182 185 184 191 189 186 172 173 165 161 194 128
 130 133 132 142 137 151 158 152 153 155  95  82  98 126  92 113 114 121]

Labels: [1 1 0 1 0 0 0 0 1 1 1 0 0 1 0 0 0 0 0 1 1 1 0 1 0 0 0 0 0 0 0 1 1 0 1 0 1
 0 1 1 0 1 1 0 1 0 0 0 1 0 1 1 0 1 1 1 0 1 1 0 0 0 1 1 1 1 0 1 1 0 0 0 0 0
 1 1 1 0 0 1 1 0 1 0 1 1 0 0 0 0 1 0 0 0 0 1 1 0 1 0 0 0 1 0 0 1 1 1 1 1 1
 1 1 1 1 0 0 1 0 1 0 0 1 0 1 1 1 0 1 1]

Synthetic samples indexes: [  0   9  20  21  31  32  39  41  44  48  50  53  54  55  57  58  62  63
  74  76  79  80  95  98 102 105 106 108 111 113 117 125 126 128 129]

========== Cluster 5 ==========

Base classifier: SVC(probability=True)

Minority Class: 1

Selected Features: [214 142 110 117 141 147   3  22 131  92  99  64 168  53 118  89 200 219
 144 145 143   9  62 208 162 224 132  17  29  65 146  80 191  72 138  58
 197  82 153  81 159 207 201  57 126 107 103 104 134  48  31 125 211 106
 217  55  13   1 114 178  71  39 177  88 212 176 199  46 122 101 130  50
 175 112 121 123 221 139 216  54 157  42 190  59 174  85  49 161  40 222
  93 210  18 181 215  30  35 105 129 149 182  90 223 180 163  44  19 158
 165  86  24 135 119  34 150  98  91 128 133 137 151 152 156 155 136 140
 154 148 192 203 213 220 218 209 205 204 206 198 202 196 172 164 166 167
 184 179 183 189 188 187 186 185 173 169 170 171 160 195 194 193  96  67
  66]

Labels: [1 1 1 1 1 0 0 1 1 0 0 0 0 1 1 0 1 0 0 0 1 1 1 0 0 1 0 0 1 0 1 1 1 0 1 1 1
 1 1 0 1 0 0 1 1 0 0 1 0 0 0 1 1 0 1 0 0 1 0 0 1 0 1 0 0 1 1 0 0 1 0 1 1 1
 1 1 1 1 0 1 0 1 0 0 1 0 1 0 1 0 1 0 1 1 0 0 1 0 0 1 0 0 1 0 1 0 1 0 1 0 0
 0 0 0]

Synthetic samples indexes: [  0   2   8  16  20  21  22  28  38  40  43  51  54  71  72  73  76  77
  79  86  90  92  93  96 106]

========== Cluster 6 ==========

Base classifier: SVC(probability=True)

Minority Class: 1

Selected Features: [  0 216   3 140 141 214 142 137  55 104 201 206   7 170   6 159 215  23
 135 219  16 224  36  17 217 204   8  33  29 183  66   1 144  68 103  44
 211 186 192 172 147 157 136 175 189   4 109  89 220  40 100 138 149 218
  18  59 181  41 202  97 134 101 154 122 155  47  12  27   2 223  80 174
 139 176 179 200 208  22  82 163  50 210 143  28  25  69 145 184 132 185
 178  51  37 162 116  67 129  61  35  64 150  21 111 222  46 196 130 158
 108  53 127  63 106 195  32  56 114 164 221   9  77 128 131 133 153 197
 198 194 193 203 209 213 212 152 151 148 146 156 169 171 167 165 166 161
 160 177 180 182 187 188 190 191 173 168 205 207 199 112 113 121 118  65
  71  70  76  75  74  73  72  79  78  87  86  84  85  83  81  94  93  91
  92  95  88  90]

Labels: [1 0 0 0 0 1 1 1 0 1 0 0 1 0 1 1 0 0 1 1 1 0 1 1 0 0 0 1 0 0 1 0 0 1 1 1 1
 0 0 1 1 0 1 1 0 1 0 1 0 1 1 1 1 1 0 0 0 0 0 0 0 1 1 0 1 0 0 0 0 1 0 0 1 1
 0 0 0 1 1 1 0 1 1 0 0 0 1 1 1 0 1 1 1 0 1 1 0 1 0 0 0 1 0 0 0 0 0 0 0 0 0
 1 1 0 0 0 1 0 1 1 1 1 1 1 1 0 1 1 1 1 0 0 0 1 1 1 0 1 1 0]

Synthetic samples indexes: [  0   5   7   9  12  14  15  18  19  22  27  30  33  36  45  47  61  62
  72  73  77  78  81  91  92  94  95  97 101 111 112 116 119 120 121 122
 123 127 129 133 134 135 137 138]

========== Cluster 7 ==========

Base classifier: SVC(probability=True)

Minority Class: 1

Selected Features: [156 165 176 216 201 212 199  37 224 107 214   4 221 218 204 215 140   6
 222 152 182  56  10 162 168  55  16  44  93 151 164   3 138 202 119  53
 210 189  71 177  88  23 223  81  41   1 174  91  97 203  15 146 137 139
 200  68 183 124 219 169  85 136 205 143  32 131   0 193  18 188 144  98
  83 109  12 110 206  89 112 127 145   5 220 113   8 157  78  57  36 173
  45  13 170  35  43  54  50 128 172 160 111 171 207 149  20  59  26  46
 147  25   7 141  14 116 213 197 123  87  60 132  69 129 130 134 133 135
 195 194 192 208 209 211 198 217 142 148 150 158 153 155 159 154 166 163
 161 191 178 179 180 187 186 185 184 167 190 181 175 196 114 118 117  64
  65  66  67  70  74  73  72  76  77  79  75  84  86  82  80  92  94  95
  90 125 122 108 106 104 105 103 102 100 101  99  96 126 120 121 115  42
  47  40]

Labels: [0 0 0 1 1 1 1 0 0 1 1 1 0 0 1 1 0 1 1 1 1 1 1 1 0 1 0 0 0 1 0 1 0 0 0 0 1
 1 0 1 0 1 0 1 1 0 1 0 1 0 0 1 0 0 1 0 1 0 1 0 1 0 1 0 0 0 0 0 1 1 1 0 1 0
 1 1 0 0 1 0 0 1 1 0 1 0 1 1 0 1 0 1 0 0 0 1 0 1 0 0 0 1 1 0 0 1 1 1 0 1 1
 0 0 1 1 1 1 1 0 1 0 0 0 0 1 0 1 0 0 1 1 0]

Synthetic samples indexes: [  3   5   9  10  15  18  20  22  29  31  36  46  54  58  60  62  68  70
  74  75  81  82  84  86  91  95  97 101 105 113 117 119 124 126 129 130]

========== Cluster 8 ==========

Base classifier: SVC(probability=True)

Minority Class: 1

Selected Features: [144 153   3 201 177  90 208 119  11 219 196 154 189 167 121  65 156 162
  83 131 135   5 138 204 200  86  82  76 215 216  20  31 202   2  18 212
 130 213 101  53  94 214  61 198  80 140 134 136  24 163 172  92  79  19
  23 141  30  17  48 103  54  68  67 129 149  78  39 209  10  62  89   9
  58  50  99  56  66 132   0  38  87 150 128  27   6  15 224 169 221 192
  43 145 164 155  22  36 111  46   1 118  93  40 123 223 186  29  34 217
  71 142 182  69 176 207  63  88 165 180 108 112  75  97  59 171  73 197
 159 152 147 211 203 206 205 222 210 220 218 199 195 158 157 175 166 190
 191 179 178 183 181 188 187 185 184 168 170 174 173 161 160 194 193 133
 143 139 137 148 151 146  84  91  95 106 122]

Labels: [1 1 0 1 0 1 0 0 0 0 0 1 1 1 0 0 0 0 0 0 1 1 1 1 0 0 1 0 0 1 1 1 0 0 1 1 1
 1 0 1 0 1 0 1 0 0 1 0 1 0 1 0 1 1 1 0 0 0 0 0 1 1 1 0 1 1 0 1 1 1 0 0 1 0
 0 1 0 0 0 1 0 0 0 0 0 1 0 1 1 0 1 1 1 0 0 1 0 1 0 0 0 1 1 1 1 0 0 1 1 0 1
 0 1 1 1 0 1 1 0 1 1 0]

Synthetic samples indexes: [  0   3  12  13  22  26  29  31  34  39  43  46  48  52  54  62  65  68
  69  87  88  92  95  97 101 104 108 112 113 120]

========== Cluster 9 ==========

Base classifier: SVC(probability=True)

Minority Class: 1

Selected Features: [  3 177   0 216  65 138   8 190 194 200 159 140 219 214 126 205 218 201
 127 134 128  35 113 213 174 197 182  20  47  98  28  38 163 211  15  70
 136  34  92  14  13 151 135 141  31 146 137 145  19  22  41 208 142  32
  74  80 152 122 157 100  64  89 215 139  18 104 169 179  54 155 118 198
 217  60 162 204 133  84 170 117 221  40  57  63  16 119   4  52  62 193
 220 224 143 195 148  86 150  77 121  88 176 158 192 206  73  82 212 161
 168 149 154 223   5  29 165  10 209  99  11  95 116 129 131 210 207 203
 202 196 199 222 130 132 144 153 156 147 184 171 175 173 172 164 191 189
 188 178 183 181 180 187 186 185 160 167 166  96 114 112 123 125 124  67
  66  69  68  71  78  75  72  79  76  94  93  85  87  83  81  90  91 115
 120 108 111 109 110 105 106 107 103 101 102]

Labels: [1 1 1 1 1 0 1 1 0 0 0 0 0 1 0 0 0 1 1 1 1 1 0 1 0 0 1 0 0 0 1 0 1 0 0 1 0
 0 0 0 0 1 1 1 1 0 1 0 0 0 1 1 0 0 0 0 1 0 0 0 1 1 0 1 0 0 1 0 1 0 0 0 1 1
 0 0 1 0 1 0 1 1 1 1 1 0 0 0 1 1 0 1 1 1 0 1 1 1 0 1 1 1 0 0 0 0 0 1 1 0 0
 1 1 1 0 1 0 0 1 1 1 1 1 0 1 0 1 0 1 0]

Synthetic samples indexes: [  0   2   3   6   7  17  18  19  23  30  35  42  43  44  60  61  66  72
  73  78  81  82  84  92  93  95  96  97 100 108 111 115 119 120 122 126]

