Clustering algorithm selected: fcm
=====================================

Clustering evaluation metric: dbc
Clustering evaluation value: 0.4908549053708976

========== Cluster 0 ==========

Base classifier: SVC(probability=True)

Minority Class: 1

Selected Features: [214   3  28 136 224 206 216 144   0   6 120 141   8 151 143  35 157 194
 158 213 204  22 155  59  71 200  29 215  40  21 221 222 150 217  93 149
   1 100 177 201 123  67  64  54 131  89 176  39  68 147   9 191  94 115
   5  14  52  78  80  84 106 163  79 202 124 220 135 209 189  12 196 119
 219  91  98 140 210 166  69  32  90 190 138  56 145 132  27  72 183 101
 171  17  61  18  26 105 139 212  10 207 205  15 173  65 137 126 127  51
 152  37  58 111 121  73 112 175  76  36 142  11 165  49  33 116 223  92
  34  46   2  57 104  16 130  97 178 198 102 208 211 203 199 197 218 184
 188 179 182 181 180 187 186 172 174 168 169 161 160 162 195 193 192 128
 129 134 133 153 154 148 146 159 156 170 167 164 185  88  95 113 110 109
 114 125 122 118 117 107 108  86  87  85 103  99]

Labels: [0 1 0 0 0 1 1 1 0 0 0 1 1 1 1 1 1 1 1 0 0 1 0 0 1 1 0 0 1 1 0 0 1 1 1 1 0
 1 0 0 1 0 0 1 0 0 1 0 1 1 0 0 0 0 0 1 0 1 1 0 0 1 1 1 0 1 1 1 0 0 1 1 0 0
 1 0 1 0 0 0 0 0 0 0 0 0 1 0 0 1 1 1 1 0 0 1 1 0 0 1 1 0 0 0 1 1 0 1 0 1 0
 1 1 0 0 1 1 1 1 1 1 0 0 0 1 1 1 0 1 1 1 0 1 0 0 1 1 0 0 0 0 0 1 0 1 0 1 0
 0 0 1 1 1 1 1 1 0 0 0 1 0 1]

Synthetic samples indexes: [  1   6  11  12  15  16  17  18  21  25  28  32  33  34  37  43  46  48
  49  55  57  58  62  63  66  67  70  71  74  86  89  90  91  92  95  96
  99 100 105 107 109 111 112 115 116 117 118 120 124 129 132 144 146 150
 153 154 155 161]

========== Cluster 1 ==========

Base classifier: SVC(probability=True)

Minority Class: 1

Selected Features: [134 198 216 136 200  72 204  87 106  21   3 149 117 220 141  79 140 169
  55 165 143 159 108 176 146 110 175 103 223 102  67 144 185 153 125   2
 205  18 196 197  94  59 177 224 107 119 195 155 219 123  13  26  42 113
  30 166 145 111 114 221 199 101 201 174  12  25   8 202 215 193 130 214
 181  23  43 100  40 131 208  95  45 150   0 142 126 137 135 148   5 127
 191  41  57  77  88 120  64  36  33 157 147 170  54 132  38  61  27  34
 209  70  76 183  91  32  52 128   7  37  97 160 151  29  47 138 133 152
 154 158 139 211 210 213 212 218 222 217 156 168 171 173 167 164 184 189
 190 179 178 182 180 188 187 186 172 162 163 161 206 203 207 194 192 129
  65  69  68  71  75  74  73  78  86  85  84  83  82  81  80  93  90  92
  89 122]

Labels: [1 0 1 1 1 0 1 1 0 1 1 1 1 0 0 0 0 1 0 0 1 0 0 1 1 1 1 0 1 0 1 0 0 0 1 1 0
 0 1 0 1 0 0 1 1 0 1 1 0 0 1 0 1 0 1 0 0 0 0 1 0 0 1 1 1 1 1 0 1 0 1 0 0 0
 1 0 1 1 0 0 1 0 0 1 0 0 1 1 1 1 0 0 0 1 0 0 0 1 1 0 0 1 1 1 0 0 1 0 0 1 1
 1 0 1 0 0 0 1 1 1 1 1 0 0]

Synthetic samples indexes: [  3   6   9  10  11  12  20  24  25  26  38  44  47  52  59  62  64  66
  68  74  77  80  83  86  87  88  97  98 101 102 103 111 113 117 118]

========== Cluster 2 ==========

Base classifier: LogisticRegression()

Minority Class: 1

Selected Features: [214 140 212 221 146 144   3   1 223 193 217   0 204 135 102 142 148 215
 218 139  76 216 185 163 167 201 161  84 141  57  86  39  61  38  93 182
  46 181 143 119  51 213 136  96 137  35 151  15  42 199 134  56 160  20
 122  32 224 183  89 159 154  31  16 133  81  97  17  65 111  87  71  72
 157  29 208 128  90 219 138 116  59   6   8  70  91 190 207  27  74 168
  18 110  85  60 145 202 147  53 206 152   9  28 186  22 114 155  41 131
 203 176  54 125 126  24  67 108  77  68 180 149 150 129 130 132 158 153
 156 194 192 200 205 197 209 220 210 211 222 169 170 171 172 164 184 189
 187 177 178 179 191 188 175 173 174 166 165 162 198 196 195 120 121  64
  66  69  73  79  78  75  80  88  95  94  92  82  83 124 127 112 113 115
 117 118 123 107 109 104 105 106 103 100 101  98  99  33  34  37  36  44
  45  43  40  47]

Labels: [1 1 0 0 1 1 1 0 0 0 0 0 0 1 0 1 0 0 0 1 1 1 1 0 1 1 1 0 0 0 0 1 1 0 0 0 1
 1 0 0 0 0 1 0 1 0 0 1 0 0 1 0 1 1 1 0 1 0 0 1 1 0 1 0 0 0 1 1 1 0 1 1 0 1
 0 0 0 1 0 1 1 0 1 1 1 0 1 0 0 0 1 1 0 1 1 1 1 1 1 0 0 0 1 1 0 1 0 1 1 0]

Synthetic samples indexes: [  0   1   4   6  15  20  22  24  25  31  32  36  42  50  52  54  56  59
  60  66  67  68  73  77  79  84  86  90  91  93  94  95  96 102 105 107]

========== Cluster 3 ==========

Base classifier: SVC(probability=True)

Minority Class: 1

Selected Features: [217 214 140 122 155 127  61 221 213 201 142  27  57  36 152  28 216   3
   0 135 166  59 200 145 176 156  30 203 161  22 190 196 163 215  94   7
 189 209 177 205  85 137  24  29  71  72 100 154 138 143 162 106 139  13
  98  58 208   6 174 184   8 115 186 104 131  79 204 187 151 129  66  77
 219 121 206  26 211  18 172  56  37 116  41 223   4  53  48  40  35  70
 110 144 169 107  39  60 202  83 222 194  54  12 132 136  38  47  49 191
 182 117 181  65 158  45 178 112 183  46   2 126  20 159 133   1 146 113
  17  11 150 157 224 134 141 153 149 148 147 168 170 171 173 164 165 167
 160 179 180 188 185 175 212 220 218 210 207 198 199 197 195 193 192 128
 130  69  67  76  75  74  68  64  89  86  87  84  82  81  80  92  93  90
  91  95  88 108 109 105 111 102 103 101  99]

Labels: [0 1 1 0 0 1 0 0 0 1 1 1 1 0 1 1 1 0 0 1 1 1 0 1 1 1 1 0 0 1 1 0 1 1 1 1 1
 0 1 0 0 0 1 0 1 0 0 1 1 0 0 0 0 1 1 0 0 0 0 1 0 1 1 0 0 1 0 0 1 0 0 0 0 1
 0 1 0 1 1 1 1 1 1 1 1 0 0 1 1 0 0 0 1 0 0 0 0 0]

Synthetic samples indexes: [ 1  5 10 11 12 14 15 16 19 20 21 24 30 35 36 42 44 47 54 68 73 75 77 78
 80 81 87 88 92]

========== Cluster 4 ==========

Base classifier: LogisticRegression()

Minority Class: 1

Selected Features: [  3 214 216  91 197 200 143  33 171  18 215 124 139 103 211  86 112 107
  29 110 186   2 163  30  27 134  42 209  24 109 146 123  59   1 178 147
 204  16 208  14 150  76  80  41  85  54 141  43  25 106 117  63 173  58
  44  12 125 133 153 162 218  99 219  39 165 116  68  79  23  74 213 188
 203 181 129 220  34 154  19  15  98   0  28  78 126  77 194 121   4 100
 183  26 185  60  92 111 184 168 158 175 142 131  64 151 114 104  40 140
 201  51 164 157 206  17  62  72  55 136 167 149 182 152 155 159 156 138
 137 145 144 224 212 210 217 221 222 223 207 202 205 198 199 148 166 161
 160 176 177 179 180 189 190 191 187 169 170 174 172 196 195 193 192 128
 130 135 132  71  70  75  73  88  89  90  87  84]

Labels: [1 0 0 1 0 0 0 1 1 0 0 0 0 0 1 0 1 0 0 0 1 1 1 1 0 0 1 1 1 1 1 1 1 0 0 0 1
 1 0 0 1 0 0 1 0 0 0 1 0 1 0 1 0 1 1 1 1 1 1 1 1 1 0 0 0 0 0 1 1 1 1 0 1 1
 0 0 0 0 0 1 0 0 1 0 0 0 1 0 0 1 0 1 0 0 1 1 0 0 1 1 1 1 0 1 1 1]

Synthetic samples indexes: [  0   7   8  20  26  29  31  32  51  53  54  55  58  59  60  61  72  73
  86  89 101 104]

========== Cluster 5 ==========

Base classifier: SVC(probability=True)

Minority Class: 1

Selected Features: [  3   0  71 164  84   8 191 214 120  45  21 163 135 146 215 153  18  42
  39  15 212   6 117 203 113 205  89  95 143  74  91  87  30 194  83 134
 160  10  60  68  64  41 156 159 195  81  62  63 211 136 198 220  67 104
  12 110  97 106   1 140 115  32 161 126  44 142  66 116 137 170 141  88
 112 157 204 213 222  48  49 118  65  31 152  79 224 168 154  92 133  94
 219 206  27 223  55  72 192  69  34 188 101 102 147 208  85  58  99  51
 124  40   7 216 125  19 187 199  14 176 177 138 144 155 158 151 150 148
 149 145 184 190 185 186 189 182 183 218 217 209 201 202 207 200 197 196
 193 221 210 178 179 180 181 175 174 169 171 173 172 165 166 167]

Labels: [1 0 0 1 0 0 1 0 0 0 0 0 1 0 1 0 1 0 1 0 0 1 1 0 1 1 0 0 0 1 1 1 1 0 1 1 1
 1 1 1 1 0 1 1 0 1 0 0 1 1 1 0 0 1 1 1 1 0 0 1 0 0 1 0 1 1 1 0 0 0 0 1 0 0
 1 1 0 1 0 0 0 1 0 1 1 0 0 0 0 0 0 0 1 1 1 1 1 1 0 1 0 0]

Synthetic samples indexes: [14 16 18 29 35 37 38 39 42 45 48 49 50 53 54 55 56 64 75 92 95 96 97]

========== Cluster 6 ==========

Base classifier: LogisticRegression()

Minority Class: 1

Selected Features: [  3 146   0 219 151  81 224  29 201 215 140 221  16   8 193 141 216 143
 112 214 200 204 198  76 157 158 135 206  28 213  99 191 205  21 179  56
  50  80 114   2 181  94  83   6  53 212 107 170  47 199 136  14 156  91
  27 162 108 142  22  58  93 138 125 180 187  69 171  60 118 149  24  33
 217  42 145  34  62 121 186 115 197  46  89 134 211 175 137  39  41  45
 189  20 100  17  82  10  31 148 196  72  26 165 163   1 127 166  87 111
  49   9  40   7 129  73  23  13 130 209 164 208 154 153  37 102  51  64
  43  52  66 210 222 207 202 223 220 218 144 152 155 159 172 174 167 161
 188 176 177 178 183 182 190 185 184 168 169 173 160 203 195 194 192 128
 131 133 132 139 150 147  68  65  67  70  92  88  84  86  85  90 119 117
 116 124 123 109 110 104 105 106 103 101  98  97  96 126]

Labels: [0 0 1 0 1 0 0 1 0 1 1 1 1 1 0 1 0 1 0 1 1 1 1 1 1 0 0 1 1 1 1 0 0 1 1 1 1
 0 1 0 0 1 1 1 0 1 0 0 0 0 0 1 0 0 1 1 0 1 0 0 1 0 0 0 1 1 0 1 0 1 1 0 0 0
 1 1 0 1 0 0 0 1 1 1 0 0 1 1 0 1 0 0 1 0 1 0 1 0 0 0 0 0 0 1]

Synthetic samples indexes: [  4   9  10  11  13  20  27  29  30  33  34  35  38  41  42  45  57  65
  69  70  74  77  81  82  86  89  92  96 103]

========== Cluster 7 ==========

Base classifier: SVC(probability=True)

Minority Class: 1

Selected Features: [216 143 218 190 204  49 214 221  33  59 169 183 209 152 137 186 205  74
   8 215  62  11  19 158 180 208 198  79 202  76 124 113 111  46 178 177
 192 149 110 145 105 141 206 185  21 165  38 122  66 164 134 138  48 173
   1  30  85  29 174  55  58  68 219 131 211 118   3  70  39 160  34 224
  60 191 163 188 117 119 161 115  94  53 101  71 200 223  75  54 187  35
 125 150  44 176  95 166  25  40  77 130   6  69  14 107 108  32 162  51
   2  89  81  43 210  22 140  99  41 128  87  65 220   5 139  26  27   0
  90 133 159 201 203 197 217 213 212 222 207 153 154 155 151 148 147 146
 144 179 181 168 172 175 189 182 184 171 170 167 199 196 195 194 193 129
 132 135 136 142 156 157  82  88  91  93  86  84  80  97  92 112 114 116
 126 127 123 121 109 104 106 102 103 100  98  96]

Labels: [1 1 1 1 0 1 1 0 1 0 0 1 0 0 1 0 1 1 1 0 1 0 1 1 0 0 0 1 0 0 1 0 1 1 0 1 0
 1 1 1 0 0 1 0 1 0 0 1 1 0 1 1 0 1 0 0 1 0 0 1 1 0 0 0 0 1 0 1 0 1 1 1 0 1
 1 0 1 0 0 1 0 1 1 0 1 1 1 0 0 0 1 0 1 0 1 1 0 0 0 1 0 1 1 1 0 0 0 0 0 0 1
 1 0 0]

Synthetic samples indexes: [  0   1   2   3   5  11  16  18  20  22  23  35  37  38  39  50  60  69
  73  74  82  84  85  90  94  95 102 103 111]

========== Cluster 8 ==========

Base classifier: SVC(probability=True)

Minority Class: 1

Selected Features: [216   3 221 201 215  16 136 137   4 204 214  40 130  41 181 164 200 163
 125  31 144 205 217  28 207 146  24  75  60 219 224  74 147   8  59 173
 145  91  85  68 140 143 110   7   1  32 141 152  83   6 190  98 206 142
 119 180  65 101  29  39 135 196 139 114  36 177  27  69  81  97  50  88
   0 213  48 161  87  38  20 138 208 100 117 131 158  35 123 211 120 103
  94 168  13  58  73 218  30 111 134 159 102 113 156  57 116  84  45  34
 154  47  92 118 165 191  42  21 150 175  25 106  43 193 155 171 172 157
 148 151 149 203 202 209 210 223 220 212 222 197 195 198 199 184 187 189
 188 176 178 179 183 182 186 185 174 169 170 162 160 167 166 194 192 128
 129 133 132 153  70  78  77  79  76  95  93  89  86  82  72  90 104 122
 115 124 126 121 127 112 105 107 108 109  96  99  80  64  66  67  71  52
  53  44  46]

Labels: [0 0 0 0 0 1 0 0 1 1 0 1 1 1 1 0 1 0 0 1 1 0 1 0 1 0 1 0 1 0 0 1 1 0 1 0 0
 1 1 0 1 1 0 1 1 1 1 0 1 0 1 1 0 1 1 0 0 0 1 0 1 0 0 0 0 1 0 0 0 1 1 1 0 0
 1 1 0 1 0 0 1 0 1 0 0 1 1 1 0 1 0 0 1 1 0 0 0 0 1 1 1 0 0 1 1 1 0 0 1 1]

Synthetic samples indexes: [  5   9  12  16  19  22  24  26  32  34  37  38  40  41  44  45  53  58
  60  70  71  74  75  77  80  82  85  86  93  98  99 103 104 105 108 109]

========== Cluster 9 ==========

Base classifier: SVC(probability=True)

Minority Class: 1

Selected Features: [224 219  68 215   7 217 101   3   1 106   6 136  74  73   0 216 208 212
  51 104 170 143  34 210  86  10 158 145 150 214  35  92  93 160 156 218
 112 209  41 161 166 111 174  38  58 120 139  78 178 116  14 204  72  71
 122 138  64 157 137 148  49   8 179 124 200   5  17 167  97 175  80 171
 223  47  87 146 129 152 118  94 115  24 197 144 126   2  66  15 184 110
 128  67  55 130 169  62 140  37 107  57  43  96 183  30  40 198 199 220
 135  63 193  46  99 131 134 133 132 141 142 149 147 153 154 155 159 151
 188 162 163 201 202 221 222 211 213 206 207 196 195 203 205 194 192 189
 191 176 177 181 180 182 187 186 185 190 168 173 172 164 165  98 103  65
  69  70  75  76  77  79  95  88  89  90  85  84  83  82  81  91 114]

Labels: [1 1 1 1 1 0 1 0 0 0 1 0 0 1 0 0 0 1 0 1 1 0 1 0 0 1 0 0 0 1 1 0 1 1 1 0 0
 0 1 0 0 0 0 0 0 0 1 0 1 0 1 1 0 1 1 1 0 0 0 1 1 1 1 0 1 1 1 1 0 0 1 0 0 0
 0 1 0 0 0 0 0 1 1 1 1 0 0 1 1 1 0 0 0 0 1 0 1 0 0 1 1 0 1 1 1 1 0 1 0 1 1
 1 0 0 0 0 1 1 0 1 0 1 1 0 1 1 1 1]

Synthetic samples indexes: [  6  10  13  17  19  20  22  32  33  34  38  51  54  55  59  60  61  65
  66  81  82  83  87  96  99 100 102 107 110 111 117 119 121 122 126 127]

========== Cluster 10 ==========

Base classifier: SVC(probability=True)

Minority Class: 1

Selected Features: [216   5 151  20 155  25 119   3 136  44 122  65 189 172 198  51 170 163
 211 127 201 195  72 193   4 176 206 113  89 168 118  48 101 197 224 178
 184  92  40 144 108 219  18  75  46  82  47 191 171  22  32  73 162  21
 214  83  85  13  17 199  38  87  16  29  35  61  54  70 204 135 207 112
 196 143 221 202 222 190  30   9 194 105  26  42   0 117  36  28 212  74
 165 120 188 210 132 133 111  43 215  97 140  94   6 203 109  27  23  57
 103 179  14  98 223 142   2 169 209 126 146  12  90 182 218   7 164  80
 141  63 166 192 180 123 167   1  95 205 110 124  96 145 100 208 213 217
 147 158 157 159 173 174 187 186 185 177 181 183 160 161 175 220 200 128
 129 130 131 134 139 138 137 152 153 154 156 148 149 150  76 115 114 116
 107 104 106 125 121]

Labels: [0 1 0 0 1 0 1 0 0 0 0 1 0 0 1 0 1 1 1 0 1 0 0 0 0 0 1 0 1 0 1 1 1 0 0 1 1
 0 1 0 0 0 0 1 1 0 0 1 1 0 1 1 1 0 0 0 0 0 1 1 0 0 1 0 0 1 1 0 1 1 0 1 1 0
 0 0 0 1 1 0 1 0 0 1 1 1 1 1 1 1 1 0 0 1 0 1 1 1 1 1 0 1]

Synthetic samples indexes: [  1   4  16  28  30  31  38  43  47  51  52  59  62  65  66  68  69  71
  78  80  83  87  88  89  90  97 101]

