Clustering algorithm selected: fcm
=====================================

Clustering evaluation metric: dbc_rand
Clustering evaluation value: 0.20235778424673478

========== Cluster 0 ==========

Base classifier: GaussianNB()

Minority Class: 0

Selected Features: [ 9 11 10 12  8  2  0  7  4  5]

Labels: [0 0 0 0 0 1 1 1 0 0 0 0 0 1 0 1 0 1 0 1 1 0 1 1 1 1 0 1 0 1 0 0 1 1 1 1 0
 1 0 1 0 0 1 1 1 0 1 1 1 0 1 1 0 1 0 0 0 1 0 0 0 1 1 1 0 1 1 1 1 1 1 1 1 0
 1 0 0 0 1 0 0 0 1 1 0 1 1 0 1 1 0 1 1 0 1 1 1 0 0 1 0 0 0 0 1 0 1 1 0 0 0
 1 1 1 0 0 0 0 0 1 1 1 1 1 0 0 1 1 1 1 1 1 1 1 1 1 1 1 1 0 1 0 0 0 0 0 0 1
 1 1 0 0 0 0 1 1 1 1 0 1 0 0 0 0 1 1 1 1 0 0 0 1 0 1 1 0 0 0 1 1 1 1 0 0 0
 1 1 1 0 0 1 1 0 1 1 0 0 0 1 1 0 1 1 0 0 0 1 1 0 1 0 0 0 0 1 0 0 0 0 0 1 1
 1 0 1 0 0 0 1 1 0 1 1 0 0 0 0 0 1 1 1 1 0 1 0 0 0 1 1 0 0 0 0 1 1 1 0 0 0
 1 1 0 1 0 0 1 1 0 1 0 0 0 1 0 1 1 0 1 0 0 1 1 1 0 1 1 1 1 0 1 0 1 0 1 0 1
 1 0 0 1 1 1 0 1 0 1 0 0 0 1 1 0 0 1 1 0 1 0 0 0 1 1 0 0 1 1 1 1 1 0 0 1 0
 0 0 0 0 0 1 0 1 0 0 1 0 0 0 1 0 0 0 1 0 1 0 1 1 0 0 0 1 0 0 1 0 1 1 0 0 1
 1 0 1 1 0 1 1 0 1 1 1 0 1 0 1 0 1 0 1 1 0 1 1 0 0 0 0 1 0 1 1 1 0 0 0 1 1
 0 0 1 1 0 1 1 0 1 0 0 0 0 1 1 0 1 1 0 1 1 0 0 1 1 1 0 0 0 0 1 1 1 1 0 1 0
 1 1 1 0 0 0 1 1 0 1 0 0 0 1 1 1 0 0 0 0 1 0 1 0 0 0 1 0 1 0 1 1 0 1 1 1 1
 0 0 1 1 1 1 0 1 0 1 1 1 0 1 1 0 1 0 0 0 1 1 0 1 0 1 0 0 0 1 0 1 0 1 0 0 0
 0 1 1 1 1 0 1 1 0 0 1 0 1 1 0 1 0 1 1 1 0 1 1 1 0 1 1 0 0 1 0 0 1 0 1 1 1
 0 0 1 0 1 1 1 1 0 0 0 0 1 0 0 0 1 1 1 1 0 1 1 1 0 0 0 1 0 1 1 0 0 1 1 1]

========== Cluster 1 ==========

Base classifier: GaussianNB()

Minority Class: 1

Selected Features: [ 9  8 11  7  3 10 12  5  1  2]

Labels: [0 1 1 0 1 1 0 0 0 0 0 0 0 0 1 1 0 0 1 0 1 0 1 0 1 0 0 1 0 0 1 0 1 0 0 1 0
 1 0 1 0 1 0 1 0 0 0 0 1 0 1 0 1 1 1 1 1 1 0 0 0 1 1 0 0 0 0 0 1 1 1 0 0 0
 0 1 0 1 1 0 1 0 1 1 0 0 0 0 1 1 0 0 0 0 1 1 0 1 1 1 1 0 1 1 1 0 0 0 1 1 1
 1 0 0 0 1 0 1 1 1 1 0 1 1 1 0 1 1 1 1 0 1 0 1 0 1 0 0 0 1 0 1 0 0 0 1 1 0
 0 1 1 1 0 0 1 1 1 1 1 0 1 1 1 1 1 1 1 1 1 1 0 0 0 0 1 0 1 0 1 0 1 1 0 0 0
 1 0 0 1 0 0 1 0 0 1 1 1 0 0 0 0 1 0 0 0 0 0 1 1 1 1 0 0 1 0 1 0 0 0 1 1 1
 0 1 1 0 1 0 0 0 1 1 0 1 1 1 0 0 0 1 0 0 0 0 1 0 1 0 1 1 0 0 1 1 0 0 0 0 0
 1 0 0 0 1 0 1 0 1 0 1 0 0 0 0 0 0 0 1 0 0 1 1 1 0 1 0 1 1 0 1 1 0 1 0 1 0
 1 0 0 1 1 1 1 0 0 0 0 0 1 0 0 1 0 0 1 1 0 0 1 1 1 0 1 1 0 1 1 0 0 1 1 1 0
 1 1 0 0 1 0 0 0 1 1 0 0 1 0 0 0 0 0 1 1 0 1 0 1 0 0 1 1 1 0 0 0 1 1 0 0 1
 0 1 0 0 1 1 1 0 0 0 0 1 1 1 0 1 0 1 1 0 0 0 1 1 0 1 1 0 0 1 1 1 0 0 1 0 1
 0 1 0 0 0 0 0 1 0 0 0 1 0 1 0 1 1 1 1 1 0 0 0 0 0 0 1 1 0 1 0 0 1 1 1 0 1
 1 0 1 0 1 0 1 1 0 1 1 0 0 1 1 0 1 1 0 1 1 0 1 0 0 1 1 0 0 0 1 1 0 1 1 0 1
 1 0 0 1 0 0 0 0 1 0 1 0 1 1 0 0 1 1 0 0 1 1 1 1 0 1 1 0 1 0 0 0 1 1 1 0 0
 0 0 0 1 1 0 1 1 1 0 1 1 1 0 1 1 0 0 0 0 1 0 1 1 0 0 1 1 1 0 0 1 0 1 0 1 0
 1 0 1 0 1 0 0 1 0 1 0 1 1 1 0 0 1 0 0 0 1 0 1 1 1 1 0 0 0 1 0 1 1 0 0 1 0
 1 1 1 1 1 0 1 1 1 1 0 0 1 0 0 0 1 0 0 0 0 0 0 1 1 0 0 1 0 0 0 1 1 1 1 1 0
 1 0 0 0 1 0 1 1 1 0 1 0 0 0 1 0 1 0 0 0 0 0 1 1 0 1 1 0 1 0 1 1 0 1 0 0 1
 1 1 1]

