Clustering algorithm selected: spectral
=====================================

Clustering evaluation metric: rand
Clustering evaluation value: 0.11021797886914962

========== Cluster 0 ==========

Base classifier: SVC(probability=True)

Minority Class: 1

Selected Features: [1 5 3 7 6 4]

Labels: [0 0 0 0 0 1 0 1 0 0 1 1 0 0 0 0 1 0 1 1 1 1 1 0 0 1 0 0 1 0 0 0 0 0 0 0 0
 0 1 0 1 0 0 0 0 1 0 0 0 1 1 0 0 0 0 0 0 0 0 1 0 0 0 1 0 0 1 1 0 0 0 0 0 1
 0 0 0 0 0 0 0 1 0 0 0 0 0 0 0 1 0 0 0 1 0 0 0 1 0 0 0 1 0 0 0 1 1 0 0 0 0
 1 0 1 1 0 0 0 0 1 0 0 0 0 0 0 1 1 0 0 0 0 0 0 0 0 0 0 0 0 1 0 0 0 1 1 0 0
 0 0 1 0 0 0 1 1 0 0 0 0 0 0 0 1 0 0 0 1 0 0 0 1 0 0 0 0 0 0 0 0 1 0 0 1 0
 0 0 1 0 1 0 1 1 0 1 0 0 0 0 0 0 0 0 0 0 0 0 1 1 0 0 0 0 0 0 0 0 0 0 0 1 0
 0 0 0 0 0 0 0 0 0 0 1 1 0 0 0 0 0 1 0 1 1 1 0 0 0 0 1 1 1 0 0 0 0 1 1 0 1
 1 1 0 1 0 1 0 0 1 0 1 0 0 1 0 0 0 0 0 0 1 0 0 0 0 0 0 0 0 1 0 0 1 0 0 0 0
 1 1 1 0 1 0 0 0 1 0 1 0 0 0 1 1 1 1 0 0 0 0 0 1 1 0 0 1 0 0 0 0 0 0 0 1 0
 0 0 1 0 1 0 0 0 0 0 0 0 0 0 0 0 0 0 0 1 0 0 0 0 0 0 0 0 0 0 0 0 0 0 0 0 0
 1 0 0 0 0 0 1 0 0 1 0 0 0 1 0 0 0 0 0 1 1 1 0 0 1 0 0 0 1 1 0 0 0 0 0 0 1
 1 0 0 0 0 0 1 0 1 0 0 0 0 1 0 0 0 1 0 1 0 0 0 0 0 0 0 1 1 1 0 1 0 0 0 1 0
 1 0 0 0 0 0 1 0 0 0 0 1 1 1 1 0 0 0 0 0 0 0 0 1 0]

========== Cluster 1 ==========

Base classifier: LogisticRegression()

Minority Class: 0

Selected Features: [4 1 7 0 3]

Labels: [0 0 0 0 0 1 0 0 0 0 0 1 1 0 1 1 0 0 0 1 1 0 0 1 1 0 1 1 0 1 1 0 0 0 0 1 1
 1 0 0 1 1 1 0 1 0 1 1 1 0 1 1 1 1 1 1 0 1 0 0 1 0 1 1 1 0 0 1 0 0 1 1 0 1
 0 1 1 1 1 0 0 0 0 0 1 0 0 1 0 0 0 0 0 0 1 1 0 0 1 1 0 1 1 0 0 0 0 1 0 1 1
 1 1 1 1 0 1 1 1 1 1 1 1 0 0 1 1 0 0 0 0 0 1 1 0 1 0 0 0 0 1 1 0 1 1 1 1 1
 1 1 1 1 1 0 0 0 1 0 0 0 1 1 1 1 1 0 1 0 1 1 1 0 0 0 1 1 1 1 0 0 1 0 0 0 0
 0 0 1 1 1 1 1 1 0 1 1 1 1 1 1 0 0 0 0 0 1 0 1 1 1 0 1 1 0 0 0 1 1 0 1 1 1]

