Clustering algorithm selected: fcm
=====================================

Clustering evaluation metric: dbc
Clustering evaluation value: 0.2009678037144364

========== Cluster 0 ==========

Base classifier: GaussianNB()

Minority Class: 1

Selected Features: [0 1 2 3 4 5 6 7 8]

Labels: [1 2 2 2 1 0 2 2 0 0 0 2 1 0 0 0 1 1 0 0 2 1 1 1 2 0 2 0 2 0 2 0 0 1 0 1 1
 0 1 1 1 1 0 1 0 0 0 1 0 1 2 1 2 2 0 2 2 2 0 1 1 0 2 0 0 1 2 0 1 1 2 1 2 1
 0 2 0 0 2 0 2 2 1 2 1 0 1 1 2 0 2 0 0 1 0 0 2 1 1 2 1 1 2 1 2 0 1 0 0 2 2
 2 0 2 1 0 0 2 2 0 0 2 1 1 2 2 1 1 1 1 0 1 2 0 2 2 0 0 2 1 1 1 2 1 2 2 0 0
 1 0 0 1 0 0 0 1 0 0 2 2 1 0 2 2 0 2 1 0 1 0 2 0 0 2 0 1 0 1 0 0 0 2 2 0 2
 2 1 0 1 0 1 0 0 2 1 0 1 1 0 0 0 1 0 0 0 1 1 0 2 2 0 1 0 2 2 1 2 2 2 2 0 0
 2 2 1 1 1 2 2 2 2 2 2 0 0 1 2 0 1 0 2 2 2 1 2 2 1 2 1 0 1 1 2 1 0 1 2 1 0
 0 0 1 0 1 0 0 2 0 1 2 1 2 1 2 1 0 1 1 0 2 2 2 1 1 2 2 0 0 1 1 2 0 0 2 1 0
 2 0 1 1 0 2 1 1 2 2 0 0 0 2 1 0 0 2 1 0 0 2 2 0 0 2 2 0 2 1 1 1 1 2 2 1 1
 1 1 1 1 0 2 1 0 2 0 0 1 0 1 2 0 1 2 1 1 1 0 1 2 2 2 1 2 2 2 0 0 1 0 2 1 2
 2 1 2 2 2 2 2 2 2 1 0 0 1 2 2 1 2 0 0 1 0 0 1 0 0 2 1 2 2 0 2 0 0 2 1 0 0
 0 2 1 1 0 2 1 1 1 0 0 0 0 1 0 1 0 0 2 0 2 2 2 0 2 2 0 2 1 2 2 1 1 1 0 1 0
 0 0 1 2 1 1 1 1 2 1 0 2 1 2 1 1 2 2 1 2 1 0 2 1 2 1 1 1 2 1 0 1 2 1 1 0 2
 0 1 2 2 0 2 0 1 2 0 1 2 2 0 1 1 2 1 2 2 2 0 2 1 1 0 1 1 0 1 1 1 0 2 1 2 1
 2 2 2 0 1 0 2 2 0 0 2 0 1 2 2 0 2 1 2 2 1 2 0 1 1 0 1 1 2 2 1 0 2 0 1 2 2
 1 1 2 0 2 1 0 1 0 1 1 1 2 0 0 2 2 2 1 0 1 1 2 0 0 0 1 2 2 0 2 1 1 2 2 1 1
 2 2 2 1 0 1 2 1 1 1 2 1 1 0 1 0 0 2 0 1 1 2 2 1 2 2 2 0 1 2 1 0 0 2 1 0 0
 0 1 1 2 2 1 0 2 2 1 1 1 0 0 0 2 1 2 1 1 1 1 1 0 0 2 0 0 0 2 1 2 1 2 0 0 0
 2 0 1 0 2 0 0 0 1 2 0 2 0 2 0 1 2 2 1 0 0 2 2 1 0 0 0 2 2 2 0 1 1 2 2 0 2
 1 0 1 1 2 0 0 0 2 0 0 0 1 2 0 2 1 1 2 0 2 2 1 2 2 2 0 0 2 2 1 1 0 0 1 0 1
 0 0 1 2 2 2 2 2 0 0 0 2 2 1 1 0 1 2 1 2 1 2 0 1 1 2 1 0 0 0 0 0 2 1 2 1 2
 1 0 2 0 0 0 2 2 2 1 1 1 1 0 1 0 0 2 0 0 1 1 1 1 0 1 2 0 1 1 2 1 1 0 0 0 2
 0 1 2 0 1 2 2 1 1 0 1 2 2 2 0 0 0 1 0 0 1 1 0 0 2 1 0 0 0]

Synthetic samples indexes: [ 16  23  28  30  36  38  41  47  49  51  60  65  82  84  90  93  98 100
 101 111 118 122 129 143 148 158 160 162 163 166 168 170 182 185 194 196
 197 201 205 211 215 218 222 224 225 226 228 229 235 240 241 246 248 253
 257 261 268 277 280 282 284 289 290 294 298 299 303 309 310 314 329 330
 331 335 336 339 346 351 352 356 359 383 396 400 403 404 410 414 420 422
 425 431 438 439 442 451 453 458 459 460 464 467 469 470 475 480 488 498
 504 505 508 542 544 548 552 556 562 565 566 570 575 583 587 590 595 598
 606 611 618 626 637 640 645 647 648 650 651 658 659 674 681 684 697 698
 702 711 720 724 732 733 737 739 756 758 760 763 764 765 775 776 779 787
 797 799 800 802 808 815 824]

========== Cluster 1 ==========

Base classifier: GaussianNB()

Minority Class: 1

Selected Features: [0 1 2 3 4 5 6 7 8]

Labels: [0 2 2 1 1 2 2 1 0 1 1 1 1 2 1 1 1 2 2 2 0 0 0 2 1 0 0 0 1 2 1 2 2 1 0 1 1
 2 1 1 0 1 1 2 0 0 0 0 2 2 2 2 0 1 1 0 1 1 1 2 0 1 0 2 2 1 0 2 1 2 2 1 2 2
 2 1 2 0 2 0 1 2 0 0 2 2 0 1 2 0 2 1 1 2 2 1 0 0 2 0 0 1 0 0 2 0 0 2 0 0 0
 0 2 1 0 2 1 2 2 1 1 1 2 1 1 1 0 1 1 2 1 1 0 1 0 1 0 1 0 2 2 1 0 1 1 1 2 2
 1 0 1 2 0 1 2 1 0 1 2 2 0 2 2 0 2 0 2 2 2 1 0 1 1 0 2 2 0 2 1 0 1 2 1 1 2
 1 0 0 1 0 1 2 1 2 0 1 0 1 2 2 0 1 0 1 0 1 0 1 1 1 1 0 1 0 2 2 2 0 0 0 2 0
 0 2 1 0 1 0 1 1 2 2 0 2 2 1 0 2 1 1 0 0 2 0 0 0 0 0 1 1 2 0 1 0 0 2 1 0 1
 1 0 1 1 1 1 1 0 2 0 0 1 0 2 0 0 1 2 2 1 1 0 2 0 0 0 2 1 0 1 2 0 0 0 0 0 2
 1 0 1 1 2 1 2 1 0 0 2 1 2 0 2 0 2 2 2 2 0 2 2 1 1 2 0 2 0 0 1 1 1 2 1 1 0
 0 2 1 2 2 0 1 1 1 0 2 2 2 0 2 2 0 0 1 1 2 1 1 0 2 1 0 0 1 0 0 1 0 2 0 1 2
 0 1 1 2 2 0 2 1 2 2 2 0 2 0 1 1 0 0 2 0 1 2 0 2 1 2 2 1 2 0 0 2 0 0 1 1 0
 0 0 1 2 1 1 0 2 0 2 1 0 1 0 2 2 0 2 1 0 1 0 1 1 0 1 2 2 1 2 2 0 0 2 0 0 0
 1 0 2 2 1 0 0 1 2 1 1 1 1 2 2 1 1 0 2 0 0 2 2 1 0 2 0 0 0 2 1 1 2 1 1 2 2
 2 2 2 2 2 1 0 1 2 2 2 1 1 0 0 0 2 0 0 1 2 2 2 1 0 2 1 1 2 2 0 2 2 1 2 2 1
 2 2 2 2 1 0 1 1 0 0 2 1 1 0 2 1 2 1 0 2 0 0 1 0 2 2 1 2 1 1 0 1 0 0 1 2 2
 2 2 1 2 0 2 0 2 1 2 1 0 2 0 0 1 2 2 0 2 2 1 0 0 2 0 0 1 0 1 2 2 0 0 0 2 2
 0 1 1 0 2 0 1 1 2 0 2 0 2 2 0 0 1 0 2 0 2 0 0 0 2 2 1 2 0 0 1 2 2 2 0 1 2
 1 1 1 0 0 1 0 2 1 1 1 1 0 1 1 2 1 0 2 0 0 0 2 2 2 1 2 2 1 1 1 1 2 0 2 0 0
 0 0 1 0 2 2 0 1 2 2 1 0 1 2 1 1 0 2 0 1 2 2 1 0 2 2 0 0 2 0 1 2 0 1 1 2 0
 2 1 1 2 1 1 1 0 0 0 0 0 0 2 2 1 1 2 1 1 0 0 0 1 2 2 2 1 0 0 0 2 2 1 0 1 0
 2 2 2 2 1 2 2 0 2 1 0 1 1 2 0 1 1 0 1 0 0 0 0 2 1 1 0 0 2 2 0 1 2 0 0 2 0
 1 1 1 2 2 1 1 2 2 0 2 1 0 2 0 0 2 1 2 1 2 1 0 2 1 1 2 2 1 0 1 2 1 1 2 1 0
 2 1 2 1 0 1 2 1 1 0 1 2 0 1 0 0 2 1 2 0 2 2 1 2 1 1 1 0 0 1 1 0 0 0 0 2 0
 1 1 0 0]

Synthetic samples indexes: [  2   3   5   6  10  11  16  28  31  32  38  39  42  48  53  56  57  63
  80  81  91  92 101 112 116 119 121 124 125 128 130 133 135 139 143 154
 161 169 171 172 178 183 195 197 199 201 207 208 212 223 228 229 230 233
 239 242 249 256 258 261 262 264 270 276 278 279 286 288 296 301 307 313
 317 319 320 321 327 328 334 335 339 340 341 352 358 361 371 372 374 379
 388 394 412 421 424 425 427 429 430 432 435 437 451 453 455 459 460 466
 467 474 477 481 485 486 493 502 504 507 509 514 516 519 524 525 529 533
 535 544 545 546 549 562 563 565 571 574 576 579 593 594 596 598 608 617
 619 628 629 636 643 645 656 676 678 680 681 683 685 694 699 700 704 705
 707 718 719 720 722 726 736 748 751 755 758 764 765 778 780 782 784 788
 793 794 795 797 798 800 801 802 804 809 810 815 816 820 821 824 825 827
 836 837 839 849 852]

