Clustering algorithm selected: kmeans
=====================================

Clustering evaluation metric: dbc_ss
Clustering evaluation value: 0.4009148599951627

========== Cluster 0 ==========

Base classifier: DummyClassifier(strategy='most_frequent')

Minority Class: 0

Selected Features: [ 0  1  2  3  4  5  6  7  8  9 10 11 12 13 14 15 16 17 18 19 20 21 22 23
 24 25 26 27 28 29 30]

Labels: [0 0 0 0 0 0 0 0 0 0 0 0 0 0 0 0 0 0 0 0 0 0 0 0 0 0 0 0 0 0 0 0 0 0 0 0 0
 0 0 0 0 0 0 0 0 0 0 0 0 0 0 0 0 0 0 0 0 0 0 0 0 0 0 0 0 0 0 0 0 0 0 0 0 0
 0 0 0 0 0 0 0 0 0 0 0 0 0 0 0 0 0 0 0 0 0 0 0 0 0 0 0 0 0 0 0 0 0 0 0 0 0
 0 0 0 0 0 0 0 0 0 0 0 0 0 0 0 0 0 0]

Synthetic samples indexes: []

========== Cluster 1 ==========

Base classifier: DummyClassifier(strategy='most_frequent')

Minority Class: 0

Selected Features: [ 0  1  2  3  4  5  6  7  8  9 10 11 12 13 14 15 16 17 18 19 20 21 22 23
 24 25 26 27 28 29 30]

Labels: [1 1 1 1 1 1 1 1 1 1 1 1 1 1 1 1 1 1 1 1 1 1 1 1 1 1 1 1 1 1 1 1]

Synthetic samples indexes: []

========== Cluster 2 ==========

Base classifier: SVC(probability=True)

Minority Class: 0

Selected Features: [ 0  1  2  3  4  5  6  7  8  9 10 11 12 13 14 15 16 17 18 19 20 21 22 23
 24 25 26 27 28 29 30]

Labels: [1 0 0 1 1 1 0 1 1 1 1 1 1 1 0 1 1 1 1 0 0 1 0 0 0 1 1 1 0 0 1 1 0 0 0 1 0
 0 1 0 1 0 1 1 1 0 1 0 1 1 1 1 0 1 0 1 1 1 0 0 0 0 0 0 0 1 1 0 1 1 0 1 1 0
 1 0 1 1 0 0 1 0 0 1 1 1 0 0 1 1 1 1 0 0 1 1 0 0 0 0 1 0 1 0 1 0 0 0 1 0 1
 0 0 1 0 0 1 0 1 0 0 1 0 1 0 0 0 0 0 0 0 0 1 1 0 0 1 0 1 0 1 1 1 0 0 0 1 0
 0 1 1 0 1 0 1 1 0 0 0 1 1 0 0 0 0 1 0 0 1 1 1 0 1 1 0 0 0 1 1 1 1 0 0 1 0
 1 0 0 0 1 0 0 0 0 1 0 1 0 1 0 0 1 0 1 0 0 0 1 1 1 0 1 0 1 0 1 1 0 1 0 1 0
 0 1 1 1 1 1 1 1 1 1 0 1 0 0 0 0 0 1 0 0 1 0 1 1 1 1 1 0 1 1 0 0 1 0 1 0 1
 1 1 0 1 1 1 0 0 1 0 1 1 1 0 1 1 1 0 1 1 1 1 0 1 1 0 0 0 0 0 0 1 1 0 1 1 0
 0 0 1 0 0 0 0 0 1 0 1 1 0 1 1 1 0 1 1 1 0 1 0 0 1 1 0 0 0 0 0 1 0 0 1 1 0
 1 0 0 0 0 1 0 1 1]

Synthetic samples indexes: [  0   3   4   5   7   8   9  10  11  12  13  15  16  17  18  21  25  26
  27  30  31  40  42  43  44  46  50  51  55  56  57  65  66  68  69  71
  72  74  76  77  80  83  84  85  88  89  90  91  94  95 100 104 108 110
 113 116 118 121 132 133 136 138 140 141 142 149 150 152 154 155 159 165
 168 170 172 177 178 179 180 183 185 189 194 196 198 201 203 207 208 209
 213 215 216 218 220 223 224 225 226 227 228 229 230 231 242 244 245 246
 247 248 250 251 254 256 258 259 262 263 264 267 269 270 271 273 274 275
 277 278 280 282 290 293 294 298 304 306 307 309 310 311 313 314 317 320
 321 327 330 331 333 338 340 341]

========== Cluster 3 ==========

Base classifier: LogisticRegression()

Minority Class: 0

Selected Features: [ 0  1  2  3  4  5  6  7  8  9 10 11 12 13 14 15 16 17 18 19 20 21 22 23
 24 25 26 27 28 29 30]

Labels: [0 0 1 1 1 0 0 0 1 0 0 0 0 1 1 0 0 1 0 0 1 1 0 0 0 0 0 1 1 0 0 0 1 1 1 0 1
 1 1 1 1 0 1 0 1 1 0 1 1 0 0 0 0 1 0 0 1 0 0 0 0 1 0 1 0 1 1 1 1 0 0 0 1 1
 0 0 0 1 1 1 1 0 1 1 1 0 1 0 0 1 0 0 1 0 1 1 0 1 1 1 1 1 1 0]

Synthetic samples indexes: [ 0  1  5 12 15 16 18 19 22 23 30 31 41 43 46 49 50 51 54 55 57 58 60 69
 70 71 75 81 85 90]

========== Cluster 4 ==========

Base classifier: DummyClassifier(strategy='most_frequent')

Minority Class: 0

Selected Features: [ 0  1  2  3  4  5  6  7  8  9 10 11 12 13 14 15 16 17 18 19 20 21 22 23
 24 25 26 27 28 29 30]

Labels: [1 1 1 1 1 1 1 1 1 1 1 1 1 1 1 1 1 1 1 1 1 1 1 1 1 1 1 1 1 1 1 1 1 1 1 1 1
 1 1 1 1 1 1 1 1 1 1 1 1 1 1 1 1 1 1 1 1 1 1 1 1 1 1 1 1 1 1 1 1 1 1 1 1 1
 1 1 1 1 1 1 1 1 1 1 1 1 1]

Synthetic samples indexes: []

