Clustering algorithm selected: kmeans
=====================================

Clustering evaluation metric: dbc_ss
Clustering evaluation value: 0.4038986315404423

========== Cluster 0 ==========

Base classifier: DummyClassifier(strategy='most_frequent')

Minority Class: 1

Selected Features: [ 0  1  2  3  4  5  6  7  8  9 10 11 12 13 14 15 16 17 18 19 20 21 22 23
 24 25 26 27 28 29 30]

Labels: [1 1 1 1 1 1 1 1 1 1 1 1 1 1 1 1 1 1 1 1 1 1 1 1 1 1 1 1 1 1 1 1 1 1 1 1 1
 1 1 1 1 1 1 1 1 1 1 1 1 1 1 1 1 1 1 1 1 1 1 1 1 1 1 1 1 1 1 1 1 1 1 1 1 1
 1 1 1 1 1 1 1 1 1 1 1 1 1 1]

Synthetic samples indexes: []

========== Cluster 1 ==========

Base classifier: DummyClassifier(strategy='most_frequent')

Minority Class: 1

Selected Features: [ 0  1  2  3  4  5  6  7  8  9 10 11 12 13 14 15 16 17 18 19 20 21 22 23
 24 25 26 27 28 29 30]

Labels: [1 1 1 1 1 1 1 1 1 1 1 1 1 1 1 1 1 1 1 1 1 1 1 1 1 1 1 1 1 1 1]

Synthetic samples indexes: []

========== Cluster 2 ==========

Base classifier: SVC(probability=True)

Minority Class: 1

Selected Features: [ 0  1  2  3  4  5  6  7  8  9 10 11 12 13 14 15 16 17 18 19 20 21 22 23
 24 25 26 27 28 29 30]

Labels: [1 0 1 1 1 1 1 1 0 0 1 1 1 0 1 0 0 0 0 1 0 1 0 0 1 0 0 1 0 1 1 1 0 1 0 0 1
 0 1 1 1 0 0 1 1 0 0 1 0 0 0 0 1 0 0 0 1 0 1 0 1 0 1 0 0 0 1 1 0 0 0 1 0 1
 1 0 0 0 1 0 0 1 1 0 1 1 1 1 0 1 0 1 1 1 0 0 1 0 1 1 0 1 0 1]

Synthetic samples indexes: [  9  15  22  25  26  32  35  37  42  45  49  50  51  54  55  57  59  61
  64  65  70  72  77  79  80  88  90  94  97 100 102]

========== Cluster 3 ==========

Base classifier: SVC(probability=True)

Minority Class: 1

Selected Features: [ 0  1  2  3  4  5  6  7  8  9 10 11 12 13 14 15 16 17 18 19 20 21 22 23
 24 25 26 27 28 29 30]

Labels: [1 1 1 1 0 1 1 0 0 0 1 0 1 0 1 0 1 1 0 0 0 1 0 1 0 1 1 0 1 0 0 1 0 1 0 1 0
 1 1 1 0 1 0 0 1 0 1 1 1 1 1 0 0 0 1 0 0 1 1 0 1 0 0 1 1 0 0 1 0 1 1 1 0 0
 0 1 1 0 1 1 1 1 1 1 1 0 1 0 0 0 1 0 0 0 0 0 1 1 1 0 1 0 1 0 0 1 0 0 0 1 0
 0 0 0 0 1 1 1 0 1 1 0 1 1 0 1 0 1 0 0 0 0 0 0 1 1 1 0 1 0 1 0 1 1 0 1 0 0
 0 0 0 1 0 1 0 0 1 0 0 1 1 1 0 0 0 1 0 1 1 1 0 0 1 1 1 0 1 1 0 1 0 0 0 0 1
 1 1 1 0 1 0 1 1 1 1 1 0 0 0 0 0 0 0 1 1 1 1 0 1 0 1 1 0 1 1 0 1 1 0 1 1 1
 1 0 0 0 0 1 0 1 0 1 1 0 0 1 0 1 1 0 1 0 0 1 1 0 1 0 0 0 1 1 1 1 1 1 0 0 0
 0 0 0 1 0 1 0 0 1 1 1 1 1 1 0 0 1 1 1 1 0 1 0 0 1 1 0 0 0 0 1 1 1 0 1 1 1
 0 1 0 1 0 1 1 0 0 1 0 1 0 0 0 0 0 0 0 1 1 0 0 0 1 1 1 0 0 0 1 0 0 0 1 1 0
 0 0 0 1 1 1 0]

Synthetic samples indexes: [  0   1   2   3   5   6  10  12  16  17  21  23  25  26  28  31  33  35
  37  38  39  41  46  47  48  49  50  54  57  60  63  67  69  70  71  75
  76  79  81  83  84  86  90  96 100 102 105 109 117 120 122 123 125 127
 134 135 136 138 140 143 145 151 153 156 159 160 161 165 167 168 169 172
 173 176 177 179 184 185 186 187 189 191 192 193 194 195 203 204 205 206
 208 210 211 213 214 216 217 219 221 222 227 229 231 232 235 237 238 240
 243 246 250 251 252 253 254 255 262 264 267 268 269 270 271 272 275 276
 277 278 283 284 289 290 291 294 295 299 301 302 305 307 315 316 320 321
 322 326 330 331 336 338]

========== Cluster 4 ==========

Base classifier: DummyClassifier(strategy='most_frequent')

Minority Class: 1

Selected Features: [ 0  1  2  3  4  5  6  7  8  9 10 11 12 13 14 15 16 17 18 19 20 21 22 23
 24 25 26 27 28 29 30]

Labels: [0 0 0 0 0 0 0 0 0 0 0 0 0 0 0 0 0 0 0 0 0 0 0 0 0 0 0 0 0 0 0 0 0 0 0 0 0
 0 0 0 0 0 0 0 0 0 0 0 0 0 0 0 0 0 0 0 0 0 0 0 0 0 0 0 0 0 0 0 0 0 0 0 0 0
 0 0 0 0 0 0 0 0 0 0 0 0 0 0 0 0 0 0 0 0 0 0 0 0 0 0 0 0 0 0 0 0 0 0 0 0 0
 0 0 0 0 0 0 0 0 0 0 0 0 0 0 0 0 0 0 0]

Synthetic samples indexes: []

