Clustering algorithm selected: kmeans
=====================================

Clustering evaluation metric: dbc
Clustering evaluation value: 0.46263340577177964

========== Cluster 0 ==========

Base classifier: SVC(probability=True)

Minority Class: 1

Selected Features: [ 0  1  2  3  4  5  6  7  8  9 10 11 12 13 14 15 16 17 18 19 20 21 22 23
 24 25 26 27 28 29 30 31 32 33 34 35 36 37]

Labels: [1 0 0 0 1 0 1 0 1 0 1 1 0 1 1 0 0 1 0 1 0 0 1 0 0 1 1 1 1 0 0 1 0 1 0 1 1
 1 1 1 0 0 0 1 0 0 1 1 0 0 1 0 1 0 0 1 1 1 1 1 0 0 0 1 0 0 1 1 0 1 0 1 1 0
 0 0 1 1 1 0 0 0 1 0 1 1 1 0 1 1 0 0 0 1 0 0 0 0 1 0 0 0 1 0 0 0 1 1 0 1 1
 1 0 1 0 1 1 0 0 1 0 0 0 0 0 0 0 1 0 1 0 1 0 1 0 0 1 0 1 1 0 0 0 0 0 0 1 1
 1 1 1 1 0 0 0 1 1 1 1 1 0 0 1 1 0 1 1 1 0 0 0 1 1 0 1 0 1 1 1 1 0 1 1 1 1
 1 0 1 1 0 1 1 0 0 1 1 0 0 0 0 0 0 0 0 1 1 0 1 1 1 0 0 1 1]

Synthetic samples indexes: [  0   6  13  14  17  19  22  25  26  35  36  37  38  39  43  59  63  66
  69  71  72  77  82  84  86  88  89  93  98 102 109 111 127 129 131 139
 146 147 151 156 157 158 165 167 176 177 179 181 182 184 185 187 188 190
 191 195 204 205 208 209 212 213]

========== Cluster 1 ==========

Base classifier: SVC(probability=True)

Minority Class: 1

Selected Features: [ 0  1  2  3  4  5  6  7  8  9 10 11 12 13 14 15 16 17 18 19 20 21 22 23
 24 25 26 27 28 29 30 31 32 33 34 35 36 37]

Labels: [0 1 0 1 1 1 0 1 0 1 0 1 0 0 0 0 1 1 0 0 1 0 1 1 0 0 1 1 0 0 0 0 0 1 1 0 1
 0 1 0 0 1 1 1 1 1 0 1 1 1 1 0 0 1 0 1 0 0 1 1 1 1 1 0 0 1 1 1 1 1 1 1 1 1
 1 0 1 0 0 1 1 1 0 0 1 1 0 0 0 1 0 0 0 0 1 1 0 0 0 0 1 1 1 1 1 0 1 1 1 0 0
 1 1 0 1 1 0 0 1 1 0 0 0 1 1 0 1 0 0 0 1 1 0 0 1 1 1 1 1 0 0 1 0 1 0 0 1 1
 0 0 0 0 0 1 1 0 1 0 1 1 1 0 0 1 0 1 0 0 0 0 1 0 0 0 1 0 0 0 0 0 1 0 0 1 0
 0 0 0 0 0 0 1 1 1 0 0 0 1 0 1 1 1 0 1 0 1 1 1 0 1 1 1 0 1 1 0 0 1 0 1 1 1
 1 0 0 1 1 0 0 0 1 0 1 1 0 0 0 1 1 0 1 1 0 1 1 1 1 0 0 0 0 0 1 0 1 0 1 0 0
 1 0 1 1 1 0 1 1 1 0 1 1 0 1 1 1 1 0 1 1 1 0 1 0 1 1 0 0 0 1 0 1 0 1 0 1 0
 1 0 0 1 0 1 1 0 0 1 0 1 0 0 0 0 1 1 0 0 0 1 1 1 1 0 1 1 0 1 0 0 0 1 0 1 0
 0 0 1 1 1 1 0 0 1 1 0 0 0 1 1 0 0 0 0 0 1 0 1 0 0 0 1 1 1 1 1 1 1 0 0 0 1
 1 0 1 1 1 1 1 1 0 0 1 1 1 0 0 1 0 1 1 1 0 0 0 1 0 1 1 0 1 0 0 0 0 0 0 0 0
 1 1 0 0 0 0 1 0 0 1 0 0 1 1 1 0 1 1 0 0 1 0 0 1 0 1 0 0 0 0 0 1 1 1 1 0 0
 1 0 1 0 0 1 0 0 1 1 1 1 0 0 0 0 0 1 0 0 0 0 0 1 1 1 1 1 0 1 1 1]

Synthetic samples indexes: [ 81 115 160 338 420 438 468]

