Clustering algorithm selected: kmeans++
=====================================

Clustering evaluation metric: dbc
Clustering evaluation value: 0.47332092962168004

========== Cluster 0 ==========

Base classifier: LogisticRegression()

Minority Class: 1

Selected Features: [ 0  1  2  3  4  5  6  7  8  9 10 11 12 13 14 15 16 17 18 19 20 21 22 23
 24 25 26 27 28 29 30 31 32 33 34 35 36 37]

Labels: [0 0 0 0 1 0 1 0 0 0 1 1 1 0 1 1 0 0 0 1 0 1 1 0 1 0 0 1 1 0 0 0 0 1 0 0 1
 1 1 0 0 1 1 1 0 0 0 0 1 0 1 1 1 0 1 1 0 0 1 1 1 1 1 0 0 0 0 0 0 0 0 1 0 0
 1 0 1 1 0 0 0 1 0 1 1 1 1 0 1 0 0 0 1 1 1 0 0 1 1 0 0 1 0 0 1 0 0 1 1 0 1
 0 0 1 0 1 1 1 1 1 0 1 0 0 1 0 0 0 1 1 0 1 0 1 0 0 1 1 1 0 1 0 0 0 1 0 0 1
 1 1 1 1 1 0 0 1 1 0 1 0 1 0 0 0 0 0 1 1 1 1 0 0 0 1 0 0 0 0 0 0 0 1 0 0 0
 1 1 1 0 0 1 1 1 0 1 0 1 1 0 1 1 0 0 1 0 0 1 1 0 0 0 1 1 1 1 1 1 1 0 1 0 0
 0 0 0 1 1 0 1 0 1 1 0 1 1 1 0 1 0 1 1 1 0 0 1 0 1 0 0 0 1 0 1 1 0 1 1 1 1
 1 1 0 1 1 0 1 1 1 1 0 0 1 1 0 0 0 0 1 1 0 0 0 1 1 0 0 1 0 0 1 1 0 1 1 1 0
 1 1 0 1 1 1 1 0 0 1 1 1 1 1 1 0 1 0 1 0 0 0 1 1 0 0 0 0 0 0 0 0 0 0 0 1 1
 0 0 0 1 1 0 0 1 1 1 1 0 0 1 0 1 0 0 1 0 1 1 0 0 0 0 0 1 1 0 1 0 0 1 1 1 0
 1 1 1 1 0 0 0 1 0 0 1 0 1 1 1 0 1 0 1 1 1 1 0 1 1 1 1 1 1 0 0 1 0 1 1 0 0
 1 0 0 0 1 0 0 1 0 1 0 0 1 0 1 0 1 0 0 1 1]

Synthetic samples indexes: [  6  15  21  22  24  37  41  50  84  92  94  98 107 116 136 137 156 169
 181 190 194 199 200 212 228 246 253 260 265 278 283 300 306 310 314 318
 332 336 337 343 346 360 370 373 377 384 386 393 395 403 404 414 419 426]

========== Cluster 1 ==========

Base classifier: SVC(probability=True)

Minority Class: 1

Selected Features: [ 0  1  2  3  4  5  6  7  8  9 10 11 12 13 14 15 16 17 18 19 20 21 22 23
 24 25 26 27 28 29 30 31 32 33 34 35 36 37]

Labels: [1 0 0 0 0 1 0 1 0 0 1 0 1 0 1 0 1 0 1 1 0 1 0 0 1 0 0 1 1 0 1 1 0 1 1 1 0
 0 0 0 1 0 1 0 1 1 1 0 1 0 1 0 1 0 1 0 0 0 1 1 1 1 0 1 1 0 1 0 1 0 0 0 0 1
 0 1 1 1 1 1 0 0 0 1 1 1 0 1 0 1 0 1 1 0 1 0 1 1 0 1 0 0 0 1 1 1 1 1 1 0 0
 0 0 1 1 0 1 1 0 0 1 1 1 0 1 1 1 1 0 1 0 0 1 0 1 0 1 0 0 0 0 0 0 1 1 1 0 1
 1 0 0 0 0 0 0 1 0 0 0 0 0 1 0 1 1 0 1 0 0 0 1 1 0 0 1 1 1 1 0 0 1 1 1 1 1
 0 0 1 0 0 1 1 0 1 0 1 0 1 0 1 1 1 0 0 0 0 0 1 0 0 0 1 1 0 1 0 0 1 1 1 0 1
 1 1 0 1 0 1 0 0 1 0 0 0 0 1 1 0 1 0 1 0 1 1 0 0 1 1 0 0 1 1 1 1 1 1 0 0 0
 0 0 1]

Synthetic samples indexes: [ 14  24  44  63  84  87 176 184 201 214 221 227 243 247 251]

