Clustering algorithm selected: fcm
=====================================

Clustering evaluation metric: dbc
Clustering evaluation value: 0.3699377197090956

========== Cluster 0 ==========

Base classifier: GradientBoostingClassifier()

Selected Features: [3 8 1 5 2 7 6 4 0]

Labels: [0 0 0 0 2 2 0 1 0 0 1 2 0 0 1 0 1 0 0 0 0 2 0 0 0 0 0 0 2 2 0 0 1 0 0 0 0
 1 2 0 0 1 0 1 2 0 2 2 0 2 0 1 0 0 2 0 0 0 1 2 2 0 0 0 2 1 1 0 0 2 2 2 0 2
 0 0 0 0 0 2 2 2 0 2 0 0 2 0 0 2 2 2 0 0 1 0 0 0 0 0 2 0 0 2 0 0 0 0 0 1 0
 0 2 1 0 2 2 0 0 2 0 0 0 2 2 0 0 1 2 0 0 2 0 2 0 0 2 0 2 0 0 0 0 0 0 0 2 1
 0 2 0 1 0 1 1 2 1 0 2 1 1 1 2 2 1 0 0 0 1 0 2 2 0 0 0 0 2 0 2 2 2 1 0]

========== Cluster 1 ==========

Base classifier: RandomForestClassifier()

Selected Features: [0 3 7 8 6 5 4 2]

Labels: [0 0 0 2 2 2 1 0 0 2 2 2 2 2 0 0 0 0 0 0 0 2 0 0 2 0 0 2 0 0 2 0 0 0 2 2 0
 0 0 2 0 0 1 0 0 2 2 0 0 0 0 0 0 0 0 2 2 0 0 2 0 2 0 2 2 2 0 2 2 0 0 0 2 2
 0 2 2 1 0 0 0 2 0 2 0 0 1 1 2 2 1 0 0 2 2 1 0 0 2 2 2 2 0 2 0 2 2 0 2 0 0
 0 0 0 2 1 0 0 2 2 0 0 0 2 0 0 2 2 2 0 0 1 2 0 0 2 0 0 2 1 2 2 0 2 0 1 0 1
 0 2 1 2 0 1 2 0 2 0 0 2 2 2 2 0 0 2 2 1 2 0 0 0 2 0 0 0 0 1 2 0 0 2 0 2 1
 0 0 0 0 0 0 2 1 0 0 0 0 2 0 0 0 0 2 0 1 2 2 2 2 0 2 0 2 0 1 0 0 2 2 2 2 0
 2 0 0 2 0 2 1 2 2 0 2 0 0 2 2 2 2 0 0 0 0 0 0 0 0 0 0 2 0 2 2 2 2 2 0 0 1
 0 2 0 0 0 2 1 0 2 2 2 1 0 0 2 2 1 0 0 0 0 1 1 0 2 1 0 2 0 2 0 2 0 0 2 0 0
 1 0 2 2 2 0 2 0 0 0 0 0 0 0 0 0 2 2 2 0 0 0 0 0 0 0 2 2 2 1 2 2 0 0 1 2 0
 1 2 0 2 0 0 2 0 2 0 0 1 2 0 0 2 2 2 0 2 0 0 0 2 0 0 2 0 2 2 0 0 0 2 2 0 0
 2 0 0 2 2 2 0 0 2 1 1 1 0 0 2 0 1 0 0 0 0 0 0 0 0 0 0 0 2 1 2 0 0 0 0 0 2
 1 2 0 2 2 2 0 2 0 0 2 0 2 0 0 0 2]

========== Cluster 2 ==========

Base classifier: LogisticRegression()

Selected Features: [1 3 6 2 4]

Labels: [2 0 2 2 0 0 0 1 2 0 2 0 2 2 1 0 2 2 2 1 2 2 0 2 0 2 0 1 0 1 2 1 0 1 2 0 0
 1 1 2 2 1 2 0 2 1 2 1 2 2 2 2 0 2 0 0 2 2 2 1 1 0 2 1 2 2 1 2 2 0 1 2 2 2
 0 1 2 1 2 1 2 2 1 2 2 1 0 1 2 0 2 2 0 2 2 0 2 0 0 1 0 1 0 0 1 0 0 2 2 0 0
 0 0 0 0 2 0 0 1 0 0 0 2 0 2 1 2 2 0 2 1 0 0 2 0 2 0 2 2 0 1 1 0 0 0 1 0 2
 0 2 2 0 1 0 1 2 1 2 2 1 0 1 0 1 0 2 1 2 0 2 2 0 0 2 1 2 1 2 0 1 1 0 1 1 1
 2 2 2 2 0 0 2 2 0 1 2 1 1 1 2 2 2 2 2 2 2 1 1 0 2 0 1 2 1 0 0 2 0 0 1]

========== Cluster 3 ==========

Base classifier: LogisticRegression()

Selected Features: [5 8 6 3 1 7 4 2]

Labels: [1 1 1 1 0 0 1 0 1 0 1 1 2 0 0 0 1 0 1 0 1 2 1 1 2 2 1 1 0 0 0 0 0 0 2 1 1
 0 1 1 2 1 1 1 2 0 2 2 1 0 1 0 0 2 0 1 0 0 2 1 1 1 2 1 2 1 2 1 1 2 0 2 0 1
 2 2 2 1 1 2 2 1 0 0 1 1 1 2 0 1 1 2 0 2 0 0 2 2 1 0 1 0 1 0 0 0 0 0 2 1 1
 0 1 0 0 0 1 0 0 1 2 1 1 2 1 1 0 1 1 1 0 1 1 1 1 2 0 1 0 1 2 2 1 0 1 2 0 0
 1 2 0 1 0 2 0 2 2 2 1 2 0 2 0 2 1 1 0 2 2 1 1 1 2 1 2 0 0 0 2 1 1 2 1 1 0
 1 0 0 0 1 2 1 0 0 2 0 1 0 0 1 2 0 1 2 0 0 0 0 2 1 2 2 1 2 2 0 2 0 0 0 2 0
 1 0 2 2 1 2 2 2 2 1 0 1 2 0 0 1 2 2 2 0 2 1 1 2 1 1 0 0 0 2 1 1 0 2 1 1 2
 2 1 2 0 1 2 2 2 2 2 2 2 1 0 0 1 0 2 0 1 1 1 2 2 2 2 0 2 1 0 0 2 2 2 2 0 1
 0 2 1 1 1 1 1 1 1 1 2 1 1 1 1 2 2 0 0 0 0 0 1 0 2 2 0 2 2 0 0 1 0 2 0 2 2
 1 0 2 1 1 2 2 1 1 2 1 1 2 2 0 0]

========== Cluster 4 ==========

Base classifier: GradientBoostingClassifier()

Selected Features: [5 3 7 4 0 8]

Labels: [0 2 1 2 2 1 1 1 2 0 0 0 0 2 0 2 0 1 1 1 0 1 0 1 2 2 0 1 0 1 2 1 1 0 1 2 0
 2 2 0 0 1 2 2 0 0 2 1 1 2 2 0 1 1 0 2 2 1 2 0 2 1 1 0 2 1 2 1 2 2 0 0 1 0
 1 2 1 2 1 1 2 0 0 1 1 1 1 2 0 0 0 0 0 2 2 1 0 2 2 0 1 0 0 0 1 2 1 2 0 2 1
 0 2 1 1 1 2 1 2 2 1 1 0 2 0 1 1 0 1 0 2 2 2 1 0 1 2 1 0 2 2 0 0 2 2 0 0 0
 1 2]

