Clustering algorithm selected: fcm
=====================================

Clustering evaluation metric: dbc
Clustering evaluation value: 0.2025968058928158

========== Cluster 0 ==========

Base classifier: GaussianNB()

Minority Class: 1

Selected Features: [3 1 6 8 0 7 5]

Labels: [2 0 1 0 0 1 0 2 2 1 0 2 2 0 1 1 0 0 0 1 1 2 0 0 1 0 1 1 0 2 0 2 0 0 1 2 1
 0 1 2 1 1 0 0 2 0 0 0 0 1 2 1 2 0 2 0 0 2 1 1 1 2 2 0 1 1 0 2 0 2 0 0 0 2
 0 2 0 2 0 0 0 0 0 2 1 1 0 0 1 0 2 0 0 1 2 1 1 0 1 2 2 0 1 2 2 1 1 1 2 2 0
 2 0 0 0 0 1 0 1 1 2 2 1 1 2 2 1 2 2 2 2 2 2 2 2 0 0 0 0 0 0 1 1 1 0 1 0 2
 1 1 0 1 0 1 1 1 2 0 1 2 1 1 0 2 2 2 0 2 2 0 2 2 1 2 2 0 1 1 0 0 2 0 2 0 0
 0 2 1 2 0 1 0 0 0 1 2 2 1 2 0 2 1 0 0 2 0 2 0 2 2 1 0 0 1 1 1 1 0 2 0 0 1
 2 0 2 2 2 2 2 1 0 2 2 0 2 0 1 0 2 0 0 0 0 0 0 2 0 0 0 1 2 0 1 2 0 0 2 2 0
 0 0 1 2 0 0 0 0 2 0 1 2 1 1 2 1 2 2 1 0 0 0 0 0 0 0 1 2 2 0 0 0 1 1 2 0 0
 0 2 1 2 0 2 0 0 0 0 0 0 1 2 1 0 1 2 2 1 2 2 0 1 2 1 0 2 2 2 0 0 0 2 0 0 0
 1 0 0 0 2 0 0 0 2 0 0 0 2 0 1 2 2 2 2 0 0 0 2 2 2 0 1 2 0 0 2 1 2 2 0 2 0
 2 0 1 2 1 0 0 0 2 2 0 2 1 0 2 1 1 2 0 0 2 0 0 2 1 1 2 0 2 1 2 2 2 0 1 0 0
 0 0 0 0 0 2 2 2 1 2 2 1 2 2 2 2 2 0 2 0 1 0 1 1 2 0 2 2 0 0 0 2 1 2 2 0 2
 2 0 1 0 2 2 1 0 1 0 0 0 0 0 0 0 0 2 2 1 1 0 1 2 2 2 2 1 0 2 2 2 2 2 0 1 0
 2 1 0 2 1 2 0 1 0 2 2 0 2 1 2 0 0 0 2 1 0 0 0 2 2 2 0 2 2 1 1 1 1 1 0 0 0
 2 2 0 0 1 2 1 2 2 1 0 0 2 2 1 0 0 1 0 2 0 0 0 1 0 1 1 0 0 2 1 0 0 2 2 1 0
 1 1 2 0 0 2 0 0 0 2 2 1 0 2 1 1 2 2 0 1 2 1 1 1 2 1 2 1 1 0 0 1 0 1 2 2 0
 2 0 0 0 0 2 0 0 0 0 0 1 0 0 0 1 0 0 1 0 0 0 2 2 0 2 1 0 2 2 2 0 0 1 0 0 1
 1 2 2 2 2 1 0 1 2 2 1 0 0 1 0 2 0 2 0 0 1 1 2 2]

========== Cluster 1 ==========

Base classifier: SVC(probability=True)

Minority Class: 1

Selected Features: [1 3 5 7 0 2]

Labels: [1 0 0 2 2 0 0 0 2 1 0 0 1 2 2 2 0 2 0 2 1 0 2 1 1 2 0 2 2 2 0 0 0 2 0 1 2
 0 0 0 0 1 0 0 2 0 2 0 0 0 0 2 1 0 0 0 0 0 2 1 0 0 0 0 1 2 1 2 2 0 0 1 0 0
 2 2 2 0 0 0 0 0 2 0 2 0 2 1 1 0 0 0 1 0 2 0 2 0 1 0 1 0 0 0 0 2 0 2 0 2 2
 2 1 1 0 2 0 2 2 2 0 2 0 0 0 1 2 1 0 2 1 1 2 2 0 2 2 1 2 1 0 0 2 2 2 0 2 2
 0 0 0 2 1 1 2 1 2 2 2 2 2 0 0 1 1 2 1 2 1 2 0 0 2 0 1 1 0 0 2 1 1 1 1 0 2
 1 2 0 0 0 2 1 0 0 1 1 2 0 2 2 0 2 2 1 2 2 0 0 0 2 0 2 2 2 0 0 2 2 2 2 0 1
 0 0 2 1 0 0 0 0 2 0 0 2 2 0 0 2 0 2 1 0 1 0 2 0 0 0 0 0 0 1 2 1 1 2 0 1 0
 0 0 0 2 0 1 2 2 1 1 1 2 2 2 0 0 0 0 2 1 2 2 2 0 0 2 0 0 0 0 0 2 0 0 0 2 0
 1 1 0 0 0 1 0 2 0 2 2 0 0 1 2 0 2 0 2 2 2 0 2 0 1 0 0 1 0 2 0 2 0 0 0 0 0
 2 2 2 2 2 0 2 2 2 0 0 2 0 1 2 1 1 0 0 1 2 2 2 0 0 0 1 0 1 0 1 1 0 1 2 0 2
 0 2 0 0 0 0 0 2 2 0 2 1 0 1 2 0 0 0 0 1 2 2 0 2 0 0 0 0 0 0 2 1 2 1 2 0 0
 2 2 0 2 1 0 1 1 0 0 1 0 1 0 2 1 1 0 2 0 2 0 0 0 1 2 1 0 1 0 2 2 2 1 0 0 2
 1 0 2 1 2 0 2 1 2 0 0 0 1 2 0 1 1 2 2 2 2 1 2 1 1 2 1 1 0 0 0 0 2 0 2 2 0
 2 0 1 0 1 0 0 0 0 2 2 2 0 1 0 0 2 2 2 2 1 2 1 2 0 0 0 1 1 1 0 0 0 1 2 1 0
 2 0 0 2 0 1 2 1 1 2 2 2 0 2 1 0 2 1 1 0 0 0 2 0 1 0 2 2 2 1 0 1 1 2 1 2 2
 0 2 0 0 2 2 0 0 2 0 0 0 1 2 0 0 2 2 1 2 0 1 1 2 2 1 2 2 0 2 1 0 1 2 2 1 0
 0 1 2 0 0 2 2 2 1 0 2 1 2 2 2 2 0 1 2 0 0 0 1 0 2 2 0 0 0 2 0 2 0 2 2 0 0
 1 1 2 2 0 0 0 2 1 0 0 0 0 0 2 2 2 1 0 0 1 2 0 2 2 2 0 2 0 0 2 2 2 2 0 2 0
 1 0 0 0 0 0]

