Clustering algorithm selected: kmeans
=====================================

Clustering evaluation metric: silhouette
Clustering evaluation value: 0.3702488414509102

========== Cluster 0 ==========

Base classifier: SVC(probability=True)

Minority Class: 0

Selected Features: [ 0 21 24 23  3  4  1  2 22  8 28 27 14  7 17  9 13 10 19 16 11 20  6 26]

Labels: [1 1 0 1 1 0 1 1 1 1 1 1 1 0 1 0 0 0 1 0 0 0 0 1 0 1 0 0 0 0 1 0 1 1 0 0 0
 1 0 0 0 0 0 1 0 1 1 0 0 0 1 1 1 0 1 0 1 0 0 1 0 1 1 0 1 0 0 1 1 0 1 1 0 0
 1 0 1 1 0 1 0 1 0 0 1 0 0 0 1 1 1 1 1 0 0 1 0 0 0 1 0 1 1 1 0 0 0 0 1 0 1
 0 0 0 1 0 0 1 0 0 0 1 1 1 0 0 0 1 0 1 1 0 0 0 1 1 1 1 1 1 1 1 0 0 1 1 0 0
 0 0 1 1 1 1 1 0 0 0 1 0 1 0 1 0 0 0 1 1 0 0 1 0 0 1 1 1 0 0 1 0 0 1 1 1 1
 0 0 1 0 1 1 0 1 1 0 1 1 0 1 1 1 1 1 0 1 1 0 1 0 1 1 1 0 0 1 1 0 1 0 0 0 0
 0 1 1 1 1 0 1 0 1 0 1 1 0 1 1 1 1 1 0 0 1 1 0 0 0 0 0 1 0 0 1 1 1 0 1 0 1
 0 1 0 0 1 0 0 1 0 1 1 1 0 1 1 1 1 1 1 0 1 0 0 1 1 1 0 1 1 0 1 1 1 0 0 0 1
 0 1 0 0 1 1 0 1 1 1 0 1 0 0 1 0 1 0 0 0 1 1 0 1 0 1 0 0 1 0 1 1 1 0 1 0 1
 0 0 1 0 0 0 1 1 1 0 0 0 1 0 0 0 0 1 1 1 0 1 0 0 0 0 0 1 0 0 1 1 1 1 0 0 0
 1 1 0 1 0 0 0 0 1 1 1 1 0 0 0 0 0 1 1 1 0 1 1 1 0 0 1 1 1 0 1 1 0 0 0 1 0
 0 1 0 0 0 1 0 0 1 1 0 1 1 1 0 0 0 0 0 1 1 1 0 0 0 1 1 1 1 1 1 0 1 0 0 1 0
 0 1 0 1 0 0 1 0 1 0 1 1 0 1 1 0 0 1 1 1 0 1 0 0 0 1 0 0 1 1 1 1 0 0 1 0 0
 0 1 1 1 1 1 1 1 0 0 1 0 1 1 0 0 1 0 1 0 0 0 0 1 0 0 0 1 0 1 1 1 0 1 1 0 1
 0 0 1 1 1 0 1 0 1 0 0 1 0 0 1 0 0 1 1 0 1 1 0 0 0 1 1 0 1 1 0 1 1 1 0 1 0
 1 1 0 0 0 0 1 0 0 0 1 0 1 0 0 1 1 0 0 0 0 1 1 1 0 0 1 0 0 1 0 1 0 0 0 0 1
 0 0 1 0 0 1 1 0 0 1 0 1 0 1 0 0 1 1 0 0 1 1 1 0 1 1 1 0 1 1]

Synthetic samples indexes: [  0   3   4   6   7   9  10  11  12  14  23  25  30  33  37  43  45  46
  50  51  52  54  56  59  61  62  64  67  68  70  71  74  76  77  79  81
  84  88  89  90  91  92  95 101 102 103 108 110 117 121 122 123 127 129
 130 134 135 136 137 138 139 140 141 144 145 150 151 152 153 154 158 160
 162 166 167 170 173 175 178 181 182 183 184 187 189 192 193 195 196 198
 199 200 201 204 205 207 209 210 211 214 215 217 223 224 225 226 228 230
 232 233 235 236 237 238 239 242 243 249 252 253 254 256 258 260 263 266
 268 269 270 272 273 274 275 276 277 279 282 283 286 287 289 290 291 295
 297 300 303 304 307 310 312 316 317 319 321 324 327 328 330 332 335 340
 350 351 352 354 360 363 364 365 366 370 371 373 378 379 380 381 387 389
 391 393 396 397 398 400 401 408 412 416 419 420 426 427 428 432 433 434
 435 436 437 439 445 447 450 452 454 455 457 458 461 462 465 469 472 473
 474 475 478 482 483 484 485 486 487 491 493 494 497 499 508 510 511 512
 514 515 517 520 521 522 524 532 535 538 539 543 544 546 547 549 550 551
 553 555 561 565 567 570 571 576 577 578 581 584 586 591 594 597 598 601
 603 605 608 609 612 613 614 616 617 618 620 621]

========== Cluster 1 ==========

Base classifier: GaussianNB()

Minority Class: 0

Selected Features: [24 21 23  1  4  3 20  8 28 16 10 25  0 14 22 17 13  2 11  5 29  6 30  9]

Labels: [1 1 0 0 1 1 1 0 0 1 0 0 1 1 0 1 0 0 1 0 0 0 1 1 0 1 0 0 0 1 0 1 0 0 1 1 0
 1 0 0 0 0 0 0 0 1 0 0 0 1 1 1 1 1 1 1 0 1 0 1 0 1 0 1 1 0 0 1 1 1 1 0 1 0
 1 1 1 0 1 1 0 1 1 0 1 1 1 1 1 0 0 0 1 1 0 0 1 0 1 1 0 1 0 0 0 0 0 0 0 1 1
 1 1 1 1 0 1 1 0 1 1 0 1 1 0 1 1 1 0 0 1 0 0 0 1 0 0 1 1 0 0 0 1 0 0 1 1 1
 0 0 0 0 1 0 1 0 0 1 0 1 0 1 1 1 0 1 0 1 1 1 0 1 0 1 0 1 0 0 1 0 0 1 1 1 1
 0 1 0 0 0 1 1 1 1 1 0 0 0 0 1 0 1 1 1 0 1 0 0 1 0 0 1 1 0 1 0 0 0 0 1 1 0
 1 1 0 0 0 0 0 1 0 0 1 1 0 1 1 1 0 1 1 1 0 1 0 0 0 0 1 0 1 0 0 1 0 1 0 0 0
 1 0 0 1 0 1 0 1 0 0 1 1 1 1 1 0 0 1 0 1 0 1 0 0 1 0 1 0 0 1 1 0 0 0 0 1 0
 1 0 0 1 1 0 1 1 0 1 1 0 0 0 1 1 0 1 0 0 1 1 1 1 0 1]

Synthetic samples indexes: [  2   3   8  10  11  14  16  17  19  20  21  24  26  27  28  30  33  36
  38  39  40  42  43  44  46  47  48  56  58  60  62  65  66  71  73  77
  80  83  89  90  91  94  95  97 100 102 103 104 105 106 107 108 115 118
 121 124 128 129 131 132 133 135 136 139 140 141 143 144 148 149 150 151
 155 156 158 160 164 166 172 174 177 180 185 187 189 195 196 197 198 200
 204 206 207 209 210 213 215 216 217 218 221 224 225 226 227 228 230 231
 234 242 244 245 246 247 249 251 252 254 256 257 258 260 261 263 265 267
 268 274 275 277 279 281 282 284 286 287 290 291 292 293 295 297 298 301
 304 307 309 314 315 320]

