Clustering algorithm selected: kmeans
=====================================

Clustering evaluation metric: dbc_ss
Clustering evaluation value: 0.30907032538196444

========== Cluster 0 ==========

Base classifier: SVC(probability=True)

Minority Class: 1

Selected Features: [ 0  1  2  3  4  5  6  7  8  9 10 11 12 13 14 15 16 17 18 19 20 21 22 23
 24 25 26 27 28 29 30 31 32 33 34 35 36 37]

Labels: [1 0 0 1 1 1 1 0 0 0 1 0 1 1 1 1 0 1 1 0 1 1 1 1 1 0 0 0 1 0 1 0 0 0 0 0 1
 1 0 1 0 1 0 1 1 1 0 1 0 1 1 1 1 0 0 1 1 1 0 1 1 1 1 1 1 1 0 0 1 0 1 0 0 0
 1 1 1 1 1 1 1 0 1 1 0 0 0 0 1 1 1 0 0 0 0 1 1 0 1 1 1 1 1 1 1 0 1 0 0 0 1
 1 1 1 0 0 0 1 0 0 0 0 0 0 0 0 0 0 1 1 1 1 0 0 0 1 0 0 1 0 0 0 1 0 1 0 1 1
 1 0 0 0 1 1 0 1 0 0 1 0 0 0 0 0 1 1 0 1 0 1 0 0 0 1 0 1 1 0 1 0 0 1 1 0 0
 1 1 0 0 0 0 0 1 1 0 1 0 1 1 0 0 0 1 0 1 1 0 1 1 1 0 1 0 1 1 1 1 0 0 1 0 1
 1 1 1 0 1 1 1 0 1 1 0 1 1 1 1 0 1 1 0 1 0 1 0 1 1 0 0 1 0 1 0 0 1 0 1 0 0
 1 1 1 1 0 0 0 0 0 0 1 1 0 0 1 0 0 1 0 1 1 1 1 1 0 0 0 1 0 1 1 1 1 0 1 0 0
 1 1 1 1 1 1 1 1 1 0 1 0 0 0 1 0 0 1 1 1 0 1 1 0 1 0 1 1 0 0 0 1 0 0 1 0 0
 1 0 0 1 0 1 1 1 0 0 0 0 0 0 0 1 0 1 1 0 0 1 1 0 0 0 0 0 0 1 0 0 1 1 0 0 1
 1 1 0 1 1 0 1 1 0 1 0 0 1 0 0 0 0 0 0 0 0 1 1 0 0 1 0 0 1 0 0 0 1 0 1 1 0
 1 1 0 1 0 0 1 0 0 1 1 0 0 1 1 0 1 0 1 0 1 0 0 1 0 1 0 1 1 1 0 0 1 0 0 0 1
 0 0 1 1 1 0 0 1 0 1 0 0 1 1 1 0 0 1 0 1 0 1 0 1 1 1 1 0 0 1 0 0 0 0 1 0 0
 0 0 1]

Synthetic samples indexes: [ 68 204 205 259 317 318 323]

========== Cluster 1 ==========

Base classifier: SVC(probability=True)

Minority Class: 1

Selected Features: [ 0  1  2  3  4  5  6  7  8  9 10 11 12 13 14 15 16 17 18 19 20 21 22 23
 24 25 26 27 28 29 30 31 32 33 34 35 36 37]

Labels: [0 0 1 1 0 1 1 0 1 0 0 1 0 0 1 0 1 0 0 0 0 1 1 1 1 0 0 0 1 1 0 0 1 0 1 1 1
 1 1 1 0 0 0 0 1 1 1 0 0 1 1 0 0 0 1 1 1 1 1 1 1 0 1 1 0 0 0 1 0 0 0 1 1 1
 0 1 1 0 0 1 1 0 1 1 0 1 1 1 0 1 1 1 1 0 1 0 0 1 1 0 0 1 0 0 0 1 1 1 1 1 0
 1 0 0 1 0 0 1 0 1 0 1 0 1 0 1 0 0 1 0 1 0 1 1 0 0 1 0 1 1 0 0 1 0 0 0 0 1
 0 0 0 1 1 0 0 0 1 1 0 1 0 1 1 1 1 1 0 0 0 1 0 1 0 0 0 0 0 1 0 0 0 1 1 1 1
 1 1 1 0 0 0 1 0 1 0 0 1 1 0 0 0 0 1 0]

Synthetic samples indexes: [  5   6   8  16  21  23  28  32  35  36  37  39  44  45  46  49  50  54
  55  59  62  63  73  75  79  80  86  89  90  91  92  94  97 101 105 107
 108 111 117 121 123 125 128 133 138 147 156 161 162 163 164 165 171 177
 181 183 184 185 196 197]

