Clustering algorithm selected: kmeans
=====================================

Clustering evaluation metric: dbc_ss
Clustering evaluation value: 0.30907032538196444

========== Cluster 0 ==========

Base classifier: LogisticRegression()

Minority Class: 1

Selected Features: [32 34 37 31 33 36  4 21 16  0 30 10 25 29  5  2 23  3 12 15 28 19  8 35
 22 18 26 27 24 20 17 11 14 13  9]

Labels: [1 0 0 1 1 1 1 0 0 0 1 0 1 1 1 1 0 1 1 0 1 1 1 1 1 0 0 0 1 0 1 0 0 0 0 0 1
 1 0 1 0 1 0 1 1 1 0 1 0 1 1 1 1 0 0 1 1 1 0 1 1 1 1 1 1 1 0 0 1 0 1 0 0 0
 1 1 1 1 1 1 1 0 1 1 0 0 0 0 1 1 1 0 0 0 0 1 1 0 1 1 1 1 1 1 1 0 1 0 0 0 1
 1 1 1 0 0 0 1 0 0 0 0 0 0 0 0 0 0 1 1 1 1 0 0 0 1 0 0 1 0 0 0 1 0 1 0 1 1
 1 0 0 0 1 1 0 1 0 0 1 0 0 0 0 0 1 1 0 1 0 1 0 0 0 1 0 1 1 0 1 0 0 1 1 0 0
 1 1 0 0 0 0 0 1 1 0 1 0 1 1 0 0 0 1 0 1 1 0 1 1 1 0 1 0 1 1 1 1 0 0 1 0 1
 1 1 1 0 1 1 1 0 1 1 0 1 1 1 1 0 1 1 0 1 0 1 0 1 1 0 0 1 0 1 0 0 1 0 1 0 0
 1 1 1 1 0 0 0 0 0 0 1 1 0 0 1 0 0 1 0 1 1 1 1 1 0 0 0 1 0 1 1 1 1 0 1 0 0
 1 1 1 1 1 1 1 1 1 0 1 0 0 0 1 0 0 1 1 1 0 1 1 0 1 0 1 1 0 0 0 1 0 0 1 0 0
 1 0 0 1 0 1 1 1 0 0 0 0 0 0 0 1 0 1 1 0 0 1 1 0 0 0 0 0 0 1 0 0 1 1 0 0 1
 1 1 0 1 1 0 1 1 0 1 0 0 1 0 0 0 0 0 0 0 0 1 1 0 0 1 0 0 1 0 0 0 1 0 1 1 0
 1 1 0 1 0 0 1 0 0 1 1 0 0 1 1 0 1 0 1 0 1 0 0 1 0 1 0 1 1 1 0 0 1 0 0 0 1
 0 0 1 1 1 0 0 1 0 1 0 0 1 1 1 0 0 1 0 1 0 1 0 1 1 1 1 0 0 1 0 0 0 0 1 0 0
 0 0 1]

Synthetic samples indexes: [ 68 204 205 259 317 318 323]

========== Cluster 1 ==========

Base classifier: SVC(probability=True)

Minority Class: 1

Selected Features: [32 34 33 37 31 35  9 36  8  4 17  3 30 29 24 15 10 20  5 25  7  1 21  0
 19 27  6 26 28 23 16 18 22 12 11]

Labels: [0 0 1 1 0 1 1 0 1 0 0 1 0 0 1 0 1 0 0 0 0 1 1 1 1 0 0 0 1 1 0 0 1 0 1 1 1
 1 1 1 0 0 0 0 1 1 1 0 0 1 1 0 0 0 1 1 1 1 1 1 1 0 1 1 0 0 0 1 0 0 0 1 1 1
 0 1 1 0 0 1 1 0 1 1 0 1 1 1 0 1 1 1 1 0 1 0 0 1 1 0 0 1 0 0 0 1 1 1 1 1 0
 1 0 0 1 0 0 1 0 1 0 1 0 1 0 1 0 0 1 0 1 0 1 1 0 0 1 0 1 1 0 0 1 0 0 0 0 1
 0 0 0 1 1 0 0 0 1 1 0 1 0 1 1 1 1 1 0 0 0 1 0 1 0 0 0 0 0 1 0 0 0 1 1 1 1
 1 1 1 0 0 0 1 0 1 0 0 1 1 0 0 0 0 1 0]

Synthetic samples indexes: [  5   6   8  16  21  23  28  32  35  36  37  39  44  45  46  49  50  54
  55  59  62  63  73  75  79  80  86  89  90  91  92  94  97 101 105 107
 108 111 117 121 123 125 128 133 138 147 156 161 162 163 164 165 171 177
 181 183 184 185 196 197]

