Clustering algorithm selected: kmeans++
=====================================

Clustering evaluation metric: dbc
Clustering evaluation value: 0.45805385928531817

========== Cluster 0 ==========

Base classifier: GaussianNB()

Minority Class: 1

Selected Features: [214 215   3 217 216 219   8   0 136 208 138 194 152 153  18 201 204 141
  52   4  79 143 223 158   7 205 224  27  48 221  17  63 167  95 137 118
 209 218   1 100 180  43 135 200  41  31 145   2 185 134  65  97  44  78
  88  35  66 213 106  57  70  19 116 111 146 157  54  90 114 104   9 175
 122 144  24 206  39 220 168  12 132   5 154 105 109 129  42  47 184  14
 203  23 140  73 115 101  10 128 178 182  89  28  45   6 211  85 210  72
 142  68 139  26 112  99 155 162 202 189 193  56  38 163  60 196 176  59
 151  82 212  20 166 187  22  96 188 165 159 179 192 181 125 113  67 107
 172 190 183 177 186 191 173 199 195 197 198 222 207 174 164 161 160 131
 130 133 156 148 149 150 147 169 170 171  94  84  83  86  87  92 117 126
 127 124 123 121 120 119 102 103 108 110  98  81  80  64  69  71  75  76
  77  74  93  91  58  62  61  53]

Labels: [1 0 1 1 0 1 1 1 1 1 0 1 1 1 1 0 0 1 1 1 0 1 1 0 0 1 1 0 1 1 1 0 0 0 1 1 0
 0 1 0 0 0 1 0 1 1 1 1 0 0 1 0 1 0 1 0 0 1 1 0 1 1 0 1 0 1 1 1 0 1 1 1 0 0
 1 0 0 1 0 1 1 0 1 1 1 0 0 1 0 1 0 0 1 0 0 1 0 1 0 1 0 0 0 1 1 1 1 0 0 1 1
 1 0 0 1 0 1 1 0 1 1 1 1 1 1 1 1 1 1 0 1 1 1 1 1 1 0 1 0 0 0 1 1 1 1 0 0 0
 1 0 1 1 1 1 0 0 0 0 0 1 0 0 0 1 1 0 0 0 1 1 1 0 0 1 1 0 1 1 0 0 0 0 0 0 0
 0 1 0 0 0 0 0 0 1 0 0 0 0 1 0 1 1 1 1 0 1 0 0 0 1 1 1 0 0 1 0 0 0 0 1 1 0
 1 1 1 1 0 0 0 0 0 0 0 1 0 0 1 1 0 1 0 0 0 0 1 0 1 0 1 0 0 1 0 0 0 1 0 1 0
 1 1 1 1 1 1 1 0 0 0 1 1 1 0 0 0 1 1 1 0 0 0 0 1 1 1 0 1 0 1 0 1 0 0 0 1 0
 0 0 0 1 1 0 1 1 0 0 0 0 0 1 0 1 1 0 1 0 0 0 1 1 0 1 0 0 1 1 1 0 1 0 1 0 1
 0 1 0 1 0 0 0 0 0 0 1 0 1 0 0 0 0 1 1 0 1 1 0 1 0 1 1 1 0 0 0 0 1 0 0 0 1
 0 1 0 1 0 0 0 0 1 0 0 1 1 0 0 0 0 1 1 1 0 0 0 1 0 1 0 1 0 0 1 1 0 0 1 0 1
 1 1 0 0 1 0 0 1 1 0 1 0 1 1 1 0 0 1 1 1 1 1 0 1 1 0 0 0 0 1 0 1 0 0 0 1 0
 1 0 0 1 0 1 1 1 0 1 1 1 1 1 0 0 1 0 0 0 0 0 0 0 1 0 0 1 1 0 1 0 1 0 0 0 0
 0 1 0 1 0 1 0 0 1 0 0 1 0 1 0 0 1 1 0 1 1 1 1 1 1 1 1 1 0 1 0 1 1 0 1 0 0
 0 1 0 1 0 0 0 1 0 1 1 0 0 1 0 1 1 1 1 0 1 0 0 1 1 1 1 1 0 1 0 1 1 1 1 1 0
 0 1 0 1 1 0 1 0 1 1 1 0 1 1 1 0 1 0 1]

Synthetic samples indexes: [  3   6   7   8   9  12  14  17  18  19  21  22  28  29  30  38  42  44
  45  46  47  50  52  54  57  60  61  69  70  71  74  77  79  80  82  89
  92  95  97  99 103 104 105 106 109 114 116 117 119 120 122 123 125 126
 127 128 130 134 137 141 142 143 148 150 151 152 153 159 163 164 168 169
 174 176 177 186 193 200 201 202 205 209 214 219 223 224 239 244 246 248
 257 259 262 265 269 270 271 275 282 283 286 288 290 299 300 302 303 309
 311 312 321 324 325 328 332 334 336 343 350 351 356 358 360 365 369 373
 378 381 382 388 389 393 395 397 400 401 404 408 411 414 415 419 420 421
 424 425 427 428 430 431 436 438 442 447 450 453 454 455 456 457 468 471
 474 482 494 497 500 501 502 504 505 508 510 512 513 519 521 525 527 531
 533 534 538 541 543 544 547 549 550 551 561 563 564 565 568 569 571 573]

========== Cluster 1 ==========

Base classifier: GaussianNB()

Minority Class: 1

Selected Features: [214 216   3 145 215   0 131 224 144 219 136   4  48 150  54 140  20  35
 218   1  63 205 146 166 182  77 151  67 189 138  40 198 181 127  13 210
 158  71 162 223  58 200 141 204  45 143  19 167   5 187  93 211  59 154
 173 160  98   2 212 197 208  90 121 126   7 213 139 190  24  83 169  85
 176  47  97  43  22 114  30  29 206 137 207 221 157  15  18  52  36  44
  12 170 191 174 217 133  69 115  61  66 179 129  60  64 196  95 183  56
  31  42 184 199 116  49 159 164 134  57 171  23  73 149 153  81  53 106
  65  28 175  51 118 111 112 209  17  38 155 152 156 180 172 168 165 148
 147 177 178 186 185 188 194 193 222 220 201 203 202 195 192 163 161 128
 130 135 132 142  75  76  79  70  68  78  87  84  86  82  80  94  92 119
 125 108 107 109 110 104 105 103 102 100 101  99  96 124 123 122 120 117
 113  74]

Labels: [1 1 0 0 1 0 0 1 0 1 1 1 1 0 0 1 1 1 1 0 1 1 1 1 1 1 0 1 1 1 1 0 1 1 0 0 0
 0 0 0 0 1 0 1 0 0 1 1 0 0 1 0 0 1 0 1 1 0 1 1 1 0 1 1 0 0 0 1 1 0 0 1 0 1
 0 0 0 1 0 1 1 0 0 0 1 0 0 1 1 0 1 1 0 0 0 0 1 0 1 1 0 1 1 1 0 0 0 1 1 0 0
 1 0 0 1 1 0 1 1 1 1 0 0 0 0 0 0 0 1 1 1 0 1 1 1 1 1 0 1 1 1 1 0 1 0 1 1 1
 1 0 0 1 1 1 0 1 0 0 0 0 0 0 1 0 0 0 1 1 0 0 1 1 1 0 1 1 1 0 0 0 1 0 0 1 1
 1 0 0 1 0 1 0 0 1 0 0 1 1 0 1 1 1 0 0 1 0 0 0 1 0 0 0 1 0 1 0 0 0 0 1 1 0
 0 0 1 0 0 0 1 0 0 1 1 0 1 0 1 1 1 1 1 0 1 0 0 1 0 1 1 0 0 0 1 0 1 0 0 0 1
 1 0 0 0 0 0 1 0 1 1 0 0 1 1 0 0 0 1 0 1 0 1 1 1 0 0 1 1 1 0 0 0 1 1 1 1 1
 0 0 0 1 0 1 1 1 1 0 1 0 0 0 1 0 0 0 0 0 1 1 1 0 1 1 1 0 0 0 1 0 1 0 1 1 0
 0 1 0 0 1 1 0 1 0 1 1 1 1 0 0 0 1 0 0 0 1 0 0 0 0 1 0 1 0 0 1 1 0 0 1 1 1
 1 1 1 0 0 1 1 0 1 1 0 0 0 1 1 0 0 0 1 0 1 1 1 1 1 1 1 0 1 1 0 1 0 1 1 1 1
 1 0 1 0 0 0 1 0 0 0 0 0 0 0 0 0 0 1 0 1 0 0 0 1 0 0 1 1 0 0 0 0 0 1 0 0 0
 1 0 0 1 0 0 1 1 0 1 0 0 1 1 0 0 0 1 0 0 0 1 1 1 0 1 0 1 0 0 1 0 0 0 0 0 1
 0 0 0 1 1 0 0 0 0 1 1 1 1 0 0 1 0 1 1 0 1 1 1 0 0 1 1 1 0 0 1 0 0 0 1 1 1
 1 1 0 0 1 1 0 0 1 1 1 0 1 0 0 1 0 0 1 1 0 1 0 0 1 1 1 0 0 1 1 1 1 0 1 0 1
 1 1 1 1 1 1 0 1 0 0 1 1 1 0 0 0 0 0 0 0 0 1 0 1 1 1 0 1 1 1 1 1 1 0 0 1 1
 0 1 1 0 1 1 0 0 1 1 1 1 1 0 0 1 1 0 1 1 1 1 1 1 0 0 0 1 1 1 0 0 0 1 1 1 0
 1 0 0 1 1 1 0 0 0 0 0 0 1 0 1 1 1 0 1 1 1 0 0 0 1 0 1 0 1 1 1 0 1 1 1 1 1
 0 1 0 1 0 1 1 0 0 0 0 0 1 0 0 0 0 1 0 1]

Synthetic samples indexes: [  4   7   9  11  15  18  22  24  27  29  33  46  56  59  60  63  67  77
  80  90 111 115 117 120 128 130 135 138 140 143 145 151 152 153 166 172
 174 175 180 184 185 188 190 193 204 208 224 228 234 236 237 239 240 252
 254 265 267 272 276 285 286 287 291 293 302 303 317 318 320 321 322 330
 331 337 340 343 345 353 360 363 364 367 368 378 384 388 391 394 395 398
 399 401 409 430 434 440 450 451 453 456 467 471 474 480 484 485 490 493
 496 506 507 508 511 516 517 518 536 539 542 543 547 548 550 552 556 557
 558 562 566 567 576 578 579 580 582 583 584 585 590 591 593 601 604 608
 610 611 614 615 626 627 629 643 645 647 657 658 659 661 665 667 671 683]

