Clustering algorithm selected: kmeans
=====================================

Clustering evaluation metric: silhouette
Clustering evaluation value: 0.3655319430893968

========== Cluster 0 ==========

Base classifier: SVC(probability=True)

Minority Class: 0

Selected Features: [ 0  1  2  3  4  5  6  7  8  9 10 11 12 13 14 15 16 17 18 19 20 21 22 23
 24 25 26 27 28 29 30]

Labels: [0 1 1 0 0 0 0 1 1 0 1 0 0 1 1 0 1 1 1 1 1 1 1 1 0 0 1 1 1 0 1 0 0 1 0 0 0
 1 1 0 1 1 0 1 0 0 1 0 1 0 0 1 0 1 1 1 1 1 0 0 1 0 0 0 0 1 0 0 0 1 0 1 1 0
 1 1 0 1 1 0 1 1 1 1 0 1 0 0 1 0 1 1 0 0 0 1 1 1 0 0 1 1 0 0 1 0 0 1 1 0 0
 1 0 1 1 1 1 0 0 0 1 0 0 0 1 1 1 1 0 1 0 0 0 1 0 0 1 1 0 1 0 1 1 0 0 0 1 1
 1 0 1 1 1 1 1 1 0 0 0 0 1 1 0 1 0 0 1 0 0 1 1 0 1 0 1 0 0 0 1 1 0 0 0 1 1
 0 1 1 1 0 1 1 0 0 1 0 0 1 0 1 1 0 0 0 1 1 1 1 0 1 0 0 0 0 1 1 1 1 0 1 1 0
 1 0 1 1 0 1 1 0 1 1 1 1 1 0 0 0 0 0 1 0 1 1 1 1 0 0 1 0 1 1 0 1 1 0 1 1 0
 0 0 0 0 0 0 0 0 1 1 0 1 0 0 0 1 1 0 0 0 1 0 0 0 1 1 0 0 1 1 1 0 1 1 0 0 1
 0 1 0 0 1 1 0 1 0 0 1 0 0 1 1 1 1 1 0 0 0 1 1 1 1 0 0 1 0 0 0 0 1 1 1 1 1
 0 0 1 1 1 1 0 0 1 0 1 1 1 0 1 0 0 0 0 0 1 1 1 1 1 1 0 1 1 1 0 1 0 1 1 0 0
 0 0 1 0 1 1 1 0 1 1 0 1 1 0 1 1 0 1 0 0 0 1 1 0 0 0 0 0 0 1 1 0 1 0 1 0 0
 0 0 1 1 1 0 0 0 0 1 0 1 0 0 0 0 1 1 1 0 0 0 1 0 1 1 0 1 1 0 1 0 1 0 1 1 1
 0 1 0 1 1 1 0 0 0 0 1 1 0 1 1 0 1 0 1 0 1 0 0 0 1 1 1 0 0 0 0 0 0 0 1 1 0
 1 1 1 1 1 0 0 0 1 0 1 1 0 0 0 0 1 1 0 0 0 0 1 1 1 0 1 1 1 1 1 0 1 1 0 0 0
 0 1 1 1 1 0 0 1 0 0 1 0 0 1 0 0 0 0 1 1 1 0 1 0 0 0 0 1 0 1 0 0 0 0 0 0 1
 1 0 0 1 1 0 1 0 0 1 0 0 1 0 0 0 1 0 0 0 1 1 0 1 1 0 0 0 1 1 0 1 0 1 0 0 0
 0 1 1 0 0 1 1 0 0 0 1 0 1 0 1 1 1 1 0 0 0 1 1 1 0 0 1 1 1 1 1 1]

Synthetic samples indexes: [  2   7   8  10  14  16  18  19  20  21  22  23  26  27  28  30  33  38
  40  41  43  46  48  51  53  54  55  56  57  60  69  71  72  74  75  78
  80  81  82  83  85  88  90  91  95  96  97 100 101 104 107 108 111 113
 114 115 116 120 124 125 126 129 133 136 137 141 142 146 147 148 150 151
 154 160 161 163 166 169 170 172 174 178 179 183 184 186 187 190 191 194
 197 199 200 204 205 206 207 209 214 215 216 217 219 220 224 225 227 228
 230 231 232 233 234 240 242 243 244 245 248 251 253 254 256 257 267 268
 270 274 275 279 283 287 288 289 291 292 295 297 300 301 303 306 309 310
 311 313 317 318 319 320 323 329 330 331 332 335 336 337 338 341 343 344
 347 353 354 355 356 357 360 361 362 364 366 367 372 374 375 376 378 379
 381 382 384 387 391 392 399 400 402 404 409 410 411 416 418 423 424 425
 429 431 432 434 435 437 439 441 442 443 445 447 448 449 454 455 457 458
 460 462 464 468 469 470 478 481 482 483 484 485 491 492 497 498 503 504
 505 507 508 509 510 511 513 519 520 521 522 525 528 537 538 540 545 547
 554 555 558 559 561 564 567 571 575 576 578 579 583 584 586 588 593 594
 597 598 602 604 606 607 608 609 613 614 615 619 620 621 623]

========== Cluster 1 ==========

Base classifier: GaussianNB()

Minority Class: 0

Selected Features: [ 0  1  2  3  4  5  6  7  8  9 10 11 12 13 14 15 16 17 18 19 20 21 22 23
 24 25 26 27 28 29 30]

Labels: [0 1 0 1 0 0 0 1 0 1 1 0 0 0 0 0 1 1 1 1 1 0 0 1 0 0 1 1 0 0 1 0 1 1 0 0 1
 0 0 1 0 0 0 0 1 1 1 1 1 0 0 0 0 1 0 1 1 1 1 1 0 1 1 1 0 0 0 1 1 1 0 0 1 0
 1 0 0 1 0 0 1 1 1 0 1 1 1 1 1 1 1 1 1 0 1 0 1 1 1 0 0 0 0 1 1 0 0 1 0 1 1
 0 1 0 1 0 0 1 0 0 1 1 0 1 1 0 0 0 1 0 1 0 0 1 0 0 0 0 0 1 1 1 1 1 0 1 0 1
 1 0 0 0 0 1 1 1 1 1 1 0 0 0 1 1 0 0 1 1 0 0 0 1 1 0 1 0 0 1 0 0 0 1 0 1 0
 0 1 0 0 1 0 1 0 1 1 0 0 1 1 0 0 0 1 0 1 0 0 0 1 1 1 1 0 1 1 0 0 0 0 1 0 1
 0 0 0 0 1 1 0 1 0 0 1 0 1 0 1 1 1 0 1 0 0 1 0 1 0 1 1 1 1 1 0 1 0 1 0 1 0
 1 1 0 1 1 1 1 1 0 1 1 0 0 0 1 0 1 0 1 1 1 1 1 1 1 0 0 1 1 1 0 0 0 0 0 1 0
 1 0 0 0 0 0 0 1 1 1 0 1 1 1 0 1 1 0 1 0 0 0 1 0 0 0 0 0 1 1 0 0]

Synthetic samples indexes: [  0   2   4   5   6   8  11  12  13  14  15  21  22  24  25  28  29  31
  34  35  37  38  40  41  42  43  49  50  51  52  54  60  65  66  70  71
  73  75  76  78  79  83  93  95  99 100 101 102 105 106 111 113 115 116
 118 119 122 125 126 127 129 131 132 134 135 136 137 138 144 146 149 150
 151 152 160 161 164 165 168 169 170 173 175 176 178 179 180 182 184 187
 188 190 192 195 196 199 200 201 203 205 206 207 212 215 216 217 218 220
 222 223 224 225 230 231 233 235 239 241 242 244 252 254 256 261 267 270
 271 272 274 276 284 285 289 290 291 292 295 297 298 299 301 302 306 310
 313 315 316 317 319 320 321 322 323 326 327]

