Clustering algorithm selected: kmeans++
=====================================

Clustering evaluation metric: dbc_ss
Clustering evaluation value: 0.2726206807208598

========== Cluster 0 ==========

Base classifier: GradientBoostingClassifier()

Selected Features: [  3  45 137 207  95  41  88  23 204 156  87  10 141  84 142 224  26  18
 162 103 139 221   5 205 120 194 183 197  83  21 134 152  91 189  63  98
 213 208  69  47  81 117 145  11  49 176 210  73 177 110 200 143 196 214
 220  80 219  33 140 163 157  44  24  77  93  31 116  99  16 104  36  51
 102 185 191 146 166  30 135  12   4 106 100  50  74 167 188 165 133  22
 125 131  46   0 201  64  68 179 132 149 172  55 113 148  71]

Labels: [0 0 0 0 1 1 0 1 0 0 0 0 0 0 0 1 0 1 0 1 0 0 1 0 1 0 1 0 0 1 0 0 1 0 0 0 1
 1 0 0 0 0 1 0 1 1 1 0 0 0 1 0 0 1 0 0 0 0 0 0 1 0 1 0 1 0 0 0 0 1 0 0 0 1
 0 1 0 1 1 1 0 0 1 1 1 1 0 0 1 0 0 1 1 1 0 1 0 0 0 0 1 0 0 0 0 0 0 1 1 1 0
 0 1 1 0 0 0 0 0 0 0 0 1 1 0 1 0 0 1 0 1 1 1 0 0 0 0 0 0 0 0 1 1 1 0 0 1 0
 1 0 0 0 0 0 0 0 0 1 1 0 0 1 0 1 1 1 1 1 0 1 1 0 0 1 0 0 0 1 1 0 1 0 1 0 1
 1 1 0 0 1 0 0 0 0 0 0 0 0 1 0 0 1 1 0 1 1 0 0 0 0 0 0 1 1 0 1 1 0 0 1 0 1
 1 0 1 0 0 1 1 0 0 0 0 1 0 1 0 1 1 0 1 0 0 0 0 1 0 1 0 0 1 0 1 0 1 0]

========== Cluster 1 ==========

Base classifier: RandomForestClassifier()

Selected Features: [  3   2 209 129  83   0 208  59 170 187  95 119 155  63 151  73 137 215
  12 112 107 185 219  18 161 193 109  99 183 132  84 145  21 124 206 181
 214 163 106 114   6  70 204  20 216 165  45 102  29 153  87 154  72 199
  90 108   4 162  61 200  93  98 121  66  19 173  44  30 147 158   1  13
 201 113 143   8 220  91 122 217  89  97  55  40  74  75  17  27 207 191
 159 139 156 101 224 146  16  56 117 202  28 111  82  65   5 126  15  51
 130  78  47 169 125]

Labels: [1 0 0 0 0 0 0 1 0 1 0 0 1 0 0 0 1 0 0 0 1 0 0 0 0 0 0 0 0 0 1 1 1 0 0 1 0
 0 0 1 0 0 0 0 0 0 1 0 0 0 0 1 1 0 1 1 0 0 0 0 0 1 1 0 0 0 0 0 0 1 0 1 1 0
 0 0 0 1 0 0 0 1 1 0 0 0 0 0 1 0 1 1 0 0 0 1 0 0 0 0 0 0 1 1 0 0 0 0 0 0 1
 1 0 0 0 0 0 0 0 0 0 0 0 1 0 0 0 1 1 0 0 0 1 1 1 1 0 1 0 0 1 1 0 0 1 1 0 0
 0 1 1 1 0 0 0 0 0 0 0 0 0 0 0 0 0 0 0 0 1 1 0 0 0 0 0 0 0 0 0 1 0 0 0 0 0
 0 1 0 0 0 1 0 1 0 0 1 0 1 0 1 0 0 0 0 1 0 0 0 0 1 0 0 0 0 1 0 0 0 1 0 0 0
 0 1 0 1 0 0 1 0 0 0 1 0 0 1 0 0 0 1 0 0 0 0 1 0 0 1 0 0 1 1 0 0 1 0 1 0 0
 1 0 0 0 0 0 0 1 0 0 0 0 0 0 0 1 0 0 0 0 0 1 0 0 0 0 0 0 1 1 1 0 0 0 0 0 0
 0 0 1 0 0 0 0 0 0 0 0 0 0 0 0 0 0 0 0 1 0 1 1 0 0 0 1 1 0 0 0 0 0 0 1 1 0
 1 1 1 1 0 0 0 0 1 1 0 1 0 0 0 0 0 0 0 0 0 0 1 0 0 1 1 0 0 0 0 1 0 0 0 1 1
 0 0 0 0 1 0 0 1 1 0 0 0 1 1 0 0 0 0 1 1 1 0 0 0 1 0 0 0 0 0 1 0 1 0 1 1 1
 0 0 0 0 0 0 1 0 1 0 0 0 0 1 0 0 1 1 0 0 1 0 0 0 1 0 0 1 1 1 0 0 0 0 0 0 0
 0 0 0 0 0 0 0 0 0 0 0 0 0 0 1 1 1 0 0 0 0 0 1 0 0 0 0 0 0 0 1 0 0 1 0 1 0
 0 0 0 0 0 0 0 0 0 0 0 0 1 0 0 0 0 0 1 0 1 1 0 0 0 0 1 1 0 0 0 0 0 1 1 0 0
 0 0 0 0 0 0 0 1 1 1 0 1 0 0 0 0 0 1 0 0 0 0 0 1 0 0 0 0 1 0 0 0 0 0 0 0 0
 0 1 0 0 0 0 0 1 1 1 1 0 0 0 0 0 0 0 0 0 0 0 0 0 0 0 0 0 0 0 1 0 0 0 1 0 0
 0 0 0 0 0 0 1 1 0 0 1 1 1 0 0 0 1 0 1 0 0 0 0 0 1 0 1 0 1 1 1 0 0 0 0 1 0
 0 1 1 0 0 0 0 0 1 0 1 0 0 1 0]

