Clustering algorithm selected: kmeans++
=====================================

Clustering evaluation metric: rand
Clustering evaluation value: 0.007232927790018629

========== Cluster 0 ==========

Base classifier: GaussianNB()

Minority Class: 0

Selected Features: [ 9  8 10 12 11  7  4 13  1  6  5]

Labels: [0 0 0 1 0 1 1 0 1 0 1 1 1 1 1 0 1 0 0 1 1 0 1 0 0 1 1 1 0 1 1 0 1 0 0 0 0
 1 1 0 1 1 1 1 1 0 1 0 0 1 0 1 0 1 0 1 0 1 0 1 1 0 0 1 0 0 0 1 0 1 1 0 0 1
 0 0 1 1 1 1 1 0 1 1 1 1 1 1 1 0 1 1 1 0 0 1 0 1 1 1 1 1 0 0 0 0 1 1 1 1 1
 1 1 0 0 1 1 1 1 1 0 0 1 1 0 1 1 1 1 1 1 1 0 1 0 0 0 0 0 0 1 0 0 1 1 1 0 1
 0 0 0 1 1 1 0 0 1 1 1 0 0 1 1 1 1 0 0 1 1 1 1 0 1 0 0 1 1 0 1 1 0 1 0 1 0
 0 0 1 0 0 0 0 1 1 0 0 1 1 1 0 0 0 1 1 1 1 0 1 0 0 1 1 1 1 1 0 1 1 1 0 0 1
 0 0 1 0 1 1 0 0 1 1 1 0 1 1 0 1 1 0 0 1 0 1 0 1 0 1 0 0 1 1 0 1 0 0 0 1 1
 1 1 1 0 1 0 0 0 1 0 1 0 1 0 0 1 0 1 0 1 1 0 0 1 1 0 1 1 0 1 1 0 1 1 0 1 1
 1 0 0 1 0 1 1 1 1 1 0 0 0 0 1 1 1 0 1 1 1 1 1 1 1 1 1 0 1 0 0 0 1 0 0 0 0
 1 1 0 0 1 0 0 1 0 1 1 1 1 1 0 1 1 1 0 1 0 1 1 1 0 1 1 1 1 0 0 1 0 0 1 1 1
 0 1 1 0 0 0 0 1 1 0 0 1 1 1]

========== Cluster 1 ==========

Base classifier: GaussianNB()

Minority Class: 1

Selected Features: [ 9  8 11 10 12  7 13  5  3  2  6]

Labels: [0 0 0 1 1 0 1 1 1 1 0 0 0 0 0 0 0 0 0 0 0 0 1 0 1 0 0 1 0 0 1 0 1 1 0 1 1
 0 0 1 0 0 0 1 1 0 1 1 0 0 1 0 1 0 1 1 0 1 0 0 1 0 0 0 0 1 1 0 1 0 1 1 1 0
 1 0 1 1 1 1 1 0 0 0 0 1 1 0 0 0 0 0 1 1 1 0 1 0 0 0 1 0 1 1 1 0 1 0 1 1 1
 0 0 0 1 0 1 1 0 0 0 0 0 1 0 0 1 0 1 1 1 1 1 1 0 1 1 1 0 0 0 1 1 1 1 1 0 0
 0 1 0 1 1 1 1 1 1 0 1 1 1 0 0 1 1 1 1 0 1 0 1 0 0 1 1 1 0 0 0 1 0 0 0 0 1
 0 0 0 1 1 0 0 1 1 1 1 0 0 0 0 0 0 0 1 1 1 1 1 1 1 1 1 0 1 0 0 1 0 1 0 1 0
 1 0 1 0 1 1 0 0 1 0 0 1 1 0 1 0 1 0 0 0 0 1 0 0 0 0 0 0 0 0 0 0 1 1 0 1 1
 0 1 1 0 1 0 0 0 1 1 0 1 0 0 0 1 1 0 1 1 0 0 0 1 0 1 0 1 0 1 0 1 1 0 0 1 0
 0 0 1 1 0 1 1 0 1 1 0 1 1 1 1 1 1 1 1 0 1 1 0 1 1 1 0 0 0 0 1 0 1 0 0 1 1
 0 1 1 0 0 0 0 0 1 0 0 1 0 0 0 1 0 0 1 1 1 0 0 0 0 0 1 0 0 0 0 0 1 1 1 1 1
 0 0 0 0 1 1 0 0 1 0 0 0 0 0 1 1 1 0 1 1 1 0 1 0 0 0 1 1 0 0 1 1 1 0 0 0 0
 1 0 0 1 0 0 1 1 0 1 0 1 1 0 0 0 1 1 0 0 0 0 0 0 1 0 0 0 1 0 0 1 1 0 1 0 1
 0 0 0 0 0 0 0 0 0 1 0 0 1 1 1 0 1 0 1 0 1 0 0 0 1 0 1 0 0 1 0 0 1 0 0 1 0
 0 1 0 1 1 1 1 0 0 1 0 0 0 1 0 0 0 1 0 0 1 0 0 1 1 0 0 1 1 1 1 1 0 1 0 0 1
 1 0 1 0 1 1 1 1 1 0 0 1 1 0 0 1 0 1 1 1 0 0 0 0 1 0 1 0 0 1 1 1 0 0 1 0 0
 0 0 0 0 0 1 1 0 1 0 0 1 0 0 0 1 1 1 0 1 0 0 0 1 1 0 0 1 0 1 0 0 0 0 1 1 1
 0 0 0 0 0 1 1 0 1 0 1 0 1 1 0 0 0 0 0 0 1 1 0 1 1 0 0 1 1 1 0 0 1 0 1 1 0
 0 1 0 1 0 0 1 0 0 0 0 1 1 0 0 0 1 0 1 0 1 1 0 1 1 1 0 0 0 0 1 1 1 1 1 1 1
 1 1 1 1 1 1 1 1 0 0 0 0 0 0 0 0 0 0 0 0 0 0 1 1 0 1 1 0 1 1 0 1 1 1 0 1 0
 1 1 0 0 0 0 0 1 0 1 0 1 0 0 1 1 1 0 0 0 1 1 1 0 1 0 1 1 0 1 0 1 0 1 0 0 1
 0 0 1 0 1 0 1 1 0 1 0 0 0 1 1 1 0 1 1 0 0 1 1 0 1 1 1 0 1 0 0 0 1 1 0 1 1
 0 0 1 0 1 1 1 1 1 0 0 1 0 1 1 1 0 0 1 0 0 0 1 1 0 0 0 1 0 0 0 0 0 1 0 1 0
 0 1 1 0 0 0 0 1 0 1 1 1 0 1 1 0 1 0 0 0 1 0 1 0 0 1 1 0 1 0 0 0 0 1 0 1 0
 1 0 0 0 0 1 1 1 0 1 1 0 1 1 0 1 1 0 1 0 0 1 1 1 1]

