Clustering algorithm selected: fcm
=====================================

Clustering evaluation metric: rand
Clustering evaluation value: 0.008462455622725264

========== Cluster 0 ==========

Base classifier: GaussianNB()

Minority Class: 1

Selected Features: [ 8  9  7 10  6 11  2  0 13 12]

Labels: [0 1 0 0 0 0 0 0 0 1 1 0 0 1 0 0 1 0 0 0 0 0 1 0 0 0 0 0 1 1 0 1 1 0 0 0 1
 1 0 0 0 0 1 0 1 0 1 0 1 0 0 0 0 1 0 0 1 0 1 0 1 1 0 1 0 0 0 1 1 1 1 1 0 0
 1 1 1 1 1 0 0 1 0 0 1 1 0 0 0 0 0 1 1 1 1 0 1 0 0 1 0 1 0 1 0 0 0 0 0 0 0
 0 0 0 0 1 0 0 0 0 0 1 1 0 0 0 1 0 1 0 1 1 1 1 1 0 0 0 1 1 1 0 1 0 0 0 1 0
 0 0 0 0 0 0 0 1 1 1 0 0 0 0 1 1 1 0 1 0 0 0 1 0 1 1 1 0 1 0 0 0 0 1 0 1 1
 0 0 1 1 0 0 1 0 1 0 1 0 0 0 0 0 1 1 0 1 0 1 0 1 1 0 1 1 0 0 0 0 0 1 0 0 0
 1 0 1 0 1 1 0 1 0 1 0 0 1 0 0 1 0 0 0 0 0 1 1 1 1 1 1 0 0 0 0 0 0 0 0 1 0
 0 1 1 0 1 0 1 1 0 0 0 1 0 1 0 1 0 1 0 1 0 0 0 0 0 0 1 1 1 0 1 0 1 1 1 1 0
 1 0 0 1 0 0 0 0 1 1 1 1 0 1 1 0 1 1 1 0 0 0 1 0 1 1 0 1 0 1 0 0 0 1 0 1 0
 1 0 0 0 0 0 0 0 0 1 0 0 0 0 1 1 0 1 0 0 0 0 1 0 0 0 1 0 1 0 1 1 1 0 1 0 1
 0 1 0 0 0 1 0 1 0 0 1 0 1 1 0 1 1 1 1]

========== Cluster 1 ==========

Base classifier: GaussianNB()

Minority Class: 0

Selected Features: [ 9 11  8 12  7  2  3  5 10 13  6  4]

Labels: [0 0 1 0 1 1 1 0 0 0 1 1 0 1 1 0 1 0 1 1 1 1 0 0 1 0 1 1 1 1 0 1 1 1 0 0 1
 1 0 0 0 0 0 0 0 0 1 1 1 0 0 0 1 0 1 0 1 0 1 1 1 1 0 1 0 1 1 0 0 0 0 0 1 1
 1 0 1 0 0 0 0 1 0 1 0 1 1 0 1 1 0 1 1 1 1 0 1 1 0 0 1 0 1 1 1 1 0 1 1 1 1
 1 1 1 0 1 1 1 1 1 1 0 0 0 1 1 0 1 1 1 0 0 0 0 1 1 1 1 0 0 0 0 0 1 1 1 0 0
 0 1 1 1 0 0 0 1 0 1 0 1 1 0 1 0 0 1 0 0 1 0 1 1 1 0 0 0 0 0 1 1 0 0 0 0 0
 1 1 0 0 0 0 1 1 1 1 0 1 1 0 0 1 0 1 0 0 1 1 0 0 1 1 1 0 1 0 0 0 1 0 0 1 1
 0 1 1 1 0 1 0 0 1 1 1 0 0 1 0 1 1 0 1 1 0 1 1 1 1 1 0 0 0 0 1 1 1 1 1 0 0
 1 1 0 1 1 0 0 1 0 0 1 1 1 1 1 0 1 0 0 1 0 1 0 1 0 1 0 0 1 1 1 1 0 1 1 1 1
 1 1 1 1 0 1 1 1 0 0 1 1 1 0 0 0 1 1 0 0 0 1 1 1 0 0 1 1 0 0 1 0 1 1 1 1 1
 1 1 1 1 1 1 1 1 1 1 1 1 1 0 0 0 0 1 0 0 1 1 0 1 1 1 1 1 0 1 1 1 0 1 1 0 0
 0 1 0 0 1 0 1 1]

========== Cluster 2 ==========

Base classifier: GaussianNB()

Minority Class: 1

Selected Features: [ 8 11  9  7 10  0 12  5  2  1  3]

Labels: [0 0 0 1 0 1 1 0 1 1 1 0 1 1 0 1 1 0 1 0 1 1 0 0 1 0 0 1 1 0 0 1 0 0 0 0 1
 1 0 0 0 0 1 0 0 0 1 1 1 1 0 1 1 0 1 0 0 1 0 1 0 1 1 0 0 0 0 0 1 1 0 0 0 1
 1 1 1 0 0 0 0 1 1 0 1 1 0 0 1 0 0 1 0 1 0 0 0 1 1 1 1 0 0 1 0 1 0 1 0 0 0
 1 1 1 0 0 1]

========== Cluster 3 ==========

Base classifier: GaussianNB()

Minority Class: 0

Selected Features: [ 9  7 10  8 11 12  2  5  3  4  1]

Labels: [0 0 0 1 1 0 0 0 0 1 0 1 0 1 1 1 0 0 1 1 1 1 1 0 1 0 0 1 1 1 1 1 0 0 0 1 1
 1 1 1 1 1 1 1 1 1 0 1 0 0 1 1 1 1 0 1 0 1 1 1 1 0 0 1 0 1 1 1 0 0 0 0 0 1
 1 1 1 0 0 1 1 1 1 1 1 1 1 1 1 1 0 0 1 1 1 0 1 1 1 0 1 1 1 0 0 0 0 1 1 0 1
 0 1 0 1 1 0 0 1 0 1 1 0 1 1 1 1 0 1 1 1 1 0 1 0 0 1 1 0 0 0 0 1 1 1 0 1 0
 0 1 0 1 0 1 1 0 0 0 1 1 1 1 1 1 0 0 1 1 0 1 0 1 1 0 0 1 1 0 1 0 0 0 0 0 0
 1 1 0 0 0 1 0 1 1 0 0 0 1 1 0 0 1 0 0 0 1 1 0 0 1 0 0 1 1 0 1 1 1 0 1 1 0
 1 1 1 1 0 1 0 0 1 0 1 1 0 0 1 1 1 0 1 0 0 1 1 0 1 0 0 1 1 0 1 1 0 0 0 0 0
 1 0 0 0 0 0 0 0 0 1 1 0 0 0 1 1 0 1 1 0 1 1 1 0 0 1 1 0 1 1 1 0 0 0 1 1 1
 0 0 0 0 1 0 0 1 0 1 1 0 0 0 1 1 1 0 0 1 0 0 1 0 0 1 0 1 0 1 0 0 1 0 1 0 0
 1 1 1 1 1 0 0 1 1 0 0 1 1 1 0 1 0 0 0 1 0 1 0 1 0 1 0 0 0 0 1 0 0 0 1 0 1
 1 0 0 1 1 1]

