Clustering algorithm selected: kmeans
=====================================

Clustering evaluation metric: dbc
Clustering evaluation value: 0.6513786804825331

========== Cluster 0 ==========

Base classifier: DummyClassifier(strategy='most_frequent')

Minority Class: 1

Selected Features: [ 0  1  2  3  4  5  6  7  8  9 10 11 12 13 14 15 16 17 18 19 20 21 22 23
 24 25 26 27 28 29 30]

Labels: [1 1 1 1 1 1 1 1 1 1 1 1 1 1 1 1 1 1 1 1 1 1 1 1 1 1 1 1 1 1 1 1 1 1 1 1 1
 1 1 1 1 1 1 1 1 1 1 1 1 1 1 1 1 1 1 1 1 1 1 1 1 1 1 1 1 1 1 1 1 1 1 1 1 1
 1 1 1 1 1 1 1 1 1 1 1 1 1 1]

Synthetic samples indexes: []

========== Cluster 1 ==========

Base classifier: DummyClassifier(strategy='most_frequent')

Minority Class: 1

Selected Features: [ 0  1  2  3  4  5  6  7  8  9 10 11 12 13 14 15 16 17 18 19 20 21 22 23
 24 25 26 27 28 29 30]

Labels: [1 1 1 1 1 1 1 1 1 1 1 1 1 1 1 1 1 1 1 1 1 1 1 1 1 1 1 1 1 1 1]

Synthetic samples indexes: []

========== Cluster 2 ==========

Base classifier: SVC(probability=True)

Minority Class: 1

Selected Features: [ 0  1  2  3  4  5  6  7  8  9 10 11 12 13 14 15 16 17 18 19 20 21 22 23
 24 25 26 27 28 29 30]

Labels: [1 1 1 1 1 0 1 1 0 0 0 0 0 0 1 0 0 0 1 1 0 1 1 0 1 0 0 1 1 1 1 1 1 0 0 0 0
 1 1 1 1 1 0 1 1 0 0 1 1 1 0 1 0 1 0 0 1 0 0 1 0 0 1 0 1 1 0 0 1 0 1 0 0 1
 0 0 0 0 0 1 0 1 0 0 0 0 1 0 0 1 1 0 1 1 1 1 1 1 0 1 0 0 0 1]

Synthetic samples indexes: [  8   9  12  15  16  23  25  26  34  35  36  45  46  54  60  63  66  67
  69  72  74  75  76  77  78  80  82  84  87  98 100]

========== Cluster 3 ==========

Base classifier: SVC(probability=True)

Minority Class: 1

Selected Features: [ 0  1  2  3  4  5  6  7  8  9 10 11 12 13 14 15 16 17 18 19 20 21 22 23
 24 25 26 27 28 29 30]

Labels: [1 1 1 1 1 1 0 0 0 0 0 1 0 1 1 1 1 0 1 0 0 1 1 0 0 1 0 1 1 0 0 0 0 1 1 0 0
 0 1 0 1 0 1 0 1 0 1 1 0 1 0 1 0 0 1 0 0 1 0 1 0 1 0 0 0 1 0 1 0 0 1 0 1 1
 0 1 0 0 0 1 0 0 0 1 0 0 1 0 0 1 0 1 0 0 0 1 0 1 1 1 1 1 0 0 0 0 1 1 0 0 1
 0 1 1 0 0 0 1 1 0 0 0 1 1 0 1 0 0 0 0 1 0 0 1 1 1 0 1 1 0 0 1 1 0 1 0 0 0
 0 1 0 0 0 0 1 0 0 0 1 1 1 1 1 1 0 0 1 0 0 1 1 1 1 0 1 1 0 0 0 0 1 0 1 1 1
 0 0 0 0 1 1 1 0 0 1 0 1 0 1 1 0 0 1 0 0 0 0 0 0 1 0 1 0 0 1 0 1 0 0 1 1 0
 1 1 0 1 0 0 1 1 1 1 0 1 0 1 0 0 0 1 1 0 1 1 1 0 0 1 1 1 0 0 1 0 1 1 0 0 1
 0 0 0 0 1 0 1 0 1 0 0 1 1 1 1 1 1 1 1 1 1 1 1 0 0 1 0 0 1 0 1 1 1 1 1 1 1
 1 0 1 0 0 1 1 1 1 1 1 0 0 0 1 1 0 1 0 1 0 1 0 1 1 1 0 0 1 1 0 1 1 0 1 1 0
 1 0 0 0 1 1 0]

Synthetic samples indexes: [  0   1   2   3   4   5  11  13  14  15  16  18  21  22  25  27  28  33
  34  38  40  42  46  47  49  51  54  57  59  61  65  67  72  73  75  79
  83  86  89  91  95  97  98  99 100 106 107 112 113 118 122 123 125 130
 133 134 135 137 138 141 142 149 154 158 159 160 161 162 163 166 169 170
 171 172 174 175 182 183 184 190 191 194 196 199 211 214 216 219 222 223
 225 228 229 230 231 233 235 239 240 242 244 249 252 254 255 258 263 265
 267 270 271 272 274 275 277 278 280 281 284 287 289 290 291 292 293 294
 295 296 298 301 302 303 304 305 306 311 313 315 317 319 320 321 324 325
 327 328 331 333 337 338]

========== Cluster 4 ==========

Base classifier: DummyClassifier(strategy='most_frequent')

Minority Class: 1

Selected Features: [ 0  1  2  3  4  5  6  7  8  9 10 11 12 13 14 15 16 17 18 19 20 21 22 23
 24 25 26 27 28 29 30]

Labels: [0 0 0 0 0 0 0 0 0 0 0 0 0 0 0 0 0 0 0 0 0 0 0 0 0 0 0 0 0 0 0 0 0 0 0 0 0
 0 0 0 0 0 0 0 0 0 0 0 0 0 0 0 0 0 0 0 0 0 0 0 0 0 0 0 0 0 0 0 0 0 0 0 0 0
 0 0 0 0 0 0 0 0 0 0 0 0 0 0 0 0 0 0 0 0 0 0 0 0 0 0 0 0 0 0 0 0 0 0 0 0 0
 0 0 0 0 0 0 0 0 0 0 0 0 0 0 0 0 0 0 0]

Synthetic samples indexes: []

