Clustering algorithm selected: spectral
=====================================

Clustering evaluation metric: dbc
Clustering evaluation value: 0.20401039596004136

========== Cluster 0 ==========

Base classifier: SVC(probability=True)

Minority Class: 1

Selected Features: [24 23 21 28  8  7  3 27  4  1 14 22  0 13 26 11 17  2 29  6 30 25  5 16
  9]

Labels: [1 1 1 1 1 0 0 0 1 1 1 0 1 1 1 1 1 1 0 1 0 0 0 0 0 1 0 1 0 0 0 0 0 1 1 0 0
 0 0 1 0 1 0 0 0 0 0 1 0 0 0 1 0 0 0 0 0 1 1 0 0 0 0 0 0 0 0 0 0 0 0 0 1 0
 0 0 0 1 1 0 0 1 1 0 1 1 0 0 1 0 0 1 0 0 0 0 1 0 0 0 0 0 0 0 0 0 0 0 0 0 0
 0 1 0 0 1 0 0 0 0 0 0 1 0 1 0 1 0 0 0 0 0 1 0 1 1 1 0 1 0 1 0 1 0 0 0 1 1
 1 0 0 0 0 0 1 0 0 0 0 0 0 0 0 0 0 0 0 0 0 0 0 0 0 0 0 1 0 0 0 0 0 0 0 0 0
 0 0 0 0 0 0 0 0 0 0 0 0 0 0 0 0 0 0 0 0 0 0 0 0 0 0 0 0 0 0 0 0 0 0 0 0 1
 0 0 0 0 0 1 1 1 0 0 0 0 0 0 0 0 0 0 0 0 0 0 0 0 1 0 0 0 0 0 0 0 0 0 0 0 0
 0 0 0 0 0 0 0 0 0 1 1 0 0 0 0 0 1 0 0 0 0 0 0 0 1 0 0 0 0 0 0 0 0 0 0 0 0
 0 0 0 0 0 0 0 0 0 0 0 0 0 0 0 0 0 0 0 0 0 0 0 0 1 0 0 0 0 0 0 0 0 1 0 0 0
 0 0 0 0 0 1 0 1 0 0 0 0 0 0 0 0 0 0 0 0 0 0 0 0 1 0 0 0 0 0 0 0 0 0 0 0 0
 0 0 0 0 0 0 0 0 0 0 0 0 0 1 0]

========== Cluster 1 ==========

Base classifier: GaussianNB()

Minority Class: 0

Selected Features: [17 21  1 23  3 24  4 16 18  5  8  7 20 22 10 19 14 27 30 15 11  2 28]

Labels: [1 1 1 1 1 1 1 1 1 1 1 1 1 1 1 1 1 1 1 1 1 1 1 1 1 1 1 1 1 1 1 0 1 1 1 1 1
 1 1 1 1 1 1 1 0 1 1 1 1 1 0 1 1 1 1 1 1 1 1 1 1 1 1 1 1 1 1 1 1 1 1 1 1 1
 1 1 1 1 1 1 1 1 1 1 1 1 1 1 1 1 1 1 1 1 1 1 1 1 1 1 1 1 1 1 1 1 1 1 1 1 1
 1 1 1 1 1 1 1 1 1 1 1 1 1 1 1 1 0 0 0 0 0 0 0]

