Clustering algorithm selected: fcm
=====================================

Clustering evaluation metric: rand
Clustering evaluation value: 0.040639796100480526

========== Cluster 0 ==========

Base classifier: LogisticRegression()

Minority Class: 1

Selected Features: [17  0  1 16  4 18  6 20 13 12 11 19  9  8  7  5 14  3]

Labels: [0 0 2 0 1 0 0 2 1 1 0 1 2 2 0 0 2 1 0 1 2 2 0 0 0 1 1 2 0 0 0 0 2 1 0 2 1
 2 2 2 2 0 0 1 1 0 1 0 2 2 2 2 2 1 0 0 0 1 1 2 0 1 2 2 2 1 1 1 1 0 0 1 1 0
 2 2 1 2 1 2 2 1 0 1 0 0 1 1 0 2 2 2 2 0 2 1 0 2 2 0 2 2 1 2 2 2 0 2 0 0 2
 1 2 2 0 1 0 0 0 0 0 2 2 0 0 2 2 2 0 2 0 1 0 0 2 1 2 0 0 0 2 2 1 0 0 0 2 1
 2 0 0 0 0 0 0 0 0 0 2 2 0 1 2 2 2 0 2 1 0 2 2 0 0 2 2 2 2 0 2 0 2 1 0 0 2
 2 1 2 0 0 1 0 2 2 0 0 0 1 0 0 0 2 0 0 0 1 2 2 2 1 2 1 1 0 2 0 2 1 1 0 0 2
 2 2 2 2 0 2 0 2 1 0 0 2 2 0 0 1 1 2 0 2 1 1 0 2 2 2 0 2 2 0 1 2 0 1 0 1 0
 0 2 2 2 1 2 2 1 0 1 0 0 1 2 2 2 0 2 1 0 2 0 0 0 2 1 1 2 2 2 0 0 2 0 0 1 2
 2 1 0 2 1 1 1 0 1 0 0 2 2 2 2 1 2 2 2 0 0 1 0 0 0 0 0 2 2 0 0 1 2 2 1 0 2
 0 2 0 0 2 0 2 0 0 0 1 2]

========== Cluster 1 ==========

Base classifier: LogisticRegression()

Minority Class: 2

Selected Features: [17  7  9 16  0  5  3  8 15  2 12 20 19 11  6 13  4 14]

Labels: [1 1 1 0 1 2 0 1 0 1 0 1 1 1 2 2 0 0 1 1 0 1 0 1 1 1 1 1 0 0 0 0 0 2 0 1 0
 1 1 2 1 1 2 2 2 2 2 1 0 0 1 1 1 2 0 1 2 2 0 0 2 0 0 2 2 1 1 0 2 2 1 0 1 0
 0 0 0 2 0 2 1 1 0 0 0 0 1 0 1 2 1 1 2 1 1 0 1 1 1 1 1 1 1 2 0 1 0 1 2 1 0
 1 0 0 2 0 1 2 0 1 0 2 0 2 1 2 0 2 2 1 1 1 1 2 1 2 1 0 2 2 1 1 0 1 2 1 0 0
 0 2 1 1 2 1 1 0 1 0 0 1 2 1 0 1 1 0 0 1 2 0 1 0 0 0 2 1 1 2 1 1 2 1 0 2 0
 2 0 0 0 0 2 0 1 0 0 2 2 2 0 2 1 2 2 2 2 1 1 2 0 1 2 2 2 0 2 1 1 2 1 1 0 0
 0 2 1 1 0 0 2 1 1 2 2 2 1 2 1 1 2 2 1 2 2 2 2 1 0 0 1 1 0 2 0 1 1 1 1 1 2
 0 2 2 2 1 1 0 0 0 2 1 2 2 2 1 0 2 2 1 1 1 0 1 1 1 1 1 1 2 2 0 0 1 1 2 2 1
 1 0 2 2 0 1 1 1 0 0 0 1 2 1 0 1 0 1 1 0 1 1 2 0 0 0 0 2 1 0 2 1 2 2 1 1 2
 1 2 0 1 0 1 0 2 1 0 2 0 2 0 0 1 0 0 2 0 2 1 0 2 0 2 0 2 0 0 1 0 2 0 2 1 0
 2 1 2 2 1 0 1 2 1 1 0 2 2 0 0]

========== Cluster 2 ==========

Base classifier: LogisticRegression()

Minority Class: 1

Selected Features: [16 17  0  4 19  2 13 14  7 20 11  8  9 12  6  5 15  3]

Labels: [2 0 0 0 2 0 2 2 2 0 0 0 2 0 2 2 2 0 0 2 2 0 2 2 2 0 0 0 0 0 0 2 0 0 0 2 2
 0 0 0 2 0 2 0 0 0 2 2 0 0 0 2 2 1 1 2 2 2 2 2 0 0 0 1 0 0 1 0 0 1 0 2 2 2
 0 0 0 2 1 0 0 0 0 0 0 2 1 0 1 0 2 2 0 2 1 2 2 0 0 0 0 0 2 0 0 2 2 2 0 2 0
 1 2 0 2 0 0 0 1 2 0 0 0 2 0 2 1 2 2 2 0 0 2 0 2 0 0 2 2 1 0 2 2 1 0 0 2 0
 1 2 0 2 1 1 2 0 2 0 0 0 2 2 1 2 2 2 0 0 0 2 0 0 0 0 2 2 0 2 1 2 0 0 2 2 0
 0 2 0 2 0 0 0 0 2 1 1 2 0 0 0 0 0 2 0 2 0 1 0 2 0 2 0 0 0 0 2 0 2 1 0 0 0
 0 0 2 0 0 0 0 0 2 1 1 2 2 2 0 2 0 2 0 0 0 1 0 0 0 2 0 2 0 2 2 0 0 2 0 0 2
 0 2 0 1 1 2 0 0 0 2 0 2 0 0 2 0 1 2 2 2 0 2 2 2 1 0 0 0 1 0 0 0 0 0 2 0 0
 0 0 0 2 2 2 2 0 2 2 0 0 0 1 0 2 1 0 0 0 2 1 0 2 0 1 0 0 2 0 2 0 1 0 0 0 1
 1 0 2 1 0 2 0 0 2 0 2 0 0 2 0 2 2 0 2 1 0 2 2 0 1 2 0 1 0 2 0 0 0 0 0 0 0
 0 0 0 1 2 2 0 2 0 2 0 2 1 0 0 0 0 0 0 0 2 2 0 2 0 2 1 1 2 0 0 2 1 0 0 0 1
 2 0 1 0 2 0 2 2 0 2 1 0 2 0 0 0 1 2 0 0 0 0 0 2 2 2 2 1 2 0 2 0 1 0 0 2 2
 0 0 2 0 2 0 2 0 1 0 0 2 2 0 0 0 0 2 2 0 0 2 2 2 0 0 2 0 0 0 2 0 0 1 0 0 2
 1 0 2 0 2 2 1 2 0 0 0 0 2 0 1 1 2 0 2 1 0 0 2 2 2 0 2 2 0 0 2 2 0 0 2 0 0
 2 1 0 2 2 1 1 2 2 1 2 1 2 1 0 1 2 2 0 0 2 0 1 0 2 0 2 0 1 0 0 0 0 0 1 0 0
 0 2 0 1 1 2 0 2 0 2 0 0 0 2 1 2 2 0 0 0 0 2 1 2 2 0 2 2 0 0 2 2 0 0 2 1 1
 0 0 2]

