Clustering algorithm selected: fcm
=====================================

Clustering evaluation metric: rand
Clustering evaluation value: 0.04641773259497049

========== Cluster 0 ==========

Base classifier: LogisticRegression()

Minority Class: 1

Selected Features: [16 17 10 11  0 20 13 19  8  9  4 12 15 14 18  7  6  5]

Labels: [2 0 0 0 2 0 2 2 2 0 0 0 2 0 2 2 2 0 0 2 2 0 2 2 2 0 0 0 0 0 0 2 0 0 0 2 2
 0 0 0 2 0 2 0 0 0 2 2 0 0 0 2 2 1 0 1 0 0 2 2 0 0 0 0 0 0 0 0 2 0 0 0 0 2
 2 0 0 0 0 0 0 0 2 0 2 0 2 2 2 1 0 2 1 2 2 2 0 2 0 0 2 0 2 0 0 2 1 2 1 0 0
 0 2 0 2 0 0 0 2 2 1 2 2 2 2 2 2 2 2 2 2 2 0 0 0 0 0 1 0 2 2 1 0 0 2 0 1 2
 0 2 1 1 2 0 2 0 0 0 2 2 1 2 2 2 0 0 0 2 0 0 0 0 2 2 0 2 1 2 0 0 2 2 0 0 2
 0 2 0 0 0 0 2 1 1 2 0 0 0 0 0 2 0 2 0 1 0 2 0 2 0 0 0 0 2 0 2 1 0 0 0 0 0
 2 0 0 0 0 0 2 1 1 2 2 2 0 2 0 2 0 0 0 1 0 0 0 2 0 2 0 2 2 2 0 0 2 0 2 0 2
 0 1 1 2 0 0 0 2 0 2 0 0 2 0 1 2 2 2 0 2 2 2 1 0 0 0 1 0 0 0 0 0 2 0 0 0 0
 0 2 2 2 2 0 2 2 0 0 0 1 0 2 1 0 0 0 0 2 1 0 2 0 1 0 0 2 0 2 0 1 0 0 0 1 1
 0 2 1 0 2 0 0 2 0 2 0 0 2 0 2 2 0 2 1 0 2 2 0 1 2 0 1 0 2 0 0 0 0 0 0 0 0
 0 0 1 2 2 0 2 0 2 0 2 1 0 0 0 0 0 0 0 2 2 0 2 0 2 1 1 2 0 0 2 1 0 0 0 1 2
 0 1 0 2 0 2 2 0 2 1 0 2 0 0 0 1 2 0 0 0 0 0 2 2 2 2 1 2 0 2 0 1 0 0 2 2 0
 0 2 0 2 0 2 0 1 0 0 2 2 0 0 0 0 2 2 0 0 2 2 2 0 0 2 0 0 0 2 0 0 1 0 0 2 1
 0 2 0 2 2 1 2 0 0 0 0 2 2 0 1 1 2 0 2 1 2 0 0 2 2 2 0 2 2 0 0 2 2 0 0 2 0
 0 2 1 0 2 2 1 1 2 2 1 2 1 2 1 0 1 2 2 0 0 2 0 1 0 2 0 2 0 1 0 0 0 0 0 0 1
 0 0 0 2 0 1 1 2 0 2 0 2 0 0 0 2 1 2 2 0 0 0 0 2 1 2 2 0 2 2 0 0 2 2 0 0 2
 1 1 0 0 2]

========== Cluster 1 ==========

Base classifier: LogisticRegression()

Minority Class: 2

Selected Features: [16 12 17  0 14  8 11 10 13 15 19  9 18  7  6  5  4]

Labels: [1 1 1 0 1 2 0 1 0 1 0 1 1 1 2 2 0 0 1 1 0 1 0 1 1 1 1 0 0 0 0 0 2 0 1 0 1
 1 2 1 1 2 2 0 2 2 2 1 1 1 0 1 1 0 2 1 0 0 0 0 2 1 1 1 1 2 1 2 1 0 0 1 2 2
 0 2 1 1 2 2 1 2 0 1 1 1 1 0 1 1 1 1 1 1 1 2 0 1 0 1 2 1 0 1 0 0 2 0 1 2 0
 1 0 2 0 2 1 2 0 2 2 1 1 1 1 2 1 2 1 0 2 2 1 1 0 1 2 1 0 0 0 2 1 1 2 1 1 0
 1 0 0 1 2 1 0 1 1 0 0 1 2 0 1 0 0 0 2 1 1 2 1 1 2 1 0 2 0 2 0 0 0 0 2 0 1
 0 0 2 2 2 0 2 1 2 2 2 2 1 1 0 1 2 2 2 0 2 1 1 2 1 1 0 0 0 2 1 1 0 0 2 1 1
 2 2 2 1 2 1 1 2 2 1 2 2 2 2 1 0 0 1 1 0 2 0 1 1 1 1 1 2 0 2 2 1 1 0 0 0 2
 1 2 2 2 1 0 2 2 1 1 1 0 1 1 1 1 1 1 2 2 0 0 1 1 2 2 1 1 0 2 2 0 1 1 1 0 0
 0 1 2 1 1 0 1 1 0 1 1 2 0 0 0 0 2 1 0 2 1 2 2 1 1 2 1 2 0 1 0 1 0 2 1 0 2
 0 2 0 0 1 0 0 2 0 2 1 0 2 0 2 0 2 0 0 1 0 2 0 2 1 0 2 1 2 1 0 1 2 1 1 0 2
 2 0 0]

========== Cluster 2 ==========

Base classifier: LogisticRegression()

Minority Class: 1

Selected Features: [17  6 16 15 10 19 18 20  8 14  3  2 12 11 13  9  7  5]

Labels: [0 0 2 0 1 0 0 2 1 1 0 1 2 1 2 0 0 2 1 0 1 2 2 0 0 0 1 1 2 0 0 0 0 2 1 0 2
 0 1 1 2 0 0 0 2 2 0 0 2 0 0 0 0 1 2 1 1 0 0 1 0 1 2 1 2 2 2 1 2 1 2 2 2 0
 2 0 1 1 1 1 2 2 0 0 1 1 0 1 1 2 2 1 0 1 0 0 1 1 0 2 2 2 2 0 2 1 0 2 2 0 2
 2 1 2 2 2 0 2 0 0 2 1 2 2 0 1 0 0 0 0 0 2 2 0 0 2 2 2 0 2 0 1 0 0 2 1 2 0
 0 0 2 0 1 0 0 0 2 1 2 0 0 0 0 0 0 0 0 0 2 2 0 1 2 2 2 0 2 1 0 2 2 0 0 2 2
 2 2 0 2 0 2 1 0 2 2 1 2 0 0 1 0 2 2 0 0 0 1 0 0 0 2 2 0 0 0 1 2 2 2 1 2 1
 1 0 2 0 2 1 1 0 0 2 2 2 2 2 0 2 0 2 1 0 0 2 2 0 0 1 1 2 0 2 1 1 0 2 2 2 2
 0 2 2 0 1 2 0 1 0 1 0 0 2 2 2 1 2 2 1 0 1 0 0 1 2 2 2 0 2 1 0 0 0 0 2 0 1
 1 2 2 0 0 2 0 0 1 2 2 1 0 2 1 1 1 0 1 0 0 2 2 2 2 1 2 2 2 0 0 1 0 0 0 0 2
 2 0 0 1 2 2 1 0 2 0 2 2 0 0 2 0 2 0 0 0 1 2]

