Clustering algorithm selected: fcm
=====================================

Clustering evaluation metric: rand
Clustering evaluation value: 0.042474897603952774

========== Cluster 0 ==========

Base classifier: LogisticRegression()

Minority Class: 1

Selected Features: [16  8 17 15 14  6  9  4  0  2 20 19 11  7 12  5 13]

Labels: [2 0 0 0 2 0 2 2 2 0 0 0 2 0 2 2 2 0 0 2 2 0 2 2 2 0 0 0 0 0 0 2 0 0 0 2 2
 0 0 0 2 0 2 0 0 0 2 2 0 0 0 2 2 1 0 1 0 0 2 2 0 0 0 0 0 0 0 0 2 0 0 0 0 2
 2 0 0 0 0 0 0 0 2 0 2 0 2 2 2 1 0 2 1 2 2 2 0 2 0 0 2 0 2 0 0 2 1 2 1 0 0
 0 2 0 2 0 0 0 2 0 2 1 0 0 2 2 1 2 2 0 0 2 2 2 1 2 2 2 0 0 2 1 0 2 2 2 0 0
 0 2 1 0 0 0 0 0 0 2 1 0 1 0 2 2 0 2 1 2 2 0 0 0 0 0 2 0 0 2 2 2 0 2 0 1 2
 0 2 0 0 0 1 2 0 0 0 2 0 2 1 2 2 2 0 0 2 0 2 0 0 2 2 1 0 2 2 1 0 0 2 0 1 2
 0 2 1 1 2 0 2 0 0 0 2 2 1 2 2 2 0 0 0 2 0 0 0 0 2 2 0 2 1 2 0 0 2 2 0 1 0
 2 0 2 0 0 0 0 2 1 1 2 0 0 0 0 0 2 0 2 0 1 0 2 0 2 0 0 0 0 2 0 2 1 0 0 0 0
 0 2 0 0 0 0 0 2 1 1 2 2 2 0 2 0 2 0 0 0 1 0 0 0 2 0 2 0 2 2 0 0 2 0 0 2 0
 2 0 1 1 2 0 0 0 2 0 2 0 0 2 0 1 2 2 2 0 2 2 2 1 0 0 0 1 0 0 0 0 0 2 0 0 0
 0 0 2 2 2 2 0 2 2 0 0 0 1 0 2 1 0 0 0 2 1 0 2 0 1 0 0 2 2 1 1 1 2 1 2 2 2
 2 2 2 1 1 0 0 0 0 0 0 0 0 0 0 0 2 0 0 0 2 0 0 0 0 0 2 2 2 2 1 2 0 2 0 1 0
 0 2 2 0 0 2 0 2 0 2 0 1 0 0 2 2 0 0 0 0 2 2 0 0 2 2 2 0 0 2 0 0 0 2 0 0 1
 0 0 2 1 0 2 0 2 2 1 2 0 0 0 0 2 2 0 1 1 2 0 2 1 0 0 2 2 2 0 2 2 0 0 2 2 0
 0 2 0 0 2 1 0 2 2 1 1 2 2 1 2 1 2 1 0 1 2 2 0 0 2 0 1 0 2 0 2 0 1 0 0 0 0
 0 1 0 0 0 2 0 1 1 2 0 2 0 2 0 0 2 1 2 2 0 0 0 0 2 1 2 2 0 2 2 0 0 2 2 0 0
 2 1 1 0 0 2]

========== Cluster 1 ==========

Base classifier: KNeighborsClassifier()

Minority Class: 2

Selected Features: [16 17 20 14  7 19  2 15  6  8  1  3  4  5 10  9 11 12]

Labels: [1 1 1 0 1 2 0 1 0 1 0 1 1 1 2 2 0 0 1 1 0 1 0 1 1 1 1 1 0 0 0 0 0 2 0 1 0
 1 1 2 1 1 2 2 0 2 2 2 1 1 1 0 1 1 0 2 1 0 0 0 0 2 1 1 1 1 2 1 2 1 2 0 0 1
 2 2 0 2 1 1 2 2 1 1 2 0 0 1 1 1 2 0 1 2 2 0 0 2 0 0 2 2 1 1 0 2 2 1 0 1 0
 0 0 0 2 0 2 1 1 0 0 0 0 1 0 1 2 1 1 2 1 1 0 1 1 1 1 1 1 1 2 0 1 0 1 2 1 0
 1 0 0 2 0 1 2 0 1 0 2 0 2 1 2 0 2 2 1 1 1 1 2 1 2 1 0 2 2 1 1 0 1 2 1 0 0
 0 2 1 1 2 1 1 0 1 0 0 1 2 1 0 1 1 0 0 1 2 0 1 0 0 0 2 1 1 2 1 1 2 1 0 2 0
 2 0 0 0 0 2 0 1 0 0 2 2 2 2 1 2 2 2 2 1 1 2 2 2 0 0 1 0 2 0 1 1 1 1 1 2 0
 2 2 2 1 1 0 0 0 2 1 2 2 2 1 0 2 2 1 1 1 0 1 1 1 1 1 1 2 2 0 0 1 1 2 2 1 1
 0 2 2 0 1 1 1 0 0 0 1 2 1 1 0 1 1 0 1 1 2 0 0 0 0 2 1 0 2 1 2 2 1 1 2 1 2
 0 1 0 1 0 2 1 0 2 0 2 0 0 1 0 0 2 0 2 1 0 2 0 2 0 2 0 0 1 0 2 0 2 1 0 2 1
 2 2 1 0 1 2 1 1 0 2 2 0 0]

========== Cluster 2 ==========

Base classifier: LogisticRegression()

Minority Class: 1

Selected Features: [ 4 17  6 15  8 11  9  3 14 16 20  7  0 13 19 12]

Labels: [0 0 2 0 1 0 0 2 1 1 0 1 2 2 0 0 2 1 0 1 2 2 0 0 0 1 1 2 0 0 0 0 2 1 0 2 0
 1 1 2 0 0 0 2 2 0 0 2 0 0 0 0 1 2 1 1 0 0 1 0 1 2 1 2 2 2 1 1 2 2 2 0 2 0
 1 1 1 1 2 0 0 1 1 2 0 1 0 2 2 2 2 2 1 0 0 0 1 1 2 0 1 2 2 2 1 1 1 1 0 0 1
 1 0 2 2 1 2 1 2 2 1 0 1 0 0 1 1 0 2 2 2 2 0 2 1 0 2 2 0 2 2 1 2 2 2 0 2 0
 0 2 1 2 2 0 0 0 0 0 0 2 2 0 0 2 2 2 0 2 0 1 0 0 2 1 2 0 0 0 2 2 1 0 0 0 2
 1 2 0 0 0 0 0 0 0 0 0 2 2 0 1 2 2 2 0 2 1 0 2 2 0 0 2 2 2 2 0 2 0 2 1 0 0
 2 2 1 2 1 2 2 1 0 0 0 0 2 0 0 1 2 0 2 1 1 0 2 2 2 0 2 2 0 1 2 0 1 0 1 0 0
 2 2 2 1 2 2 1 0 1 0 0 1 2 2 2 0 2 1 0 0 0 0 2 0 1 1 2 2 2 0 0 2 0 0 1 2 2
 1 0 2 1 1 1 0 1 0 0 2 2 2 2 1 2 2 2 0 0 1 0 0 0 0 0 2 2 0 0 0 1 2 2 1 0 2
 0 2 0 0 2 0 2 0 0 0 1 2]

