Clustering algorithm selected: kmeans
=====================================

Clustering evaluation metric: dbc
Clustering evaluation value: 0.45743954645920193

========== Cluster 0 ==========

Base classifier: GradientBoostingClassifier()

Minority Class: 1

Selected Features: [  3 105 146 162 215  93 139 114   9  44 214  20 109 200  43 131  38 117
   7 179 104  36 204  51  90  71 133 222 181 187 123 196   0 124  88 213
 198 186   4  77  17 174 216 223  61 100  49  48 121  84 137 194 128  69
 159  54  32 205 209  85 178 134 101  33 118   2 102 132 203 142  56 138
 154 206  28 208 184 130   5  70 176  63 177  80 210 156  66 169 107   1
  35 197 182 152 125 180 150  82 190  22  86 157  11  72 158  98  24 127
 140  79  58  25   8  30  47  64  27  65  26  67  23  21  12  68  13  19
  18  14  16  29  59  62  31  45  50   6  52  10  53  42  55  41  40  39
  37  57  73  34  46  60  15 224  74 151 183 175 173 172 171 170 168 167
 166 165 164 163 161 160 155 185 188 189 211 221 220 219 218 217]

Labels: [1 0 0 0 0 0 0 0 1 0 1 1 1 1 0 0 0 0 0 0 0 0 0 0 1 1 1 0 1 0 0 1 0 0 1 0 0
 0 0 0 1 0 0 0 1 1 0 1 0 0 0 0 1 1 1 0 0 0 0 0 0 1 1 1 0 0 1 1 0 0 0 1 1 0
 1 1 0 0 0 0 0 1 0 1 0 0 1 1 0 0 0 0 1 1 0 1 0 0 0 0 0 0 0 0 0 0 1 0 0 0 1
 1 0 0 0 1 0 1 1 1 0 1 0 0 0 1 0 0 1 0 1 1 0 0 0 1 0 0 0 0 0 0 0 0 0 0 0 0
 0 0 1 0 0 0 0 0 0 0 0 0 0 0 1 0 0 1 0 1 0 0 0 1 1 0 1 0 1 0 0 0 0 0 1 1 1
 1 0 0 0 1 0 0 0 1 0 0 1 1 0 0 0 1 1 0 1 0 0 1 0 0 0 0 1 0 0 1 0 1 1 0 1 0
 0 0 0 0 0 0 0 1 0 0 0 1 0 0 1 1 1 0 0 1 1 0 0 0 1 0 0 0 1 0 0 0 0 0 0 0 1
 0 1 0 0 0 0 0 1 0 1 0 0 0 0 1 1 1 1 0 0 0 1 0 0 0 0 1 1 0 1 0 0 0 0 0 0 0
 1 1 1 1 1 1 1 1 1 1 0 1 0 0 0 1 0 0 0 0 0 0 1 0 0 0 0 1 0 1 0 0 0 1 1 0 0
 0 1 0 0 0 1 0 0 0 0 0 0 1 0 0 0 1 0 1 0 1 1 0 1 1 0 1 1 1 0 0 0 0 0 1 0 0
 0 0 0 1 0 0 1 0 0 0 0 1 0 1 0 0 0 0 1 1 1 0 0 0 1 0 0 0 0 0 1 0 0 0 1 1 0
 1 0 0 0 0 0 0 0 1 0 0 0 1 1 1 0 0 0 0 1 0 0 1 0 0 1 0 0 0 0 0 0 1 0 1 0 1
 0 0 0 1 1 1 0 0 0 0 0 0 0 0 1 1 0 1 1 0 0 0 0 0 1 0 1 0 0 0 1 0 0 1 0 1 0
 1 0 0 0 1 0 1 1 0 0 1 1 1 0 0 0 1 0 1 0 1 0 0 1 1 0 1 0 1 1 0 0 1 1 0 1 0
 1 1 1 0 1 0]

========== Cluster 1 ==========

Base classifier: AdaBoostClassifier()

Minority Class: 1

Selected Features: [  3  27 214 152 211  65  94   6 112 182  59 176  93  40 118  48 212 116
  14  60 133 185 197  68 105  10 156  89  88  50  61  19   5  96 160 208
   0 125   4 179 224  56  25  75 100 204 213  20  42  84 158  51 111  24
 143 202  12   1  38  46 186  41 146  66 178 149  44  57 102 221  21  49
 161 209 219 171  78 131 180 169 162 108  35 121 117 196  31 122  85 109
 120 104  63  70 148 136 215  15 103   8  87  90  29 172  30 210  97 220
 140 174 187 164  16 107 165  69 157  32  33  34 163  36  37 191  39 159
 113  28 192  43 155  45 154  47 153 193 151 150  52  53 166 216  55 190
 188   2 222 184 183 189   7 181   9 177  11  13  26 218 175  17  18]

Labels: [0 0 0 0 0 1 0 0 1 0 0 0 0 0 0 1 0 0 1 0 0 0 0 1 0 0 0 1 0 0 0 1 0 0 1 0 0
 1 0 0 0 0 0 0 0 0 0 1 1 0 0 0 0 1 0 0 0 1 0 0 1 0 0 0 0 1 0 1 0 0 0 0 0 0
 0 1 1 0 0 1 1 1 0 0 0 0 0 1 1 0 1 0 0 0 1 0 0 0 1 1 0 1 0 0 1 0 0 0 0 1 0
 0 0 0 1 1 0 0 0 1 0 1 0 1 0 0 0 0 0 0 0 0 1 0 0 1 0 0 0 0 1 0 0 0 0 0 1 0
 0 0 0 0 0 0 0 0 0 0 0 1 0 0 0 0 0 0 0 0 0 1 0 0 0 0 0 0 1 0 1 1 0 0 0 1 1
 1 0 0 0 1 1 1 0 0 0 0 1 0 0 1 1 0 0 1 1 1 0 0 0 0 0 0 0 0 0 0 1 1 0 1 0 0
 1 0 0 0 0 0 0 1 0 0 1 0 0 0 0 0 0 0 0 0 0 0 0 0 0 0 0 0 0 0 1 1 0 0 0 0 0
 1 0 0 0 0 0 0 0 0 1 1 0 1 0 1 0 1 0 0 0 0 0 0 1 1 0 1 1 1 0 0 0 1 0 0 1 1
 0 0 0 0 0 0 0 0 0 1 0 0 0 0 0 0 0 0 0 0 0 0 0 0 0 0 0 0 1 0 0 0 0 1 0 1 0
 0 0 0 0 1 1 0 0 1 0 0 0 0 0 0 0 1 0 1 0 0 1 0 0 0 0 0 0 0 0 1 0 0 0 0 0 0
 0 0 0 0 1 0]

