Clustering algorithm selected: kmeans
=====================================

Clustering evaluation metric: silhouette
Clustering evaluation value: 0.155218674809302

========== Cluster 0 ==========

Base classifier: GaussianNB()

Minority Class: 1

Selected Features: [ 0  1  2  3  4  5  6  7  8  9 10 11 12 13 14 15 16 17 18 19 20 21 22 23
 24 25 26 27 28 29 30 31 32 33 34 35 36 37]

Labels: [1 1 1 1 0 1 1 0 0 0 1 0 0 0 0 1 1 1 0 1 1 1 1 0 1 1 1 0 1 0 1 1 0 0 0 1 0
 1 1 1 1 0 1 0 1 1 1 0 0 0 1 1 1 1 1 0 0 0 0 0 0 0 1 0 1 1 0 0 1 0 0 1 1 0
 1 0 1 1 0 0 0 0 0 1 0 0 0 0 1 0 0 0 0 0 1 0 1 1 0 1 1 0 1 0 1 0 1 0 1 1 1
 1 1 1 0 1 1 1 1 0 0 0 0 0 0 1 0 0 0 0 0 0 0 0 1 0 0 1 0 0 0 1 0 0 0 0 1 0
 1 0 1 1 1 0 0 1 0 1 1 0 0 1 1 1 1 1 0 0 0 1 1 1 0 1 0 1 1 0 1 1 0 1 1 1 0
 1 0 0 0 0 0 1 1 1 0 1 0 1 0 1 0 1 1 0 0 0 0 1 0 0 0 1 0 1 1 0 1 1 1 1 1 1
 0 0 1 0 1 0 1 0 1 0 0 1 0 1 1 0 0 0 1 1 0 1 0 1 1 1 0 1 1 0 0 0 0 1 1 1 0
 0 0 0 0 1 0 0 1 1 1 1 0 1 0 1 0 1 0 0 1 1 1 1 0 0 0 1 1 0 1 1 0 1 1 0 1 1
 0 0 0 0 0 1 0 1 0 0 1 1 0 1 1 0 1 0 0 0 1 1 0 1 1 1 1 1 1 0 0 0 0 1 0 0 1
 0 1 1 1 0 1 1 1 0 1 0 1 0 0 1 1 1 0 0 0 0 1 0 0 1 1 0 0 1 0 1 1 0 1 1 0 0
 1 1 0 1 0 0 1 0 1 0 0 1 1 1 1 0 0 1 0 0 0 0 1 0 1 1 0 0 0 0 1 1 0 1 0 0 0
 0 1 1 0 1 1 0 1 1 1 1 1 0 0 0 0 1 1 1 1 1 1 0 0 0 0 1 0 0 0 1 0 0 0 1 0 0
 1 0 0 1 0 0 1 1 1 1 1 1 0 1 0 1 1 1 1 1 0 1 0 1 0 1 1 0 0 1 0 1 1 0 0 0 1
 1 1 1 0 0]

Synthetic samples indexes: [ 68 134 214 240 247 280 289 482]

========== Cluster 1 ==========

Base classifier: GaussianNB()

Minority Class: 1

Selected Features: [ 0  1  2  3  4  5  6  7  8  9 10 11 12 13 14 15 16 17 18 19 20 21 22 23
 24 25 26 27 28 29 30 31 32 33 34 35 36 37]

Labels: [0 1 0 0 0 1 0 1 0 0 0 0 1 0 0 1 0 1 1 1 1 0 1 0 1 1 1 0 0 0 0 0 0 0 1 0 1
 1 1 1 1 0 1 1 0 0 0 0 0 0 1 0 1 0 0 1 1 1 1 1 0 1 0 1 0 0 1 1 0 1 1 0 1 0
 0 1 1 0 1 0 0 0 1 1 0 0 0 0 0 1 0 0 1 1 1 0 0 1 1 1 0 1 0 0 1 1 1 0 0 1 0
 1 1 1 0 0 1 0 1 0 1 1 0 0 0 1 0 1 1 0 1 0 1 0 0 1 0 0 0 1 0 1 1 0 0 1 1 0
 0 1 1 1 1 0 1 1 0 0 1 1 1 1 0 1 1 1 1 1 1 0 0 1 1 1 1 0 0 0 0 1 0 0 1 1 1
 0 1 0 1 1 0 0 0 0 0 0 1 0 1 1 1 1 0 0]

Synthetic samples indexes: [  1   5  12  15  17  19  20  22  24  26  34  36  37  42  50  55  56  57
  58  61  63  66  67  72  76  78  82  83  89  92  93  94  97  98 101 104
 105 109 111 112 113 118 121 125 127 130 135 141 150 155 159 164 165 166
 167 168 174 184 186 199 200]

