Clustering algorithm selected: kmeans
=====================================

Clustering evaluation metric: dbc
Clustering evaluation value: 0.6499323509896758

========== Cluster 0 ==========

Base classifier: DummyClassifier(strategy='most_frequent')

Minority Class: 1

Selected Features: [30 29 28 27 26 25 24 23 22 21 20 19 18 17 16 15]

Labels: [1 1 1 1 1 1 1 1 1 1 1 1 1 1 1 1 1 1 1 1 1 1 1 1 1 1 1 1 1 1 1 1 1 1 1 1 1
 1 1 1 1 1 1 1 1 1 1 1 1 1 1 1 1 1 1 1 1 1 1 1 1 1 1 1 1 1 1 1 1 1 1 1 1 1
 1 1 1 1 1 1 1 1 1 1 1 1]

Synthetic samples indexes: []

========== Cluster 1 ==========

Base classifier: SVC(probability=True)

Minority Class: 1

Selected Features: [21 28 24 20 23  3 22 18  4 25  8  1  2  0 29 17 16 26 14 19]

Labels: [0 0 1 0 1 1 0 1 1 0 0 1 1 0 1 0 0 0 1 1 0 1 0 1 0 1 1 1 1 0 1 0 0 0 0 0 0
 1 0 1 1 0 1 0 0 0 1 1 1 1 1 1 1 0 1 0 1 1 1 0 0 1 1 0 1 0 0 0 1 0 0 0 1 1
 0 0 0 0 1 0 0 1 1 1 1 1 0 0 0 0 1 0 0 1 1 1 0 1 1 1 0 0 0 0 1 1]

Synthetic samples indexes: [  0   1   3   6   9  10  15  16  24  29  31  32  36  38  45  53  55  59
  63  67  71  74  76  79  80  89  91  92  96 100 103]

========== Cluster 2 ==========

Base classifier: DummyClassifier(strategy='most_frequent')

Minority Class: 1

Selected Features: [30 29 28 27 26 25 24 23 22 21 20 19 18 17 16 15]

Labels: [0 0 0 0 0 0 0 0 0 0 0 0 0 0 0 0 0 0 0 0 0 0 0 0 0 0 0 0 0 0 0 0 0 0 0 0 0
 0 0 0 0 0 0 0 0 0 0 0 0 0 0 0 0 0 0 0 0 0 0 0 0 0 0 0 0 0 0 0 0 0 0 0 0 0
 0 0 0 0 0 0 0 0 0 0 0 0 0 0 0 0 0 0 0 0 0 0 0 0 0 0 0 0 0 0 0 0 0 0 0 0 0
 0 0 0 0 0 0 0 0 0 0 0 0 0 0]

Synthetic samples indexes: []

========== Cluster 3 ==========

Base classifier: DummyClassifier(strategy='most_frequent')

Minority Class: 1

Selected Features: [ 0  1  2  3  4  5  6  7  8  9 10 11 12 13 14 15 16 17 18 19 20 21 22 23
 24 25 26 27 28 29 30]

Labels: [1 1 1 1 1 1 1 1 1 1 1 1 1 1 1 1 1 1 1 1 1 1 1 1 1 1 1 1 1 1 1 1 1 1]

Synthetic samples indexes: []

========== Cluster 4 ==========

Base classifier: SVC(probability=True)

Minority Class: 1

Selected Features: [ 0  8 22  2 21 24 14 23 28 11 13 16 27 18  7]

Labels: [0 0 0 1 0 0 1 0 0 0 1 1 0 1 1 1 0 0 1 1 1 1 0 0 1 1 0 0 0 1 0 1 1 0 0 1 0
 1 0 1 1 1 1 1 1 1 1 1 1 1 0 1 1 1 1 1 1 1 0 0 1 1 1 0 0 0 0 0 1 0 0 1 0 1
 1 0 1 0 0 0 1 0 0 1 1 0 0 1 0 0 1 1 0 0 1 1 0 1 0 0 1 1 1 1 1 0 1 1 0 1 0
 0 0 0 1 1 1 0 1 1 1 0 1 1 1 0 0 0 1 0 0 1 0 1 1 1 0 0 0 0 1 1 0 1 1 0 0 1
 1 1 0 1 0 0 1 0 0 1 1 1 0 0 1 1 1 1 1 0 0 1 1 0 1 0 1 0 0 1 0 1 0 0 1 0 1
 0 0 1 1 0 0 0 1 1 1 0 0 1 0 1 1 0 1 1 1 0 0 1 0 0 0 1 0 0 1 0 1 0 0 0 0 0
 0 0 0 0 1 1 0 0 1 1 1 0 0 0 0 1 1 1 1 0 1 1 1 1 1 0 1 0 0 0 1 0 1 1 1 0 0
 1 1 0 0 0 1 1 1 0 0 0 0 0 0 0 0 1 0 0 0 1 1 0 1 0 1 1 1 0 0 0 0 1 1 1 0 0
 1 1 1 0 0 1 1 1 1 0 1 1 1 0 0 1 0 0 0 0 1 0 0 1 1 1 0 0 0 1 1 1 0 0 1 1 0
 0 0 0 0 0 1 0 0 1 1 0 0 1 1 0 0 1]

Synthetic samples indexes: [  3   6  10  11  13  14  15  18  19  20  21  24  25  29  31  32  35  37
  39  40  41  42  43  44  45  46  48  51  52  53  54  56  57  61  62  68
  71  73  74  76  80  83  84  87  90  91  94  95  97 100 101 102 103 104
 107 109 114 115 116 118 119 120 122 123 124 128 131 133 134 135 140 141
 143 144 147 148 149 151 157 158 162 163 165 166 169 172 174 177 179 182
 184 187 188 192 193 194 197 203 204 207 211 214 216 226 230 231 232 237
 238 239 240 242 243 244 245 246 252 254 255 256 259 260 264 265 266 275
 279 282 284 285 291 292 293 296 297 298 301 302 303 304 306 307 308 311
 316 319 321 325 327 330 331 338 341 342 345 346 349]

