Clustering algorithm selected: kmeans++
=====================================

Clustering evaluation metric: dbc
Clustering evaluation value: 0.13370049180981539

========== Cluster 0 ==========

Base classifier: KNeighborsClassifier()

Minority Class: 1

Selected Features: [0 1 2 3 4 5 6 7 8]

Labels: [1 2 1 1 1 0 1 0 2 1 0 2 1 2 1 2 0 1 0 2 1 1 1 1 0 0 0 0 2 2 2 2 2 2 1 1 1
 1 0 1 2 2 1 1 2 1 2 1 0 2 1 2 1 0 0 0 1 2 1 2 0 1 1 1 1 2 0 0 2 1 1 2 2 2
 0 0 0 2 0 0 1 2 2 2 1 0 2 1 2 2 2 0 2 1 0 1 1 2 0 2 1 1 1 0 0 0 2 2 0 2 1
 0 1 2 2 2 0 1 1 0 1 1 1 0 1 1 2 0 1 0 1 1 0 2 0 0 2 0 0 2 1 1 0 1 0 1 2 2
 1 1 2 2 0 0 2 1 1 1 2 2 1 0 0 2 1 0 2 0 0 1 1 0 0 2 1 2 1 0 2 2 0 0 2 0 0
 2 2 0 1 0 1 1 0 2 2 0 1 0 0 2 0 1 0 0 0 0 0 0 0 0 1 0 2 2 2 2 0 2 2 2 0 2
 0 0 0 0 1 2 2 1 1 2 2 2 0 2 2 0 0 0 2 0 2 1 0 0 1 0 0 1 2 2 1 2 0 0 2 2 0
 1 1 1 2 0 2 1 2 2 1 1 0 2 2 2 1 0 0 1 1 0 1 1 1 2 0 1 2 1 2 0 2 0 1 1 2 2
 1 1 2 0 2 0 0 2 1 2 0 0 0 1 1 0 0 0 1 0 2 0 2 0 1 0 2 1 1 1 1 1 0 1 0 2 2
 0 1 1 2 0 0 2 2 1 1 2 1 2 0 1 1 1 2 1 2 0 1 2 0 0 0 1 0 0 1 2 0 0 2 1 2 1
 1 2 2 1 0 2 2 1 0 2 2 2 2 2 1 1 1 0 0 2 1 1 2 2 0 2 0 0 1]

Synthetic samples indexes: [  0   6   8  12  13  14  17  19  20  21  22  23  28  32  34  35  39  40
  42  45  46  47  49  52  56  57  58  59  61  62  64  65  69  70  72  77
  80  82  83  84  87  88  89  90  92  93  95  96  97 107 110 112 118 120
 121 122 133 140 151 155 156 157 158 160 163 166 169 170 173 174 186 188
 191 193 196 199 215 219 221 226 229 232 235 243 256 259 261 265 267 269
 278 282 290 292 293 294 295 296 297 300 309 314 318 320 324 325 326 331
 334 335 339 341 342 344 345 347 349 354 355 366 367 369 372 381 382 385
 389 390 391 392 393]

========== Cluster 1 ==========

Base classifier: SVC(probability=True)

Minority Class: 1

Selected Features: [0 1 2 3 4 5 6 7 8]

Labels: [2 1 1 ... 1 0 2]

Synthetic samples indexes: [   2    5    7   12   14   15   31   37   40   48   50   55   63   69
   72   74   75   76   85   86   87   88   90  100  102  106  109  110
  119  124  130  134  136  145  150  151  154  161  163  169  183  190
  193  194  198  199  201  207  214  216  224  233  237  239  240  243
  250  252  253  254  260  265  268  275  281  284  297  303  304  306
  309  316  324  333  339  342  346  357  365  378  380  385  393  403
  405  418  428  433  441  451  453  460  461  471  473  477  479  480
  487  499  505  512  515  518  519  522  525  527  530  534  541  545
  556  557  565  566  572  573  578  583  589  594  603  609  611  613
  615  620  623  625  629  630  632  637  638  641  643  645  658  668
  670  672  678  680  696  699  701  708  712  714  726  727  730  731
  735  736  737  738  740  749  752  759  767  778  779  782  790  799
  802  811  813  814  823  829  831  834  837  841  847  849  857  859
  861  862  863  866  876  880  882  887  895  899  904  907  909  911
  919  922  929  933  938  942  946  947  949  958  966  979  980  983
  986  992 1003 1004 1012 1020 1022 1023 1029 1031 1035 1040 1045 1048
 1050 1059 1064 1067 1072 1078 1082 1085 1086 1089]

========== Cluster 2 ==========

Base classifier: LogisticRegression()

Minority Class: 2

Selected Features: [0 1 2 3 4 5 6 7 8]

Labels: [0 0 2 2 2 0 1 0 2 2 2 2 2 0 2 2 2 0 1 1 2 0 2 2 2 2 0 1 0 2 1 0 1 1 0 0 1
 1 2 2 1 1 0 1 2 2 2 1 1 1 0 2 0 0 2 2 2 1 1 0 2 2 1 1 0 0 1 0 2 0 2 1 0 0
 1 1 2 1 1 2 0 1 2 2 1 1 0 2 0 0 2 1 0 1 0 1 1 0 0 2 2 1 1 0 0 0 2 1 2 1 0
 2 2 0 1 1 1 0 1 1 0 0 0 2 2 0 1 1 2 1 0 0 1 1 2 0 2 2 2 1 1 0 2 1 2 0 2 2
 1 1 0 2 0 1 1 1 0 0 1 0 1 0 1 2 2 0 2 1 1 2 2 2 1 0 0 2 0 0 2 1 2 1 0 2 0
 1 2 2 0 0 1 1 0 2 0 0 1 2 1 0 0 2 0 0 1 2 0 1 0 0 1 2 1]

Synthetic samples indexes: [  4  22  24  90  98 100 111 134 136 146 159 163 180]

