Clustering algorithm selected: fcm
=====================================

Clustering evaluation metric: dbc
Clustering evaluation value: 0.04002572089234051

========== Cluster 0 ==========

Base classifier: KNeighborsClassifier()

Minority Class: 0

Selected Features: [0 1 2 3 4 5 6 7 8 9]

Labels: [1 1 1 0 1 0 1 1 1 1 0 1 1 0 0 1 1 0 0 1 0 1 1 1 0 0 0 1 0 1 0 0 1 0 1 1 1
 1 0 1 0 1 1 0 0 0 0 1 1 1 0 0 1 0 1 0 1 1 1 0 1 1 1 1 1 0 0 1 1 1 1 0 0 0
 1 1 0 1 1 0 1 0 1 1 1 0 1 0 0 0 1 1 1 1 1 0 1 0 1 1 1 1 0 1 1 0 1 1 1 1 1
 0 1 1 0 1 0 0 0 1 0 0 0 1 1 0 0 0 1 0 0 0 1 0 0 0 0 1 0 1 0 1 0 0 0 1 1 1
 0 0 0 0 0 0 0 0 1 1 1 1 0 0 0 1 0 0 0 0 1 1 0 0 0 1 0 1 1 0 0 0 0 0 0 1 0
 0 0 0 0 0 0 0 0 0 1 1 0 1 0 1 0 1 0 0 1 1 1 0 0 1 0 0 0 1 0 1 1 1 1 1 1 0
 1 0 0 0 1 0 0 0 0 0 0 1 0 1 1 1 1 0 1 0 0 1 0 0 1 0 1 0 1 1 1 0 1 0 1 1 0
 0 0 0 1 1 1 0 1 1 1 0 1 0 1 0 0 0 0 1 0 0 0 1 1 1 1 0 0 1 0 0 0 0 1 1 0 0
 1 0 0 0 1 1 0 0 0 0 1 0 0 1 0 1 1 0 0 1 0 0 0 1 1 1 1 1 1 1 0 1 0 1 1 1 1
 1 1 0 1 1 0 0 1 0 1 1 1 1 0 0 1 1 0 0 0 1 0 0 0 1 1 1 1 0 0 1 1 1 1 0 1 1
 0 0 0 1 1 0 0 1 0 0 0 0 0 1 1 1 0 1 1 1 1 1 1 1 0 0 1 0 0 1 1 0 1 0 0 1 0
 1 1 0 0 1 0 1 1 1 1 1 0 1 1 1 1 1 1 1 0 0 1 1 0 1 0 0 0 1 0 1 0 0 0 0 1 1
 1 1 1 1 1 1 0 1 0 0 0 0 0 1 0 1 1 0 1 1 0 0 0 0 0 1 0 1 0 0 1 0 0]

========== Cluster 1 ==========

Base classifier: SVC(C=364.8048368552316, gamma=33.0043193205537, probability=True)

Minority Class: 1

Selected Features: [0 1 2 3 4 5 6 7 8 9]

Labels: [1 1 1 1 0 1 1 0 0 0 1 0 1 0 0 0 0 1 0 1 1 1 0 1 0 0 1 0 0 1 0 1 0 0 1 0 1
 0 1 0 0 1 0 1 0 1 0 1 1 1 1 0 0 0 0 1 1 0 1 0 1 1 1 0 0 0 0 0 0 1 1 0 1 1
 0 0 0 1 1 1 1 0 0 0 1 0 0 0 0 0 1 0 0 0 1 1 1 1 0 0 0 0 0 1 0 0 1 0 1 0 1
 0 1 0 1 0 0 1 0 0 1 0 0 1 0 0 0 0 1 1 1 1 0 1 1 1 0 0 1 1 0 0 1 0 1 0 1 0
 1 1 1 1 1 1 0 1 1 1 0 1 0 1 1 0 1 1 0 1 0 0 0 1 0 0 0 0 0 1 1 0 0 1 0 1 0
 1 0 1 1 1 1 0 0 1 1 0 1 1 0 0 1 0 0 0 0 1 1 1 1 1 1 0 1 1 0 0 1 0 0 0 0 1
 0 0 0 1 1 1 0 0 0 0 0 0 1 0 0 1 1 0 1 0 1 1 1 0 1 0 0 0 0 0 0 1 1 0 0 1 1
 0 0 1 1 0 1 0 0 1 0 0 0 1 0 1 1 0 1 1 0 0 1 1 1 1 0 1 0 0 1 0 0 1 1 1 0 0
 0 1 0 0 0 0 0 0 0 1 1 1 1 1 1 1 1 0 1 0 1 1 1 0 0 0 1 1 0 1 1 1 1 0 1 0 0
 1 0 1 0 1 0 0 1 1 0 0 1 0 0 0 0 1 1 0 1 1 0 1 1 1 1 1 1 0 0 1 1 1 0 1 1 1
 1 0 1 0 0 1 0 1 1 1 1 1 1 1 1 1 1 1 1 0 0 1 0 0 1 1 0 0 1 1 0 1 1 0 1 0 1
 0 1 0 1 1 0 0 0 0 0 1 0 0 0 0 0]

