Clustering algorithm selected: kmeans++
=====================================

Clustering evaluation metric: dbc
Clustering evaluation value: 0.03169261225019922

========== Cluster 0 ==========

Base classifier: KNeighborsClassifier()

Minority Class: 1

Selected Features: [0 1 2 3 4 5 6 7 8 9]

Labels: [1 1 1 1 1 1 0 0 0 1 1 1 0 1 0 0 0 0 1 0 0 1 0 1 1 0 1 0 0 1 0 1 1 1 1 0 0
 0 0 1 0 0 1 0 1 1 0 0 1 1 0 0 1 0 1 1 1 1 0 1 0 1 1 1 0 1 1 0 1 0 1 0 0 1
 0 0 0 1 0 0 0 0 1 1 0 0 0 1 0 0 0 1 0 1 0 1 1 0 1 0 1 1 0 0 0 0 1 0 0 1 0
 0 0 0 1 1 1 0 0 1 1 0 1 0 0 1 0 0 0 0 0 0 0 1 1 0 0 0 0 0 0 1 1 0 0 1 0 0
 1 1 0 0 1 1 1 0 1 1 1 1 1 0 1 0 1 0 0 0 0 0 0 0 1 0 1 1 1 1 1 1 0 0 1 0 0
 1 1 0 0 1 0 0 0 1 1 0 0 0 1 1 1 0 0 0 0 1 1 0 1 1 1 0 1 0 1 0 0 1 0 1 1 1
 1 0 0 0 1 0 1 0 0 0 0 0 1 1 0 0 1 1 0 0 0 0 1 0 1 0 1 0 0 0 0 0 0 1 1 1 1
 1 0 1 0 0 1 0 1 1 0 1 0 1 1 0 0 1 0 0 1 0 0 0 0 1 0 1 1 1 0 1 0 0 0 1 1 1
 0 0 0 1 0 1 1 1 1 0 1 1 1 1 0 0 0 1 1 0 1 0 1 1 0 1 0 0 0 0 1 1 1 1 1 0 1
 1 1 1 1 1 0 1 0 1 1 0 1 1 1 1 0 1 0 0 1 1 1 0 0 0 1 1 0 0 1 1 1 1 1 1 1 1
 1 0 0 0 0 1 1 1 1 0 1 0 1 1 0 1 1 1 1 1 0 1 1 0 0 1 0 1 0 1 0 0 0 0 0 1 0
 1 1 1 0 1 0 0 0 0 1 0 0 0 0 0 0 1 1 0 1 0 0 1 0 0 0 0 1 0 0 0 1 0 0 1 1 1
 1 1 1 0 1 1 0 1 0 1 1 0 0 0 1 0 0 0 1 1 0 1 0 0 0 1 0]

========== Cluster 1 ==========

Base classifier: SVC(C=347.8801895045795, gamma=39.50057903795678, probability=True)

Minority Class: 0

Selected Features: [0 1 2 3 4 5 6 7 8 9]

Labels: [1 1 1 1 0 1 1 1 0 0 1 1 0 1 0 1 1 1 0 1 1 0 0 0 1 1 1 0 1 1 1 0 1 0 0 0 1
 0 1 0 1 1 1 0 0 0 0 1 1 0 1 0 0 1 1 0 1 0 1 0 1 0 1 0 0 1 0 0 0 1 1 0 0 1
 1 1 0 0 1 1 0 0 0 1 1 0 0 0 0 1 1 0 1 0 0 0 1 1 1 1 1 1 1 1 0 0 0 1 0 1 1
 1 0 0 1 0 0 1 1 0 0 1 1 0 0 0 0 0 0 0 0 1 0 1 0 0 0 0 0 1 1 1 1 0 1 1 0 1
 0 0 1 1 0 1 1 0 1 1 0 0 1 0 0 0 0 0 1 1 1 0 1 1 0 1 1 0 0 0 0 0 0 1 1 1 1
 1 1 0 0 0 0 0 0 1 0 1 1 0 0 0 1 0 0 0 1 1 0 0 1 0 0 1 1 0 0 1 0 1 1 0 0 0
 1 1 0 1 0 0 1 0 0 0 1 1 1 0 1 1 0 0 1 1 0 0 1 0 1 1 1 1 1 0 1 0 1 0 1 1 1
 0 1 0 1 1 1 1 1 1 1 1 1 0 1 1 0 1 0 1 0 1 0 0 0 0 1 1 0 1 1 1 0 0 1 1 1 0
 0 0 0 1 0 0 0 0 0 0 1 0 1 0 1 1 1 1 1 1 0 0 0 1 0 1 1 1 0 0 1 0 1 1 1 1 1
 0 1 1 1 1 1 0 1 1 1 0 1 1 0 0 1 0 1 1 1 1 0 1 1 0 0 0 0 0 1 1 0 1 0 0 1 1
 0 1 1 1 0 1 1 0 1 1 1 0 0 1 1 0 1 0 1 1 1 0 0 1 0 1 0 1 0 1 0 1 1 1 0 1 1
 0 1 0 0 0 1 0 0 0 1 0 0 0 0 0 0 1 0 1 0 0 0]

