Clustering algorithm selected: kmeans++
=====================================

Clustering evaluation metric: dbc
Clustering evaluation value: 0.03294439556377432

========== Cluster 0 ==========

Base classifier: KNeighborsClassifier(n_neighbors=7)

Minority Class: 1

Selected Features: [0 1 2 3 4 5 6 7 8 9]

Labels: [1 1 1 1 1 1 0 1 1 1 0 1 1 1 0 1 0 0 0 1 0 0 0 1 0 1 0 1 0 1 0 1 0 0 1 1 0
 1 0 0 1 0 0 1 0 0 0 1 0 1 0 1 0 1 0 0 1 1 0 1 1 1 0 0 0 0 1 1 1 0 1 1 0 0
 0 0 0 0 1 0 0 1 0 1 1 0 1 0 0 1 0 1 1 1 1 1 0 0 0 0 1 0 0 1 0 1 1 0 0 1 1
 1 0 0 1 0 1 1 1 1 0 1 0 1 1 1 0 1 1 0 1 0 1 0 0 1 0 0 0 1 0 0 0 0 1 1 0 0
 0 1 0 0 0 1 0 1 0 1 1 0 1 0 1 1 0 0 0 0 1 0 1 0 1 1 0 0 0 0 1 1 1 0 0 1 1
 0 1 0 0 1 0 0 0 0 0 0 0 1 1 0 0 0 1 0 0 0 1 1 0 0 1 0 0 1 1 0 0 1 1 1 0 1
 1 1 1 1 0 1 0 1 0 0 0 0 0 0 0 1 0 1 1 1 1 1 1 0 0 1 0 0 1 1 0 0 0 1 0 0 0
 1 1 0 0 0 1 1 1 0 0 0 0 1 1 0 1 1 1 0 1 0 1 0 0 1 0 1 0 1 1 1 1 0 0 0 1 0
 1 0 0 0 0 0 1 1 0 0 1 1 0 0 0 0 1 1 0 1 0 1 0 0 0 0 0 0 1 1 1 1 1 0 1 0 0
 1 0 1 1 0 1 0 1 1 0 0 1 0 0 1 0 0 0 0 1 0 1 1 1 0 1 0 0 0 1 1 1 0 0 0 1 0
 1 1 1 1 1 1 1 1 1 1 1 1 1 1 0 0 0 1 1 1 1 0 1 0 1 1 0 1 1 1 1 1 0 1 1 0 0
 1 0 1 0 1 0 0 0 0 0 1 0 1 1 1 0 1 0 0 0 0 0 1 0 1 0 0 0 0 0 1 1 0 1 0 0 1
 1 0 0 0 0 1 0 0 0 1 0 0 1 1 1 1 1 1 0 1 1 0 1 0 1 1 0 0 0 1 0 0 0 1 1 0 1
 0 0 0 1 0]

========== Cluster 1 ==========

Base classifier: SVC(C=605.6455395107951, gamma=17.542942616852088, probability=True)

Minority Class: 0

Selected Features: [0 1 2 3 4 5 6 7 8 9]

Labels: [0 1 1 0 1 1 0 0 1 1 0 1 0 0 0 1 1 1 0 0 0 1 1 1 0 0 0 1 1 1 1 0 1 0 1 0 1
 0 1 1 1 0 0 0 1 1 1 1 0 1 1 1 0 0 1 1 0 1 0 1 1 1 1 0 1 1 1 0 1 1 0 1 0 0
 0 1 0 1 0 1 1 0 0 0 0 1 1 0 1 0 0 1 1 0 1 0 1 0 1 0 1 0 0 1 0 0 0 1 1 0 0
 1 1 1 0 0 1 1 0 0 0 1 1 0 0 0 0 1 1 0 1 0 0 0 1 1 1 1 1 1 0 0 0 1 0 1 1 1
 0 0 1 0 0 1 1 0 0 1 1 0 0 0 0 0 0 0 0 1 0 1 0 0 0 0 0 1 1 1 0 1 1 0 1 0 0
 1 1 0 1 1 0 1 1 0 0 1 0 0 0 0 0 1 1 1 0 1 1 0 1 1 0 0 0 0 0 1 1 1 1 1 1 0
 0 0 0 0 0 1 0 1 1 0 0 0 0 0 1 1 0 0 1 0 0 1 1 0 0 1 0 1 0 0 0 1 1 0 1 0 0
 1 0 0 0 1 1 1 0 1 1 0 0 1 1 0 0 1 0 1 1 1 1 1 0 1 0 1 0 1 1 1 0 1 0 1 1 1
 1 1 1 1 1 1 0 1 1 0 1 0 1 0 1 1 1 1 1 1 1 1 1 1 1 0 1 1 1 1 1 0 1 1 1 0 1
 1 0 0 1 0 1 1 1 1 0 1 1 0 0 0 0 0 1 1 0 1 0 1 0 1 1 1 0 1 1 0 1 1 1 0 0 1
 1 0 1 0 1 1 1 0 0 0 1 0 1 0 1 0 1 1 1 0 1 1 0 1 0 0 0 1 0 0 0 1 0 0 0 0 0
 0 1 0 1 0 0 0]

