Clustering algorithm selected: kmeans++
=====================================

Clustering evaluation metric: dbc
Clustering evaluation value: 0.6518170436467968

========== Cluster 0 ==========

Base classifier: DummyClassifier(strategy='most_frequent')

Minority Class: 0

Selected Features: [ 0  1  2  3  4  5  6  7  8  9 10 11 12 13 14 15 16 17 18 19 20 21 22 23
 24 25 26 27 28 29 30]

Labels: [1 1 1 1 1 1 1 1 1 1 1 1 1 1 1 1 1 1 1 1 1 1 1 1 1 1 1 1 1 1 1]

Synthetic samples indexes: []

========== Cluster 1 ==========

Base classifier: SVC(probability=True)

Minority Class: 0

Selected Features: [ 0 24 21 23  8 22  2 14 13  1 28  4  7  9  3 11 18  6 27 16  5 17 25]

Labels: [1 0 0 0 0 0 0 1 0 1 0 1 1 1 0 0 1 0 1 1 1 0 1 1 0 1 0 1 1 0 1 0 1 0 0 1 0
 1 1 1 1 0 1 1 0 1 1 1 0 0 1 1 1 0 1 0 1 0 1 0 0 1 1 1 1 0 1 1 1 0 0 1 1 1
 0 0 0 0 1 0 0 0 0 1 1 0 1 1 1 1 1 0 0 0 0 0 0 0 0 0 1 1 0 0 0 1 0 1 1 0 0
 1 1 0 1 0 1 0 0 0 0 1 0 0 1 0 1 0 0 1 0 0 0 0 0 0 0 0 1 1 1 0 1 1 0 1 0 1
 1 1 0 0 0 0 0 0 0 1 1 0 1 0 0 0 0 0 1 0 1 0 0 1 0 1 1 0 1 0 1 0 1 1 1 1 0
 0 1 0 1 1 1 1 1 0 1 1 1 0 0 0 0 0 1 1 0 0 0 0 1 0 1 1 1 1 1 0 1 0 0 0 1 1
 1 1 0 1 0 0 0 1 1 1 1 1 0 0 1 0 0 0 1 1 1 1 1 1 1 1 0 1 1 0 0 0 1 1 1 1 0
 1 0 0 1 0 1 0 0 0 0 1 0 0 1 1 1 0 0 1 0 1 1 1 1 0 1 0 0 0 0 1 1 0 0 1 1 1
 0 1 0 0 1 0 0 0 1 0 0 0 0 0 1 1 0 1 1 1 1 0 0 1 0 1 0 0 0 0 1 1 1 1 1 1 0
 1 1 1 1 1 0 0 0 1 0 1 0 1]

Synthetic samples indexes: [  0   7   9  11  12  13  16  18  19  20  22  23  27  28  30  32  35  37
  38  40  42  43  45  46  47  50  51  52  54  58  61  62  63  64  66  67
  68  71  72  73  83  84  86  87  88  89  90 100 101 105 107 108 111 112
 114 116 121 124 126 129 138 140 142 143 145 147 148 149 158 160 166 168
 171 173 174 176 180 181 183 186 188 190 191 192 194 195 196 202 203 208
 211 212 214 216 221 222 225 229 231 233 236 240 241 242 243 244 245 246
 247 249 250 254 255 256 257 259 262 264 269 273 274 277 280 281 284 289
 290 293 294 297 300 304 310 311 313 314 315 316 319 321 326 327 328 329
 330 331 333 334 335 337 341 343 345]

========== Cluster 2 ==========

Base classifier: SVC(probability=True)

Minority Class: 0

Selected Features: [28 24 21 25  3 23 22  8 20  4  5 29  1 17 16  2 26 27 10 19 13 14 18  0
 11]

Labels: [1 0 0 1 1 1 1 1 0 1 0 1 1 0 0 0 1 0 0 0 0 0 0 0 1 1 1 0 1 0 0 0 1 0 1 0 0
 1 1 0 1 0 0 1 1 1 1 1 0 0 1 0 1 0 0 0 0 1 1 1 0 0 1 1 1 1 1 1 0 1 0 0 0 0
 1 0 0 1 1 1 0 0 1 1 1 1 0 1 1 0 1 1 0 0 1 1 0 1 0 0 0 0 0 1]

Synthetic samples indexes: [  8  10  13  14  15  17  18  19  20  21  23  29  31  35  36  42  51  53
  55  60  61  70  71  75  76  80  81  89  96  98  99 100]

========== Cluster 3 ==========

Base classifier: DummyClassifier(strategy='most_frequent')

Minority Class: 0

Selected Features: [30 29 28 27 26 25 24 23 22 21 20 19 18 17 16 15 14 13 12 11 10  9  8  7]

Labels: [0 0 0 0 0 0 0 0 0 0 0 0 0 0 0 0 0 0 0 0 0 0 0 0 0 0 0 0 0 0 0 0 0 0 0 0 0
 0 0 0 0 0 0 0 0 0 0 0 0 0 0 0 0 0 0 0 0 0 0 0 0 0 0 0 0 0 0 0 0 0 0 0 0 0
 0 0 0 0 0 0 0 0 0 0 0 0 0 0 0 0 0 0 0 0 0 0 0 0 0 0 0 0 0 0 0 0 0 0 0 0 0
 0 0 0 0 0 0 0 0 0 0 0 0 0 0 0 0 0]

Synthetic samples indexes: []

========== Cluster 4 ==========

Base classifier: DummyClassifier(strategy='most_frequent')

Minority Class: 0

Selected Features: [ 0  1  2  3  4  5  6  7  8  9 10 11 12 13 14 15 16 17 18 19 20 21 22 23
 24 25 26 27 28 29 30]

Labels: [1 1 1 1 1 1 1 1 1 1 1 1 1 1 1 1 1 1 1 1 1 1 1 1 1 1 1 1 1 1 1 1 1 1 1 1 1
 1 1 1 1 1 1 1 1 1 1 1 1 1 1 1 1 1 1 1 1 1 1 1 1 1 1 1 1 1 1 1 1 1 1 1 1 1
 1 1 1 1 1 1 1 1 1 1 1 1 1 1]

Synthetic samples indexes: []

