Clustering algorithm selected: fcm
=====================================

Clustering evaluation metric: dbc
Clustering evaluation value: 0.2010631458424544

========== Cluster 0 ==========

Base classifier: GaussianNB()

Minority Class: 1

Selected Features: [3 0 1 6 5 7]

Labels: [1 0 1 0 2 1 2 0 1 0 1 0 0 1 0 1 2 2 0 0 2 1 0 1 0 2 0 0 0 0 1 0 1 2 1 0 2
 0 0 0 0 0 1 1 0 0 0 2 1 0 0 0 0 0 2 2 1 1 0 0 1 2 0 0 2 1 0 2 0 0 0 2 2 1
 1 0 1 2 0 0 1 0 1 0 0 0 0 2 2 2 1 0 1 0 0 2 1 2 2 1 0 0 1 2 2 2 2 0 2 2 2
 1 2 2 1 2 0 2 2 1 0 2 2 0 1 0 2 1 1 2 2 1 1 0 2 2 0 1 0 2 2 0 2 0 2 1 1 1
 2 1 2 2 0 2 2 1 1 0 2 1 2 0 0 2 0 0 2 0 2 2 0 2 0 0 2 1 1 1 1 2 1 0 2 2 2
 0 1 0 0 2 0 0 0 0 2 0 0 1 2 0 1 1 0 2 0 0 1 0 1 0 0 0 2 2 2 1 1 0 2 1 2 2
 0 1 2 0 2 0 1 1 0 1 1 1 1 2 0 2 1 1 1 1 2 1 1 2 2 2 0 0 2 1 0 0 2 1 0 2 0
 2 2 1 1 2 2 0 0 0 2 0 1 2 0 2 0 0 0 0 0 2 1 2 2 2 0 2 2 0 0 2 2 0 1 0 1 2
 1 1 0 0 2 2 0 0 2 2 0 2 0 0 0 0 1 1 2 2 0 1 1 2 0 0 0 0 2 0 0 0 2 1 2 2 1
 2 2 0 2 0 0 2 0 0 1 2 0 0 2 0 1 1 0 0 0 2 0 0 1 1 1 2 0 1 0 0 0 0 0 2 0 2
 0 0 0 1 2 2 0 0 2 0 2 0 2 0 1 0 1 2 2 0 0 0 2 0 0 0 1 0 0 2 2 2 2 2 2 2 0
 0 2 0 0 0 0 1 0 0 2 0 1 0 0 0 0 2 0 0 0 2 2 0 2 0 2 1 2 1 2 1 2 2 2 2 1 2
 1 1 1 0 0 0 0 0 0 2 2 0 1 0 0 0 0 2 2 1 1 1 0 2 2 0 2 1 0 2 2 2 0 2 2 0 0
 2 0 2 1 0 1 0 2 2 1 0 2 0 2 2 2 1 0 0 2 2 1 2 0 2 0 1 1 1 1 2 2 2 0 1 2 0
 1 2 1 0 1 2 0 2 1 0 0 0 2 0 0 2 2 1 0 1 2 2 2 1 0 2 1 0 1 0 2 2 0 0 0 2 0
 2 0 2 2 0 1 0 1 0 2 1 0 2 1 0 2 1 2 1 1 2 1 0 2 1 0 2 0 0 1 2 2 2 0 0 2 2
 2 0 1 0 2 0 0 0 0 0 0 0 1 0 2 0 1 0 0 0 1 0 0 2 0 2 0 0 1 2 0 2 2 0 0 0 0
 0 2 2 2 2 0 0 0 2 0 0 2 1 2 2 2 2 1 2 0 2 1 2 1 0 2 2 2 2 0 2 1 0 0 2 0]

========== Cluster 1 ==========

Base classifier: SVC(probability=True)

Minority Class: 1

Selected Features: [6 2 1 3 0 7 8]

Labels: [2 0 0 1 0 0 2 0 2 2 2 0 0 1 0 0 2 1 2 2 2 0 1 0 0 2 1 2 1 0 2 2 2 0 0 0 1
 2 1 0 2 0 0 2 0 0 2 1 0 2 1 1 0 2 0 0 0 0 2 1 0 2 0 2 0 2 0 1 1 2 2 1 2 1
 0 2 2 0 2 0 0 0 0 0 2 0 2 0 0 2 0 0 0 0 2 2 0 0 0 0 0 2 0 2 0 2 1 0 0 2 1
 1 0 0 2 2 1 0 0 2 0 1 1 0 1 1 2 1 2 1 0 1 0 0 0 0 2 0 1 0 2 2 0 0 1 0 2 1
 0 0 2 1 1 1 2 2 2 2 0 2 1 1 2 0 0 0 2 0 0 0 2 0 2 2 0 2 0 0 0 0 1 2 1 0 1
 0 0 2 2 1 0 0 0 0 0 2 0 2 1 2 2 0 0 2 2 2 0 1 2 2 2 1 0 0 2 0 0 1 2 1 0 0
 1 2 2 2 0 0 2 0 0 1 1 1 2 2 1 2 2 1 1 1 0 2 0 0 0 1 1 2 0 0 2 0 2 0 1 2 0
 2 1 2 2 2 2 0 1 0 0 2 0 2 0 0 0 2 2 1 2 1 2 1 0 0 2 2 1 0 0 2 0 0 2 0 0 0
 1 1 0 2 0 0 1 2 0 1 1 0 2 2 2 0 2 2 0 0 0 2 0 1 0 2 2 0 0 0 1 0 0 0 0 0 1
 2 0 2 1 1 1 2 0 2 0 0 1 0 0 0 0 0 2 2 2 2 0 0 2 0 0 1 2 2 2 0 1 0 0 0 2 1
 2 0 0 1 2 2 1 2 0 0 0 2 0 0 1 0 0 2 0 2 1 0 0 1 1 0 1 0 2 2 1 0 2 2 2 2 0
 2 2 0 2 0 0 2 0 2 1 1 1 2 2 1 0 2 1 1 2 2 2 1 1 2 2 2 2 2 2 1 0 0 0 0 0 0
 0 0 0 0 2 0 2 0 0 2 0 2 0 0 1 2 0 2 0 2 0 1 2 1 2 1 1 2 1 0 0 2 0 2 2 2 1
 0 2 1 0 1 0 0 0 2 0 1 2 0 0 0 2 2 0 1 0 2 2 1 2 0 0 2 2 0 2 1 1 0 1 1 1 0
 1 0 0 0 2 0 0 0 0 0 2 0 1 2 2 1 2 0 2 2 1 2 0 2 0 1 0 1 1 0 2 0 0 0 1 1 0
 2 1 1 0 0 1 1 2 0 0 2 2 0 1 2 0 0 0 0 2 0 2 2 1 2 1 2 1 2 1 1 2 2 2 1 1 0
 1 0 1 0 2 1 1 0 2 0 1 0 2 1 2 2 2 0 2 0 2 0 0 1 0 2 0 0 2 0 2 1 2 0 2 0 0
 1 0 1 2 0 1 2 2 0 1 0 1 2 1 2 0 0 1 2 0 0 0 0 2 0 0 0 1 0 0 1 2]

