Clustering algorithm selected: kmeans++
=====================================

Clustering evaluation metric: dbc
Clustering evaluation value: 0.4129120025447808

========== Cluster 0 ==========

Base classifier: LogisticRegression()

Minority Class: 1

Selected Features: [17 16  1  4 12  0 19  9 15 13 18 20  8  7  6  5 11  3]

Labels: [2 0 0 0 0 0 2 0 2 2 2 0 0 0 2 0 0 2 2 2 0 0 2 1 2 0 0 2 2 2 0 0 0 0 0 0 0
 2 0 0 0 2 2 0 0 0 2 0 0 2 0 0 0 2 2 0 0 0 2 2 1 0 1 0 0 0 2 2 0 0 0 0 0 0
 0 0 2 0 0 0 0 2 2 0 2 0 0 0 0 0 0 2 0 2 0 2 2 2 1 0 2 1 2 2 2 0 0 2 0 0 0
 2 0 2 0 2 0 2 1 2 1 1 0 0 0 2 0 2 0 0 0 2 0 2 1 0 0 0 2 1 2 1 2 2 0 0 2 2
 2 1 2 2 2 0 0 2 1 0 2 2 2 0 0 0 2 1 0 0 0 0 0 0 1 0 2 1 0 1 0 2 2 0 2 1 2
 2 0 0 0 0 0 2 0 0 2 2 2 0 2 0 1 2 0 2 0 0 0 1 2 0 1 0 0 2 0 2 1 2 2 2 2 2
 2 2 2 1 1 1 1 1 0 0 0 0 2 0 2 0 1 0 2 0 2 0 0 0 0 0 0 2 0 2 0 2 1 0 0 0 0
 0 2 0 0 0 0 0 2 0 1 1 2 2 2 0 2 0 2 0 0 0 1 0 0 0 2 0 2 0 2 2 2 0 0 2 0 0
 2 0 2 0 1 1 2 0 0 0 2 0 0 2 0 0 2 0 1 2 2 2 0 2 2 2 1 0 0 0 1 0 2 0 0 0 0
 2 0 0 0 0 0 2 2 2 2 0 2 2 0 0 0 1 0 2 1 0 0 0 2 1 0 2 2 0 1 0 0 2 0 2 0 1
 0 0 0 0 1 1 0 2 1 0 2 0 0 2 0 2 0 0 2 0 2 2 0 2 1 0 2 2 0 1 2 0 1 0 2 0 0
 0 0 0 0 0 0 0 0 1 1 2 2 0 2 0 2 0 2 1 0 0 0 0 0 0 0 0 0 2 2 0 2 0 2 1 1 2
 0 0 2 1 0 0 0 0 1 2 0 1 0 2 0 2 2 0 2 1 0 2 0 0 0 0 1 2 0 0 0 0 0 0 2 2 2
 2 1 1 2 0 2 0 1 0 0 2 2 2 0 0 2 0 2 0 2 0 1 0 0 2 2 0 2 0 0 0 2 2 0 0 2 2
 2 0 0 2 0 0 0 0 0 2 0 0 1 0 0 2 1 0 2 0 2 2 1 2 0 0 0 0 2 0 2 0 0 1 1 2 0
 2 1 2 0 0 2 2 2 0 2 2 0 0 2 2 0 0 2 0 0 2 1 0 0 2 2 1 1 2 2 1 2 1 2 1 0 0
 1 2 2 0 0 2 0 1 0 2 0 2 0 1 0 0 0 0 0 0 0 0 1 0 0 0 2 0 2 0 1 1 2 0 2 0 2
 0 0 0 2 1 2 2 0 0 0 0 0 2 1 2 2 0 2 2 0 0 0 2 2 0 0 2 1 1 0 0 2]

========== Cluster 1 ==========

Base classifier: LogisticRegression()

Minority Class: 1

Selected Features: [17 15  9 18  5 14 11  6  0  2 16  3 20  4 10 12  7  8]

Labels: [1 1 1 0 2 1 2 0 0 1 1 0 1 0 1 1 1 2 2 0 0 0 2 1 1 1 1 0 1 2 0 1 2 0 2 1 0
 1 1 1 2 2 1 1 0 0 0 0 0 0 1 0 2 1 0 1 2 0 0 1 0 0 0 1 2 2 1 1 0 1 2 2 1 2
 1 2 0 0 2 0 0 2 2 2 1 1 2 0 1 0 0 1 1 0 0 0 0 2 1 0 1 0 2 1 1 0 0 0 0 2 1
 1 1 1 1 2 1 1 2 2 1 2 2 1 1 2 2 0 2 2 0 0 2 1 0 2 2 1 1 0 1 1 2 2 1 1 2 2
 1 0 1 2 0 0 1 1 1 1 2 2 0 0 1 0 1 2 2 2 2 2 0 2 0 2 0 0 2 2 2 0 0 1 1 1 1
 0 2 2 1 0 1 2 0 0 1 0 2 0 2 2 0 2 1 0 2 1 1 0 1 0 0 0 1 1 1 2 2 2 2 1 1 1
 1 1 2 1 2 1 0 2 2 2 2 1 1 2 0 1 2 1 2 0 1 0 0 0 2 0 2 1 1 1 2 1 2 0 0 0 1
 2 0 1 1 0 0 0 1 2 0 0 2 1 2 1 0 0 1 0 0 0 0 1 0 0 0 0 1 2 0 2 2 0 0 1 2 2
 1 0 0 0 0 2 1 2 0 1 1 2 2 1 2 0 1 0 2 1 0 2 2 2 2 2 0 0 2 2 0 0 0 0 2 0 1
 0 2 0 1 0 0 0 2 2 2 1 2 0 2 2 1 2 2 0 1 0 2 2 2 0 0 0 2 1 1 0 0 0 1 2 2 0
 0 0 0 1 1 2 2 2 2 2 2 1 2 1 0 2 0 2 1 1 2 1 2 1 0 1 0 1 0 2 1 1 0 0 0 2 2
 2 1 1 2 2 2 1 2 2 2 2 2 1 0 1 2 2 1 2 1 0 0 2 2 2 2 0 2 1 2 1 0 0 1 1 1 2
 2 0 2 0 1 1 1 1 1 1 2 0 0 2 2 2 2 0 2 2 2 0 1 2 1 0 1 0 1 0 0 1 0 2 0 1 2
 2 0 2 2 2 1 0 2 1 2 2 1 1 2 1 1 0 1 1 1 1 1 1 1 0 1 2 2 2 0 0 2 2 0 1 1 2
 2 1 1 2 0 2 2 0 1 1 1 1 0 0 0 0 0 2 1 2 1 0 1 0 1 1 2 1 2 0 1 0 1 1 0 2 2
 0 0 0 0 0 0 2 1 1 0 2 2 2 1 1 2 2 1 1 2 1 1 1 2 1 2 0 1 0 1 0 1 0 0 2 1 2
 0 2 2 2 1 2 2 2 0 2 2 0 0 1 0 1 0 2 0 2 0 0 0 1 0 2 0 2 0 2 0 2 0 0 1 0 0
 2 1 2 0 2 2 1 0 1 0 2 2 1 2 2 1 0 1 2 2 1 0 1 0 2 2 0 2 2 0 0 0 0 1 2 0]

