Clustering algorithm selected: spectral
=====================================

Clustering evaluation metric: dbc
Clustering evaluation value: 0.17385681576711626

========== Cluster 0 ==========

Base classifier: SVC(probability=True)

Minority Class: 1

Selected Features: [3 7 1 0 6 2 5]

Labels: [2 0 0 1 1 0 0 2 2 1 0 2 2 2 0 0 1 0 0 0 2 1 0 0 1 2 2 2 2 0 0 0 2 1 0 0 2
 2 0 1 1 0 1 2 0 0 0 0 0 2 0 2 0 1 0 2 2 1 0 1 2 0 2 1 1 0 0 0 2 0 0 0 0 0
 0 2 1 2 0 0 0 0 2 2 1 0 0 0 1 2 1 1 2 1 0 0 1 2 2 0 0 2 1 2 2 0 0 0 0 2 0
 2 0 2 0 1 0 0 2 0 0 0 2 2 2 0 0 1 0 0 0 0 2 0 2 0 2 2 2 1 2 0 0 2 1 1 0 0
 2 0 2 1 2 2 1 0 1 0 2 0 0 2 1 2 2 1 0 1 2 2 2 0 2 2 1 2 1 0 2 1 0 0 0 0 2
 2 0 1 2 0 2 2 0 1 0 1 2 1 2 1 0 2 0 2 2 2 1 2 2 0 0 2 2 2 0 2 0 2 1 2 0 0
 2 1 0 2 2 2 2 1 0 0 2 1 2 2 0 2 0 0 0 2 0 0 0 0 2 2 1 0 1 2 0 2 1 1 0 2 1
 0 2 1 0 0 1 0 0 0 2 0 0 2 0 2 0 1 2 2 0 2 0 2 0 1 2 0 0 0 0 0 0 1 2 0 2 0
 0 1 1 0 2 1 0 0 2 0 1 0 1 2 2 0 0 0 2 0 2 0 1 2 1 2 1 0 1 2 2 1 0 2 2 1 1
 2 0 0 2 1 1 1 1 2 0 0 1 1 1 1 2 0 1 2 2 0 2 0 0 1 0 1 2 0 2 1 1 2 2 2 0 2
 0 0 2 1 0 2 1 2 2 0 0 0 0 0 0 2 2 0 1 2 0 1 2 0 2 0 0 2 2 2 2 1 2 0 1 0 0
 2 2 0 1 0 0 2 2 0 2 0 0 0 0 1 1 1 0 2 0 0 2 0 0 0 2 1 0 0 2 0 0 2 0 1 0 0
 1 2 2 1 0 2 1 2 0 2 0 0 0 0 0 2 0 0 0 0 0 0 2 0 1 2 2 2 1 2 2 2 0 2 0 2 0
 1 0 0 2 0 0 0 2 0 1 2 2 2 0 0 2 0 0 2 1 0 0 0 1 0 0 2 1 2 0 0 2 2 2 2 2 2
 2 2 2 2 0 0 0 0 0 0 0 0 0 0 0 0 0 0 0 0 0 0 0 2 0 2 0 2 0 1 1 2 2 0 2 0 0
 0 0 0 0 0 2 0 0 1 2 2 1 2 2 0 2 0 0 2 1 2 1 0 2 1 0 0 1 0 0 0 0 2 1 0 1 0
 0 2 2 0 0 2 0 2 2 1 2 1 2 1 2 0 2 2 2 2 0 0 0 0 1 2 0 1 0 1 2 2 2 0 2 0 2
 2 0 0 0 2 1 2 2 0 2 0 0 1 0 2 1 0 1 0 1 0 2 0 0 0 0 2 2 0 1 2 1 2 1 1 2 0
 1 2 2 2 0 2 1 0 0 2 2 2 0 2 2 2 0 0 2 0 2 0 0 2 2 0 2 2 0 0 0 2 2 2 0 2 1
 2 0 0 2 1 0 1 2 2 0 0 2 2 2 0 0 2 1 1 1 1 1 0 0 0 1 0 0 1 2 2 0 1 0 0 2 0
 1 1 2 1 1 0 1 2 2 0 2 2 1 2 2 0 2 1 0 1 0 0 0 2 0 0 1 1 2 1 0 1 1 2 2 1 0
 0 0 2 2 1 0 0 1 2 0 2 0 0 2 0 0 0 2 2 2 0 0 1 2 0 0 2 2 2 2 0 2 2 2 2 2 1
 1 2 1 2 2 2 0 2 0 1 1 0 0 2 2 0 0 1 1 2 2 0 0 2 0 2 2 0 2 0 2 0 1 0 0 0 0
 0 0 0 0 0 0 0 1 0 1 0 0 1 0 0 2 0 2 2 2 0 0 1 2 2 0 2 0 2 0 2 0 1 0 0 0 0
 2 2 0 2 2 1 2 2 0 1 0 2 0 2 1 1 2 2 2 0 2 1 1 2 2 0 0 0 1 2 2 2 2 0 2 0 2
 1 0 0 2 0]

========== Cluster 1 ==========

Base classifier: GaussianNB()

Minority Class: 2

Selected Features: [3 1 4 0]

Labels: [0 1 0 2 0 1 1 0 1 2 0 2 1 0 1 2 1 2 0 0 2 1 0 0 0 1 0 1 2 0 0 0 0 2 2 1 0
 1 2 0 0 2 0 0 0 2 1 0 1 0 0 0 1 0 0 0 1 0 1 0 2 1 0 1 0 1 2 2 1 1 2 2 0 0
 0 0 1 2 2 1 1 0 1 0 1 1 2 1 1 1 1 2 0 0 1 0 2 0 0 2 0 2 2 1 0 0 0 1 1 2 2
 2 2 0 0 2 2 2 2 1 1 0 1 0 2 0 1 1 2 2 2 1 2 1 0 0 0 1 1 0 2 1 1 1 0 2 2 2
 0 2 0 2 2 2 1 0 2 0 2 0 0 1 2 2 0 1 2 0 1 0 2 1 0 2 0 1 2 2 1 0 2 2 2 2 0
 0 2 0 0 1 0 0 1 1 0 1 1 1 2 0 0 0 0 2 0 1 2 0 2 0 1 1 2 0 0 2 0 0 0 0 2 0
 0 2 2 0 0 0 1 2 2 0 1 1 2 0 2 1 2 0 0 1 0 1 0 0 2 1 2 1 2 2 0 1 2 1 1 1 2
 0 2 0 2 1 2 0 1 0 2 2 1 1 1 0 0 2 2 0 1 2 1 0 1 0 1 1 0 0 1 1 0 2 0 2 2 1
 2 1 0 0 1 1 0 2 2 0 0 2 2 2 0 1 0 1 0 2 0 0 0 0 2 1 2 1 0 0 1 2 2 2 1 0 2
 0 0 0 1 1 1 1 1 1 0 1 1 1 1 1 0 1 1 2 0 2 1 1 2 2 2 2 2 1 0 0 2 2 0 0 0 0
 1 0 0 2 1 0 0 1 0 2 0 2 0 0 2 1 2 0 0 0 0 1 0 0 1 2]

