Clustering algorithm selected: kmeans++
=====================================

Clustering evaluation metric: dbc
Clustering evaluation value: 0.16722980351987973

========== Cluster 0 ==========

Base classifier: GaussianNB()

Minority Class: 0

Selected Features: [ 0  1  2  3  4  5  6  7  8  9 10 11 12 13 14 15 16 17 18 19 20 21 22 23
 24 25 26 27 28 29 30]

Labels: [1 1 1 0 1 1 0 0 0 1 0 0 1 1 0 1 1 0 0 0 1 0 1 1 0 0 1 0 0 1 1 1 0 1 0 1 0
 0 1 1 1 1 0 1 1 0 0 0 0 1 0 1 1 0 1 0 0 0 1 0 1 1 1 1 0 0 0 1 1 0 0 1 1 1
 1 0 1 1 1 0 1 1 1 1 0 0 1 1 0 0 1 1 1 0 1 1 0 1 0 1 1 0 1 0 0 0 1 0 1 1 1
 0 1 1 0 1 1 1 1 1 0 1 0 0 0 1 0 1 0 1 0 0 1 0 0 0 0 0 0 1 0 0 1 0 0 0 0 1
 1 1 1 0 1 1 0 0 0 1 0 0 1 1 0 1 0 1 0 0 0 1 0 1 1 1 1 1 0 0 1 1 0 1 1 1 0
 0 1 0 0 1 1 1 0 0 1 0 0 1 0 0 0 0 0 0 1 1 1 0 0 0 1 0 1 0 0 0 1 1 0 1 1 1
 1 0 0 0 0 0 1 1 1 1 1 1 1 0 0 0 1 0 1 0 0 0 0 1 1 1 1 1 0 0 1 1 1 1 0 0 0
 1 0 0 0 0 1 0 1 0 1 1 1 1 0 0 1 0 0 1 1 1 0 1 1 1 0 1 1 1 0 1 1 1 1 0 0 0
 0 1 1 0 1 0 0 1 1 0 1 1 0 1 0 1 0 1 1 1 0 0 1 1 1 0 0 1 1 0 0 1 0 1 1 0 1
 1 1 0 0 1 0 1 0 0 1 1 1 0 0 0 1 1 0 0 0 1 0 1 0 0 1 1 1 0 0 0 1 1 1 0 0 0
 0 1 1 1 1 1 1 1 0 1 0 1 0 1 0 0 1 0 1 0 1 0 0 1 0 0 0 0 0 0 0 1 1 1 1 0 1
 0 1 1 0 1 0 1 0 1 0 0 0 0 0 0 0 1 0 0 0 0 0 1 0 0 0 1 0 1 1 1 0 1 0 0 0 0
 1 0 0 0 0 0 0 1 1 0 1 0 1 0 1 0 0 1 1 1 1 0 0 0 0 1 0 0 1 1 0 1 1 1 0 0 0
 1 1 1 1 1 1 0 1 1 1 1 0 0 0 1 1 0 0 0 0 0 0 0 0 0 0 1 1 0 1 0 1 1 1 1 1 0
 1 0 0 1 1 1 1 0 0 0 1 1 0 1 1 1 0 1 1 1 0 0 0 0 0 1 0 0 1 0 0 1 1 0 0 1 1
 0 0 1 1 0 1 0 0 1 0 0 1 0 0 1 0 1 0 0 0 0 1 0 1 0 1 1 1 1 1 1 1 0 1 0 1 0
 1 0 0 0 1 1 1 1 1 1 0 0 1 1 0 0 0 0 0 0 0 0 1 1 0 1 1 1 1 1 0 0]

Synthetic samples indexes: [  0   1   2   4   5   9  12  13  15  16  20  22  23  26  29  30  31  33
  35  38  39  40  43  44  49  51  52  54  58  60  61  62  63  67  68  71
  72  73  74  77  78  80  81  82  83  86  87  90  91  92  94  95  97  99
 100 102 106 108 109 110 112 113 116 117 118 119 121 125 127 129 132 139
 142 147 148 149 150 152 153 157 160 161 163 165 169 171 172 173 175 178
 179 181 182 183 186 189 190 191 194 197 205 206 210 217 219 220 221 222
 228 230 231 232 233 234 238 240 246 247 248 252 254 255 259 264 268 269
 270 271 274 277 278 279 281 282 283 285 286 289 290 291 292 297 298 300
 303 304 306 307 309 311 313 314 315 318 320 323 324 327 329 330 332 333
 334 337 342 343 348 349 353 355 358 360 364 366 371 372 373 374 375 376
 377 379 381 383 388 393 401 402 403 406 408 409 413 415 423 429 433 435
 436 437 439 444 451 452 454 456 458 461 462 464 469 472 473 475 476 481
 482 484 485 486 488 489 490 491 495 496 507 510 512 513 514 515 516 518
 521 522 523 528 529 531 532 533 535 536 537 543 546 549 553 554 557 558
 560 563 566 569 571 576 578 580 581 582 583 584 585 586 590 592 596 597
 598 599 600 605 614 615 617 618 619 620 621]

========== Cluster 1 ==========

Base classifier: GaussianNB()

Minority Class: 0

Selected Features: [ 0  1  2  3  4  5  6  7  8  9 10 11 12 13 14 15 16 17 18 19 20 21 22 23
 24 25 26 27 28 29 30]

Labels: [1 1 0 0 1 0 0 0 0 1 1 1 1 0 0 0 1 1 0 1 0 0 1 1 0 1 1 1 0 0 0 1 1 1 0 1 0
 1 1 0 0 1 1 0 1 1 0 1 1 1 1 1 1 1 0 1 0 1 0 0 1 0 1 1 0 1 0 1 1 0 1 0 0 1
 0 1 0 1 1 1 0 1 1 1 0 0 0 0 0 0 1 1 1 1 1 0 0 0 0 1 1 0 1 0 0 0 0 0 0 0 0
 0 0 0 1 0 1 1 0 0 0 1 0 0 0 0 1 0 0 1 0 0 1 0 1 1 0 0 1 0 1 0 0 1 1 1 0 0
 1 0 1 1 0 0 1 0 1 1 1 1 0 0 1 0 1 0 1 0 1 1 1 1 1 0 0 1 0 1 1 0 1 1 0 1 1
 0 1 1 0 0 1 1 1 0 0 1 0 1 1 1 1 1 1 0 1 0 0 0 0 0 0 1 1 0 0 0 0 1 1 1 0 1
 1 0 0 0 1 0 1 0 1 0 1 0 1 1 0 0 0 0 0 0 1 0 0 0 1 0 0 1 1 1 0 0 1 1 1 1 0
 1 1 0 1 0 1 0 0 0 1 1 0 0 0 0 0 1 1 1 0 0 0 1 0 1 1 1 0 0 1 1 0 1 0 0 1 0
 1 0 0 1 1 1 1 1 1 0 0 1 1 0 0 1 1 1 0 0 0 0 1 1]

Synthetic samples indexes: [  3   5   6   7   8  13  14  15  18  20  21  24  28  29  30  34  36  39
  40  43  46  54  56  58  59  61  64  66  69  71  72  74  76  80  84  85
  86  87  88  89  95  96  97  98 101 103 104 105 106 107 108 109 110 111
 113 115 118 119 120 122 123 124 125 127 128 130 131 133 136 137 139 142
 146 147 149 152 153 155 160 161 163 165 167 174 176 179 182 185 188 189
 193 194 196 203 205 206 207 208 209 210 213 214 215 216 220 223 224 225
 227 229 231 233 236 238 239 240 241 243 244 245 247 248 252 253 258 263
 266 267 271 272 273 274 278 279 280 282 287 290 292 293 295 297 298 305
 306 309 310 314 315 316 317]

