Clustering algorithm selected: kmeans++
=====================================

Clustering evaluation metric: dbc
Clustering evaluation value: 0.1719553641768375

========== Cluster 0 ==========

Base classifier: GaussianNB()

Minority Class: 0

Selected Features: [ 0  1  2  3  4  5  6  7  8  9 10 11 12 13 14 15 16 17 18 19 20 21 22 23
 24 25 26 27 28 29 30]

Labels: [0 1 0 1 0 0 0 1 1 0 1 1 1 1 1 1 1 1 1 1 0 0 0 1 1 1 1 1 0 0 0 0 0 0 0 0 1
 1 0 1 0 0 1 1 0 1 1 0 1 1 0 0 0 0 1 0 1 0 0 1 1 0 1 1 0 0 0 0 0 1 0 0 1 1
 0 0 0 0 0 1 0 0 0 0 0 0 0 1 0 0 0 1 1 0 1 0 0 0 0 0 0 0 1 1 1 1 1 0 0 0 0
 1 1 0 0 1 0 0 0 0 0 0 1 0 0 0 1 0 0 1 0 1 0 0 1 0 1 0 1 1 1 0 0 1 1 0 1 0
 0 1 0 0 1 0 1 0 0 0 1 1 1 0 1 0 0 0 1 1 1 1 0 1 1 0 0 0 0 1 0 0 1 1 0 0 1
 0 0 0 1 1 1 0 0 0 1 0 0 0 0 1 1 1 1 1 1 0 1 1 1 1 0 1 1 1 0 1 0 1 1 0 1 0
 0 0 0 1 0 1 0 0 1 1 0 1 1 1 0 0 1 1 1 0 0 0 1 1 1 1 1 0 1 0 0 0 0 0 1 0 1
 1 1 0 0 1 1 1 0 0 1 0 0 1 0 1 1 1 0 0 1 0 0 1 0 1 0 1 1 0 0 1 0 1 1 1 0 1
 1 1 1 0 0 1 1 0 0 1 0 0 0 1 0 0 1 1 0 0 0 1 0 0 1 1 0 1 0 0 0 1 1 1 0 1 1
 0 1 0 1 1 1 0 0 0 0 0 1 0 1 1 1 0 0 0 0 1 1 0 0 1 0 1 0 1 1 0 1 1 0 0 1 0
 0 0 1 0 1 0 0 1 1 1 0 0 1 0 0 1 0 1 1 0 0 1 1 0 0 0 1 1 1 0 1 1 0 1 0 0 0
 1 0 1 1 0 0 0 0 0 1 1 1 1 1 1 1 0 1 1 0 1 1 1 0 0 0 1 1 0 0 1 0 1 0 0 1 0
 0 1 0 0 1 1 1 1 1 0 0 1 0 1 0 1 1 1 1 0 1 1 1 0 1 1 0 0 0 1 0 1 0 0 0 0 1
 1 1 1 0 1 0 0 0 0 0 0 0 0 1 1 1 0 0 1 1 0 0 1 1 1 0 1 1 0 1 1 1 0 1 1 1 1
 1 1 1 1 1 0 1 1 1 1 1 1 1 0 0 0 1 1 1 0 1 1 1 0 1 1 0 1 1 1 1 1 1 0 1 0 0
 0 0 0 0 1 1 0 1 0 1 0 0 0 1 0 0 1 0 1 0 1 1 0 0 1 0 1 1 0 1 0 0 0 0 0 1 0
 0 1 1 1 1 0 1 1 0 1 1 1 1 1 0 0 1 1 0 0 1 1 0 0 1 1 0 0 1 1 0 1 0 1]

Synthetic samples indexes: [  1   3   7   8  10  12  14  15  16  17  18  19  23  24  26  27  36  37
  39  42  45  46  48  49  54  56  60  62  63  69  72  73  79  87  91  92
  94 102 103 104 105 106 111 112 115 122 126 129 131 134 136 138 139 140
 143 144 146 149 152 154 158 159 160 162 166 167 168 169 172 177 180 181
 184 188 189 190 194 199 201 202 203 204 206 207 208 211 212 213 215 217
 218 220 225 227 230 231 233 234 235 238 239 240 244 245 246 247 248 256
 258 259 260 263 264 265 268 271 273 274 275 278 281 283 285 286 289 291
 292 293 295 296 297 298 301 302 305 309 312 313 317 321 323 327 328 329
 331 332 334 336 337 338 344 346 347 348 353 354 357 359 361 362 364 365
 368 372 374 377 378 379 382 387 388 391 396 397 398 400 401 403 407 409
 410 416 417 418 419 420 421 422 424 425 427 428 433 434 437 439 442 445
 448 449 450 452 455 457 459 460 461 462 464 465 473 475 480 481 482 483
 485 495 499 500 503 504 507 508 511 512 514 515 516 518 519 520 521 522
 524 525 526 527 528 529 530 534 535 536 538 539 540 542 543 545 546 547
 548 549 552 559 562 564 568 571 573 575 576 579 581 582 590 593 594 595
 596 598 599 601 602 603 604 605 608 612 613 616 617 620 621 623 625]

========== Cluster 1 ==========

Base classifier: GaussianNB()

Minority Class: 0

Selected Features: [ 0  1  2  3  4  5  6  7  8  9 10 11 12 13 14 15 16 17 18 19 20 21 22 23
 24 25 26 27 28 29 30]

Labels: [1 1 0 0 0 0 1 0 1 1 0 1 0 1 0 0 0 0 0 1 1 0 0 0 0 1 1 0 0 0 0 0 0 1 1 1 0
 1 0 1 1 1 1 1 0 1 1 0 1 0 0 1 0 1 0 0 0 0 1 1 0 1 1 1 1 1 1 1 1 0 0 1 1 1
 0 1 0 1 0 0 1 1 1 0 0 1 0 1 1 0 0 1 1 0 1 1 1 1 1 0 0 0 1 0 1 0 0 1 1 0 1
 0 1 1 0 0 1 0 1 0 0 1 1 0 1 0 0 1 0 1 0 0 1 1 1 0 1 1 0 1 0 0 0 0 0 1 1 0
 0 0 0 1 0 0 0 0 1 0 0 0 0 1 0 0 0 0 1 0 1 0 0 1 1 1 0 0 1 0 0 0 0 1 0 1 0
 1 1 0 1 1 1 1 1 1 0 0 1 0 0 1 1 0 0 0 0 0 1 1 1 0 1 0 1 1 1 0 1 0 0 1 0 1
 0 1 1 0 1 0 0 1 0 1 1 1 1 1 0 0 1 1 1 0 0 0 1 1 1 0 1 1 1 0 0 1 1 1 1 1 1
 0 1 0 0 1 0 0 0 1 1 0 0 1 1 0 0 1 0 1 0 1 0 0 0 1 0 0 0 0 1 0 1 1 1 1 0 1
 1 1 0 0 0 0 0 1 1 0 1 0 1 0 1 0 1 1 1 1 0 1 0 1 0 0 0 0 1 1 0 1 1 1]

Synthetic samples indexes: [  2   3   4   5   7  10  12  14  15  16  17  18  21  22  23  24  27  28
  30  31  32  36  44  47  49  50  52  55  56  57  60  69  70  74  76  78
  79  83  84  86  89  90  93  99 100 101 103 105 106 109 111 114 115 117
 119 120 123 125 126 128 130 131 135 138 140 141 142 143 144 147 148 149
 150 153 154 155 158 159 160 162 163 164 165 167 169 170 174 175 177 178
 179 180 182 184 187 194 195 197 198 201 202 203 204 205 209 211 215 217
 218 220 222 225 227 228 230 236 241 242 243 247 251 259 261 262 264 265
 266 269 270 273 274 276 278 280 281 282 284 285 286 287 289 294 298 300
 301 302 305 307 309 311 316 318 320 321 322 323 326]

