Clustering algorithm selected: kmeans++
=====================================

Clustering evaluation metric: dbc
Clustering evaluation value: 0.17137352416841817

========== Cluster 0 ==========

Base classifier: GaussianNB()

Minority Class: 0

Selected Features: [ 0  1  2  3  4  5  6  7  8  9 10 11 12 13 14 15 16 17 18 19 20 21 22 23
 24 25 26 27 28 29 30]

Labels: [0 1 0 0 1 1 1 0 0 0 0 0 0 0 1 0 1 0 1 1 1 1 1 0 0 0 1 1 1 1 1 1 0 1 0 1 0
 1 1 0 0 1 0 1 0 1 1 1 0 0 1 1 1 1 0 1 0 0 1 1 0 1 1 0 1 0 1 0 0 0 1 1 1 0
 0 0 1 0 0 0 0 0 1 0 1 1 0 0 1 1 1 1 0 1 1 0 0 0 1 1 0 0 1 0 1 1 0 1 1 0 0
 0 0 1 0 1 0 1 1 1 0 0 0 1 1 1 1 1 1 1 1 0 1 1 0 0 1 0 0 0 0 0 0 0 0 0 0 1
 1 0 1 1 1 0 1 0 0 1 0 0 0 1 0 1 0 0 0 0 0 0 0 0 1 0 0 1 0 1 0 0 0 1 1 0 1
 0 1 0 0 1 0 0 0 0 0 0 1 1 1 0 0 0 1 1 1 1 0 0 0 0 0 1 1 1 1 0 0 1 0 0 0 1
 1 0 1 1 0 0 1 0 1 0 0 1 1 0 1 1 1 1 0 0 0 1 1 0 1 0 0 1 1 1 0 0 0 1 1 0 1
 1 0 0 0 1 0 0 0 1 0 1 1 1 1 0 0 1 0 1 1 1 1 1 0 1 1 1 0 0 1 1 0 1 0 1 0 1
 0 0 0 0 1 0 0 1 1 0 1 1 0 1 0 0 1 1 0 0 0 1 0 0 1 0 0 0 1 0 0 0 1 1 0 1 1
 0 0 0 1 1 1 0 1 0 0 1 0 1 1 1 1 1 0 1 1 0 1 0 0 1 1 1 0 1 0 0 1 1 0 0 0 0
 0 0 0 1 0 1 0 1 0 0 1 0 1 1 1 1 1 0 0 1 1 0 0 0 1 0 1 0 1 1 1 1 0 1 1 1 1
 0 1 0 1 1 1 1 1 1 1 1 1 0 1 1 1 1 1 0 1 0 0 1 1 0 1 0 0 0 1 1 0 1 1 0 0 0
 0 1 0 1 1 0 1 1 1 0 1 1 0 1 1 0 0 0 1 0 1 1 0 1 0 1 0 1 0 1 1 1 0 0 1 0 1
 0 0 1 1 0 0 1 1 0 1 0 1 1 0 0 0 1 0 1 1 0 1 1 1 1 1 1 1 1 1 0 1 0 1 0 0 0
 1 1 0 1 1 1 1 1 0 0 0 1 0 0 0 0 1 1 0 1 1 1 0 0 0 0 0 0 0 0 1 0 0 0 1 1 1
 0 0 0 0 0 1 1 0 0 0 0 1 0 0 1 1 0 0 1 0 1 0 1 0 1 1 1 0 0 0 1 1 1 0 0 1 0
 1 0 0 0 0 0 1 1 0 1 1 1 1 0 1 1 1 0 0 1 1 0 1 1 0 1 0 1 0 1 0 0 0 0]

Synthetic samples indexes: [  1   4   5   6  14  16  19  20  21  22  26  27  28  29  30  31  33  37
  38  46  47  51  52  53  55  58  59  61  64  66  70  71  72  76  82  84
  85  89  90  91  93  98  99 102 104 105 107 108 113 115 117 118 119 123
 124 125 126 128 129 130 132 133 136 147 148 150 151 152 154 157 161 163
 172 175 177 181 182 184 186 189 196 197 198 202 203 204 205 211 212 213
 217 221 222 224 225 228 230 233 234 236 237 238 239 243 244 249 250 251
 255 256 258 259 263 267 269 270 271 272 275 277 278 279 280 281 283 284
 285 288 289 291 293 295 300 303 304 307 309 312 313 317 324 328 331 332
 336 337 338 340 343 345 346 347 348 349 351 352 354 357 358 361 364 365
 375 377 380 382 383 384 385 386 389 390 394 396 399 400 401 403 404 406
 408 410 411 412 413 414 415 416 417 418 420 421 422 423 424 426 430 436
 440 445 447 448 450 452 454 455 457 458 462 464 465 467 469 471 473 474
 475 478 480 483 484 487 488 490 492 493 497 499 500 502 503 504 505 506
 507 508 509 510 512 514 519 521 522 523 524 525 534 535 537 538 539 548
 552 553 554 561 566 569 570 573 575 577 579 580 581 585 586 587 590 592
 598 601 602 603 604 606 607 608 611 614 615 617 619 621]

========== Cluster 1 ==========

Base classifier: GaussianNB()

Minority Class: 0

Selected Features: [ 0  1  2  3  4  5  6  7  8  9 10 11 12 13 14 15 16 17 18 19 20 21 22 23
 24 25 26 27 28 29 30]

Labels: [0 0 0 0 1 0 0 1 1 1 0 0 0 1 0 0 0 1 0 1 1 1 0 1 1 1 1 1 1 0 1 0 1 1 0 0 0
 0 0 1 0 1 1 0 0 1 1 0 1 0 1 0 1 0 0 1 0 1 1 1 0 0 1 1 1 0 0 0 1 0 1 1 1 0
 1 0 0 1 0 1 0 0 0 1 1 0 1 1 0 1 1 0 0 1 0 0 0 1 0 0 1 0 1 1 0 0 1 0 1 0 1
 1 0 0 0 0 1 1 1 0 0 0 0 1 0 1 1 0 1 0 0 0 0 0 1 1 1 0 0 1 0 0 1 1 1 1 0 0
 1 1 1 0 0 0 1 0 0 0 1 1 1 0 1 0 1 0 1 1 0 0 1 0 1 0 1 1 0 0 0 0 0 0 0 1 1
 1 0 0 0 0 0 0 1 0 1 0 0 0 0 1 0 1 1 1 0 1 1 0 0 1 1 1 0 0 0 0 1 0 1 1 1 1
 1 0 1 1 1 0 1 0 1 1 0 0 1 1 1 1 1 1 1 1 0 0 1 1 0 1 0 0 0 1 1 0 0 0 1 0 1
 1 1 0 1 1 0 1 1 0 1 0 1 1 0 1 0 1 0 0 1 1 1 1 1 1 1 0 1 1 0 0 0 1 0 1 0 0
 1 0 0 1 0 0 1 0 0 0 0 1 1 1 0 0 0 0 1 1 1 0 1 1 1 1 1 0]

Synthetic samples indexes: [  0   2   3   5   6  10  11  12  14  15  16  18  22  31  34  35  36  37
  38  40  43  44  47  49  51  53  54  56  60  61  66  67  69  73  75  76
  78  80  81  82  85  88  91  92  94  95  96  98 101 104 105 107 112 113
 114 115 119 120 121 122 124 129 130 131 132 133 137 138 140 141 147 151
 152 153 155 156 157 161 163 165 168 169 171 173 176 178 179 180 181 182
 186 187 188 189 190 191 193 195 196 197 198 200 204 207 208 212 213 214
 215 217 223 227 229 232 233 242 243 246 248 249 250 253 254 255 257 261
 264 269 272 274 276 277 285 288 289 290 292 294 295 297 298 300 301 303
 304 305 306 310 311 312 313 317 323]

