Clustering algorithm selected: fcm
=====================================

Clustering evaluation metric: dbc
Clustering evaluation value: 0.5147028639085283

========== Cluster 0 ==========

Base classifier: GaussianNB()

Selected Features: [32 34 31 33 37 36 19  7 16  0 35 12 25  2 13 24 17 29 10 21 27 20  1 23
 28 30 26 22 18 14  8  9 11 15  4]

Labels: [1 1 0 0 1 0 1 0 1 0 0 0 0 1 1 0 1 0 0 0 1 0 1 0 0 0 0 1 0 1 0 0 0 0 0 1 0
 1 1 1 0 1 0 1 0 0 0 0 1 1 1 1 1 0 0 1 1 0 0 1 1 0 1 0 0 0 1 1 0 0 0 1 0 1
 0 1 1 0 1 1 0 0 0 0 0 1 1 1 0 0 0 0 0 0 0 0 0 0 0 0 0 1 1 1 0 0 1 0 1 0 0
 0 1 1 0 0 0 1 0 0 1 0 0 0 0 1 0 1 0 1 0 0 1 1 1 0 1 0 0 0 0 0 1 0 1 0 0 0
 0 1 0 1 1 0 1 0 0 1 1 1 1 1 1 1 1 1 1 1 1 1 1 1 1 1 1 1 1 1 1 1 1 1 1 1 1
 1 1 1 1 1 1 1]

========== Cluster 1 ==========

Base classifier: GaussianNB()

Selected Features: [32 33 34  5 13 27  3 28 29 31 37  8 30 15  6 10 25 11  0  4 20  1 17 36
 35 21 23 22 26 24 16 18 19 14]

Labels: [0 1 1 0 1 0 0 0 0 0 0 0 0 0 0 1 0 0 1 0 0 1 0 0 1 0 1 0 0 0 0 0 0 1 1 0 0
 0 0 0 0 0 1 1 0 0 1 0 0 1 0 0 1 0 1 0 1 0 1 1 0 0 0 1 0 0 0 1 0 1 0 1 1 0
 1 1 1 1 0 0 0 0 0 0 0 0 0 0 0 1 1 0 1 1 1 1 0 1 1 0 1 1 0 1 1 1 1 1 0 1 1
 1 1 1 0 1 1 0 0 0 0 1 0 0 1 0 0 0 1 1 1 1 0 0 1 1 0 1 1 0 1 0 0 1 0 0 1 0
 1 1 0 1 1 1 1 1 1 1 1 1 1 1 1 1 1 1 1 1 1 1 1 1]

========== Cluster 2 ==========

Base classifier: GaussianNB()

Selected Features: [32 34 30 33 31 37  9 16 15 35 22 25 29 36 13  1 11 23 21  5 26 18  2 24
 12 20  6  4 19 10 17 27 28]

Labels: [1 0 0 0 0 0 0 1 0 0 0 1 0 0 1 1 1 0 1 1 0 1 1 0 1 1 0 0 1 0 0 0 0 1 0 0 0
 0 0 1 1 0 0 0 0 1 1 1 1 0 1 0 0 0 1 0 0 0 0 1 1 1 1 0 1 1 0 0 1 0 1 1 0 0
 0 1 1 1 1 1 1 1 1 0 0 0 0 0 0 1 1 0 0 0 1 0 0 1 0 1 1 1 1 0 0 1 1 0 1 0 0
 0 0 0 0 0 1 1 0 0 1 0 1 1 0 1 0 0 1 1 0 0 1 0 0 0 1 1 1 0 1 1 0 0 1 1 1 1
 1 1 1 1 1 1 1 1 1 1 1 1]

========== Cluster 3 ==========

Base classifier: GaussianNB()

Selected Features: [32 34 37 22  8  9 23 33 28  0 15 19 11 14  1 29  7  3 31 36 24 35 16 17
 18 20 21 27 26 25 30 10 13 12]

Labels: [1 1 0 0 0 0 0 1 0 1 1 0 0 1 0 0 1 0 0 0 1 0 1 1 1 1 0 0 1 0 1 0 1 0 1 1 0
 1 0 0 1 0 1 0 1 1 1 0 0 0 1 1 0 0 1 0 0 1 0 0 1 0 1 0 0 1 1 1 0 0 0 0 0 0
 0 1 1 1 1 0 1 0 1 1 1 0 1 1 1 0 1 1 1 1 1 1 0 0 0 0 0 1 0 1 0 0 1 0 1 1 0
 1 1 0 0 1 1 0 0 1 1 0 1 1 0 0 1 0 1 0 0 0 1 0 1 0 1 0 0 1 1 1 0 1 0 0 1 0
 1 0 1 1 1 0 0 1 0 0 1 1 1 1 1 1 0 0]

