Clustering algorithm selected: kmeans
=====================================

Clustering evaluation metric: silhouette
Clustering evaluation value: 0.28866542345498136

========== Cluster 0 ==========

Base classifier: LogisticRegression()

Selected Features: [3 8 1 5]

Labels: [0 0 0 0 2 2 0 1 0 0 1 2 0 0 1 0 1 0 0 0 0 2 0 0 0 0 0 0 2 2 0 0 1 0 0 0 0
 1 2 0 0 1 0 1 2 0 2 2 0 2 0 1 0 0 2 0 0 0 1 2 2 0 0 0 2 1 1 0 0 2 2 2 0 2
 0 0 0 0 0 2 2 2 0 2 0 0 2 0 0 2 2 2 0 0 1 0 0 0 0 0 2 0 0 2 0 0 0 0 0 1 0
 0 2 1 0 2 2 0 0 2 0 0 0 2 2 0 0 1 2 0 0 2 0 2 0 0 2 0 2 0 0 0 0 0 0 0 2 1
 0 2 0 1 0 1 1 2 1 0 2 1 1 1 2 2 1 0 0 0 1 0 2 2 0 0 0 0 2 0 2 2 2 1 0]

========== Cluster 1 ==========

Base classifier: GradientBoostingClassifier()

Selected Features: [0 3 7 8]

Labels: [0 0 0 2 2 2 1 0 0 2 2 2 2 2 0 0 0 0 0 0 0 2 0 0 2 0 0 2 0 0 2 0 0 0 2 2 0
 0 0 2 0 0 1 0 0 2 2 0 0 0 0 0 0 0 0 2 2 0 0 2 0 2 0 2 2 2 0 2 2 0 0 0 2 2
 0 2 2 1 0 0 0 2 0 2 0 0 1 1 2 2 1 0 0 2 2 1 0 0 2 2 2 2 0 2 0 2 2 0 2 0 0
 0 0 0 2 1 0 0 2 2 0 0 0 2 0 0 2 2 2 0 0 1 2 0 0 2 0 0 2 1 2 2 0 2 0 1 0 1
 0 2 1 2 0 1 2 0 2 0 0 2 2 2 2 0 0 2 2 1 2 0 0 0 2 0 0 0 0 1 2 0 0 2 0 2 1
 0 0 0 0 0 0 2 1 0 0 0 0 2 0 0 0 0 2 0 1 2 2 2 2 0 2 0 2 0 1 0 0 2 2 2 2 0
 2 0 0 2 0 2 1 2 2 0 2 0 0 2 2 2 2 0 0 0 0 0 0 0 0 0 0 2 0 2 2 2 2 2 0 0 1
 0 2 0 0 0 2 1 0 2 2 2 1 0 0 2 2 1 0 0 0 0 1 1 0 2 1 0 2 0 2 0 2 0 0 2 0 0
 1 0 2 2 2 0 2 0 0 0 0 0 0 0 0 0 2 2 2 0 0 0 0 0 0 0 2 2 2 1 2 2 0 0 1 2 0
 1 2 0 2 0 0 2 0 2 0 0 1 2 0 0 2 2 2 0 2 0 0 0 2 0 0 2 0 2 2 0 0 0 2 2 0 0
 2 0 0 2 2 2 0 0 2 1 1 1 0 0 2 0 1 0 0 0 0 0 0 0 0 0 0 0 2 1 2 0 0 0 0 0 2
 1 2 0 2 2 2 0 2 0 0 2 0 2 0 0 0 2]

========== Cluster 2 ==========

Base classifier: LogisticRegression()

Selected Features: [1 3 6]

Labels: [2 0 2 2 0 0 0 1 2 0 2 0 2 2 1 0 2 2 2 1 2 2 0 2 0 2 0 1 0 1 2 1 0 1 2 0 0
 1 1 2 2 1 2 0 2 1 2 1 2 2 2 2 0 2 0 0 2 2 2 1 1 0 2 1 2 2 1 2 2 0 1 2 2 2
 0 1 2 1 2 1 2 2 1 2 2 1 0 1 2 0 2 2 0 2 2 0 2 0 0 1 0 1 0 0 1 0 0 2 2 0 0
 0 0 0 0 2 0 0 1 0 0 0 2 0 2 1 2 2 0 2 1 0 0 2 0 2 0 2 2 0 1 1 0 0 0 1 0 2
 0 2 2 0 1 0 1 2 1 2 2 1 0 1 0 1 0 2 1 2 0 2 2 0 0 2 1 2 1 2 0 1 1 0 1 1 1
 2 2 2 2 0 0 2 2 0 1 2 1 1 1 2 2 2 2 2 2 2 1 1 0 2 0 1 2 1 0 0 2 0 0 1]

========== Cluster 3 ==========

Base classifier: LogisticRegression()

Selected Features: [5 8 6 3 1 7]

Labels: [1 1 1 1 0 0 1 0 1 0 1 1 2 0 0 0 1 0 1 0 1 2 1 1 2 2 1 1 0 0 0 0 0 0 2 1 1
 0 1 1 2 1 1 1 2 0 2 2 1 0 1 0 0 2 0 1 0 0 2 1 1 1 2 1 2 1 2 1 1 2 0 2 0 1
 2 2 2 1 1 2 2 1 0 0 1 1 1 2 0 1 1 2 0 2 0 0 2 2 1 0 1 0 1 0 0 0 0 0 2 1 1
 0 1 0 0 0 1 0 0 1 2 1 1 2 1 1 0 1 1 1 0 1 1 1 1 2 0 1 0 1 2 2 1 0 1 2 0 0
 1 2 0 1 0 2 0 2 2 2 1 2 0 2 0 2 1 1 0 2 2 1 1 1 2 1 2 0 0 0 2 1 1 2 1 1 0
 1 0 0 0 1 2 1 0 0 2 0 1 0 0 1 2 0 1 2 0 0 0 0 2 1 2 2 1 2 2 0 2 0 0 0 2 0
 1 0 2 2 1 2 2 2 2 1 0 1 2 0 0 1 2 2 2 0 2 1 1 2 1 1 0 0 0 2 1 1 0 2 1 1 2
 2 1 2 0 1 2 2 2 2 2 2 2 1 0 0 1 0 2 0 1 1 1 2 2 2 2 0 2 1 0 0 2 2 2 2 0 1
 0 2 1 1 1 1 1 1 1 1 2 1 1 1 1 2 2 0 0 0 0 0 1 0 2 2 0 2 2 0 0 1 0 2 0 2 2
 1 0 2 1 1 2 2 1 1 2 1 1 2 2 0 0]

========== Cluster 4 ==========

Base classifier: GradientBoostingClassifier()

Selected Features: [5 3 7 4 0]

Labels: [0 2 1 2 2 1 1 1 2 0 0 0 0 2 0 2 0 1 1 1 0 1 0 1 2 2 0 1 0 1 2 1 1 0 1 2 0
 2 2 0 0 1 2 2 0 0 2 1 1 2 2 0 1 1 0 2 2 1 2 0 2 1 1 0 2 1 2 1 2 2 0 0 1 0
 1 2 1 2 1 1 2 0 0 1 1 1 1 2 0 0 0 0 0 2 2 1 0 2 2 0 1 0 0 0 1 2 1 2 0 2 1
 0 2 1 1 1 2 1 2 2 1 1 0 2 0 1 1 0 1 0 2 2 2 1 0 1 2 1 0 2 2 0 0 2 2 0 0 0
 1 2]

