Clustering algorithm selected: kmeans
=====================================

Clustering evaluation metric: silhouette
Clustering evaluation value: 0.29900926114823606

========== Cluster 0 ==========

Base classifier: SVC(probability=True)

Selected Features: [3 1 5 2]

Labels: [0 0 2 1 0 2 2 0 0 1 2 2 0 1 0 0 1 0 2 0 1 0 1 2 0 0 2 0 0 0 0 0 0 1 0 0 1
 0 2 2 1 0 0 1 2 0 0 0 1 0 0 1 2 1 1 2 1 0 2 2 2 1 0 2 2 2 0 0 2 2 2 0 1 0
 2 0 0 2 2 2 0 0 0 1 0 2 1 1 2 2 0 0 2 2 2 0 2 2 0 0 0 0 2 0 2 1 2 1 0 0 2
 0 1 2 0 2 1 0 2 2 0 2 0 0 1 0 1 2 0 0 0 0 2 0 1 2 0 2 0 0 2 0 0 0 2 0 0 0
 2 0 1 2 0 0 2 0 0 0 0 0 1 2 1 0 1 0 0 2 0 0 0 2 2 1 1 1 2 2 0 1 0 0 0 0 1
 2 2 0 0 0 2 0 0 1 1 0 1 2 0 0 0 1 2 0 1 2 0 0 0 1 2 1 1 0 1 1 1 1 1 0 2 1
 2 1 0 2 2 0 0 0 1 0 0 2 2 0 0 2 0 2 0 0 2 2 0 2 0 0 1]

========== Cluster 1 ==========

Base classifier: KNeighborsClassifier(n_neighbors=7)

Selected Features: [0]

Labels: [0 0 0 2 0 2 0 0 2 0 0 0 2 2 0 0 0 0 0 1 0 0 2 0 0 0 0 0 0 2 0 0 2 2 0 2 0
 0 2 1 0 0 2 0 2 2 0 2 2 0 0 0 0 0 0 1 0 0 2 1 0 0 0 0 2 0 0 0 0 0 0 1 0 0
 2 1 2 0 2 0 0 0 1 0 0 0 0 0 0 0 1 2 0 0]

========== Cluster 2 ==========

Base classifier: GradientBoostingClassifier()

Selected Features: [0 3 4 2]

Labels: [2 0 0 2 2 2 2 1 0 0 2 2 2 2 2 1 2 0 0 0 0 2 0 0 2 2 0 0 2 0 0 2 0 0 0 2 2
 0 0 0 0 1 0 0 2 0 0 0 0 0 0 0 0 2 0 2 0 2 0 2 2 2 1 0 2 2 0 1 2 0 0 0 2 2
 1 2 1 0 0 0 2 0 2 0 1 1 2 2 1 0 0 2 2 1 2 2 2 2 2 2 0 0 2 0 2 2 2 0 2 0 0
 0 2 1 0 0 2 1 2 2 1 0 0 0 2 0 2 2 2 0 0 1 2 0 0 2 0 0 0 2 1 2 2 2 0 2 2 1
 1 2 1 0 2 1 1 1 2 0 2 2 0 2 2 1 2 2 0 0 0 2 2 1 2 0 0 1 0 2 0 0 0 1 0 2 0
 0 2 1 0 0 0 0 0 0 2 0 0 0 2 0 0 0 2 0 1 2 2 2 0 2 0 2 0 1 0 0 2 2 0 2 0 2
 0 0 0 2 1 2 0 2 2 2 2 0 0 0 0 0 0 0 0 0 0 0 0 0 2 2 0 2 0 1 2 0 0 0 0 0 0
 0 0 2 2 2 0 0 0 0 0 0 2 2 2 2 0 2 0 0 0 1 2 1 2 2 0 2 2 0 0 2 0 0 1 0 2 0
 2 2 0 2 0 1 0 0 2 2 0 0 2 2 2 2 2 2 0 0 2 2 0 2 2 0 0 2 0 0 0 1 0 1 0 0 0
 0 2 2 2 1 2 0 0 0 1 1 2 1 0 2 0 2 2 0 2 2 0 0 2 0 2 2 2 1 2 2 2 2 2 0 2 0
 2 0 2 0 1 0 0 0 0 1 0 2 0 2 0 0 0 0 2 1 2 0 2 2 2 0 2 0 2 2 0 2 1 0 0 2]

========== Cluster 3 ==========

Base classifier: GaussianNB()

Selected Features: [3 8 7 5]

Labels: [1 0 1 0 1 0 2 0 0 0 0 1 2 2 1 0 0 0 1 2 0 1 1 2 1 2 2 0 2 2 1 1 1 1 1 0 0
 2 1 0 2 1 0 1 2 1 1 0 1 2 0 2 0 0 2 0 1 0 1 0 1 2 0 1 0 1 1 0 2 0 1 2 2 2
 0 0 2 2 1 1 0 0 1 2 1 1 2 1 2 2 2 1 2 0 0 2 2 1 0 0 2 1 1 2 0 2 1 0 2 1 0
 2 1 0 1 1 1 2 2 2 2 0 0 1 1 0 1 0 0 0 0]

========== Cluster 4 ==========

Base classifier: RandomForestClassifier()

Selected Features: [3 2 7 4]

Labels: [1 1 2 0 0 0 0 2 1 1 0 0 2 0 1 0 0 0 0 0 1 2 1 1 1 2 1 0 1 2 0 2 0 1 1 0 1
 2 2 1 2 2 1 2 0 0 1 1 1 1 2 1 2 1 2 2 2 0 0 2 1 0 2 1 0 0 1 2]

========== Cluster 5 ==========

Base classifier: SVC(probability=True)

Selected Features: [3 7 0 5]

Labels: [1 1 0 2 1 0 0 0 0 1 0 1 2 0 0 0 1 1 0 1 2 0 2 1 1 1 2 2 1 1 0 0 0 0 0 2 1
 0 1 1 2 1 1 2 2 1 2 2 2 2 1 2 0 2 1 0 0 0 2 0 1 1 0 0 2 1 1 0 1 2 1 2 2 2
 1 2 1 0 2 0 2 1 2 2 1 2 0 0 2 1 1 2 1 1 2 2 2 0 2 0 0 2 2 1 0 1 0 1 0 0 1
 2 0 2 0 0 2 1 1 0 2 1 0 0 1 0 0 1 2 1 1 2 2 1 2 0 1 1 1 0 1 1 1 2 1 0 1 0
 1 2 2 0 2 1 1 2 2 0 0 2 1 0 1 2 0 2 0 0 2 2 2 1 0 2 0 2 0 2 1 0 2 1 1 2 2
 1 2 2 0 0 0 0 2 1 2 0 0 1 2 1 0 0 0 1 0 2 2 2 0 0 0 1 2 2 1 2 2 0 2 0 1 1
 2 1 0 1 0 2 1 1 0 0 2 1 2 1 2 2 2 2 0 0 1 2 2 1 2 2 2 1 0 1 1 0 2 0 1 1 1
 1 1 2 2 2 2 2 0 2 0 0 2 0 2 2 2 0 1 2 0 2 1 1 1 1 1 1 1 1 0 2 2 2 1 1 2 1
 2 2 2 0 1 0 1 0 1 0 1 2 0 1 0 1 2 0 0 0 0 2 1 0 2 2 2 2 2 1 2 1 2 0 0 1 1
 0 0 2 1 2 0 2 2 0 0 0 1 0 0 0 1 2 2 2 0 2 2 0 0 1 2 0 2 2 2 1 0 2 1 1 2 2
 1 1 2 0 1 2 2 0]

