Clustering algorithm selected: kmeans
=====================================

Clustering evaluation metric: silhouette
Clustering evaluation value: 0.29904285231569455

========== Cluster 0 ==========

Base classifier: RandomForestClassifier()

Selected Features: [3 8 1 2]

Labels: [1 1 2 0 0 0 0 2 1 1 0 0 2 0 1 0 0 0 0 0 1 2 1 1 1 2 1 0 1 2 0 2 2 2 0 1 2
 2 1 2 2 1 2 0 0 1 1 1 1 2 1 2 1 2 2 2 0 0 2 1 0 2 1 0 0 1 2]

========== Cluster 1 ==========

Base classifier: LogisticRegression()

Selected Features: [8 4 5 3 0 7]

Labels: [0 0 0 2 0 2 0 0 2 0 0 0 2 2 0 0 0 0 0 1 0 0 2 0 0 0 0 0 0 2 0 0 2 2 0 2 0
 0 0 0 0 0 0 0 0 0 0 0 1 0 0 2 1 0 0 0 0 0 2 0 0 0 0 0 0 1 0 0 2 1 2 0 2 0
 0 0 1 0 0 0 0 0 0 0 1 2 0 0]

========== Cluster 2 ==========

Base classifier: LogisticRegression()

Selected Features: [1 3 8 4]

Labels: [1 0 1 0 1 0 2 0 0 0 0 1 2 2 1 0 0 0 1 2 0 1 1 2 1 2 2 0 2 2 1 1 1 1 1 0 0
 2 1 0 2 1 0 1 2 1 1 0 1 2 0 2 0 0 2 0 0 0 1 0 1 2 2 0 2 2 0 0 2 2 1 1 2 2
 1 0 0 2 2 1 1 0 0 1 2 1 1 2 1 2 2 2 1 2 0 0 2 2 1 0 0 2 1 1 2 0 2 1 0 2 1
 0 2 1 0 1 1 1 2 2 2 2 0 0 1 1 0 1 0 0 0 0]

========== Cluster 3 ==========

Base classifier: GradientBoostingClassifier()

Selected Features: [3 0 7 6]

Labels: [2 0 0 2 2 2 2 1 0 0 2 2 2 2 2 1 2 0 0 0 0 2 0 0 2 2 0 0 2 0 0 2 0 0 0 2 2
 0 0 0 0 1 0 0 2 0 0 0 0 0 0 0 0 2 0 2 0 2 0 2 2 2 1 0 2 2 0 1 2 0 0 0 2 2
 1 2 1 0 0 0 2 0 2 0 1 1 2 2 1 0 0 2 2 1 2 2 2 2 2 2 0 0 2 0 2 2 2 0 2 0 0
 0 2 1 0 0 2 1 2 2 1 0 0 0 2 0 2 2 2 0 0 1 2 0 0 2 0 0 0 2 1 2 2 2 0 2 2 1
 1 2 1 0 2 1 1 1 2 0 2 0 2 2 1 2 2 0 0 0 2 2 2 0 0 0 2 0 0 0 0 0 0 0 0 0 0
 0 0 0 0 2 0 2 2 2 0 2 2 0 0 1 0 1 2 1 0 0 0 2 1 0 2 2 2 0 1 0 2 2 0 1 0 0
 0 1 1 0 0 2 1 0 2 0 2 0 2 0 2 0 2 0 1 0 2 2 0 2 0 1 2 0 0 0 0 0 0 0 0 2 2
 2 0 0 0 0 0 0 2 2 2 2 0 2 0 0 0 1 2 1 2 2 0 2 2 0 0 2 0 0 1 0 2 0 2 2 0 2
 0 1 0 0 2 2 0 0 2 2 2 2 2 2 0 0 2 2 0 2 2 0 0 2 0 0 0 1 0 1 0 0 0 0 2 2 2
 1 2 0 0 0 1 1 2 1 0 2 0 2 2 0 2 2 0 0 2 0 2 2 2 1 2 2 2 2 2 0 2 0 2 0 2 0
 1 0 0 0 0 1 0 2 0 2 0 0 0 0 2 1 2 0 2 2 2 0 2 0 2 2 0 2 1 0 0 2]

========== Cluster 4 ==========

Base classifier: LogisticRegression()

Selected Features: [3 7 6 2 8 5 4]

Labels: [1 1 0 2 1 0 0 0 0 1 0 1 2 0 0 0 1 1 0 1 2 0 2 1 1 1 2 2 1 1 0 0 0 0 0 2 1
 0 1 1 2 1 1 2 2 1 2 2 2 2 1 2 0 2 1 0 0 0 2 0 1 1 0 0 2 1 1 0 1 2 1 2 2 2
 1 2 1 0 2 0 2 1 2 2 1 2 0 0 2 1 1 2 1 1 2 2 2 0 2 0 0 2 2 1 0 1 0 1 0 0 1
 2 0 2 0 0 2 1 1 0 2 1 0 0 1 0 0 1 2 1 1 2 2 1 2 0 1 1 1 0 1 1 1 2 2 1 0 1
 0 1 2 2 0 2 1 1 2 2 0 0 2 1 0 1 2 0 2 0 0 2 2 2 0 2 0 2 0 2 1 0 0 0 0 0 0
 1 0 1 2 0 0 0 0 2 1 2 0 0 1 2 2 0 1 2 2 2 0 2 2 0 0 2 0 1 0 2 2 1 2 1 2 0
 2 0 0 1 2 2 1 2 2 0 2 0 1 1 2 1 0 1 0 2 1 1 0 0 2 1 2 1 2 2 2 2 0 0 1 2 2
 1 2 2 2 1 0 1 1 0 2 0 1 1 1 1 1 2 2 2 2 2 0 2 0 0 2 0 2 2 2 0 1 2 0 2 1 1
 1 1 1 1 1 1 0 2 2 2 1 1 2 1 2 2 2 0 1 0 1 0 1 0 1 2 0 1 0 1 2 0 0 0 0 2 1
 0 2 2 2 2 2 1 2 1 2 0 0 1 1 0 0 2 1 2 0 2 2 0 0 0 1 0 0 0 1 2 2 2 0 2 2 0
 0 1 2 0 2 2 2 1 0 2 1 1 2 2 1 1 2 0 1 2 2 0]

========== Cluster 5 ==========

Base classifier: GradientBoostingClassifier()

Selected Features: [3 4 7 1]

Labels: [0 0 2 1 0 2 2 0 0 1 2 2 0 1 0 0 1 0 2 0 1 0 1 2 0 0 2 0 0 0 0 0 0 1 0 0 1
 0 2 2 1 0 0 1 2 0 0 0 1 0 0 1 2 1 1 2 1 0 2 2 2 1 0 2 2 2 0 0 2 2 2 0 1 0
 2 0 0 2 2 2 0 0 0 1 0 2 1 1 2 2 0 0 2 2 2 0 2 2 0 0 0 0 2 0 2 2 0 0 2 1 0
 0 1 0 1 0 0 0 1 2 1 1 1 2 0 2 0 0 0 2 0 0 0 2 0 1 0 2 0 1 2 2 0 0 0 2 0 1
 2 0 0 2 0 0 0 0 0 1 2 1 0 1 0 2 0 0 0 2 2 1 1 1 2 2 0 1 0 0 0 0 1 2 2 0 0
 0 2 0 0 1 1 0 1 2 0 0 0 1 2 0 1 2 0 0 0 1 2 1 1 0 1 1 1 1 1 0 2 1 2 1 0 2
 2 0 0 0 1 0 0 2 2 0 0 2 0 2 0 0 2 2 0 2 0 0 1]

