Clustering algorithm selected: kmeans
=====================================

Clustering evaluation metric: silhouette
Clustering evaluation value: 0.2882508501897517

========== Cluster 0 ==========

Base classifier: SVC(probability=True)

Selected Features: [3 2 7 6]

Labels: [0 0 2 1 0 2 2 1 0 0 1 1 2 2 0 2 1 0 0 1 0 2 0 0 0 0 1 1 2 2 2 0 0 0 1 1 1
 1 0 1 0 0 2 0 2 2 1 0 1 0 0 1 2 2 2 0 0 0 2 2 0 2 2 0 1 1 0 1 0 2 0 0 0 1
 2 2 2 2 0 0 0 1 1 0 2 1 1 0 2 2 0 0 2 2 2 0 1 2 2 0 0 0 0 0 2 0 2 2 2 0 1
 2 1 0 2 0 1 2 0 2 1 0 2 2 2 2 0 2 0 0 0 1 1 0 1 2 0 0 0 0 0 2 0 1 2 0 1 2
 0 0 1 0 0 0 1 0 2 1 2 0 0 0 1 2 1 1 1 2 0 2 0 0 0 2 0 0 0 2 2 0 1 0 2 2 0
 0 0 1 2 2 0 0 0 1 2 0 1 2 2 0 0 2 2 0 1 0 2 0 2 2 0 1 2 1 0 1 0 0 2 0 0 1
 0 2 0 2 2 1 1 1 0 0 2 2 0 1 1 0 1 0 1 0 0 1 1 2 2 2 1 2 1 0 0 0 2 2 0 0 2
 2 0 1 0 1 0 2 0 0 0 1 2 0 1 2 2 0 0 0 1 2 1 1 1 0 1 1 1 0 1 1 2 0 2 1 1 2
 1 0 0 2 2 0 0 0 1 0 2 2 0 0 0 2 0 2 0 0 2 2 0 2 1 0 0 1 2]

========== Cluster 1 ==========

Base classifier: KNeighborsClassifier(n_neighbors=7)

Selected Features: [3 7 6 8]

Labels: [2 0 2 2 0 0 1 0 0 1 2 0 2 0 2 2 0 0 0 2 0 2 2 2 2 1 0 2 0 0 2 2 1 0 2 1 2
 0 2 2 0 2 2 2 0 1 2 2 2 0 2 1 2 1 2 2 2 2 1 1 2 1 2 2 2 0 2 0 0 1 0 1 0 0
 0 1 2 0 0 0 2 0 0 2 0 0 2 0 0 1 0 0 2 2 2 0 2 0 0 2 0 2 2 0 0 1 1 0 2 0 0
 1 0 0 2 0 1 0 1 2 2 2 0 1 0 2 2 2 0 2 2 0 0 2 1 2 2 2 0 1 2 0 1 1 2 2 2 2
 2 1 2 1 1 0 1 2 2 0 0 1 2 0 0 2 1 2 1 2 0 2 2 2 2 2 2 2 2 2 2 1 2 0 0 1 2
 0 2 0 2 1]

========== Cluster 2 ==========

Base classifier: GradientBoostingClassifier()

Selected Features: [3 5 8 2]

Labels: [1 1 1 1 0 0 1 0 1 0 1 1 2 0 0 0 1 0 1 0 1 2 1 1 1 2 2 1 1 0 0 0 0 0 0 2 1
 1 0 1 1 2 2 1 1 1 2 2 2 2 0 0 1 1 1 2 0 1 2 1 2 0 2 0 0 2 2 1 1 0 1 0 1 0
 0 1 0 0 0 2 1 1 0 1 0 0 0 1 0 0 1 2 1 1 2 1 1 1 0 1 1 1 0 1 1 1 1 2 2 1 0
 0 1 0 1 2 0 2 1 0 1 2 0 0 2 1 2 0 1 2 0 2 0 0 2 2 2 1 2 0 2 0 2 1 1 0 2 2
 1 1 2 1 2 1 2 0 0 0 0 0 2 1 1 2 1 0 0 1 0 1 0 0 0 1 2 0 1 0 0 0 2 0 1 0 0
 0 1 2 0 2 1 2 1 2 0 0 0 0 0 1 2 0 1 2 2 1 2 2 0 2 2 0 0 0 2 0 1 0 2 2 1 2
 2 1 2 2 0 2 1 0 1 2 2 0 0 1 2 2 2 1 1 0 2 1 1 2 1 1 0 0 1 0 2 1 1 0 0 1 2
 1 1 2 2 1 2 0 1 2 2 1 2 2 2 2 1 2 2 1 0 0 1 0 2 0 1 1 1 1 2 2 2 2 2 0 2 2
 1 0 0 2 0 2 2 0 2 0 1 2 0 0 2 1 1 1 1 1 1 1 1 0 2 2 2 1 1 2 2 1 2 2 0 1 0
 1 0 2 1 0 1 0 1 2 2 0 1 0 1 1 2 2 0 0 0 0 2 0 2 1 2 2 2 1 1 2 1 2 0 1 0 1
 1 0 0 2 1 0 2 2 0 0 0 1 0 0 0 1 0 2 2 0 2 2 0 0 1 0 2 0 2 2 2 1 0 1 0 2 1
 1 2 2 1 1 2 1 1 2 2 0 0 0]

========== Cluster 3 ==========

Base classifier: LogisticRegression()

Selected Features: [0 3]

Labels: [0 0 0 2 2 2 0 2 2 2 2 2 0 0 0 0 0 0 0 2 0 0 2 0 0 0 2 0 2 0 0 0 2 2 0 0 2
 1 2 2 2 2 0 0 1 0 0 0 0 2 2 0 2 0 0 0 0 0 2 1 0 0 2 2 0 0 2 0 0 2 2 0 1 0
 0 2 0 0 2 1 2 2 0 0 1 0 1 0 2 0 1 2 0 2 0 0 2 2 2 2 0 0 2 2 1 2 0 0 0 2 0
 0 0 1 0 2 0 0 2 1 0 0 0 0 0 0 2 1 0 0 0 2 0 0 0 0 2 0 1 2 2 2 2 0 0 2 1 0
 0 2 2 2 2 0 2 0 2 0 2 1 2 2 0 2 0 0 2 2 0 2 2 0 0 0 0 0 0 0 0 0 0 2 2 2 2
 2 0 1 0 2 0 0 2 1 0 2 2 1 0 0 2 2 1 0 0 0 0 1 0 2 1 0 2 0 2 0 2 0 0 2 0 0
 1 0 2 2 2 0 0 2 0 0 0 0 0 0 0 0 0 1 2 0 2 2 0 0 0 0 0 0 0 2 0 2 1 2 2 0 0
 1 2 0 1 0 0 0 2 0 2 0 0 1 0 0 2 2 2 0 2 0 0 0 0 0 0 2 2 0 0 0 2 2 0 0 2 0
 0 2 2 2 0 0 2 0 0 0 0 1 0 0 0 1 0 2 0 2 1 2 0 0 2 0 1 1 2 2 1 0 0 2 0 2 2
 0 2 0 0 2 0 2 1 2 2 2 0 0 1 0 0 0 0 2 0 1 0 0 0 0 0 0 0 0 0 0 0 2 1 2 0 2
 0 0 0 0 2 1 2 0 2 2 0 2 0 0 2 0 0 0 0 2]

