Clustering algorithm selected: kmeans
=====================================

Clustering evaluation metric: dbc
Clustering evaluation value: 0.6482657668430718

========== Cluster 0 ==========

Base classifier: DummyClassifier(strategy='most_frequent')

Minority Class: 0

Selected Features: [ 0  1  2  3  4  5  6  7  8  9 10 11 12 13 14 15 16 17 18 19 20 21 22 23
 24 25 26 27 28 29 30]

Labels: [0 0 0 0 0 0 0 0 0 0 0 0 0 0 0 0 0 0 0 0 0 0 0 0 0 0 0 0 0 0 0 0 0 0 0 0 0
 0 0 0 0 0 0 0 0 0 0 0 0 0 0 0 0 0 0 0 0 0 0 0 0 0 0 0 0 0 0 0 0 0 0 0 0 0
 0 0 0 0 0 0 0 0 0 0 0 0 0 0 0 0 0 0 0 0 0 0 0 0 0 0 0 0 0 0 0 0 0 0 0 0 0
 0 0 0 0 0 0 0 0 0 0 0 0 0 0 0 0 0 0]

Synthetic samples indexes: []

========== Cluster 1 ==========

Base classifier: DummyClassifier(strategy='most_frequent')

Minority Class: 0

Selected Features: [ 0  1  2  3  4  5  6  7  8  9 10 11 12 13 14 15 16 17 18 19 20 21 22 23
 24 25 26 27 28 29 30]

Labels: [1 1 1 1 1 1 1 1 1 1 1 1 1 1 1 1 1 1 1 1 1 1 1 1 1 1 1 1 1 1 1 1]

Synthetic samples indexes: []

========== Cluster 2 ==========

Base classifier: SVC(probability=True)

Minority Class: 0

Selected Features: [ 0  1  2  3  4  5  6  7  8  9 10 11 12 13 14 15 16 17 18 19 20 21 22 23
 24 25 26 27 28 29 30]

Labels: [1 0 1 1 1 1 1 1 1 1 0 1 1 0 0 1 1 0 1 0 0 1 0 0 0 0 1 0 1 0 0 0 1 0 0 1 0
 1 0 0 1 0 1 1 0 1 1 0 1 1 0 1 1 0 0 1 0 1 0 0 1 0 0 1 1 1 1 1 0 1 1 1 0 1
 1 1 0 0 1 1 1 1 0 0 1 0 1 1 1 0 0 0 0 0 1 1 0 1 0 0 0 1 1 0 0 0 1 1 1 0 0
 1 1 0 0 1 0 1 1 1 0 1 0 1 0 0 0 0 0 1 0 0 0 0 1 1 1 0 1 0 1 1 1 0 1 0 0 1
 0 0 1 0 1 0 0 1 1 1 1 0 1 0 1 0 1 1 1 0 0 0 0 1 1 1 0 0 0 1 1 0 0 0 0 1 1
 1 1 1 0 1 0 0 0 0 0 1 0 0 1 1 0 0 0 1 1 0 1 1 1 1 0 0 1 1 1 0 1 1 0 1 0 0
 0 1 0 1 0 0 0 1 0 1 1 1 0 1 0 1 0 0 1 1 0 1 0 1 1 0 0 1 1 0 1 0 0 0 0 0 0
 0 1 1 0 1 0 0 0 1 1 1 1 1 0 1 0 1 1 1 1 1 0 1 1 1 1 0 0 1 0 1 1 1 0 1 1 0
 1 0 0 1 1 0 0 1 0 0 0 1 1 0 0 0 1 0 0 1 0 0 0 1 0 0 0 0 1 1 0 1 0 0 0 0 1
 1 0 0 1 0 0 1 1 0]

Synthetic samples indexes: [  0   2   3   4   5   6   7   8   9  11  12  15  16  18  21  26  28  32
  35  37  40  43  45  46  48  49  52  55  57  60  63  64  65  66  67  69
  70  71  73  74  75  78  79  81  86  87  88  94  95  97 101 102 106 107
 108 111 112 115 117 118 119 123 134 135 136 140 141 142 144 147 150 152
 155 156 157 158 160 164 165 166 171 172 173 177 178 184 186 187 189 198
 199 203 204 206 207 208 209 212 213 214 216 217 219 223 225 229 231 232
 237 240 241 243 245 246 249 250 252 260 263 269 270 271 273 275 276 277
 278 279 281 283 284 287 289 290 291 293 294 296 299 300 303 307 308 312
 315 319 324 325 332 333 336 340]

========== Cluster 3 ==========

Base classifier: LogisticRegression()

Minority Class: 0

Selected Features: [ 0  1  2  3  4  5  6  7  8  9 10 11 12 13 14 15 16 17 18 19 20 21 22 23
 24 25 26 27 28 29 30]

Labels: [1 0 1 0 1 1 0 0 0 0 0 0 1 1 1 0 0 0 1 1 1 1 1 0 1 0 1 1 0 0 1 1 0 0 1 1 1
 0 1 1 1 1 1 0 0 0 1 0 0 0 1 0 1 0 1 0 1 0 1 0 1 1 0 0 1 0 0 1 1 1 1 0 0 0
 0 1 0 1 1 0 1 0 0 1 0 1 0 0 1 1 0 1 1 0 1 1 1 0 1 0 0 0 0 0]

Synthetic samples indexes: [ 1  3  6  7  9 10 16 17 23 25 29 32 44 45 48 49 51 53 57 59 65 71 72 74
 76 82 84 86 93 99]

========== Cluster 4 ==========

Base classifier: DummyClassifier(strategy='most_frequent')

Minority Class: 0

Selected Features: [ 0  1  2  3  4  5  6  7  8  9 10 11 12 13 14 15 16 17 18 19 20 21 22 23
 24 25 26 27 28 29 30]

Labels: [1 1 1 1 1 1 1 1 1 1 1 1 1 1 1 1 1 1 1 1 1 1 1 1 1 1 1 1 1 1 1 1 1 1 1 1 1
 1 1 1 1 1 1 1 1 1 1 1 1 1 1 1 1 1 1 1 1 1 1 1 1 1 1 1 1 1 1 1 1 1 1 1 1 1
 1 1 1 1 1 1 1 1 1 1 1 1 1]

Synthetic samples indexes: []

