Clustering algorithm selected: spectral
=====================================

Clustering evaluation metric: dbc_rand
Clustering evaluation value: 0.22429787757967504

========== Cluster 0 ==========

Base classifier: LogisticRegression()

Minority Class: 1

Selected Features: [16 11  1  6 17 12  0  5 15  2  8 13 10]

Labels: [2 0 0 0 0 0 2 0 2 2 2 0 0 0 2 0 0 2 2 2 0 0 2 1 2 0 0 2 2 2 0 0 0 0 0 0 0
 2 0 0 0 2 2 0 0 0 2 0 0 2 0 0 0 2 2 0 0 0 2 2 1 0 1 0 0 0 2 2 0 0 0 0 0 0
 0 0 2 0 0 0 0 2 2 0 2 0 0 0 0 0 0 2 0 2 0 2 2 2 1 0 2 1 2 2 2 0 0 2 0 0 0
 2 0 2 0 2 0 2 1 2 1 1 0 0 0 2 0 2 0 0 0 2 0 2 1 0 0 2 1 2 1 2 2 0 0 2 2 2
 1 2 2 2 0 0 2 0 2 2 2 0 0 0 2 1 0 0 0 0 0 0 1 0 2 1 0 1 0 2 2 0 2 1 2 2 0
 0 0 0 2 0 0 2 2 2 0 2 0 1 2 0 2 0 0 0 1 2 0 1 0 0 2 0 2 1 2 2 2 0 0 2 0 2
 0 0 2 1 2 1 2 0 2 2 1 0 0 2 0 1 2 0 2 1 1 2 0 2 0 0 0 2 2 2 1 2 2 2 0 0 0
 2 2 0 0 0 0 2 2 0 0 1 2 1 2 0 0 2 2 0 1 0 2 0 2 0 0 0 0 2 1 1 2 0 0 0 0 0
 2 0 2 0 1 0 2 0 2 0 0 0 0 0 0 2 0 2 0 2 1 0 0 0 0 0 2 0 0 0 0 0 2 0 1 1 2
 2 2 0 2 0 2 0 0 0 1 0 0 0 2 0 2 0 2 2 2 0 0 2 0 0 2 0 2 0 1 1 2 0 0 0 2 0
 0 0 0 2 0 1 2 2 2 0 2 2 2 1 0 0 0 1 0 0 0 0 0 2 0 0 0 0 0 2 2 2 2 0 2 2 0
 0 0 1 0 2 1 0 0 2 1 0 2 2 0 1 0 0 2 2 1 1 1 2 1 2 2 2 2 2 2 1 1 0 0 0 0 0
 0 0 0 0 0 0 0 2 0 0 0 0 2 0 0 0 0 0 0 2 2 2 1 1 2 0 2 0 1 0 0 2 2 2 0 0 2
 0 2 0 2 0 1 0 0 2 2 0 2 0 0 0 2 2 0 0 2 2 2 0 0 2 0 0 0 0 0 2 0 0 1 0 0 2
 1 0 2 0 2 2 2 0 0 0 0 0 2 0 0 1 1 2 0 2 1 2 0 0 2 2 2 0 2 2 0 0 2 2 0 0 2
 0 0 2 1 0 0 2 2 1 1 2 2 1 2 1 2 1 0 1 2 2 0 0 2 0 1 0 2 0 2 0 1 0 0 0 0 0
 0 0 0 1 0 0 0 2 0 2 0 1 1 2 0 2 0 2 0 0 0 2 1 2 0 0 0 0 0 2 2 2 0 2 2 0 0
 0 2 2 0 0 2 1 1 0 0 2]

========== Cluster 1 ==========

Base classifier: LogisticRegression()

Minority Class: 1

Selected Features: [17  3 14 20  5 12  2 10 13 11 19  9  8  7  6 15  4 16]

Labels: [1 1 1 0 2 1 2 0 0 1 1 0 1 0 1 1 1 2 2 0 0 0 2 1 1 1 1 0 1 2 0 1 2 0 2 1 0
 1 1 1 2 2 1 1 0 0 0 0 0 0 1 0 2 1 0 1 2 0 0 1 0 0 0 1 2 2 1 1 0 1 2 2 1 2
 1 2 0 0 2 0 0 2 2 2 1 1 2 0 1 0 0 1 1 0 0 0 0 2 1 0 1 0 2 1 1 0 0 0 0 2 1
 1 1 1 1 2 1 1 2 2 1 2 2 1 1 2 2 0 2 2 0 0 2 1 0 2 2 1 1 0 1 1 2 2 1 1 2 0
 2 1 0 1 2 0 0 1 1 1 1 1 2 2 0 0 1 0 1 2 2 2 2 2 0 2 0 2 0 0 2 2 2 0 0 1 1
 1 1 0 2 2 1 0 0 1 2 0 0 1 0 2 0 2 2 0 2 1 0 2 1 1 0 1 0 0 0 1 0 1 0 0 1 2
 1 1 1 0 2 2 1 2 1 1 2 1 2 0 1 1 0 1 1 1 0 0 1 1 1 1 1 1 0 2 2 2 2 2 0 2 1
 0 0 1 0 1 2 0 2 2 2 1 1 0 1 2 0 0 2 0 2 0 1 2 0 1 2 0 2 0 0 2 2 2 2 1 0 2
 0 0 2 0 2 1 0 1 1 1 0 0 2 2 1 2 1 0 2 2 2 2 1 1 2 0 1 2 1 2 0 1 0 0 0 2 0
 2 1 1 1 2 1 2 0 0 0 1 2 0 1 1 0 0 0 1 2 0 0 2 1 2 1 0 0 1 0 0 0 2 0 1 0 0
 0 0 1 2 0 2 2 0 0 1 2 2 2 1 0 0 0 0 2 1 2 0 1 1 2 2 1 2 0 1 0 2 1 0 2 2 2
 2 2 0 0 2 2 0 0 0 0 2 0 1 0 2 0 1 0 0 0 0 2 2 2 1 2 2 2 1 2 2 1 2 2 2 2 1
 1 1 0 0 0 2 2 0 2 2 0 0 1 1 2 2 0 2 0 1 2 1 1 1 1 1 2 0 0 2 2 2 2 0 2 2 2
 0 1 2 1 0 1 0 1 0 0 1 0 2 0 1 2 2 0 2 2 2 1 0 2 1 2 2 1 1 2 1 1 0 1 1 1 1
 1 1 1 0 1 2 2 2 0 0 2 2 0 1 1 2 2 1 1 2 0 1 2 2 0 1 1 1 1 0 0 2 0 0 0 2 1
 2 1 0 1 0 1 1 2 1 2 0 1 0 1 1 0 2 2 0 0 0 0 0 0 2 1 1 0 2 2 2 1 1 2 2 1 1
 2 1 1 1 2 1 2 0 1 0 1 0 1 0 0 2 0 1 2 0 2 2 2 1 2 2 2 0 2 2 0 0 1 0 1 0 2
 0 2 0 0 0 1 0 2 0 2 0 2 0 2 0 0 1 0 0 2 1 2 0 2 2 2 1 0 1 0 2 2 1 1 2 2 1
 0 1 2 2 1 0 1 0 2 2 0 2 2 0 0 0 0 1 2 0]

