Clustering algorithm selected: spectral
=====================================

Clustering evaluation metric: dbc_rand
Clustering evaluation value: 0.22736074243829468

========== Cluster 0 ==========

Base classifier: LogisticRegression()

Minority Class: 1

Selected Features: [17 12 18  8  3 16  6 13  5 14 20  1  2  4]

Labels: [1 1 1 0 2 1 2 0 0 1 0 1 0 1 1 1 2 2 0 0 0 2 1 1 1 1 0 1 2 0 1 2 0 2 1 0 1
 1 1 2 2 1 1 0 0 0 0 0 1 0 2 1 0 1 2 0 0 1 0 0 0 1 2 2 1 1 1 2 2 1 2 1 2 0
 0 2 0 0 2 2 2 1 1 2 0 1 0 0 1 1 0 0 0 0 2 1 0 1 0 2 1 1 0 0 0 0 2 1 1 1 1
 1 2 1 1 2 2 1 2 2 1 1 2 2 0 2 2 0 0 2 1 0 2 2 1 0 1 1 2 2 1 1 2 2 1 2 2 0
 0 0 1 1 1 0 1 1 1 2 1 2 0 1 1 0 1 1 1 0 0 1 1 1 1 1 1 0 2 2 2 2 2 0 2 1 0
 0 1 0 1 2 0 2 2 2 1 1 0 1 2 0 0 2 0 2 0 1 2 0 1 2 0 2 0 0 2 2 2 2 1 0 2 0
 0 2 0 2 1 1 1 1 0 2 1 2 1 0 2 2 2 2 1 1 2 0 1 2 1 2 0 1 0 0 0 2 0 2 1 1 1
 2 1 2 0 0 0 1 2 0 1 1 0 0 0 1 2 0 0 2 1 2 1 0 0 1 0 0 0 2 0 1 0 0 0 0 1 2
 0 2 2 0 0 1 2 2 2 1 0 0 0 0 2 1 2 0 1 1 2 2 1 2 1 0 2 1 0 2 2 2 2 2 0 2 2
 0 0 0 0 2 0 1 0 2 0 1 0 0 0 2 2 1 2 0 2 2 1 2 2 0 1 0 2 2 2 0 0 0 2 1 1 0
 0 0 1 2 2 0 0 0 0 1 1 2 2 2 2 2 2 1 2 1 0 2 0 2 1 1 2 1 2 1 0 1 0 1 0 2 1
 1 0 0 0 2 2 1 1 2 2 2 1 2 2 2 2 2 1 0 1 2 2 1 2 1 0 0 2 2 2 2 0 2 1 2 1 0
 0 1 1 1 2 0 2 0 1 2 1 1 1 1 1 2 0 0 2 2 2 2 0 2 2 0 1 2 1 0 1 0 1 0 0 1 0
 2 0 1 2 2 0 2 2 2 1 0 2 1 2 2 1 1 2 1 1 0 1 1 1 1 1 1 1 0 1 2 2 2 0 0 2 2
 0 1 1 2 2 1 1 2 0 1 2 2 0 1 1 1 1 0 0 2 0 0 0 2 1 2 1 0 1 0 1 1 2 1 2 0 1
 0 1 1 0 2 2 0 0 0 0 0 0 2 1 1 0 2 2 1 1 2 2 1 1 2 1 1 1 2 1 2 0 1 0 1 0 1
 0 0 2 0 1 2 0 2 2 2 1 2 2 2 0 2 2 0 0 1 0 1 0 2 0 2 0 0 0 1 0 2 0 2 0 2 0
 2 0 0 1 0 0 2 1 2 0 2 2 2 1 0 1 0 2 2 1 1 2 2 1 0 1 2 2 1 0 1 0 2 0 2 0 0
 0 0 1 2 0]

========== Cluster 1 ==========

Base classifier: LogisticRegression()

Minority Class: 1

Selected Features: [16 17  8  6 13  7 10  2 14 12  5 19 18  4]

Labels: [2 0 0 0 0 0 2 0 2 2 2 0 1 0 0 2 0 0 2 2 2 0 0 2 1 2 0 0 2 2 2 0 0 0 0 0 0
 0 2 0 0 0 2 2 0 0 0 2 0 0 0 2 0 0 0 2 2 0 0 0 2 2 1 0 0 1 0 0 0 2 2 0 0 0
 0 0 0 0 0 2 0 0 0 0 2 2 0 2 0 0 0 0 0 0 2 0 2 0 2 2 2 1 0 2 1 2 2 2 0 0 2
 0 0 0 2 0 2 0 2 0 2 1 2 1 1 0 0 0 2 0 2 0 0 1 0 2 2 1 2 2 2 2 2 2 2 2 2 2
 2 0 0 0 0 0 1 1 0 2 2 1 0 0 2 0 1 2 0 2 1 1 2 0 2 0 0 0 2 2 2 1 2 2 2 0 0
 0 2 2 0 0 0 0 2 2 0 0 1 2 1 2 0 0 2 2 0 1 0 2 0 0 2 0 0 0 0 2 1 1 0 2 0 0
 2 0 0 0 2 0 2 0 1 0 2 0 2 0 0 0 0 0 0 2 0 2 0 2 1 0 0 0 0 0 2 0 0 0 0 0 2
 0 1 1 2 2 2 0 2 0 2 0 0 0 1 0 0 0 2 0 2 0 2 2 2 0 0 2 0 0 2 0 2 0 1 1 2 0
 0 0 2 0 0 0 0 2 0 1 2 2 2 0 2 2 2 1 0 0 0 1 0 0 0 0 0 2 0 0 0 0 0 2 0 2 2
 2 0 2 2 0 0 0 0 1 0 2 1 0 0 0 2 1 0 2 2 2 0 1 0 0 2 0 2 0 1 0 0 0 0 1 1 0
 2 1 0 2 0 0 2 0 2 0 0 2 0 2 2 0 2 1 0 2 2 0 1 2 0 1 0 2 0 0 0 0 0 0 0 0 0
 0 1 1 2 2 0 2 0 2 0 2 1 0 0 0 0 0 0 0 0 0 2 2 2 0 2 0 2 1 1 2 0 0 2 1 0 0
 0 0 1 2 0 1 0 2 0 2 2 0 2 1 0 2 0 0 0 0 1 2 0 0 2 0 0 0 0 2 2 2 1 1 2 0 2
 0 1 0 0 2 2 2 2 0 0 2 0 2 0 2 0 1 0 0 2 2 0 2 0 0 0 2 2 0 0 2 2 2 0 0 2 0
 0 0 0 0 2 0 0 1 0 0 2 1 0 2 0 2 2 2 0 0 0 0 0 2 0 0 1 1 2 0 2 1 2 0 0 2 2
 2 0 2 2 0 0 2 2 0 0 2 0 0 2 1 2 0 0 2 2 1 1 2 2 1 2 1 2 1 0 1 2 2 0 0 2 0
 1 0 2 0 2 0 1 0 0 0 0 0 0 0 0 1 0 0 0 2 0 2 0 1 1 2 0 2 0 2 0 0 0 2 1 2 0
 0 0 0 0 2 2 2 0 2 2 0 0 0 2 2 2 0 2 0 2 1 1 0 0 2]

