Clustering algorithm selected: kmeans++
=====================================

Clustering evaluation metric: dbc_ss
Clustering evaluation value: 0.4363114118514645

========== Cluster 0 ==========

Base classifier: SVC(probability=True)

Minority Class: 0

Selected Features: [21 24  0 23  4  3  1  9 14  2  8 22 28 11 13  5  7 27 20 17 19 10 16]

Labels: [0 1 0 1 1 0 0 0 1 1 1 1 1 1 1 1 1 0 1 1 0 0 1 1 0 1 0 1 1 1 0 1 0 0 1 1 0
 1 1 0 1 0 1 1 0 1 0 0 0 1 1 0 1 0 1 1 0 0 0 0 0 1 0 1 0 0 1 0 0 0 1 1 1 0
 1 1 0 0 0 1 1 0 0 0 1 0 0 1 1 1 0 1 1 1 0 1 1 0 0 0 1 1 1 1 1 1 1 0 1 1 0
 1 1 0 0 0 0 1 1 0 0 0 1 1 0 0 1 1 0 1 1 1 1 1 1 0 1 1 0 1 0 1 0 1 1 0 0 1
 0 1 1 1 0 0 0 1 0 1 1 0 0 0 0 0 1 1 0 0 0 0 1 0 0 1 1 0 0 1 1 1 0 1 1 0 0
 1 0 1 1 0 1 1 1 0 1 1 0 0 1 1 1 1 0 1 0 0 0 1 0 0 1 1 1 0 0 1 0 0 1 1 0 0
 0 1 1 0 1 0 1 1 0 0 1 0 1 1 1 0 0 1 1 1 1 0 1 0 1 1 1 0 0 0 1 0 0 0 1 1 0
 0 0 1 1 0 1 1 0 1 0 0 0 0 1 0 0 0 0 0 1 1 1 0 1 1 1 0 1 0 1 0 0 1 0 0 0 1
 1 1 0 0 0 1 1 1 1 0 0 1 1 0 1 1 0 0 1 0 1 0 0 0 1 0 0 0 1 1 1 1 0 0 1 0 1
 0 1 0 0 0 0 1 0 1 1 1 0 1 1 0 1 1 0 0 1 0 1 1 0 0 1 0 0 1 1 0 1 0 1 0 0 0
 1 1 0 0 1 0 0 0 1 0 0 1 1 1 0 0 0 1 1 1 0 0 1 0 1 0 0 1 0 0 0 1 0 1 0 1 0
 0 0 0 1 0 0 1 1 1 0 1 0 0 0 1 1 1 0 0 1 1 1 0 0 1 1 1 0 1 0 1 1 0 0 0 0 1
 0 1 0 1 0 0 0 0 1 1 0 0 1 0 1 1 0 0 0 0 1 0 0 0 1 0 1 1 1 1 1 1 1 0 1 1 0
 1 0 0 0 0 0 1 1 0 1 0 1 1 1 0 0 0 0 1 1 0 0 0 1 0 1 1 0 1 0 0 0 1 1 1 0 1
 0 1 1 1 0 0 1 0 1 1 0 1 0 0 0 0 0 1 1 1 0 0 0 0 0 1 0 0 0 1 1 0 1 0 0 1 1
 0 0 1 0 0 1 1 0 0 0 1 0 1 1 0 1 1 0 1 0 1 1 0 0 0 1 1 1 1 1 1 1 0 1 0 1 0
 1 0 0 1 1 0]

Synthetic samples indexes: [  1   3   4   8   9  10  11  12  13  14  15  16  18  19  22  23  25  28
  29  31  34  35  37  38  40  42  43  45  49  50  52  54  55  61  63  66
  70  71  72  74  75  79  80  84  87  89  91  92  93  95  96 100 101 102
 103 104 105 108 111 112 117 118 122 123 126 127 129 130 131 132 133 134
 136 137 139 141 144 147 149 151 155 157 158 164 165 170 173 174 177 178
 181 182 185 187 188 190 191 192 194 198 199 200 201 203 207 210 211 212
 215 218 219 223 224 226 228 229 232 234 235 236 239 240 241 242 244 246
 247 248 252 256 257 261 262 264 265 267 272 278 279 280 282 283 284 286
 288 291 296 297 301 302 303 304 307 308 310 311 314 316 320 324 325 326
 327 330 332 334 339 341 342 343 345 346 348 349 352 354 355 358 362 364
 366 370 374 378 381 382 383 387 388 389 392 394 397 401 403 413 414 415
 417 421 422 423 426 427 428 432 433 435 437 438 443 445 447 452 453 456
 458 464 468 470 471 472 473 475 476 478 479 481 488 490 492 493 494 499
 500 504 506 509 513 514 515 517 519 520 521 524 526 527 529 535 536 537
 543 547 548 550 553 554 557 560 561 567 568 570 571 573 575 576 580 581
 582 583 584 585 586 588 590 592 595 596]

========== Cluster 1 ==========

Base classifier: SVC(probability=True)

Minority Class: 0

Selected Features: [28 24 25 23 21 20  8  4 29 17  3  1 22  0  5  2 10 16 14 19 27 26 18 12
  6]

Labels: [1 0 0 1 1 0 0 1 0 0 0 0 1 0 1 1 1 1 1 0 0 0 1 1 0 1 0 1 0 0 1 1 1 0 1 1 0
 0 0 0 1 1 1 0 0 1 0 0 1 0 1 1 0 1 0 0 1 1 0 0 1 0 1 1 0 1 1 1 1 0 1 1 1 1
 0 0 0 0 1 1 1 0 1 1 0 0 0 1 0 0 0 1 0 1 0 0 1 1 0 0 1 0]

Synthetic samples indexes: [  2   6   8   9  10  19  21  28  29  36  37  39  43  44  46  52  55  59
  69  74  75  84  85  89  92  95  98  99 101]

========== Cluster 2 ==========

Base classifier: DummyClassifier(strategy='most_frequent')

Minority Class: 0

Selected Features: [30 29 28 27 26 25 24 23 22 21 20 19 18 17 16 15 14 13 12 11 10  9  8  7]

Labels: [1 1 1 1 1 1 1 1 1 1 1 1 1 1 1 1 1 1 1 1 1 1 1 1 1 1 1 1 1 1 1 1 1 1 1 1 1
 1 1 1 1 1 1 1 1 1 1 1 1 1 1 1 1 1 1 1 1 1 1 1 1 1 1 1 1 1 1 1 1 1 1 1 1 1
 1 1 1 1 1 1 1 1 1 1 1 1]

Synthetic samples indexes: []

========== Cluster 3 ==========

Base classifier: DummyClassifier(strategy='most_frequent')

Minority Class: 0

Selected Features: [ 0  1  2  3  4  5  6  7  8  9 10 11 12 13 14 15 16 17 18 19 20 21 22 23
 24 25 26 27 28 29 30]

Labels: [1 1 1 1 1 1 1 1 1 1 1 1 1 1 1 1 1 1 1 1 1 1 1 1 1 1 1 1 1 1 1 1 1 1 1]

Synthetic samples indexes: []

