Clustering algorithm selected: kmeans++
=====================================

Clustering evaluation metric: dbc_ss
Clustering evaluation value: 0.4380314531394839

========== Cluster 0 ==========

Base classifier: SVC(probability=True)

Minority Class: 0

Selected Features: [24 21  0 23  3  4  8  1 14 27 28  2 20 22  9 17  7 11 13  5 16 19 26 10]

Labels: [0 0 0 1 0 1 1 0 1 0 0 0 1 1 0 0 1 1 0 0 0 1 0 0 0 0 1 1 0 1 0 0 1 1 0 0 1
 0 0 1 0 1 0 0 1 1 0 1 0 1 1 0 0 1 0 1 0 0 1 0 1 0 1 1 1 1 0 0 1 1 1 0 1 1
 1 0 1 1 1 1 0 1 1 1 1 0 0 1 0 1 1 1 0 1 1 1 1 0 1 1 0 1 0 0 1 0 0 0 1 1 0
 0 1 0 1 0 1 0 0 0 0 1 0 0 0 1 0 1 0 1 0 0 1 0 1 1 0 0 0 1 0 0 0 1 1 1 1 0
 1 0 1 1 0 1 0 1 1 0 0 1 0 0 0 0 1 0 1 1 0 1 1 0 0 1 1 1 0 0 0 0 0 1 1 1 1
 0 1 0 1 1 0 1 0 0 0 0 1 0 0 0 1 0 1 0 0 0 1 1 0 0 0 0 0 0 1 1 0 1 1 1 0 0
 1 0 1 1 0 0 1 1 1 1 1 1 0 0 0 0 1 1 1 0 1 1 1 1 0 0 1 0 1 0 1 1 1 0 1 1 0
 0 1 0 0 1 0 0 0 1 1 0 0 1 1 0 0 1 0 1 1 1 1 0 1 0 1 1 0 0 1 0 0 0 0 1 1 1
 1 0 1 1 0 1 0 1 1 0 0 1 0 0 0 1 1 1 0 1 1 1 0 1 1 1 1 1 0 1 1 1 1 1 0 0 0
 0 1 0 0 0 1 0 1 0 0 1 1 1 1 0 0 1 0 1 1 0 0 0 1 0 0 0 1 1 1 1 0 1 0 1 1 0
 1 0 0 1 1 1 0 1 1 0 0 0 1 1 0 1 0 1 0 0 0 1 1 0 1 1 1 0 1 0 1 1 0 0 1 1 1
 0 0 0 1 1 0 0 1 0 1 0 0 0 1 1 0 1 1 1 0 0 0 0 0 0 0 1 0 1 1 0 0 1 0 0 1 0
 0 0 1 0 1 1 1 1 0 1 0 0 1 0 1 1 1 0 1 1 1 1 1 1 0 0 0 0 0 1 0 1 1 1 0 0 1
 1 1 0 0 0 0 0 1 1 0 1 0 0 0 0 1 0 0 1 0 1 0 0 0 0 0 1 0 1 0 1 0 0 0 1 0 1
 1 1 0 1 1 1 1 1 0 1 1 1 0 0 1 1 0 1 1 0 0 0 0 0 0 1 0 0 0 0 0 1 1 1 1 1 1
 0 1 1 1 0 0 1 0 0 0 0 0 0 0 1 0 0 0 1 1 1 0 1 1 0 1 1 0 1 0 0 0 1 1 1 1 1
 1 1 0 0 1 0]

Synthetic samples indexes: [  3   5   6   8  12  13  16  21  26  27  29  32  33  36  39  41  44  45
  47  49  50  55  58  60  62  63  64  65  68  69  70  72  73  74  76  78
  79  81  82  83  84  87  89  90  91  93  94  95  96  98 104 108 109 112
 114 116 125 127 129 132 134 135 139 143 144 145 148 150 151 153 155 156
 159 164 166 167 169 170 173 174 175 181 182 183 184 186 188 189 191 196
 202 206 207 214 215 218 219 222 224 225 228 229 230 231 232 233 238 239
 240 242 243 244 245 248 250 252 253 256 257 260 263 267 268 271 272 275
 277 278 279 280 282 284 285 288 293 294 295 296 298 299 301 303 304 307
 311 312 313 315 316 317 319 320 321 322 323 325 326 327 328 329 334 340
 343 344 345 346 349 351 352 356 360 361 362 363 365 367 368 370 373 374
 375 377 378 382 383 385 387 391 392 394 395 396 398 400 401 405 406 410
 411 414 416 420 421 423 424 425 433 435 439 446 448 449 451 456 458 460
 462 463 464 465 466 467 473 475 477 480 481 482 488 489 491 496 499 501
 507 509 511 515 517 518 519 521 522 523 524 525 527 528 529 533 535 536
 543 549 550 551 552 553 554 556 557 558 561 569 573 574 575 577 578 580
 581 583 587 588 589 590 591 592 593 596]

========== Cluster 1 ==========

Base classifier: DummyClassifier(strategy='most_frequent')

Minority Class: 0

Selected Features: [30 29 28 27 26 25 24 23 22 21 20 19 18 17 16 15 14 13 12 11 10  9  8  7]

Labels: [1 1 1 1 1 1 1 1 1 1 1 1 1 1 1 1 1 1 1 1 1 1 1 1 1 1 1 1 1 1 1 1]

Synthetic samples indexes: []

========== Cluster 2 ==========

Base classifier: SVC(probability=True)

Minority Class: 0

Selected Features: [28 21 24 23  8  4  3 22  1 20 12 14 25  0 16 29 19  5  2 15 10 17 18  7]

Labels: [0 1 0 1 1 1 0 1 0 1 1 1 0 1 1 1 0 0 1 1 0 0 1 0 1 1 1 0 0 1 0 1 0 1 1 1 0
 1 0 0 1 0 1 1 0 0 1 0 0 0 0 0 0 0 1 1 0 0 0 1 1 0 0 1 0 1 1 0 1 1 1 1 1 0
 1 0 0 1 1 1 0 0 0 0 1 0 0 0 0 0 1 1 0 0 1 1 0 1]

Synthetic samples indexes: [ 0  2  6  8 16 17 28 45 47 51 52 56 57 61 62 67 73 75 76 81 83 85 86 88
 92 96]

========== Cluster 3 ==========

Base classifier: DummyClassifier(strategy='most_frequent')

Minority Class: 0

Selected Features: [30 29 28 27 26 25 24 23 22 21 20 19 18 17 16 15 14 13 12 11 10  9  8  7]

Labels: [1 1 1 1 1 1 1 1 1 1 1 1 1 1 1 1 1 1 1 1 1 1 1 1 1 1 1 1 1 1 1 1 1 1 1 1 1
 1 1 1 1 1 1 1 1 1 1 1 1 1 1 1 1 1 1 1 1 1 1 1 1 1 1 1 1 1 1 1 1 1 1 1 1 1
 1 1 1 1 1 1 1 1 1 1 1 1 1 1 1 1]

Synthetic samples indexes: []

