Clustering algorithm selected: kmeans++
=====================================

Clustering evaluation metric: dbc
Clustering evaluation value: 0.17311297003598863

========== Cluster 0 ==========

Base classifier: GaussianNB()

Minority Class: 0

Selected Features: [ 0  1  2  3  4  5  6  7  8  9 10 11 12 13 14 15 16 17 18 19 20 21 22 23
 24 25 26 27 28 29 30]

Labels: [1 0 0 1 1 1 0 1 1 1 0 0 1 1 1 0 1 1 1 1 0 0 0 1 1 0 0 1 0 1 1 1 0 1 0 0 0
 1 0 0 0 0 1 1 1 0 1 1 1 1 1 1 1 0 0 0 0 0 1 1 1 1 0 0 0 0 0 0 0 1 0 0 1 0
 1 1 1 1 0 0 0 0 0 1 1 0 1 0 0 0 0 1 1 1 0 1 1 1 1 1 0 1 1 1 1 1 0 1 1 1 0
 0 1 0 1 1 0 0 0 0 0 1 0 0 1 1 1 1 0 0 0 0 0 0 1 0 1 1 0 0 1 1 1 1 0 1 0 0
 1 1 0 1 0 1 1 0 1 1 1 1 0 0 1 0 1 0 0 1 1 1 0 1 0 1 1 1 1 0 1 1 0 0 0 1 0
 0 1 1 0 0 0 0 0 0 1 0 0 1 1 0 0 1 1 1 1 0 1 0 0 0 1 0 0 0 0 1 1 1 0 1 0 0
 0 0 0 1 0 1 0 0 1 1 0 0 1 1 1 0 0 0 1 0 0 0 0 1 0 1 1 1 1 1 1 1 1 1 1 0 0
 1 1 0 0 1 1 1 0 0 0 0 0 1 1 1 0 1 1 1 0 0 1 1 0 0 1 1 0 1 1 0 1 0 0 0 1 0
 0 1 0 0 0 0 0 1 1 1 1 1 1 1 0 0 1 1 0 1 0 0 0 1 1 0 0 0 0 0 1 1 1 1 0 0 0
 0 1 1 1 1 0 1 1 0 1 0 0 1 1 0 1 0 1 0 0 0 1 1 0 1 0 0 1 0 1 0 0 0 0 0 0 1
 1 1 1 0 0 0 1 1 0 0 0 0 1 0 1 1 0 0 1 0 1 1 1 1 1 0 0 0 0 1 0 1 1 0 1 0 0
 0 1 1 0 0 0 1 1 1 0 1 1 1 0 1 0 0 1 0 1 0 0 1 1 0 1 0 0 1 1 1 1 0 1 1 0 1
 1 1 1 0 1 1 0 1 0 1 0 1 0 0 1 1 1 0 1 0 1 1 1 1 0 0 1 0 0 1 0 0 0 1 1 0 1
 0 1 0 0 1 1 0 1 0 1 0 1 1 1 1 0 0 1 1 0 0 0 1 0 1 0 1 1 0 0 1 0 1 1 1 1 0
 0 0 0 0 0 0 1 0 1 0 1 0 0 1 0 1 0 0 1 1 0 0 0 0 0 1 1 1 1 1 1 0 0 1 0 1 0
 1 0 0 0 0 1 0 0 0 1 0 0 1 1 1 1 1 1 1 0 0 0 0 0 1 0 1 1 1 0 0 0 0 1 1 1 0
 1 0 0 0 0 1 1 1 1 0 0 1 1 0 1 0 0 1 0 0 1 0 1 0 1 0 0 1 1 0 1 1 0 0 1 1 0
 0 0 0]

Synthetic samples indexes: [  0   3   4   5   7   8   9  12  13  14  16  17  18  19  23  24  27  30
  31  33  37  42  43  44  46  47  48  49  50  51  52  58  59  60  61  69
  72  74  75  76  77  84  86  91  92  93  95  96  97  98  99 101 102 103
 104 105 107 108 109 112 114 115 124 125 126 127 134 136 137 140 141 142
 143 145 148 149 151 153 154 157 158 159 162 164 167 168 169 173 174 175
 176 179 183 186 187 194 197 198 201 202 203 204 206 210 215 216 217 219
 225 227 230 234 235 236 245 247 248 249 250 251 252 253 254 255 256 259
 260 263 264 265 271 272 273 275 276 277 280 281 284 285 287 288 294 297
 304 305 306 307 308 309 312 313 315 319 320 326 328 335 337 339 340 342
 345 346 348 350 354 355 357 360 362 369 370 371 372 376 377 382 384 385
 388 390 391 392 393 394 399 401 402 404 409 413 414 415 417 418 419 421
 424 426 429 430 432 435 437 438 440 441 443 444 445 446 448 449 451 453
 455 458 459 460 462 465 467 470 473 477 478 480 482 485 486 488 490 492
 494 495 498 499 503 505 507 508 511 513 514 515 516 524 526 528 533 536
 537 543 545 546 547 551 555 560 564 567 568 569 570 571 572 573 579 581
 582 583 588 589 592 598 599 600 603 604 609 612 614 619 620 622 623 627]

========== Cluster 1 ==========

Base classifier: GaussianNB()

Minority Class: 0

Selected Features: [ 0  1  2  3  4  5  6  7  8  9 10 11 12 13 14 15 16 17 18 19 20 21 22 23
 24 25 26 27 28 29 30]

Labels: [0 1 1 0 0 0 1 0 0 0 0 1 0 0 1 1 1 1 1 0 0 1 1 0 0 0 1 1 0 1 1 0 0 1 1 1 1
 0 0 0 1 1 0 1 1 0 1 1 1 0 1 1 1 0 1 1 1 0 0 1 0 1 0 1 1 0 0 1 1 0 0 1 0 1
 0 1 1 0 0 1 0 1 1 0 1 0 0 0 1 1 0 0 0 0 0 0 1 1 0 0 1 1 1 1 1 1 0 1 1 1 0
 1 1 1 0 0 1 1 0 1 0 1 1 1 1 1 1 0 1 1 1 1 1 1 0 1 1 1 1 0 0 1 1 1 0 0 0 1
 0 1 1 0 0 1 0 0 0 0 0 0 1 1 0 0 1 1 0 1 1 0 0 1 0 0 1 0 1 0 1 1 1 1 1 1 0
 0 1 0 0 0 1 1 1 0 0 0 0 1 0 0 1 0 0 0 1 1 1 0 1 1 1 0 0 1 1 0 0 0 1 0 0 0
 0 0 1 1 1 1 1 0 0 0 1 1 1 0 0 0 0 0 0 0 1 0 0 0 0 0 1 1 0 0 0 0 0 1 1 0 0
 0 0 1 0 1 0 0 0 1 1 0 1 1 1 0 1 1 0 1 1 0 0 0 0 1 1 0 1 0 0 0 1 0 0 0 0 1
 0 0 0 1 1 0 1 1 1 0 1 1 1 0 1 1 0 1 1 0 1 1 1 0 0 0 0 0]

Synthetic samples indexes: [  0   3   4   5   7   8   9  10  12  13  19  20  23  24  25  31  32  38
  39  42  45  49  53  57  58  60  62  65  66  69  70  72  74  77  78  80
  83  86  87  90  91  92  94  95  98  99 106 110 114 115 118 120 127 134
 139 140 144 145 146 148 151 152 154 155 156 157 158 159 162 163 166 169
 170 172 173 175 177 184 185 187 188 189 193 194 195 196 198 199 201 202
 203 207 211 212 215 216 217 219 220 221 222 223 229 231 235 236 237 238
 239 240 241 243 244 245 246 247 250 251 252 253 254 257 258 259 260 262
 264 265 266 269 273 276 279 280 281 282 285 287 288 289 291 292 293 294
 296 298 301 305 309 312 315 319 320 321 322 323]

