Clustering algorithm selected: kmeans++
=====================================

Clustering evaluation metric: dbc
Clustering evaluation value: 0.16567022770299303

========== Cluster 0 ==========

Base classifier: GaussianNB()

Minority Class: 0

Selected Features: [ 0  1  2  3  4  5  6  7  8  9 10 11 12 13 14 15 16 17 18 19 20 21 22 23
 24 25 26 27 28 29 30]

Labels: [1 0 1 0 1 0 1 0 1 1 0 0 0 1 1 0 0 0 1 1 0 0 1 0 0 1 0 0 1 1 1 0 0 0 0 1 0
 0 1 0 1 1 0 1 1 0 0 1 0 0 1 0 1 0 1 1 0 1 1 0 0 1 1 0 0 0 0 0 1 1 0 1 1 1
 0 1 0 0 0 1 0 0 1 1 1 0 0 1 0 1 1 0 1 1 1 1 1 1 0 1 1 0 0 1 0 0 0 1 0 1 0
 0 1 0 1 1 0 1 0 0 1 0 1 1 1 0 1 0 0 0 1 0 1 0 1 1 0 1 1 0 1 0 1 1 1 0 0 1
 0 1 1 1 0 0 0 0 0 0 1 1 1 1 0 1 0 0 0 0 0 1 1 0 0 1 0 1 1 0 1 0 1 0 1 1 1
 1 0 0 1 0 1 0 0 1 1 1 1 0 0 0 1 0 0 1 1 0 1 0 1 1 1 1 1 0 0 1 0 1 0 1 0 1
 0 0 0 1 0 0 1 0 1 0 1 1 1 1 0 0 0 0 1 0 0 0 0 0 1 0 1 1 0 0 1 1 1 0 1 0 0
 1 1 1 0 0 1 0 1 0 0 1 0 0 0 1 1 1 1 0 1 0 1 0 0 1 0 0 1 1 0 1 0 0 0 1 1 1
 1 1 1 1 0 0 0 1 0 0 1 0 1 1 1 1 1 0 0 0 0 0 0 1 1 0 0 1 0 0 1 0 1 0 1 1 0
 1 1 1 0 1 0 1 0 1 0 0 0 0 0 1 0 1 1 0 1 0 0 0 0 0 1 1 0 1 0 1 0 1 0 1 1 0
 1 0 1 1 1 0 0 1 0 0 1 1 1 0 1 1 1 1 1 1 1 0 1 0 0 1 0 1 1 0 1 1 0 1 0 0 0
 0 1 1 1 0 1 1 1 1 0 1 0 0 0 1 0 1 0 1 0 0 1 0 1 0 1 0 0 1 0 0 1 1 0 1 1 0
 0 0 0 1 0 0 1 0 1 1 1 0 0 0 1 0 0 0 0 1 1 1 0 0 0 1 0 0 0 1 0 1 0 0 1 1 1
 1 0 0 0 0 1 1 1 0 1 0 0 0 1 0 0 1 0 0 1 1 1 1 0 0 1 1 0 1 1 0 1 0 0 0 0 0
 1 0 1 0 1 0 1 0 1 0 1 0 1 1 0 1 1 1 0 1 1 1 0 1 1 1 1 1 1 0 0 1 0 1 1 1 0
 1 0 1 0 1 1 0 1 1 1 1 0 0 1 0 1 0 0 0 0 0 0 0 0 0 1 1 1 1 1 1 1 1 1 1 0 0
 0 0 0 1 1 0 1 0 0 0 1 0 1 1 1 0 0 0 0 0 0 1 1 1 0 0 1 0 1 1 0 1 1 1]

Synthetic samples indexes: [  0   2   4   6   8   9  13  18  19  22  25  28  29  35  38  40  43  44
  47  50  52  54  55  57  58  61  68  69  71  73  75  79  82  83  84  87
  89  90  92  94  95  96  97  99 100 103 107 109 112 114 115 120 122 124
 126 130 132 134 135 137 138 140 142 144 147 149 150 151 158 159 161 169
 170 173 175 176 178 180 182 184 185 188 190 193 194 195 200 203 204 206
 208 209 210 215 217 221 225 228 230 232 233 235 240 246 248 249 252 253
 254 256 259 260 261 264 266 273 274 275 276 278 280 283 286 289 293 294
 295 296 297 298 303 306 308 309 310 311 319 320 323 326 328 330 331 333
 334 335 337 339 341 347 349 350 352 358 359 361 363 365 367 368 372 373
 377 380 381 382 384 385 386 387 388 389 390 392 395 398 400 401 403 408
 409 412 413 414 415 417 421 423 425 428 430 432 435 438 439 441 442 447
 450 452 453 454 458 463 464 465 469 473 475 478 479 480 481 486 487 488
 490 494 497 500 501 502 503 506 507 509 510 512 518 520 522 524 526 528
 530 531 534 535 537 538 539 541 542 543 544 545 546 549 551 552 553 555
 559 560 562 563 564 565 568 570 580 581 582 583 584 585 587 588 589 595
 596 598 602 604 605 606 615 618 621 623 624 625]

========== Cluster 1 ==========

Base classifier: GaussianNB()

Minority Class: 0

Selected Features: [ 0  1  2  3  4  5  6  7  8  9 10 11 12 13 14 15 16 17 18 19 20 21 22 23
 24 25 26 27 28 29 30]

Labels: [1 0 1 1 0 1 0 0 1 1 0 1 0 1 1 0 0 0 0 1 1 0 0 1 0 0 0 0 1 0 0 1 0 1 0 1 0
 0 0 0 0 1 1 1 0 0 1 1 0 1 1 0 1 1 1 0 0 1 1 1 0 1 0 0 1 1 0 1 0 0 0 1 1 1
 1 0 1 0 0 0 1 1 0 1 1 0 0 0 1 0 1 1 1 0 0 1 1 1 1 0 1 1 1 0 1 0 0 0 0 1 1
 0 1 0 1 0 1 1 1 0 1 0 0 1 1 0 1 1 1 0 1 1 1 0 0 0 0 0 0 0 1 1 0 1 1 1 1 0
 1 1 0 1 0 1 1 1 0 1 1 1 1 1 1 0 1 0 0 0 1 0 0 0 0 1 0 1 1 0 1 0 1 0 1 0 1
 1 1 1 0 1 0 1 1 0 0 0 0 0 1 1 0 1 1 1 0 1 0 0 1 1 0 1 0 0 1 1 1 1 1 0 1 1
 0 1 0 0 1 0 0 0 0 1 0 0 0 0 0 0 0 1 1 0 0 0 0 1 1 0 1 1 1 0 1 0 1 1 1 0 1
 0 0 0 0 1 1 1 1 0 1 1 0 1 0 0 0 1 1 0 1 0 0 1 0 0 0 0 1 1 0 0 1 1 1 1 1 0
 0 0 0 0 0 0 1 1 0 0 0 0 0 0 1 1 0 1 1 1 1 0 0 0]

Synthetic samples indexes: [  1   4   6   7  10  12  15  16  17  18  21  22  24  25  26  27  29  30
  32  34  36  37  38  39  40  44  45  48  51  55  56  60  62  63  66  68
  69  70  75  77  78  79  82  85  87  89  93  94 103 105 107 108 111 113
 115 119 121 125 129 133 134 135 136 137 138 139 142 147 150 152 156 163
 165 166 167 169 170 171 174 177 179 181 183 188 190 193 194 195 196 197
 200 204 206 207 210 212 213 219 222 224 225 227 228 229 230 232 233 234
 235 236 237 238 241 242 243 244 247 253 257 259 260 261 262 267 270 272
 273 274 277 279 280 282 283 284 285 288 289 295 297 298 299 300 301 304
 305 306 307 308 309 317 318 319]

