Clustering algorithm selected: kmeans++
=====================================

Clustering evaluation metric: dbc
Clustering evaluation value: 0.13384017073748122

========== Cluster 0 ==========

Base classifier: GaussianNB()

Selected Features: [3 5 4 7 1]

Labels: [0 0 2 1 0 2 2 0 0 1 2 2 0 1 0 0 0 1 0 2 0 1 0 1 2 0 0 2 0 0 0 0 0 0 0 1 0
 0 1 0 2 2 1 0 0 1 2 0 0 0 1 0 0 1 2 1 1 2 1 0 2 2 2 1 0 1 2 2 2 0 0 0 2 2
 0 2 0 1 0 0 2 0 0 0 2 2 2 0 0 0 1 0 2 1 1 2 2 0 0 2 2 2 0 2 2 0 0 0 0 0 2
 0 2 2 2 0 0 2 1 0 0 0 1 0 0 1 0 0 0 1 2 1 1 1 2 0 2 0 0 0 2 0 0 0 2 0 1 0
 2 0 0 1 2 2 0 0 0 2 0 0 1 1 2 0 0 0 2 0 0 2 0 0 0 1 2 1 0 1 0 0 2 0 0 0 0
 2 2 1 1 1 2 2 0 1 0 0 0 0 1 2 2 0 0 0 2 0 0 1 1 0 1 2 0 0 0 1 2 0 1 2 0 0
 0 1 2 1 1 0 1 1 1 1 1 0 2 0 1 2 1 0 2 2 0 0 0 1 0 2 0 2 2 0 0 2 0 2 0 0 2
 2 0 2 0 0 1]

========== Cluster 1 ==========

Base classifier: GaussianNB()

Selected Features: [3 1 7 6 4 8 5]

Labels: [1 0 1 0 1 0 1 2 1 0 0 2 0 0 1 0 0 0 2 2 1 0 2 1 1 0 0 0 0 1 2 0 1 1 2 2 1
 2 2 0 0 2 2 1 1 1 1 1 1 0 0 0 2 0 0 0 0 1 1 0 2 2 1 1 0 1 1 1 2 1 2 1 1 0
 1 0 2 0 2 1 0 0 2 0 2 0 0 0 2 1 0 2 0 1 2 2 0 2 2 0 0 2 2 2 2 0 1 1 2 2 1
 0 0 1 2 2 1 2 1 2 0 1 0 1 2 1 2 1 2 2 1 2 2 2 1 2 0 1 0 2 0 0 2 2 1 1 1 1
 1 0 2 0 1 2 2 1 1 1 2 2 2 2 0 0 0 2 1 0 2 2 1 0 2 1 0 1 1 1 1 0 2 1 2 2 2
 2 0 0 0 0 1 0 1 0 1 0 0 0 0 1 2]

========== Cluster 2 ==========

Base classifier: GaussianNB()

Selected Features: [2 1 3 8 6 0 7]

Labels: [2 0 0 1 1 0 0 2 2 1 0 2 2 2 0 0 1 0 0 0 2 1 0 1 2 2 2 2 0 0 2 1 0 2 0 1 1
 0 1 2 0 0 0 0 0 2 0 2 0 1 0 2 2 1 0 1 2 2 1 1 0 0 0 2 0 0 0 0 0 2 1 2 0 0
 0 0 2 2 1 0 0 0 1 2 1 1 2 0 0 1 2 2 0 0 2 1 2 2 0 0 0 2 0 2 2 0 1 0 0 2 0
 0 0 2 2 2 0 1 0 0 0 0 2 0 2 0 2 2 2 1 2 0 0 2 1 1 0 0 2 0 2 1 2 1 0 1 0 0
 0 2 1 2 2 1 0 1 2 2 2 2 1 2 1 0 2 1 0 0 0 0 2 2 0 1 2 0 2 2 0 1 1 2 1 2 1
 0 2 0 2 2 2 1 2 2 0 0 2 2 2 0 2 0 2 1 2 0 0 2 1 0 2 2 2 2 1 0 0 2 1 2 2 0
 2 0 0 0 2 0 0 0 0 2 2 1 0 2 0 2 1 1 0 2 1 2 1 0 0 1 0 0 2 0 0 2 0 2 0 1 2
 2 0 2 0 2 0 1 2 0 0 0 0 2 0 2 0 0 1 1 0 2 1 0 2 0 1 0 1 2 2 0 2 0 2 0 1 2
 1 2 1 0 1 2 2 1 0 2 1 1 2 0 0 2 1 1 1 1 2 0 1 1 1 1 2 0 1 2 2 0 2 0 1 0 1
 2 0 2 1 1 2 2 2 0 2 0 2 1 0 1 2 2 0 0 0 2 2 1 2 0 1 2 0 2 0 0 2 2 2 2 2 0
 0 2 0 0 0 2 2 0 2 0 0 0 0 0 1 0 0 0 0 0 0 0 0 0 1 0 1 0 2 0 0 0 0 0 0 0 0
 0 2 0 1 2 0 0 0 0 1 2 2 2 0 0 2 2 1 2 2 0 2 2 2 2 0 0 2 2 0 1 0 0 1 0 2 0
 2 1 1 0 0 0 0 2 1 0 2 2 2 0 1 0 0 2 2 0 1 2 0 0 0 2 1 0 1 1 0 2 0 1 0 2 1
 2 0 2 0 2 0 0 2 0 2 0 2 0 2 0 1 0 0 2 0 2 0 2 0 1 1 2 2 0 0 0 0 0 0 0 2 0
 0 1 2 2 2 0 2 0 2 1 2 1 2 1 0 0 1 0 0 0 0 2 1 0 1 0 0 2 0 0 2 2 2 1 2 1 2
 1 2 0 2 2 2 2 0 0 0 0 1 2 0 1 0 1 2 2 2 2 0 2 2 0 0 2 1 2 2 0 0 0 1 0 2 1
 0 1 1 2 0 0 0 2 0 1 2 1 2 1 1 2 0 1 2 2 2 0 2 1 0 0 2 2 0 2 2 2 0 0 2 0 2
 0 0 2 2 0 2 2 0 0 0 2 2 2 0 2 1 2 0 0 2 1 0 1 2 2 0 0 2 2 0 0 2 1 1 1 1 1
 0 0 0 1 0 0 1 2 2 0 1 0 0 2 0 1 1 2 1 0 1 2 2 0 2 2 1 2 2 0 2 1 0 1 0 0 0
 2 0 0 1 1 2 1 0 1 1 2 2 1 0 0 0 2 2 1 0 0 1 2 0 2 0 0 2 0 0 0 2 2 2 0 0 1
 2 0 0 2 2 2 2 2 2 2 2 1 1 2 1 2 2 2 0 2 0 1 1 0 0 2 2 0 0 1 1 2 2 0 0 2 2
 2 0 2 0 2 0 1 0 0 0 0 0 0 0 0 0 0 1 0 1 0 0 1 0 0 2 0 2 2 2 0 0 1 2 2 0 2
 0 0 1 0 0 0 0 2 2 0 2 2 1 2 2 0 1 0 2 2 1 1 2 2 2 0 2 1 1 2 2 0 0 1 2 2 2
 2 0 2 0 1 0 0 2 0]

