Clustering algorithm selected: kmeans++
=====================================

Clustering evaluation metric: dbc
Clustering evaluation value: 0.1079196371950215

========== Cluster 0 ==========

Base classifier: GaussianNB()

Minority Class: 0

Selected Features: [0 1 2 3 4 5 6 7]

Labels: [0 1 0 0 1 1 1 1 0 0 0 1 0 0 0 0 1 1 0 0 1 1 1 1 1 0 0 1 1 0 0 0 1 0 1 1 1
 0 1 1 1 0 1 0 1 0 1 0 0 0 0 0 0 1 0 0 0 0 1 1 1 0 0 1 1 0 0 1 0 1 0 1 1 1
 1 1 1 1 0 0 0 0 0 0 1 1 1 1 1 0 0 1 1 0 1 1 0 0 1 0 1 1 1 0 1 0 1 0 1 0 0
 0 0 1 1 0 1 0 0 1 0 0 0 0 0 1 1 1 0 0 0 1 0 0 1 1 0 0 1 0 1 1 0 1 1 1 1 1
 1 1 1 0 0 1 0 0 0 1 0 0 1 0 1 1 0 1 0 0 1 0 1 1 0 1 1 1 1 1 1 0 1 0 1 0 0
 1 1 1 0 1 1 0 0 1 0 1 1 1 0 0 0 0 1 0 0 1 0 1 1 1 1 0 1 0 0 0 0 1 0 1 1 1
 1 1 0 0 0 0 0 0 0 0 1 1 1 1 1 0 0 1 1 0 1 0 1 1 1 1 0 1 1 0 0 1 0 0 0 1 0
 1 0 0 1 0 1 0 0 0 1 0 0 1 1 0 1 0 1 0 0 1 0 0 0 0 1 0 1 1 0 0 1 0 1 0 0 0
 1 1 1 1 1 0 0 0 0 0 1 0 0 0 0 0 0 0 0 0 1 1 1 1 1 0 1 1 0 1 0 1 0 0 1 1 0
 0 1 0 0 1 1 0 1 1 0 0 0 0 0 0 1 0 1 1 0 0 1 1 0 1 1 0 1 0 1 0 1 0 0 0 1 0
 1 0 0 1 1 0 0 0 0 0 1 0 0 0 1 1 0 0 0 1 0 0 0 1 1 0 1 0 1 0 1 0 1 1 0 0 0
 1 1 0 1 1 0 1 1 0 0 1 0 0 1 1 0 1 1 0 1 1 0 0 1 0 1 1 1 0 0 1 1 0 1 1 0 1
 1 1 1 1 1 0 1 0 1 0 0 0 1 0 1 1 0 1 0 0 0 0 0 0 0 1 0 0 0 1 0 0 1 0 0 0 1
 0 1 0 1 0 1 0 1 1 1 0 0 1 1 1 1 0 0 0 1 1 0 0 1 1 0 1 1 0 0 1 0 1 0 1 0 1
 1 0 0 0 0 0 0 1 1 0 1 1 1 1 1 1 1 0 1 1 0 1 1 1 0 1 1 1 0 1 1 1 0 0 0 1 1
 0 0 1 0 1 1 0 0 0 0 0 1 1 0 0 1 0 1 0 1 1 0 1 0 0 0 1 1 1 1 0 0 1 0 0 1 0
 0 1 1 0 1 1 0 0 0 1 1 1 1 0 1 0 1 1 0 0 0 1 0 1 1 0 1 0 0 1 1 1 0 1 1 0 1
 0 1 0 0 0 1 1 1 1 0 1 1 0 1 1 1 0 0 1 0 1 1 1 1 1 0 1 0 1 1 1 0 1 0 0 1 0
 1 0 0 1 0 0 1 1 1 1 1 1 0 0]

Synthetic samples indexes: [  4   6  11  16  20  23  28  34  35  40  42  46  53  58  60  63  67  69
  71  72  74  76  77  84  86  87  88  94 100 101 102 104 108 113 114 116
 125 126 127 131 134 135 138 140 141 143 146 147 148 149 150 153 157 160
 163 165 168 170 171 174 175 178 182 185 186 187 189 190 195 196 207 209
 210 212 217 219 220 222 223 232 233 234 235 236 242 246 250 253 259 262
 264 271 272 276 279 284 287 290 296 297 298 299 300 306 316 317 320 323
 325 330 334 340 341 348 350 351 355 358 360 362 364 370 373 380 384 389
 393 396 398 402 408 410 413 417 421 423 424 426 432 434 438 441 444 445
 447 452 456 461 469 476 480 482 484 486 489 490 493 495 496 500 504 507
 508 511 513 517 518 525 528 529 531 533 536 537 539 541 543 545 547 554
 557 559 581 582 584 590 593 594 596 597 601 602 603 604 608 613 615 616
 621 622 623 625 634 635 636 639 640 643 647 650 651 653 655 657 659 664
 669 672 676]

========== Cluster 1 ==========

Base classifier: GaussianNB()

Minority Class: 0

Selected Features: [0 1 2 3 4 5 6 7]

Labels: [1 0 1 1 0 0 1 1 1 1 0 0 1 0 1 0 0 1 1 0 1 0 0 0 1 1 1 1 0 0 1 0 0 0 1 1 0
 0 0 0 1 0 1 0 0 1 1 1 1 1 1 0 0 0 1 1 1 1 0 1 1 0 0 0 0 1 0 0 0 1 1 1 0 0
 0 1 1 0 1 0 0 1 0 1 1 1 0 1 1 0 1 1 1 1 0 0 0 0 1 0 1 1 0 1 0 0 0 0 0 0 1
 1 0 1 0 1 0 0 0 1 0 0 1 0 0 0 1 1 0 0 0 1 1 1 0 0 0 1 1 1 1 0 0 1 1 1 1 1
 0 1 0 0 1 1 0 1 1 1 0 1 1 1 0 1 0 1 0 0 1 1 1 0 0 0 1 0 1 0 0 0 0 0 1 0 0
 1 0 0 0 1 0 0 0 0 1 1 0 1 0 1 0 0 1 1 1 0 0 1 1 1 1 1 0 0 0 0 1 1 0 1 0 1
 0 0 1 1 1 1 1 0 1 1 1 0 1 1 0 0 0 1]

Synthetic samples indexes: [  1  11  39  52  82 109 141 175 192 212]

