Clustering algorithm selected: fcm
=====================================

Clustering evaluation metric: dbc_ss
Clustering evaluation value: 0.19061895516977695

========== Cluster 0 ==========

Base classifier: GaussianNB()

Selected Features: [5 3 1 2 0 4]

Labels: [0 0 0 0 0 0 0 0 0 0 0 1 1 0 0 1 0 0 0 0 0 0 0 1 1 0 0 0 0 0 0 0 0 0 0 0 0
 0 0 0 0 0 0 0 0 0 0 0 0 0 0 0 0 0 1 0 0 0 1 0 1 0 0 0 1 0 0 0 0 1 0 0 0 0
 0 0 0 0 0 0 1 0 0 1 0 0 0 0 0 0 0 0 0 0 0 0 0 0 0 0 0 0 0 1 0 0 0 0 0 0 0
 0 0 0 0 0 0 0 0 0 0 0 0 0 0 0 0 0 0 0 0 0 1 0 1 0 1 1 0 0 0 0 0 0 0 0 0 0
 0 0 0 0 0 0 0 0 0 0 0 0 0 0 0 0 0 0 0 0 0 1 0 1 0 0 0 0 1 0 0 0 0 0 0 0 0
 0 0 0 0 0 0 0 0 0 1 1 0 0 0 1 0 0 0 0 1 0 0 0 0 0 1 0 0 0 0 0 0 0 0 0 0 1
 0 0 0 0 0 0 0 0 0 0 0 0 1 0 0 0 0 0 0 0 0 0 0 0 0 1 0]

========== Cluster 1 ==========

Base classifier: GaussianNB()

Selected Features: [1 6 4 7 3 0 5]

Labels: [0 0 1 0 1 0 1 0 1 0 0 0 1 0 0 1 1 0 1 1 0 1 0 0 1 0 0 0 1 0 0 0 0 1 0 1 1
 0 1 0 1 0 1 1 0 1 1 1 1 0 1 0 0 0 1 1 0 0 1 1 1 1 1 1 1 0 0 1 1 1 1 0 0 0
 1 0 0 0 1 1 0 0 1 1 1 1 0 1 0 0 1 0 0 1 1 1 0 0 0 0 1 1 0 1 0 1 1 0 0 1 0
 0 1 0]

========== Cluster 2 ==========

Base classifier: GaussianNB()

Selected Features: [1 6 7 5 4 3 2]

Labels: [1 1 1 1 1 0 0 0 0 1 0 0 0 1 0 0 1 0 0 0 1 0 1 0 1 0 1 0 0 0 0 1 1 0 0 0 0
 0 1 1 0 0 1 0 0 1 0 0 0 0 0 0 1 0 0 0 0 0 0 0 1 0 0 0 1 1 1 1 0 1 1 1 1 0
 0 1 0 0 1 0 0 0 0 1 0 0 0 0 1 0 0 1 0 1 1 0 0 0 0 0 0 0 0 0 1 1 1 0 0 0 1
 1 1 0 0 1 0 1 1 0 1 1 1 1 0 0 0]

========== Cluster 3 ==========

Base classifier: GaussianNB()

Selected Features: [1 4 2 7 0]

Labels: [0 0 0 0 1 0 0 0 0 1 1 0 1 1 0 0 0 1 1 0 1 1 0 1 1 0 1 1 0 0 0 0 1 1 1 0 0
 1 1 1 0 1 0 1 1 1 1 1 1 1 1 0 1 0 0 1 0 1 1 1 0 0 1 0 0 1 1 0 1 0 1 1 1 1
 0 0 0 1 0 0 1 0 0 0 0 0 1 1 0 1 1 0 1 0 0 0 1 0 1 1 1 1 1 1 1 1 1 1 1 1 0
 0 1 1 0 0 0 0 1 1 1 1 0 1 0 1 1 1 0 0 0 1 1 1 1 0 0 1 0 0 0 0 0 1 1 0 1 0
 1 1 1 0 0 0 0 0 0 1 0 0 1 0 1 1 1 0 0 0 1 1 1 1 1 1 0 1 1 1 1 1 1 0 0 0 0
 1 0 1 1 0 1 1 0 0 0 1 1 0 1 1 1]

