Clustering algorithm selected: kmeans++
=====================================

Clustering evaluation metric: dbc_ss
Clustering evaluation value: 0.29191104946564395

========== Cluster 0 ==========

Base classifier: GaussianNB()

Selected Features: [32  3 34 33 37 20 36 31 27 17 23 22 13 12  7  5  8  4  9  2  1 10 11  6
 18 14 15 16 19 21 24 25 26]

Labels: [1 0 1 1 0 0 0 0 1 0 0 0 0 0 0 0 0 1 0 1 0 0 0 0 0 1 1 0 0 0 0 0 0 1 0 0 0
 0 0 0 1 0 0 1 1 0 0 0 0 0 0 1 1 0 1 0 0 0 1 0 0 0 0 0 0 0 0 0 0 0 0 1 0 0
 0 0 0 1 0 0 0 1 0 0 1 1 0 0 0 1 1 1 1 1 1 0 0 1 1 0 0 0 0 0 0 1 0 1 1 0 0
 1 0 0 0 1 0 0 0 0 0 0 0 0 1 0 0 1 1 1 0 0 0 1 0 0 0 1 0]

========== Cluster 1 ==========

Base classifier: GaussianNB()

Selected Features: [32 34 37 33 31 17 15  2  7 35 26 30 36  6  3 10 16 13 20  5 19 28 21 23
  0  8  4 18 12 11 14  9 22]

Labels: [1 0 1 1 1 0 1 0 1 1 0 0 0 1 0 0 0 0 0 0 1 0 1 0 0 0 0 0 0 1 1 0 1 1 1 1 1
 1 0 0 1 1 1 1 0 0 1 1 0 0 1 0 0 1 1 1 0 1 1 1 1 0 0 0 1 0 0 0 1 1 0 0 0 1
 1 0 0 1 1 0 0 0 1 1 1 0 1 1 0 0 0 1 0 1 1 0 0 1 0 1 0 1 1 0 1 1 0 0 0 0 0
 1 0 0 1 1 1 1 0 1 1 0 1 1 1 1 0 1 0 0 1 0 0 0 1 1 0 1 1 1 0 0 1 1 0 1 1 0
 0 1 0 1 1 0 0 0 1 1 1 1 0 0 1 0 0 0 0 1 0 1 1 1 0 0 0 0 1 1 1 1 1 0 1 0 0
 1 0 1 0 1 1 1 0 1 0 1 1 1 0 1 0 1 1 1 0 1 0 1 0 1 1 0 1 0 1 0 1 1 0 1 1 0
 1 0 1 1 0 1 1 1 0 1 1 1 0 1 1 1 1 0 0 1 1 0 0 0 1 0 0 0 1 1 0 1 1 1 1 1 1
 1 1 1 1 1 1 1 1 0 0 0 0 0 0 0 0 0 0 0 0 0 0 0 0 1 0 0 1 1 1 0 1 0 1 1 1 0
 0 0 1 0 1 1 0 0 1 0 1 1 1 0 1 1 1 1 0 1 0 1 1 0 0 0 1 0 0 0 1 0 0 0 1 1 1
 0 1 1 0 0 0 1 1 1 1 1 1 1 1 1 1 0 0 1 0 1 0 0 1 1 1 1 1 1 0 0 0 1 1 1 0 0
 1 1 0 0 1 0 1 0 1 1 1 0 1 1 1 1 0 1 1 1 0 1 0 1 1 1 0 0 1 0 1 1]

========== Cluster 2 ==========

Base classifier: GaussianNB()

Selected Features: [17 23  4  2 11  5 27 30 26 31 18  0  3 20 25 14 37 21]

Labels: [0 0 0 0 0 1 0 0 0 0 0 0 0 0 0 0 0 1 0 0 0 0 1 0 0 1 0 0 0 0 1 0 0 0 1 0 0
 1 0 1 1 0 0 1 0 0 0 0 0 0 0 1 0 0 0 1 0 0 0 0 1 0 1 0 0 0 1 0 1 0 0 0 0 0
 0 0 1 0 0 0]

