Clustering algorithm selected: spectral
=====================================

Clustering evaluation metric: dbc
Clustering evaluation value: 0.4152253470587556

========== Cluster 0 ==========

Base classifier: LogisticRegression()

Minority Class: 1

Selected Features: [17 16  4  0  3  6 14  9 19 20  2 12 11  8  7 13  5 15]

Labels: [2 0 0 0 0 0 2 0 2 2 2 0 0 0 2 0 0 2 2 2 0 0 2 1 2 0 0 2 2 2 0 0 0 0 0 0 0
 2 0 0 0 2 2 0 0 0 2 0 0 2 0 0 0 2 2 0 0 0 2 2 1 0 1 0 0 0 2 2 0 0 0 0 0 0
 0 0 2 0 0 0 0 2 2 0 2 0 0 0 0 0 0 2 0 2 0 2 2 2 1 0 2 1 2 2 2 0 0 2 0 0 0
 2 0 2 0 2 0 2 1 2 1 1 0 0 0 2 0 2 0 0 0 2 0 2 1 0 0 2 1 2 1 2 2 0 0 2 2 2
 1 2 2 2 0 0 2 0 2 2 2 0 0 0 2 1 0 0 0 0 0 0 1 0 2 1 0 1 0 2 2 0 2 1 2 2 0
 0 0 0 2 0 0 2 2 2 0 2 0 1 2 0 2 0 0 0 1 2 0 1 0 0 2 0 2 1 2 2 2 0 0 2 0 2
 0 0 2 1 2 1 2 0 2 2 1 0 0 2 0 1 2 0 2 1 1 2 0 2 0 0 0 2 2 2 1 2 2 2 0 0 0
 2 2 0 0 0 0 2 2 0 0 1 2 1 2 0 0 2 2 0 1 0 2 0 2 0 0 0 0 2 1 1 2 0 0 0 0 0
 2 0 2 0 1 0 2 0 2 0 0 0 0 0 0 2 0 2 0 2 1 0 0 0 0 0 2 0 0 0 0 0 2 0 1 1 2
 2 2 0 2 0 2 0 0 0 1 0 0 0 2 0 2 0 2 2 2 0 0 2 0 0 2 0 2 0 1 1 2 0 0 0 2 0
 0 0 0 2 0 1 2 2 2 0 2 2 2 1 0 0 0 1 0 0 0 0 0 2 0 0 0 0 0 2 2 2 2 0 2 2 0
 0 0 1 0 2 1 0 0 2 1 0 2 2 0 1 0 0 2 2 1 1 1 2 1 2 2 2 2 2 2 1 1 0 0 0 0 0
 0 0 0 0 0 0 0 2 0 0 0 0 2 0 0 0 0 0 0 2 2 2 1 1 2 0 2 0 1 0 0 2 2 2 0 0 2
 0 2 0 2 0 1 0 0 2 2 0 2 0 0 0 2 2 0 0 2 2 2 0 0 2 0 0 0 0 0 2 0 0 1 0 0 2
 1 0 2 0 2 2 2 0 0 0 0 0 2 0 0 1 1 2 0 2 1 2 0 0 2 2 2 0 2 2 0 0 2 2 0 0 2
 0 0 2 1 0 0 2 2 1 1 2 2 1 2 1 2 1 0 1 2 2 0 0 2 0 1 0 2 0 2 0 1 0 0 0 0 0
 0 0 0 1 0 0 0 2 0 2 0 1 1 2 0 2 0 2 0 0 0 2 1 2 0 0 0 0 0 2 2 2 0 2 2 0 0
 0 2 2 0 0 2 1 1 0 0 2]

========== Cluster 1 ==========

Base classifier: LogisticRegression()

Minority Class: 1

Selected Features: [17 19 13  0  9 16  6  5 15  4  8  1  2  3 20  7 11 12]

Labels: [1 1 1 0 2 1 2 0 0 1 1 0 1 0 1 1 1 2 2 0 0 0 2 1 1 1 1 0 1 2 0 1 2 0 2 1 0
 1 1 1 2 2 1 1 0 0 0 0 0 0 1 0 2 1 0 1 2 0 0 1 0 0 0 1 2 2 1 1 0 1 2 2 1 2
 1 2 0 0 2 0 0 2 2 2 1 1 2 0 1 0 0 1 1 0 0 0 0 2 1 0 1 0 2 1 1 0 0 0 0 2 1
 1 1 1 1 2 1 1 2 2 1 2 2 1 1 2 2 0 2 2 0 0 2 1 0 2 2 1 1 0 1 1 2 2 1 1 2 0
 2 1 0 1 2 0 0 1 1 1 1 1 2 2 0 0 1 0 1 2 2 2 2 2 0 2 0 2 0 0 2 2 2 0 0 1 1
 1 1 0 2 2 1 0 0 1 2 0 0 1 0 2 0 2 2 0 2 1 0 2 1 1 0 1 0 0 0 1 0 1 0 0 1 2
 1 1 1 0 2 2 1 2 1 1 2 1 2 0 1 1 0 1 1 1 0 0 1 1 1 1 1 1 0 2 2 2 2 2 0 2 1
 0 0 1 0 1 2 0 2 2 2 1 1 0 1 2 0 0 2 0 2 0 1 2 0 1 2 0 2 0 0 2 2 2 2 1 0 2
 0 0 2 0 2 1 0 1 1 1 0 0 2 2 1 2 1 0 2 2 2 2 1 1 2 0 1 2 1 2 0 1 0 0 0 2 0
 2 1 1 1 2 1 2 0 0 0 1 2 0 1 1 0 0 0 1 2 0 0 2 1 2 1 0 0 1 0 0 0 2 0 1 0 0
 0 0 1 2 0 2 2 0 0 1 2 2 2 1 0 0 0 0 2 1 2 0 1 1 2 2 1 2 0 1 0 2 1 0 2 2 2
 2 2 0 0 2 2 0 0 0 0 2 0 1 0 2 0 1 0 0 0 0 2 2 2 1 2 2 2 1 2 2 1 2 2 2 2 1
 1 1 0 0 0 2 2 0 2 2 0 0 1 1 2 2 0 2 0 1 2 1 1 1 1 1 2 0 0 2 2 2 2 0 2 2 2
 0 1 2 1 0 1 0 1 0 0 1 0 2 0 1 2 2 0 2 2 2 1 0 2 1 2 2 1 1 2 1 1 0 1 1 1 1
 1 1 1 0 1 2 2 2 0 0 2 2 0 1 1 2 2 1 1 2 0 1 2 2 0 1 1 1 1 0 0 2 0 0 0 2 1
 2 1 0 1 0 1 1 2 1 2 0 1 0 1 1 0 2 2 0 0 0 0 0 0 2 1 1 0 2 2 2 1 1 2 2 1 1
 2 1 1 1 2 1 2 0 1 0 1 0 1 0 0 2 0 1 2 0 2 2 2 1 2 2 2 0 2 2 0 0 1 0 1 0 2
 0 2 0 0 0 1 0 2 0 2 0 2 0 2 0 0 1 0 0 2 1 2 0 2 2 2 1 0 1 0 2 2 1 1 2 2 1
 0 1 2 2 1 0 1 0 2 2 0 2 2 0 0 0 0 1 2 0]

