Clustering algorithm selected: spectral
=====================================

Clustering evaluation metric: dbc
Clustering evaluation value: 0.17493570608136272

========== Cluster 0 ==========

Base classifier: SVC(probability=True)

Minority Class: 1

Selected Features: [1 2 3 0]

Labels: [2 0 0 1 1 0 0 2 2 1 0 2 2 2 0 0 1 0 0 0 2 1 0 0 1 2 2 2 2 0 0 0 2 1 0 0 2
 2 0 1 1 0 1 2 0 0 0 0 0 2 0 2 0 1 0 2 2 1 0 1 2 2 1 1 0 0 0 2 0 0 0 0 0 0
 2 1 2 0 0 0 0 2 2 1 0 0 0 1 2 1 1 2 1 0 0 1 2 2 0 0 2 1 2 2 0 0 0 0 2 0 2
 0 2 0 1 0 0 2 0 0 0 2 2 2 0 0 1 0 0 0 0 2 0 2 0 2 2 2 1 2 0 0 2 1 1 0 0 2
 0 2 1 2 2 1 0 1 0 2 0 0 2 1 2 2 1 0 1 2 2 2 0 2 2 1 2 1 0 2 1 0 0 0 0 2 2
 0 1 2 0 2 2 0 1 0 1 2 1 2 1 0 2 0 2 2 2 1 2 2 0 0 2 2 2 0 2 0 2 1 2 0 0 2
 1 0 2 2 2 2 1 0 0 2 1 2 2 0 2 0 0 0 2 0 0 0 0 2 2 1 0 1 2 0 2 1 1 0 2 1 0
 2 1 0 0 1 0 0 0 2 0 0 2 0 2 0 1 2 2 0 2 0 2 0 1 2 0 0 0 0 0 0 1 2 0 2 0 0
 1 1 0 2 1 0 0 2 0 1 0 1 2 2 0 0 0 2 0 2 0 1 2 1 2 1 0 1 2 2 1 0 2 2 1 1 2
 0 0 2 1 1 1 1 2 0 0 1 1 1 1 2 0 1 2 2 0 2 0 0 1 0 1 2 0 2 1 1 2 2 2 0 2 0
 0 2 1 0 2 1 2 2 0 0 0 0 0 2 2 0 1 2 0 1 2 0 2 0 0 2 2 2 2 1 2 0 1 0 0 2 2
 0 1 0 0 2 2 0 2 0 0 0 0 1 1 1 0 2 0 0 2 0 0 0 2 1 0 0 2 0 0 2 0 1 0 0 1 2
 2 1 0 2 1 2 0 2 0 0 0 0 0 2 0 0 0 0 0 0 2 0 1 2 2 2 1 2 2 2 0 2 0 2 0 1 0
 0 2 0 0 0 2 0 1 2 2 2 0 0 2 0 0 2 1 0 0 0 1 0 0 2 1 2 0 1 0 0 0 2 0 0 2 0
 0 2 0 0 2 2 0 0 0 2 1 2 2 2 0 1 2 0 1 0 2 0 0 0 0 0 0 0 0 0 2 0 1 2 0 0 0
 0 1 2 2 2 0 0 2 2 1 2 2 2 0 2 2 2 2 2 0 0 2 2 0 0 1 0 0 1 0 2 0 2 1 1 0 0
 0 0 2 1 0 2 2 2 0 1 0 0 2 2 0 1 2 0 0 0 2 1 0 1 1 0 2 0 1 0 2 1 2 0 2 0 0
 2 0 0 2 0 2 0 2 0 2 2 0 1 0 0 2 0 2 0 2 0 1 1 2 2 0 2 0 0 0 0 0 0 0 2 0 0
 1 2 2 1 2 2 0 2 0 0 2 1 2 1 0 2 1 0 0 1 0 0 0 0 2 1 0 1 0 0 2 2 0 0 2 0 2
 2 1 2 1 2 1 2 0 2 2 2 2 0 0 0 0 1 2 0 1 0 1 2 2 2 0 2 0 2 2 0 0 2 1 2 2 0
 2 0 0 1 0 2 1 0 1 0 1 0 2 0 0 0 0 2 2 0 1 2 1 2 1 1 2 0 1 2 2 2 0 2 1 0 0
 2 2 2 0 2 2 2 0 0 2 0 2 0 0 2 2 0 2 2 0 0 0 2 2 2 0 2 1 2 0 0 2 1 0 1 2 2
 0 0 2 2 2 0 0 2 1 1 1 1 1 1 1 2 1 1 1 1 1 1 1 2 2 2 2 0 2 0 2 0 1 0 0 0 0
 0 0 0 0 0 0 0 1 0 1 0 0 1 0 0 2 0 2 2 2 0 0 1 2 2 0 2 0 2 0 2 0 1 0 0 0 0
 2 2 0 2 2 1 2 2 0 1 0 2 0 2 1 1 2 2 2 0 2 1 1 2 2 0 0 0 1 2 2 2 2 0 2 0 2
 1 0 0 2 0]

========== Cluster 1 ==========

Base classifier: LogisticRegression()

Minority Class: 1

Selected Features: [3 4 1 5 7 6]

Labels: [0 1 0 2 0 1 1 0 1 2 0 2 1 0 1 2 1 2 0 0 2 1 0 0 0 0 1 0 1 2 0 0 0 0 2 2 1
 0 1 2 0 0 2 0 0 0 2 1 0 1 0 0 0 1 0 0 0 1 0 1 0 2 1 0 1 0 1 2 2 1 1 2 2 0
 0 0 0 1 2 2 1 1 0 1 0 1 1 2 1 1 1 1 2 0 0 1 0 2 0 0 2 0 2 2 1 0 0 0 1 1 2
 2 2 2 0 0 2 2 2 2 1 1 0 1 0 2 0 1 1 2 2 2 1 2 1 0 0 0 1 1 0 2 1 1 1 0 2 2
 2 0 2 0 2 2 2 1 0 2 0 0 2 0 0 1 2 2 0 1 2 0 1 0 2 1 0 2 0 1 2 2 1 0 2 2 2
 2 0 0 2 0 0 1 0 0 1 1 0 1 1 1 2 0 0 0 0 2 0 1 2 0 2 0 1 1 2 0 0 1 0 0 1 1
 2 0 0 2 0 0 1 2 2 0 1 2 0 1 2 1 1 2 0 0 0 0 0 2 0 0 0 2 2 0 1 0 2 2 2 2 0
 0 1 1 2 0 0 1 2 2 0 1 0 0 1 2 2 0 1 1 2 0 2 1 2 0 0 1 0 1 0 0 2 1 2 1 2 2
 0 1 2 1 1 1 0 2 0 2 0 2 1 2 0 1 0 2 2 1 1 1 0 0 2 2 0 1 2 1 0 1 0 1 1 0 0
 1 1 0 2 0 2 2 1 2 1 0 0 1 1 2 1 1 1 1 2 2 1 1 2 2 2 2 2 1 0 0 2 2 0 0 0 0
 1 0 0 2 1 0 0 1 0 2 0 2 0 0 2 1 2 0 0 0 0 1 0 0 1 2]

