Clustering algorithm selected: spectral
=====================================

Clustering evaluation metric: dbc
Clustering evaluation value: 0.1731918521451877

========== Cluster 0 ==========

Base classifier: LogisticRegression()

Minority Class: 2

Selected Features: [3 5 4 1 6]

Labels: [0 1 0 2 0 1 1 0 1 2 0 2 1 0 1 2 1 2 0 0 2 1 0 0 0 1 0 1 2 0 0 0 0 2 2 1 0
 1 2 0 0 2 0 0 2 1 0 1 0 0 0 1 0 0 0 1 0 1 0 2 1 0 1 0 1 2 2 1 1 2 2 0 0 0
 1 2 2 1 1 1 2 2 0 0 1 1 1 2 1 0 0 0 1 1 0 2 1 1 1 0 2 2 2 0 2 0 2 2 2 1 0
 2 0 2 0 0 1 2 2 0 1 2 0 1 0 2 1 0 2 0 1 2 2 1 0 2 2 2 2 0 0 2 0 0 1 0 0 1
 1 0 1 1 1 2 0 0 0 2 0 1 2 0 2 0 1 1 2 0 0 1 0 0 1 1 2 0 0 2 0 0 1 2 2 1 2
 0 1 2 1 1 2 0 0 0 0 0 2 0 0 0 2 2 0 1 0 2 2 2 2 0 0 1 1 2 0 0 1 2 2 0 1 0
 0 1 2 2 0 1 1 2 0 2 1 2 0 0 1 0 1 0 0 2 1 2 1 2 2 0 1 2 1 1 1 2 0 2 0 2 1
 2 0 1 0 2 2 1 1 1 0 0 2 2 0 1 2 1 0 1 0 1 1 0 0 1 1 0 2 0 2 2 1 2 1 0 0 1
 1 0 2 2 0 0 2 2 2 0 1 0 1 0 2 0 0 0 0 2 1 2 1 0 0 1 2 2 2 1 0 2 0 0 0 1 1
 1 1 1 1 0 1 1 1 1 1 0 1 1 2 0 2 1 2 2 2 2 2 1 0 0 2 2 0 0 0 0 1 0 0 2 1 0
 0 1 0 2 0 2 0 0 2 1 2 0 0 0 0 1 0 0 1 2]

========== Cluster 1 ==========

Base classifier: SVC(probability=True)

Minority Class: 1

Selected Features: [1 0 3 6 7 2 5]

Labels: [2 0 0 1 1 0 0 2 2 1 0 2 2 2 0 0 1 0 0 0 2 1 0 0 1 2 2 2 2 0 0 0 2 1 0 0 2
 2 0 1 1 0 1 2 0 0 0 0 0 2 0 2 0 1 0 2 2 1 0 1 2 0 2 1 1 0 0 0 2 0 0 0 0 0
 0 2 1 2 0 0 0 0 2 2 1 0 0 0 1 2 1 1 2 1 0 0 1 2 2 0 0 2 1 2 2 0 0 0 0 0 2
 0 2 0 2 0 1 0 0 2 0 0 0 2 2 2 0 0 1 0 0 0 0 2 0 2 0 2 2 2 1 2 0 0 2 1 1 0
 0 2 0 2 1 2 2 1 0 1 0 2 0 0 2 1 2 2 1 0 1 2 2 2 0 2 2 1 2 1 0 2 1 0 0 0 0
 2 2 0 1 2 0 2 2 0 1 0 1 2 1 2 1 2 2 2 2 2 2 2 2 2 2 2 2 2 0 0 0 0 0 0 1 1
 0 1 1 0 2 2 1 1 2 0 0 2 1 1 1 1 2 0 0 1 1 1 1 2 0 1 2 2 0 2 0 0 1 0 1 2 0
 2 1 1 2 2 2 0 2 0 0 2 1 0 2 1 2 2 0 0 0 0 0 0 2 2 0 1 2 0 1 2 0 2 0 0 2 2
 2 2 1 2 0 1 0 0 2 2 0 1 0 0 2 2 0 2 0 0 0 0 1 1 1 0 2 0 0 2 0 0 0 2 1 0 0
 2 0 0 2 0 1 0 0 1 2 2 1 0 2 1 2 0 2 0 0 0 0 0 2 0 0 0 0 0 0 2 0 1 2 2 2 1
 2 2 2 0 2 0 2 0 0 1 0 0 2 0 0 0 2 0 1 2 2 2 0 0 2 0 0 2 1 0 0 0 1 0 0 2 1
 2 0 1 0 0 0 2 0 0 2 0 0 2 0 0 2 2 0 0 0 2 1 2 2 2 0 1 2 0 1 0 2 0 0 0 0 0
 0 0 0 0 0 2 0 1 2 0 0 0 0 1 2 2 2 0 0 2 2 1 2 2 2 0 2 2 2 2 2 0 0 2 2 0 0
 1 0 0 1 0 2 0 2 1 1 0 0 0 0 2 1 0 2 2 2 0 1 0 0 2 2 0 1 2 0 0 0 2 1 0 1 1
 0 2 0 1 0 2 1 2 0 2 0 0 2 0 0 2 0 2 0 2 0 2 2 0 1 0 0 2 0 2 0 2 0 1 1 2 2
 0 2 0 0 0 0 0 0 0 2 0 0 1 2 2 1 2 2 0 2 0 0 2 1 2 1 0 2 1 0 0 1 0 0 0 0 2
 1 0 1 0 0 2 2 0 0 2 0 2 2 1 2 1 2 1 2 0 2 2 2 2 0 0 0 0 1 2 0 1 0 1 2 2 2
 0 2 0 2 2 0 0 0 2 1 2 2 0 2 0 0 1 0 2 1 0 1 0 1 0 2 0 0 0 0 2 2 0 1 2 1 2
 1 1 2 0 1 2 2 2 0 2 1 0 0 2 2 2 0 2 2 2 0 0 2 0 2 0 0 2 2 0 2 2 0 0 0 2 2
 2 0 2 1 2 0 0 2 1 0 1 2 2 0 0 2 2 2 0 0 2 1 1 1 1 1 0 0 0 1 0 0 1 2 2 0 1
 0 0 2 0 1 1 2 1 1 0 1 2 2 0 2 2 1 2 2 0 2 1 0 1 0 0 0 2 0 0 1 1 2 1 0 1 1
 2 2 1 0 0 0 2 2 1 0 0 1 2 0 2 0 0 2 0 0 0 2 2 2 0 0 1 2 0 0 2 2 2 2 0 2 2
 2 2 2 1 1 2 1 2 2 2 0 2 0 1 1 0 0 2 2 0 0 1 1 2 2 0 0 2 0 2 2 1 0 2 0 2 0
 1 0 0 0 0 0 0 0 0 0 0 0 1 0 1 0 0 1 0 0 2 0 2 2 2 0 0 1 2 2 0 2 0 2 0 2 0
 1 0 0 0 0 2 2 0 2 2 1 2 2 0 1 0 2 0 2 1 1 2 2 2 0 2 1 1 2 2 0 0 0 1 2 2 2
 2 0 2 0 2 1 0 0 2 0]

