Clustering algorithm selected: spectral
=====================================

Clustering evaluation metric: dbc
Clustering evaluation value: 0.41192195362987044

========== Cluster 0 ==========

Base classifier: LogisticRegression()

Minority Class: 1

Selected Features: [17 16 13 12 18  9  2  5  7 15  8  3 20  1  4 10  6 19]

Labels: [2 0 0 0 0 0 2 0 2 2 2 0 1 0 0 2 0 0 2 2 2 0 0 2 1 2 0 0 2 2 2 0 0 0 0 0 0
 0 2 0 0 0 2 2 0 0 0 2 0 0 0 2 0 0 0 2 2 0 0 0 0 2 2 1 0 0 1 0 0 1 0 2 2 0
 0 0 0 0 0 0 0 0 2 0 0 0 0 2 2 0 2 0 0 0 0 0 0 2 0 2 0 2 2 2 1 0 2 0 1 2 2
 2 0 0 2 0 0 0 2 0 2 0 2 0 2 1 2 1 1 0 0 0 2 0 2 0 0 1 0 2 0 2 1 0 0 2 1 2
 1 2 2 0 0 2 2 2 1 2 2 2 0 0 2 0 2 2 2 0 0 0 2 1 0 0 0 0 0 0 1 0 2 1 0 1 0
 2 2 0 2 1 2 2 0 0 0 0 2 0 0 2 2 2 0 2 0 1 2 0 2 0 0 0 1 2 0 1 0 0 2 0 2 1
 2 2 2 0 0 2 0 2 0 0 2 1 2 1 2 0 2 2 1 0 0 2 0 1 2 0 2 1 1 2 0 2 0 0 0 2 2
 2 1 2 2 2 0 0 0 2 2 0 0 0 0 2 2 0 0 1 2 1 2 0 0 2 2 0 1 0 2 0 0 2 0 0 0 0
 2 1 1 2 0 0 2 0 0 0 2 0 2 0 1 0 2 0 2 0 0 0 0 0 0 2 0 2 0 2 1 0 0 0 0 0 2
 0 0 0 0 0 2 0 1 1 2 2 2 0 2 0 2 0 0 0 1 0 0 0 2 0 2 0 2 2 2 0 0 2 0 0 2 0
 2 0 1 1 2 0 0 0 0 2 0 0 0 0 2 0 1 2 2 2 0 2 2 2 1 0 0 0 1 0 0 0 0 0 2 0 0
 0 0 0 2 0 2 2 2 0 2 2 0 0 0 0 1 0 2 1 0 0 0 2 1 0 2 2 2 0 1 0 0 2 0 2 0 1
 0 0 0 0 1 1 0 2 1 0 2 0 0 2 0 2 0 0 2 0 2 2 0 2 1 0 2 2 0 1 2 0 1 0 2 0 0
 0 0 0 0 0 0 0 0 1 1 2 2 0 2 0 2 0 2 1 0 0 0 0 0 0 0 0 0 2 2 2 0 2 2 1 1 2
 2 1 1 2 1 2 2 2 2 1 1 0 0 0 0 0 0 0 0 2 1 0 2 0 2 2 2 0 0 0 0 2 0 2 0 0 1
 1 2 0 2 1 2 0 0 2 2 2 0 2 2 0 0 2 2 0 0 2 0 0 2 1 2 0 0 2 2 1 1 2 2 1 2 1
 2 1 0 1 2 2 0 0 2 0 1 0 2 0 2 0 1 0 0 0 0 0 0 0 0 1 0 0 0 2 0 2 0 1 1 2 0
 2 0 2 0 0 0 2 1 2 2 0 0 0 0 0 2 2 2 0 2 2 0 0 0 2 2 2 0 2 0 2 1 1 0 0 0 2]

========== Cluster 1 ==========

Base classifier: LogisticRegression()

Minority Class: 1

Selected Features: [17 10 11 13  3 18 15 16 14 19 12  6  1  2  4 20  5  7]

Labels: [1 1 1 0 2 1 2 0 0 1 0 1 0 1 1 1 2 2 0 0 0 2 1 1 1 1 0 1 2 0 1 2 0 2 1 0 1
 1 1 2 2 1 1 0 0 0 0 0 1 0 2 1 0 1 2 0 0 1 0 0 1 2 2 1 1 1 2 2 2 1 2 0 0 2
 0 2 2 2 1 1 2 0 1 0 0 1 1 0 0 0 0 2 1 0 1 0 2 1 1 0 0 0 2 1 1 1 1 1 2 1 1
 2 2 1 2 2 1 1 2 2 0 2 2 0 0 2 1 0 2 2 1 0 1 1 2 2 1 1 2 0 2 1 0 1 2 0 0 1
 1 1 1 1 2 2 0 0 1 0 1 2 2 2 2 2 0 2 0 2 0 0 2 2 2 0 0 1 1 1 1 0 2 2 1 0 0
 1 2 0 0 1 0 2 0 2 2 0 2 1 0 2 1 1 0 1 0 0 0 1 0 1 0 0 1 2 1 1 1 0 2 2 1 2
 1 1 2 1 2 0 1 1 0 1 1 1 0 0 1 1 1 1 1 1 0 2 2 2 2 2 0 2 1 0 0 1 0 1 2 0 2
 2 2 1 1 0 1 2 0 0 2 0 2 0 1 2 0 1 2 0 2 0 0 2 2 2 2 1 0 2 0 0 2 0 2 1 1 1
 1 0 0 2 1 2 1 0 2 2 2 2 1 1 2 0 1 2 1 2 0 1 0 0 0 2 0 2 1 1 1 2 1 2 0 0 0
 1 2 0 1 1 0 0 0 1 2 0 0 2 1 2 1 0 1 0 0 0 2 0 1 0 0 0 0 1 2 0 2 2 0 0 1 2
 2 2 1 0 0 0 0 2 1 2 0 1 1 2 2 1 2 1 0 2 1 0 2 2 2 2 2 0 2 2 0 0 0 0 2 0 1
 0 2 0 1 0 0 0 2 2 1 2 0 2 2 1 2 2 0 1 0 2 2 2 0 0 0 2 1 1 0 0 0 1 2 2 0 0
 0 0 1 1 2 2 2 2 2 2 1 2 1 0 2 0 2 1 1 2 1 2 1 0 1 0 1 0 2 1 1 0 0 0 2 2 1
 1 2 2 2 1 2 2 2 2 2 1 1 2 2 1 2 1 2 2 1 1 1 0 2 2 0 0 2 2 0 1 1 2 2 1 1 2
 0 1 2 2 0 1 1 1 1 0 0 0 0 0 2 1 2 1 0 1 0 1 1 2 1 2 0 1 0 1 1 0 2 2 0 0 0
 0 0 0 2 1 1 0 2 2 1 1 2 2 1 1 2 1 1 1 2 1 2 0 1 0 1 0 1 0 0 2 0 1 2 0 2 2
 2 1 2 2 2 0 2 2 0 0 1 0 1 0 2 0 2 0 0 0 1 0 2 0 2 0 2 0 2 0 0 1 0 0 2 1 2
 0 2 2 1 0 1 0 2 2 1 1 2 2 1 0 1 2 2 1 0 1 0 2 0 2 0 0 0 1 2 0]

