Clustering algorithm selected: spectral
=====================================

Clustering evaluation metric: dbc
Clustering evaluation value: 0.4162218244758713

========== Cluster 0 ==========

Base classifier: LogisticRegression()

Minority Class: 1

Selected Features: [17  3 12  4 10  1 15  6 16  2  7  0  8  9 19  5 11]

Labels: [1 1 1 0 2 1 2 0 0 1 1 0 1 0 1 1 1 2 2 0 0 0 2 1 1 1 1 0 1 2 0 1 2 0 2 1 0
 1 1 1 2 2 1 1 0 0 0 0 0 0 1 0 2 1 0 1 2 0 0 1 0 0 0 1 2 2 1 1 0 1 2 2 1 2
 1 2 0 0 2 0 0 2 2 2 1 1 2 0 1 0 0 1 1 0 0 0 0 2 1 0 1 0 2 1 1 0 0 0 0 2 1
 1 1 1 1 2 1 1 2 2 1 2 2 1 1 2 2 0 2 2 0 0 2 1 0 2 2 1 1 0 1 1 2 2 1 1 2 0
 2 1 0 1 2 0 0 1 1 1 1 1 2 2 0 0 1 0 1 2 2 2 2 2 0 2 0 2 0 0 2 2 2 0 0 1 1
 1 1 0 2 2 1 0 0 1 2 0 0 1 0 2 0 2 2 0 2 1 0 2 1 1 0 1 0 0 0 1 0 1 0 0 1 2
 1 1 1 0 2 2 1 2 1 1 2 1 2 0 1 1 0 1 1 1 0 0 1 1 1 1 1 1 0 2 2 2 2 2 0 2 1
 0 0 1 0 1 2 0 2 2 2 1 1 0 1 2 0 0 2 0 2 0 1 2 0 1 2 0 2 0 0 2 2 2 2 0 2 0
 0 2 0 2 0 0 0 2 1 1 0 0 0 0 0 1 0 0 0 0 1 0 2 0 0 1 2 2 2 1 0 0 0 0 2 1 2
 0 1 1 2 2 1 2 0 1 0 2 1 0 2 2 2 2 2 0 0 2 2 0 0 0 0 2 0 1 0 2 0 1 0 0 0 2
 2 2 1 2 0 2 2 1 2 2 0 1 0 2 2 2 0 0 0 2 1 1 0 0 0 1 2 2 0 0 0 0 1 1 2 2 2
 2 2 2 1 2 1 0 2 0 2 1 1 2 1 2 1 0 1 0 1 0 2 1 1 0 0 0 2 2 2 1 1 2 2 2 1 2
 2 2 2 2 1 0 1 2 2 1 2 1 0 0 2 2 2 2 0 2 1 2 1 0 0 1 1 1 2 2 0 2 0 1 2 1 1
 1 1 1 2 0 0 2 2 2 2 0 2 2 2 0 1 2 1 0 1 0 1 0 0 1 0 2 0 1 2 2 0 2 2 2 1 0
 2 1 2 2 1 1 2 1 1 0 1 1 1 1 1 1 1 0 1 2 2 2 0 0 2 2 0 1 1 2 2 1 1 2 0 1 2
 2 0 1 1 1 1 0 0 2 0 0 0 2 1 2 1 0 1 0 1 1 2 1 2 0 1 0 1 1 0 2 2 0 0 0 0 0
 0 2 1 1 0 2 2 2 1 1 2 2 1 1 2 1 1 1 2 1 2 0 1 0 1 0 1 0 0 2 0 1 2 0 2 2 2
 1 2 2 2 0 2 2 0 0 1 0 1 0 2 0 2 0 0 0 1 0 2 0 2 0 2 0 2 0 0 1 0 0 2 1 2 0
 2 2 2 1 0 1 0 2 0 2 1 1 2 2 1 0 1 2 2 1 0 1 0 2 2 0 2 2 0 0 0 0 1 2 0]

========== Cluster 1 ==========

Base classifier: LogisticRegression()

Minority Class: 1

Selected Features: [16  4 12 17  6 11 20  5  0  2 14 13 15 18 19  9  8]

Labels: [2 0 0 0 0 0 2 0 2 2 2 0 0 0 2 0 0 2 2 2 0 0 2 1 2 0 0 2 2 2 0 0 0 0 0 0 0
 2 0 0 0 2 2 0 0 0 2 0 0 2 0 0 0 2 2 0 0 0 2 2 1 0 1 0 0 0 2 2 0 0 0 0 0 0
 0 0 2 0 0 0 0 2 2 0 2 0 0 0 0 0 0 2 0 2 0 2 2 2 1 0 2 1 2 2 2 0 0 2 0 0 0
 2 0 2 0 2 0 2 1 2 1 1 0 0 0 2 0 2 0 0 0 2 0 2 1 0 0 2 1 2 1 2 2 0 0 2 2 2
 1 2 2 2 0 0 2 0 2 2 2 0 0 0 2 1 0 0 0 0 0 0 1 0 2 1 0 1 0 2 2 0 2 1 2 2 0
 0 0 0 2 0 0 2 2 2 0 2 0 1 2 0 2 0 0 0 1 2 0 1 0 0 2 0 2 1 2 2 2 0 0 2 0 2
 0 0 2 1 2 1 2 0 2 2 1 0 0 2 0 1 2 0 2 1 1 2 0 2 0 0 0 2 2 2 1 2 2 2 0 0 0
 2 2 0 0 0 0 2 2 0 0 2 2 0 0 2 2 0 0 2 0 2 0 0 0 0 2 2 0 0 0 0 0 0 1 0 1 0
 0 0 1 0 0 0 0 0 2 0 0 0 0 0 2 2 2 2 0 2 2 0 0 0 1 0 2 1 0 0 0 2 1 0 2 2 0
 1 0 0 2 0 2 0 1 0 0 0 0 1 1 0 2 1 0 2 0 0 2 0 2 0 0 2 0 2 2 0 2 1 0 2 2 0
 1 2 0 1 0 2 0 0 0 0 0 0 0 0 0 0 1 1 2 2 0 2 0 2 0 2 1 0 0 0 0 0 0 0 0 0 2
 2 0 2 0 2 1 1 2 0 0 2 1 0 0 0 0 1 2 0 1 0 2 0 2 2 0 2 1 0 2 0 0 0 0 1 2 0
 0 0 0 0 0 2 2 2 1 1 2 0 2 0 1 0 0 2 2 2 0 0 2 0 2 0 2 0 1 0 0 2 2 0 2 0 0
 0 2 2 0 0 2 2 2 0 0 2 0 0 0 0 0 2 0 0 1 0 0 2 1 0 2 0 2 2 2 0 0 0 0 0 2 0
 0 1 1 2 0 2 1 2 0 0 2 2 2 0 2 2 0 0 2 2 0 0 2 0 0 2 1 0 0 2 2 1 1 2 2 1 2
 1 2 1 0 1 2 2 0 0 2 0 1 0 2 0 2 0 1 0 0 0 0 0 0 0 0 1 0 0 0 2 0 2 0 1 1 2
 0 2 0 2 0 0 0 2 1 2 0 0 0 0 2 2 2 0 2 2 0 0 0 2 2 0 0 2 1 1 0 0 2]

