============== Classifiers Parameters ==============
{'svm': [{'cost': np.float64(890.2150136146741), 'gamma': np.float64(287.4096677246201)}, {'cost': np.float64(19.327728984837943), 'gamma': np.float64(124.36848656367033)}, {'cost': np.float64(677.5422997047265), 'gamma': np.float64(311.8639267304974)}, {'cost': np.float64(265.58290640032277), 'gamma': np.float64(17.552461611392573)}], 'extra_tree': [{'n_estimators': 185, 'max_depth': 2, 'min_samples_split': 3, 'min_samples_leaf': 6}, {'n_estimators': 207, 'max_depth': 5, 'min_samples_split': 5, 'min_samples_leaf': 6}, {'n_estimators': 387, 'max_depth': 8, 'min_samples_split': 6, 'min_samples_leaf': 10}, {'n_estimators': 147, 'max_depth': 8, 'min_samples_split': 6, 'min_samples_leaf': 4}], 'grad_boost': [{'n_estimators': 135, 'max_depth': 9, 'min_samples_split': 2, 'min_samples_leaf': 4, 'learning_rate': np.float64(0.40361099209218343)}, {'n_estimators': 298, 'max_depth': 1, 'min_samples_split': 6, 'min_samples_leaf': 10, 'learning_rate': np.float64(0.5671290521165938)}, {'n_estimators': 64, 'max_depth': 1, 'min_samples_split': 8, 'min_samples_leaf': 8, 'learning_rate': np.float64(0.20818650620851864)}, {'n_estimators': 186, 'max_depth': 1, 'min_samples_split': 4, 'min_samples_leaf': 7, 'learning_rate': np.float64(0.9767749994347213)}]}

Optimal clusterer: kmeans

External clustering metrics:
adjusted_rand_score: 0.006661535042920485
normalized_mutual_info_score: 0.023435176568325014
v_measure_score: 0.02343517656832501
fowlkes_mallows_score: 0.3831509735492154

Internal clustering metrics:
silhouette: 0.3280590108896688
davies_bouldin: 1.2473695707264638
calinski_harabasz_score: 355.3919009407071

Base classifier: gb
========== Cluster 0 ==========

Labels: [0 0 0 0 0 0 0 0 0 0 0 0 2 0 2 0 2 2 2 0 2 2 0 0 0 2 2 0 2 1 0 0 0 2 0 2 0
 1 2 2 1 0 0 2 1 0 0 2 2 2 0 0 2 2 0 2 0 0 0 0 0 2 1 0 0 2 2 0 0 2 0 0 2 2
 0 1 0 0 2 0 0 2 1 2 2 0 0 1 0 1 0 2 1 0 2 0 0 2 2 2 2 0 0 2 2 2 0 0 0 2 0
 0 0 1 0 0 0 2 1 0 0 0 0 0 0 2 1 0 0 0 2 0 0 0 0 2 0 1 2 2 2 2 0 0 2 0 0 2
 2 2 2 0 2 0 2 0 2 1 2 2 0 2 0 2 2 0 2 2 0 0 0 0 0 0 0 0 0 2 2 2 2 2 2 0 1
 0 2 0 0 2 1 0 2 2 1 0 0 2 2 1 0 0 0 0 1 0 0 2 1 0 2 0 2 0 2 0 0 2 0 0 1 0
 2 2 2 0 0 0 0 0 0 0 0 0 0 0 2 0 2 2 0 0 0 0 0 0 0 2 0 2 1 2 2 0 0 1 2 0 1
 0 0 0 2 0 0 0 1 0 0 2 2 2 0 2 0 0 0 0 0 0 2 2 0 0 0 2 2 0 0 2 0 0 2 2 0 0
 2 0 0 0 0 1 0 0 0 1 0 2 0 2 1 2 0 0 2 0 1 1 2 1 2 1 0 0 2 0 2 2 0 2 0 0 2
 0 2 1 2 2 2 0 0 1 0 0 0 0 2 0 1 0 0 0 0 0 0 0 0 0 0 2 1 2 0 2 0 0 0 0 2 1
 2 0 2 2 0 2 0 2 0 0 0 0 2]

========== Cluster 1 ==========

Labels: [0 0 0 0 0 0 0 1 0 1 0 0 0 1 0 0 0 1 0 2 2 1 0 2 0 1 2 0 0 0 0 1 0 0 1 2 1
 1 1 2 0 1 0 0 2 0 2 2 1 0 1 0 0 1 2 2 2 0 0 0 2 2 0 2 2 0 1 1 0 1 0 2 0 0
 0 1 2 2 2 2 0 0 0 1 1 0 2 1 1 0 2 2 0 0 2 2 2 0 1 2 2 0 0 0 0 0 2 0 2 2 2
 0 1 2 1 0 0 2 0 1 2 0 2 1 0 2 2 2 2 0 2 0 0 0 1 1 0 1 2 0 0 0 0 0 2 0 1 2
 0 1 2 0 0 1 0 0 0 1 0 2 1 2 0 0 0 1 2 1 1 1 2 0 2 0 0 0 2 0 0 0 2 2 0 1 0
 2 2 0 0 0 1 2 2 0 0 0 1 2 0 1 1 2 2 0 0 2 2 0 1 0 2 0 2 2 0 1 2 1 0 1 0 0
 2 0 0 1 0 2 0 2 2 1 1 1 0 0 2 2 0 1 1 0 1 0 1 0 0 1 1 2 2 2 1 2 1 0 0 0 2
 2 0 0 2 2 0 1 0 1 0 2 0 0 0 1 2 0 1 2 2 0 0 0 1 2 1 1 1 0 1 1 1 0 1 1 2 0
 2 1 1 2 1 0 0 2 2 0 0 0 1 0 2 2 0 0 0 2 0 2 0 0 2 2 0 2 1 0 0 1 2]

========== Cluster 2 ==========

Labels: [0 0 0 1 2 0 1 1 2 1 2 2 0 2 2 1 1 1 1 1 0 0 2 1 0 2 1 0 1 2 1 1 0 1 2 0 2
 0 0 2 0 1 0 1 0 1 2 2 0 1 0 1 1 0 2 0 1 1 2 0 0 1 2 2 0 2 2 0 0 2 2 1 1 2
 2 1 0 0 2 2 1 1 0 0 1 2 1 1 2 1 2 2 2 1 2 0 0 2 2 1 0 0 2 1 1 2 0 2 1 0 2
 1 0 2 1 0 1 1 1 2 2 2 2 0 0 0 1 1 0 1 0 0 0 0]

========== Cluster 3 ==========

Labels: [1 0 1 0 0 1 0 0 0 1 2 0 2 1 1 0 0 0 2 1 1 1 0 1 2 1 1 2 2 2 1 2 1 0 2 0 2
 1 2 2 0 1 1 2 2 2 2 2 2 0 0 2 1 2 0 2 1 2 2 1 0 1 2 2 2 0 2 0 0 2 2 1 1 0
 1 2 1 0 0 1 0 2 0 1 2 0 2 0 2 2 0 0 0 2 1 1 0 2 1 0 0 1 0 2 0 2 0 1 2 1 2
 1 2 2 1 2 1 2 0 2 1 1 1 1 0 1 1 1 2 1 2 2 1 0 1 0 1 1 2 2 0 2 1 1 2 2 0 0
 0 2 2 1 0 1 2 0 2 0 0 2 2 2 1 1 0 2 1 0 2 0 2 0 1 2 0 0 2 1 1 2 2 1 0 2 0
 2 0 0 0 0 2 1 2 2 0 1 0 0 0 1 2 0 1 0 0 0 1 0 0 1 0 0 0 0 2 0 0 0 0 1 2 0
 2 1 2 0 0 0 0 2 1 2 0 0 1 2 2 0 0 1 2 0 2 2 0 0 2 2 0 1 0 2 0 1 1 0 0 2 0
 0 2 2 1 1 2 0 1 2 0 2 2 0 0 0 1 1 2 2 2 1 2 2 0 2 0 1 1 2 1 0 1 0 2 1 1 0
 0 2 2 1 2 1 2 0 2 2 2 0 0 0 1 2 2 2 2 2 2 1 2 2 0 2 1 0 1 1 2 0 2 0 1 1 1
 1 1 2 2 2 1 2 2 0 2 2 2 2 0 0 2 0 2 2 2 0 2 1 2 0 2 1 1 2 1 1 1 1 1 1 0 1
 2 2 0 2 1 1 2 1 1 2 2 2 2 0 1 0 1 0 0 1 0 1 2 0 2 1 0 1 2 0 0 0 0 0 2 2 1
 0 2 2 2 2 2 2 2 1 2 1 2 0 2 0 1 1 0 0 2 1 2 2 0 2 2 2 2 0 0 0 1 0 1 0 0 1
 2 2 2 0 0 2 2 0 0 1 0 2 0 2 2 2 1 0 2 2 1 1 2 2 1 1 2 0 1 2 2 2 2 1 0]

