============== Classifiers Parameters ==============
[{'n_estimators': 157, 'max_depth': 2, 'min_samples_split': 5, 'min_samples_leaf': 6, 'learning_rate': 0.11934929747491174}, {'n_estimators': 205, 'max_depth': 10, 'min_samples_split': 4, 'min_samples_leaf': 7, 'learning_rate': 0.3934400888648115}, {'n_estimators': 400, 'max_depth': 1, 'min_samples_split': 8, 'min_samples_leaf': 6, 'learning_rate': 0.9712283015265634}]

Optimal clusterer: kmeans

External clustering metrics:
adjusted_rand_score: -0.0058308322079457025
normalized_mutual_info_score: 0.01924428979945197
v_measure_score: 0.01924428979945197
fowlkes_mallows_score: 0.5136393432177148

Internal clustering metrics:
silhouette: 0.2335311133787163
davies_bouldin: 1.3059191301944748
calinski_harabasz_score: 170.59533395933818

Base classifier: gb
========== Cluster 0 ==========

Labels: [2 1 1 1 0 2 2 1 0 0 0 0 1 0 1 0 0 1 1 2 0 0 0 1 2 0 2 1 0 1 0 1 2 0 2 1 2
 1 1 2 2 1 1 0 0 0 0 0 0 0 2 1 1 0 1 1 2 2 1 1 2 1 2 2 1 2 0 2 2 2 1 0 2 0
 0 2 1 0 0 0 1 2 0 1 0 2 1 1 0 0 2 1 1 1 0 0 1 1 2 1 1 2 1 2 2 2 1 1 2 1 0
 2 2 0 0 2 1 2 2 1 2 2 1 1 2 2 1 1 2 2 0 0 2 1 1 0 1 2 0 2 1 0 0 2 1 2 2 2
 0 2 0 0 2 2 1 1 1 0 1 0 2 1 2 0 1 0 2 0 1 2 0 2 0 0 0 2 1 1 1 0 2 1 0 0 0
 1 0 2 0 2 0 1 2 1 1 1 2 2 1 2 1 2 1 1 2 0 1 1 1 1 0 1 1 1 1 1 2 2 2 1 0 0
 1 0 1 1 2 2 0 2 2 1 0 1 2 2 0 0 0 2 2 0 1 2 0 1 2 0 2 0 0 0 2 1 2 2 1 0 2
 0 0 2 0 2 1 0 1 0 0 2 0 2 1 1 2 2 1 0 2 1 2 0 0 0 0 0 2 1 1 2 1 0 0 0 1 2
 0 0 1 0 0 0 1 2 0 0 1 0 0 2 2 2 2 0 0 0 0 2 2 0 0 0 0 1 1 2 2 2 2 1 2 2 1
 0 2 0 1 1 2 1 1 0 1 0 0 1 0 2 1 1 0 0 2 1 2 1 1 2 2 1 2 0 2 2 2 0 0 0 1 2
 2 1 2 2 1 2 2 2 0 2 1 2 2 1 0 0 1 1 0 0 2 0 1 1 1 1 1 2 2 2 1 2 2 2 0 2 2
 2 1 0 0 2 0 2 2 0 2 0 2 1 2 0 0 2 1 1 2 1 1 1 1 1 1 1 1 0 1 2 2 0 2 1 1 2
 2 1 2 2 2 2 0 1 0 1 0 0 0 2 1 0 1 0 1 2 2 0 1 0 1 1 0 2 2 0 0 0 0 0 2 1 0
 2 2 1 0 1 2 2 2 2 1 1 2 1 2 0 2 1 0 1 1 0 0 2 1 2 2 2 2 2 2 2 2 2 0 0 0 1
 0 0 0 1 2 0 2 2 0 0 2 2 0 0 1 0 1 2 0 2 2 2 1 0 1 0 2 1 1 2 2 1 1 2 1 0 1
 2 0 2 0 0 1 0]

========== Cluster 1 ==========

Labels: [0 0 0 2 2 2 1 0 0 2 2 2 2 2 0 0 0 0 0 0 0 2 0 0 2 0 0 2 0 0 2 0 0 0 2 2 0
 0 0 2 0 0 1 0 0 2 2 0 0 0 0 0 0 0 0 2 2 0 0 2 0 2 0 2 2 2 0 2 0 2 2 0 0 0
 2 2 0 2 2 1 0 0 0 2 0 2 0 0 1 1 2 2 1 0 0 2 2 1 2 0 0 2 2 2 2 0 2 0 2 2 0
 2 0 0 0 0 0 2 1 0 0 2 2 0 0 0 2 0 0 2 2 2 0 0 1 2 0 0 2 0 0 2 1 2 2 0 2 0
 1 0 1 0 2 2 0 1 2 0 2 0 0 2 2 2 2 0 0 2 2 1 2 0 0 1 0 2 0 0 0 0 1 1 2 0 0
 2 0 2 1 0 0 0 0 0 0 2 1 0 0 0 0 2 0 0 0 0 2 0 1 2 2 2 2 0 2 0 2 0 1 0 0 2
 2 2 2 0 2 0 2 0 2 1 2 2 2 2 2 2 2 0 0 0 0 0 0 0 0 0 0 0 0 0 0 2 2 2 0 0 2
 0 0 0 0 0 0 0 0 0 2 0 2 2 0 0 0 0 0 0 0 2 2 0 2 1 2 2 0 0 1 2 0 1 2 0 2 0
 0 2 0 2 0 0 1 2 0 0 2 2 2 0 2 0 0 0 2 0 0 2 0 2 2 0 0 0 2 2 0 0 2 0 0 2 2
 2 0 0 2 0 0 0 0 1 0 0 0 1 1 0 2 0 2 1 2 0 0 2 0 1 1 2 1 2 1 0 0 2 2 0 2 2
 0 2 2 0 0 2 0 2 2 1 2 2 2 0 0 1 2 0 0 0 0 0 2 0 1 0 0 0 0 0 0 0 0 1 0 0 0
 2 1 2 0 2 0 0 0 0 0 2 1 2 0 2 2 2 0 2 0 0 2 2 0 2 0 0 0 2]

========== Cluster 2 ==========

Labels: [0 0 2 1 0 2 2 1 0 0 1 1 2 2 0 2 1 0 0 0 1 0 2 0 0 0 0 1 0 1 2 0 0 2 0 0 0
 0 2 1 0 1 0 0 0 1 0 0 0 1 0 2 2 1 0 2 0 1 2 0 0 0 0 1 0 0 1 2 1 1 1 2 0 1
 0 0 2 0 2 2 1 0 1 0 0 1 2 2 2 0 0 0 2 2 0 2 2 0 1 1 0 1 0 2 0 0 0 1 2 2 2
 2 0 0 0 1 1 0 2 1 1 0 2 2 0 0 2 2 2 0 1 2 2 0 0 0 0 0 2 0 2 2 2 0 1 2 1 0
 0 2 0 1 2 0 2 1 0 2 2 2 2 0 2 0 0 0 1 1 0 1 2 0 0 0 0 0 2 0 1 2 0 1 2 0 0
 2 0 0 0 0 0 2 0 0 0 1 2 0 1 1 2 2 0 0 2 2 0 1 0 2 0 2 2 0 1 2 1 0 1 0 0 2
 0 0 1 0 2 0 2 2 1 1 1 0 0 2 2 0 1 1 0 1 0 1 0 0 1 1 2 2 2 1 2 1 0 0 0 2 2
 0 0 2 2 0 1 0 1 0 2 0 0 0 1 2 0 1 2 2 0 0 0 1 2 1 1 1 0 1 1 1 0 1 1 2 0 2
 1 1 2 1 0 0 2 2 0 0 0 1 0 2 2 0 0 0 2 0 2 0 0 2 2 0 2 1 0 0 1 2]

