============== Classifiers Parameters ==============
[{'n_estimators': 206, 'max_depth': 2, 'min_samples_split': 3, 'min_samples_leaf': 8, 'learning_rate': 0.2937336127589301}, {'n_estimators': 393, 'max_depth': 2, 'min_samples_split': 7, 'min_samples_leaf': 9, 'learning_rate': 0.3239679989768763}, {'n_estimators': 11, 'max_depth': 3, 'min_samples_split': 5, 'min_samples_leaf': 2, 'learning_rate': 0.49977996827286375}, {'n_estimators': 152, 'max_depth': 2, 'min_samples_split': 4, 'min_samples_leaf': 7, 'learning_rate': 0.6391537454186488}, {'n_estimators': 269, 'max_depth': 1, 'min_samples_split': 4, 'min_samples_leaf': 5, 'learning_rate': 0.3622041829903855}]

Optimal clusterer: kmeans

External clustering metrics:
adjusted_rand_score: 0.01900740503621987
normalized_mutual_info_score: 0.024742733741712545
v_measure_score: 0.024742733741712545
fowlkes_mallows_score: 0.5592439229077399

Internal clustering metrics:
silhouette: -0.2556768508627055
davies_bouldin: 1.3472559924696026
calinski_harabasz_score: 4.821123723057982

Base classifier: gb
========== Cluster 0 ==========

Labels: [0 0 2 2 0 1 0 0 0 1 0 2 2 1 2 0 0 2 1 0 0 2 1 2 0 0 1 1 2 2 2 0 0 0 1 0 2
 0 1 1 2 0 0 2 2 0 0 2 0 0 0 2 1 0 1 2 1 1 0 0 1 0 2 2 1 2 1 2 1 0 2 0 1 1
 1 2 1 0 2 1 0 2 0 2 2 1 0 1 1 2 0 0 2 1 0 2 2 2 0 1 0 1 0 2 0 2 0 0 2 1 1
 2 1 2 2 2 1 0 0 1 2 1 2 2 2 0 0 1 2 2 0 2 2 2 2 0 2 2 0 0 0 2 1 2 2 0 1 0
 2 0 0 1 2 0 2 0 2 2 2 0 0 0 2 0 0 1 0 1 2 0 1 0 0 0 0 2 2 0 1 0 0 2 0 1 2
 0 0 0 0 0 0 0 2 0 0 0 2 0 0 1 2 0 2 0 0 2 1 0 2 2 0 0 2 2 2 0 2 2 2 0 2 0
 2 1 0 0 2 2 0 0 1 0 0 0 1 0 0 2 0 0 0 2 2 1 0 0 0 1 0 2 0 2 1 2 1 2 0 0 0
 0 1 0 0 2 2 2 0 2 2 2 0 2 0 0 2 1 2 0 2 2 2 0 0 1 1 2 0 1 1 0 0 2 2 0 2 2
 2 2 0 1 2 2 2 1 2 2 2 1 1 0 0 0 1 0 2 2 1 0 0 0 0 2 1 1 2 0 0 0 0 2 0 0 2
 2 0 1 2 1 2 0 2 1 2 2 0]

========== Cluster 1 ==========

Labels: [2 0 0 2 0 2 2 0 0 2 0 2 2 0 2 2 0 0 0 2 0 0 0 0 2 1 2 0 0 0 0 2 0 0 2 0 0
 0 0 2 0 2 2 1 2 2 2 0 2 0 2 0 1 0 0 2 0 0 0 0 1 0 0 2 2 2 2 2 2 2 2 1 2 2
 0 1 0 0 0 0 2 0 2 1 2 0 0 2 2 2 2 2 2 0 0 2 0 2 1 2 0 2 0 1 0 2 0 1 2 1 2
 0 2 1 2 2 2 2 0 2 0 2 1 2 2 2 0 0 0 1 2 0 2 0 2 0 0 0 2 2 0 0 2 0 0 0 2 1
 1 2 2 0 2 0 0 0 0 2 0 2 0 2 1 2 0 0 2 0 2 2 2 1 2 0 2 0 0 0 2 2 0 0 2 1 0
 1 2 0 2 1 0 0 0 2 0 2 0 2 0 2 0 1 1 2 0 0 0 1 2 0 0 1 0 0 2 0 1 2 0 2 1 0
 2 2 1 2 0 2 2 2 1 0 1 0 0 2 0 0 2 2 0 2 1 2 0 0 2 0 0 0 2 0 0 2 0 0 2 2 0
 1 0 1 2 2 2 0 2 0 1 0 2 1 2 0]

========== Cluster 2 ==========

Labels: [0 0 0 0 0 0 2 0 0 2 0 2 0 1 0 2 0 0 0 0 0 0 0 0 2 0 2 0 2 1 2 0 1 0 0 1 2
 0 0 0 0 1 2 0 0 2 0 1 0 0 0 0 0 2 0 2 2 0 0 0 0 2 0 0 0 0 0 0 0 0 0 1 0 0
 0 2 2 0 0 2 2 0 0 2 2 0 2 2 0 2 1 0 0 0 0 2 0 0 0 0 2 2 0 0 0 0 0 0 0 1 2
 0 0 0 0 1 2 0 0 0 0 0 1 0 2 2 0 0 0 0 0 0 2 0 2 0 0 0 1 0 1 2 0 0 1 2 0 0
 2 2 0 0 0]

========== Cluster 3 ==========

Labels: [0 2 2 0 0 2 0 0 2 0 0 0 2 0 2 0 2 2 2 2 0 0 0 2 2 1 0 0 0 1 0 0 2 2 2 1 2
 0 1 0 0 0 0 0 0 2 0 1 2 0 0 0 2 2 0 0 1 0 0 2 0 1 0 2 2 1 1 0 1 0 0 2 2 0
 0 0 2 2 0 2 2 1 1 0 0 0 2 0 0 0 0 2 2 2 0 2 0 1 0 2 2 2 2 0 0 2 2]

========== Cluster 4 ==========

Labels: [1 1 1 0 1 2 0 1 0 1 0 1 1 1 2 2 0 0 2 1 1 1 0 1 2 0 1 0 1 1 2 1 1 0 0 0 0
 0 0 2 0 1 0 0 1 0 1 2 2 1 1 2 2 0 0 2 2 2 1 1 1 0 1 1 0 2 1 0 0 0 0 2 1 1
 1 1 1 2 2 1 2 2 1 1 2 2 0 2 0 1 2 2 0 2 1 1 2 2 1 0 1 2 0 0 1 1 1 1 2 0 0
 1 2 2 0 2 0 2 0 0 2 2 2 0 1 1 0 2 2 1 0 1 0 0 0 0 2 1 0 2 1 1 0 0 0 0 1 0
 1 1 2 1 1 2 2 1 1 2 1 0 1 0 1 1 1 1 1 1 1 0 2 2 0 0 1 0 1 2 1 1 0 1 0 0 2
 0 1 2 0 1 2 0 2 0 2 1 2 0 2 2 1 1 1 1 0 2 1 2 1 0 2 2 2 1 1 0 1 2 1 0 0 0
 2 1 1 2 1 1 0 1 0 0 1 2 0 1 1 0 1 1 0 0 1 2 2 0 1 0 0 0 2 1 1 2 1 1 2 1 0
 2 0 2 0 0 0 0 0 2 0 1 0 0 2 2 2 0 2 2 1 2 2 1 2 2 2 0 2 1 1 0 1 2 2 0 0 1
 2 2 2 2 0 2 2 1 1 2 1 2 1 0 1 0 0 2 1 1 0 0 2 1 1 2 2 2 1 2 1 1 2 2 1 2 2
 2 2 1 0 0 1 1 2 0 2 0 1 1 1 1 1 2 0 2 2 2 0 1 1 0 1 0 0 1 0 2 0 1 2 2 0 2
 1 0 2 2 2 1 1 1 0 1 1 1 1 1 1 2 2 2 0 0 2 2 1 1 2 2 1 1 0 2 2 0 1 1 1 0 0
 0 2 1 2 1 0 1 0 1 2 1 0 1 1 2 2 0 0 0 0 2 1 0 2 1 2 1 2 1 1 1 2 2 0 0 0 0
 0 2 0]

