============== Classifiers Parameters ==============
{'svm': [{'cost': np.float64(32.94805057395566), 'gamma': np.float64(497.6935459483672)}, {'cost': np.float64(212.35866938093346), 'gamma': np.float64(779.8082622622501)}, {'cost': np.float64(6.876262370453623), 'gamma': np.float64(323.90843244544334)}, {'cost': np.float64(972.8391621359699), 'gamma': np.float64(671.9583421598628)}], 'extra_tree': [{'n_estimators': 439, 'max_depth': 5, 'min_samples_split': 2, 'min_samples_leaf': 9}, {'n_estimators': 196, 'max_depth': 5, 'min_samples_split': 4, 'min_samples_leaf': 4}, {'n_estimators': 439, 'max_depth': 7, 'min_samples_split': 7, 'min_samples_leaf': 4}, {'n_estimators': 87, 'max_depth': 3, 'min_samples_split': 6, 'min_samples_leaf': 8}], 'grad_boost': [{'n_estimators': 34, 'max_depth': 5, 'min_samples_split': 9, 'min_samples_leaf': 10, 'learning_rate': np.float64(0.6935912421342304)}, {'n_estimators': 437, 'max_depth': 2, 'min_samples_split': 5, 'min_samples_leaf': 7, 'learning_rate': np.float64(0.8072156585749731)}, {'n_estimators': 62, 'max_depth': 3, 'min_samples_split': 5, 'min_samples_leaf': 7, 'learning_rate': np.float64(0.9312902173906364)}, {'n_estimators': 428, 'max_depth': 7, 'min_samples_split': 6, 'min_samples_leaf': 1, 'learning_rate': np.float64(0.4802516557091926)}]}

Optimal clusterer: kmeans

External clustering metrics:
adjusted_rand_score: 0.044447524701992515
normalized_mutual_info_score: 0.03330314960430176
v_measure_score: 0.03330314960430176
fowlkes_mallows_score: 0.35319371385343434

Internal clustering metrics:
silhouette: 0.2241489850392917
davies_bouldin: 1.3838644091509038
calinski_harabasz_score: 350.6098163731576

Base classifier: gb
========== Cluster 0 ==========

Labels: [0 0 2 1 0 2 2 0 0 1 2 2 0 1 0 0 0 1 0 2 0 1 0 1 2 0 0 2 0 0 0 0 0 0 0 1 0
 0 1 0 2 2 1 0 0 1 2 0 0 0 1 0 0 1 2 1 1 2 1 0 2 2 2 1 0 1 2 2 2 0 0 0 2 2
 0 2 0 1 0 0 2 0 0 0 2 2 2 0 0 0 1 0 2 1 1 2 2 0 0 2 2 2 0 2 2 0 0 0 0 0 2
 0 2 2 1 2 1 0 0 2 0 1 2 0 2 1 0 2 2 2 0 2 0 0 1 0 1 2 0 0 0 0 0 2 0 1 2 0
 2 0 0 1 0 0 0 1 0 0 2 1 0 0 0 1 2 1 1 1 2 0 2 0 0 0 2 0 0 0 2 0 1 0 2 0 0
 1 2 2 0 0 0 2 0 1 1 2 0 0 0 2 0 0 2 0 0 0 1 2 1 0 1 0 0 2 0 0 0 0 2 2 1 1
 1 2 2 0 1 0 0 0 0 1 2 2 0 0 2 1 1 1 2 1 2 1 0 2 2 0 0 0 1 0 2 0 2 2 0 0 2
 0 2 0 0 2 2 0 2 0 0 1]

========== Cluster 1 ==========

Labels: [1 0 1 0 1 0 1 2 1 0 0 2 0 0 1 0 0 0 2 2 1 0 2 1 1 0 0 0 0 1 2 0 1 1 2 2 1
 2 2 0 0 2 2 1 1 1 1 1 1 0 0 0 2 0 0 0 0 1 1 0 2 2 1 1 0 1 1 1 2 1 2 1 1 0
 1 0 2 0 2 1 0 0 2 0 1 2 0 1 0 0 1 2 2 0 1 0 0 1 1 1 0 2 0 1 1 1 2 0 2 0 1
 2 2 0 2 2 0 0 2 2 2 2 0 1 1 2 2 1 0 0 1 2 2 1 2 1 2 0 1 0 1 2 1 2 1 2 2 1
 2 2 1 2 0 1 0 2 0 0 2 2 1 1 1 1 1 0 2 0 1 2 2 1 1 1 1 2 1 2 2 2 2 0 0 0 1
 0 1 0 1 0 0 0 0 1 2]

========== Cluster 2 ==========

Labels: [0 0 0 2 2 2 0 2 2 2 2 2 0 0 0 0 0 0 2 0 0 2 0 0 2 0 2 0 0 0 2 2 0 0 2 0 1
 0 0 2 2 0 0 0 0 0 0 0 2 2 0 0 2 0 2 0 2 2 2 0 2 2 0 0 0 2 2 0 2 1 0 0 0 2
 0 2 0 1 2 2 1 0 0 2 1 0 0 2 2 2 0 0 2 2 0 2 0 0 0 0 0 2 1 0 0 2 2 0 0 2 0
 0 2 2 0 1 2 0 0 2 0 0 2 1 2 2 0 0 1 0 1 0 2 2 1 0 2 0 0 2 2 2 2 0 0 2 2 2
 0 0 0 2 0 0 0 1 2 0 0 0 2 1 0 0 0 0 0 0 2 1 0 0 0 2 0 0 0 0 2 0 1 2 2 2 2
 0 0 2 0 0 2 2 2 2 0 2 0 2 0 2 1 2 2 0 2 0 2 2 2 2 0 0 0 0 0 0 0 0 0 2 2 2
 2 2 2 0 1 0 2 0 0 2 1 0 2 2 1 0 0 2 2 1 0 0 0 0 1 0 0 2 1 0 2 0 2 0 2 0 0
 2 0 0 1 0 2 2 2 0 0 0 0 0 0 0 0 0 0 0 2 2 2 0 0 0 0 0 0 0 2 2 1 2 2 0 0 1
 2 0 1 0 0 0 2 0 2 0 0 1 0 0 2 2 2 0 2 0 0 0 0 0 0 2 2 0 0 0 2 2 0 0 2 0 0
 2 2 0 0 2 1 1 1 0 0 2 0 1 0 0 0 0 0 0 0 0 0 0 0 2 1 2 0 0 0 0 2 1 2 0 2 2
 0 2 0 2 0 0 0 0 2]

========== Cluster 3 ==========

Labels: [2 1 1 0 2 2 1 0 0 0 1 0 0 1 0 1 2 0 0 1 0 2 1 1 0 1 2 0 2 1 2 1 1 2 2 1 1
 0 0 0 0 0 0 2 1 0 1 0 1 2 1 1 0 2 2 1 2 0 2 2 2 1 0 2 0 2 1 0 0 0 1 2 0 2
 1 1 0 0 0 2 1 1 1 0 1 2 1 1 2 2 2 1 2 1 0 2 0 2 1 2 2 0 1 1 2 2 2 2 2 2 0
 0 2 1 2 0 2 1 2 2 1 0 1 2 2 2 0 2 0 0 2 2 1 1 0 1 2 1 0 0 1 0 2 0 1 2 0 2
 0 2 0 0 0 2 1 1 0 2 1 0 0 1 0 2 0 2 0 1 2 1 2 1 2 2 1 2 1 2 0 1 1 1 1 0 1
 1 1 2 1 2 2 1 0 1 0 1 1 2 2 0 2 1 1 2 2 0 0 0 2 2 1 0 1 2 0 2 0 0 2 2 2 1
 1 0 2 1 0 2 0 2 0 1 2 0 0 2 1 1 2 2 1 0 2 0 2 0 0 0 0 2 1 2 2 0 1 0 0 0 1
 2 0 1 0 0 0 1 0 0 1 0 0 0 0 2 0 0 0 0 1 2 0 2 1 2 0 0 0 0 2 1 2 0 0 1 2 2
 0 0 1 2 0 2 2 0 0 2 2 0 1 0 2 0 1 1 0 0 2 0 0 2 2 1 1 2 0 1 2 0 2 2 0 0 0
 1 1 2 2 2 1 2 2 0 2 0 1 1 2 1 0 1 0 2 1 1 0 0 2 2 1 2 1 2 0 2 2 2 0 0 0 1
 2 2 2 2 2 2 1 2 2 0 2 1 0 1 1 2 0 2 0 1 1 1 1 1 2 2 2 1 2 2 0 2 2 2 2 0 0
 2 0 2 2 2 0 2 1 2 0 2 1 1 2 1 1 1 1 1 1 1 2 1 1 1 1 2 2 2 2 2 0 0 0 1 0 1
 0 0 1 2 2 2 0 0 2 2 0 0 1 0 2 0 2 2 2 1 0 2 2 1 1 2 2 1 1 2 0 1 2 2 2 2 1
 0]

