============== Classifiers Parameters ==============
{'svm': [{'cost': 970.0585129957466, 'gamma': 904.2631532562027}, {'cost': 256.6021906367495, 'gamma': 237.55937176250592}, {'cost': 122.61989906572781, 'gamma': 630.8976538940816}], 'extra_tree': [{'n_estimators': 343, 'max_depth': 8, 'min_samples_split': 10, 'min_samples_leaf': 8}, {'n_estimators': 451, 'max_depth': 7, 'min_samples_split': 9, 'min_samples_leaf': 5}, {'n_estimators': 427, 'max_depth': 1, 'min_samples_split': 5, 'min_samples_leaf': 2}], 'grad_boost': [{'n_estimators': 279, 'max_depth': 2, 'min_samples_split': 7, 'min_samples_leaf': 5, 'learning_rate': 0.5479549533822062}, {'n_estimators': 250, 'max_depth': 3, 'min_samples_split': 8, 'min_samples_leaf': 4, 'learning_rate': 0.9259906183137097}, {'n_estimators': 56, 'max_depth': 9, 'min_samples_split': 7, 'min_samples_leaf': 3, 'learning_rate': 0.28525008898074344}]}

Optimal clusterer: kmeans

External clustering metrics:
adjusted_rand_score: 0.014366735009003099
normalized_mutual_info_score: 0.010220309849259928
v_measure_score: 0.010220309849259927
fowlkes_mallows_score: 0.4296893509992251

Internal clustering metrics:
silhouette: 0.29645727684758033
davies_bouldin: 1.3457691094856161
calinski_harabasz_score: 331.12198620732323

Base classifier: extra_tree
========== Cluster 0 ==========

Labels: [1 1 1 0 2 1 0 0 0 0 1 0 1 0 0 1 1 2 0 0 0 2 0 1 0 1 0 1 2 0 2 1 1 1 2 2 1
 1 0 0 0 0 0 0 0 2 1 1 0 1 1 2 2 1 1 2 1 2 2 2 0 2 2 2 1 2 0 0 2 1 0 0 2 0
 1 0 2 1 1 0 0 2 1 1 0 0 1 1 2 1 1 2 1 2 2 2 1 1 2 1 0 2 2 0 0 2 1 2 2 1 2
 2 1 1 2 2 1 2 2 0 0 1 1 1 1 1 1 1 2 0 1 1 1 0 1 1 1 1 1 2 2 2 1 0 0 1 0 1
 2 2 0 2 2 1 0 1 2 2 0 0 2 0 1 2 0 1 2 0 2 0 0 0 2 1 2 2 1 0 2 0 0 2 0 2 1
 0 1 0 2 0 2 1 1 2 2 1 2 1 2 0 0 0 0 0 2 1 1 2 1 0 0 1 2 0 1 0 0 0 1 2 0 0
 1 1 0 0 0 0 2 0 1 2 0 0 0 1 2 0 2 1 2 1 2 2 0 0 0 0 0 2 1 2 0 0 1 2 2 0 1
 2 2 2 0 2 2 0 0 0 0 2 0 1 0 2 2 1 2 2 0 1 2 2 0 2 1 0 1 2 2 0 1 0 0 1 2 2
 2 2 1 2 2 1 0 2 0 1 1 2 1 1 0 1 0 0 1 0 2 1 1 0 0 2 1 2 1 1 2 2 1 2 2 2 2
 0 0 1 2 2 1 2 1 2 2 2 0 2 1 2 2 1 0 0 1 1 0 0 2 0 1 1 1 1 1 2 2 2 2 2 2 0
 2 2 1 0 0 2 0 2 2 0 2 0 2 1 2 0 0 2 1 1 1 1 1 1 1 1 1 1 0 1 2 2 2 1 1 2 2
 1 2 2 2 0 1 0 1 0 0 0 2 1 0 1 0 1 2 2 0 1 0 1 1 0 2 2 0 0 0 0 2 1 0 2 2 1
 0 1 2 2 2 2 1 1 2 1 2 0 2 1 0 1 1 0 0 2 1 2 2 2 2 2 2 2 2 0 0 0 1 0 0 0 1
 2 0 2 2 0 2 2 0 0 1 0 1 2 0 2 2 2 1 0 1 0 2 1 1 2 2 1 1 2 1 0 1 2 0 2 0 0
 0]

========== Cluster 1 ==========

Labels: [0 0 2 1 0 2 2 1 0 0 1 1 2 2 0 2 1 0 0 0 1 0 2 0 0 0 0 1 0 1 2 0 0 2 0 0 0
 0 2 1 0 1 0 0 0 1 0 0 0 1 0 2 2 1 0 2 0 1 2 0 0 0 1 2 2 0 0 0 0 1 2 2 0 0
 0 1 1 0 2 1 1 0 2 2 0 0 2 2 2 0 1 2 2 0 0 0 0 0 2 0 2 2 2 0 1 2 1 0 0 2 0
 1 2 0 2 1 0 2 2 2 2 0 2 0 0 0 1 1 0 1 2 0 0 0 0 0 2 0 1 2 0 1 2 0 0 1 0 0
 0 1 0 0 2 1 2 0 0 0 1 2 1 1 1 2 0 2 0 0 0 2 0 0 0 2 2 0 1 0 2 2 0 0 0 1 2
 2 0 0 0 1 2 0 1 1 2 0 2 0 0 2 2 0 1 0 2 0 0 2 2 0 1 2 1 0 1 0 0 2 0 0 1 0
 2 0 2 2 1 1 1 0 0 2 2 0 1 1 0 1 0 1 0 0 1 1 2 2 2 1 2 1 0 0 0 2 2 0 0 2 2
 1 0 1 0 1 0 2 0 0 0 1 2 0 1 2 2 0 0 0 1 2 1 1 1 0 1 1 1 0 1 1 2 0 2 0 1 1
 2 1 0 0 2 2 0 0 0 1 0 2 0 2 2 0 0 0 2 0 2 0 0 2 2 0 2 1 0 0 1 2]

========== Cluster 2 ==========

Labels: [2 0 0 0 2 2 2 2 1 0 0 2 2 2 2 2 1 0 2 0 0 0 0 0 0 2 0 0 2 2 0 0 2 0 0 2 0
 0 0 2 2 0 0 0 2 0 0 1 0 0 2 1 2 0 0 0 0 0 0 0 0 0 2 2 0 0 0 2 0 2 0 2 2 2
 1 0 2 0 1 2 2 0 0 0 2 2 0 2 2 1 0 0 0 2 0 2 0 0 1 1 2 2 1 2 2 2 2 2 2 2 2
 2 0 0 0 1 0 2 1 0 2 1 2 0 1 2 0 2 0 0 2 2 1 2 2 0 0 0 2 2 2 1 2 0 0 1 0 2
 0 0 0 0 1 1 2 0 0 2 0 0 2 1 0 0 0 0 0 0 0 2 1 0 0 0 0 2 0 0 0 0 2 0 1 2 2
 2 2 0 2 0 2 0 1 0 0 2 2 0 2 2 0 2 0 0 2 0 2 1 2 0 2 0 2 0 0 2 2 2 2 0 0 0
 0 0 0 0 0 0 0 2 2 0 2 2 2 0 2 2 2 0 0 1 0 1 2 1 0 0 0 2 1 0 2 2 2 0 1 0 0
 2 2 0 1 0 0 0 0 1 1 0 0 2 1 0 2 0 2 0 2 0 0 2 0 2 0 1 0 2 2 0 2 0 1 0 2 0
 0 0 0 0 0 0 0 0 2 2 2 0 0 0 0 0 0 0 2 2 2 1 2 0 2 0 0 0 1 2 0 1 2 0 2 2 0
 0 2 0 2 0 0 1 2 0 0 2 2 2 0 2 0 1 0 0 2 2 0 0 2 0 2 2 0 0 0 2 2 0 0 2 2 0
 0 2 2 2 0 0 2 0 0 0 0 0 1 0 0 0 1 0 2 0 2 2 1 2 0 0 2 0 1 1 2 1 2 1 0 0 2
 2 0 2 2 0 0 2 2 0 0 2 0 2 2 1 2 2 2 0 0 1 2 0 0 0 2 0 2 0 1 0 0 0 0 0 0 0
 0 1 0 0 0 2 0 1 2 0 0 0 0 0 2 1 2 0 2 2 2 0 2 0 0 2 2 0 2 0 1 0 0 2]

