============== Classifiers Parameters ==============
[{'n_estimators': 105, 'max_depth': 2, 'min_samples_split': 4, 'min_samples_leaf': 3, 'learning_rate': 0.6763855777632407}, {'n_estimators': 252, 'max_depth': 1, 'min_samples_split': 5, 'min_samples_leaf': 5, 'learning_rate': 0.32131005552296843}, {'n_estimators': 64, 'max_depth': 9, 'min_samples_split': 3, 'min_samples_leaf': 7, 'learning_rate': 0.4550885538720416}, {'n_estimators': 149, 'max_depth': 2, 'min_samples_split': 9, 'min_samples_leaf': 6, 'learning_rate': 0.41677509032483273}, {'n_estimators': 192, 'max_depth': 9, 'min_samples_split': 5, 'min_samples_leaf': 9, 'learning_rate': 0.6796894879699884}, {'n_estimators': 147, 'max_depth': 7, 'min_samples_split': 8, 'min_samples_leaf': 6, 'learning_rate': 0.21260763328180632}]

Optimal clusterer: kmeans

External clustering metrics:
adjusted_rand_score: -0.012482389724818084
normalized_mutual_info_score: 0.018719276323537547
v_measure_score: 0.018719276323537547
fowlkes_mallows_score: 0.5411750709755724

Internal clustering metrics:
silhouette: 0.29775697353016234
davies_bouldin: 1.4791682662502217
calinski_harabasz_score: 173.96695047518875

Base classifier: gb
========== Cluster 0 ==========

Labels: [0 0 0 2 0 2 0 0 2 0 0 0 0 2 2 0 0 0 0 0 1 0 0 2 0 0 0 0 0 0 2 0 0 2 2 0 2
 0 0 2 1 0 0 2 0 2 2 0 0 2 0 2 0 0 0 0 0 0 0 2 0 0 0 0 0 0 1 0 0 2 1 2 0 2
 0 0 0 1 0 0 0 0 0 0 0 1 2 0 0]

========== Cluster 1 ==========

Labels: [1 0 1 0 1 0 1 2 1 0 0 2 0 0 1 0 0 0 2 2 1 0 2 1 1 0 0 0 1 2 0 1 1 2 2 1 2
 2 0 0 2 2 1 1 1 1 1 1 0 0 0 2 0 0 0 0 1 1 0 2 2 1 1 0 1 1 1 2 1 2 1 1 0 1
 0 2 0 2 1 0 0 2 0 1 2 0 1 0 0 1 2 2 0 1 0 0 1 1 1 0 2 0 1 1 1 2 0 2 1 2 2
 0 2 2 0 0 2 2 2 2 1 1 1 2 2 0 1 0 2 0 0 2 2 1 1 1 1 1 0 2 0 1 2 2 1 1 1 2
 2 2 2 0 0 0 2 1 0 2 2 1 0 2 1 0 1 1 1 1 0 2 1 2 2 2 2 0 0 0 1 0 1 0 1 0 0
 0 0 1 2]

========== Cluster 2 ==========

Labels: [0 2 0 2 2 2 2 2 1 0 0 2 0 0 2 0 2 0 2 0 0 2 2 0 0 0 0 0 0 2 0 2 0 2 0 2 0
 0 0 2 2 2 2 2 2 1 0 2 1 2 2 0 0 2 0 2 0 2 1 2 0 2 0 2 0 2 2 2 1 0 2 2 0 2
 2 0 0 2 1 2 1 0 1 0 0 0 0 0 0 0 0 1 2 0 2 0 2 2 0 2 0 0 0 2 1 2 0 0 0 2 2
 0 0 0 2 2 2 2 0 0 2 0 2 0 2 1 0 2 1 2 1 2 2 2 0 0 2 0 2 2 0 0 0 0 0 0 2 2
 0 0 0 0 1 1 0 0 0 1 2 2 2 0 1 2 1 0 0 2 1 2 2 2 2 0 0 0 0 0 0 2 0 0 2 1 2
 0 0 0 2 0 0 2]

========== Cluster 3 ==========

Labels: [1 1 0 0 1 0 1 2 0 1 1 0 1 1 1 1 0 0 0 0 0 2 1 0 1 1 2 1 1 2 1 2 2 1 1 0 0
 0 2 0 1 0 0 2 1 1 0 1 2 1 2 1 0 2 1 2 2 2 0 0 1 1 2 1 1 2 0 2 0 0 2 2 1 0
 1 0 1 0 0 0 0 0 2 1 1 0 1 0 0 1 0 0 1 2 1 1 2 1 0 1 1 0 1 1 0 1 0 1 2 0 1
 1 2 0 2 1 0 1 0 2 0 2 2 2 1 2 2 0 2 1 0 2 1 1 2 1 2 2 0 0 0 2 1 2 0 0 1 1
 0 0 0 1 1 0 0 0 2 0 0 0 1 2 0 2 1 0 0 0 0 2 1 2 2 1 2 2 0 2 0 2 0 1 0 2 2
 1 2 2 0 2 2 0 2 0 1 1 1 2 2 2 0 2 0 2 2 2 2 2 2 1 1 1 1 0 2 2 1 1 2 1 2 2
 0 1 0 1 0 1 0 0 1 0 1 2 0 0 0 2 0 2 2 2 2 1 2 1 2 0 0 0 2 1 2 0 0 1 0 0 0
 1 2 0 2 2 0 0 1 2 0 2 2 1 0 2 1 1 2 1 1 2 1 2 2 0]

========== Cluster 4 ==========

Labels: [2 0 0 2 2 1 0 2 2 0 1 0 0 0 2 0 1 2 0 2 0 2 1 0 2 2 0 0 0 0 0 1 2 2 2 0 0
 0 2 0 0 2 0 2 2 0 2 2 1 2 1 2 0 1 1 2 2 2 1 2 1 0 0 0 0 2 0 0 1 1 1 0 2 2
 2 2 2 2 0 2 2 2 0 2 2 2 0 0 1 0 2 1 0 0 2 1 2 2 0 2 2 0 1 0 0 0 0 2 1 2 2
 2 0 2 2 1 2 1 2 1 1 1 1 1 2 2 2 0 1 2 1 2 2 2 2 0 0 2 2 0 0 0 0 0 0 2 0 0
 0 1 2 0 0 2 0 0 0 2 0 2 0 0 2 2 2 2 0 2 0 1 0 2 0 2 2 0 0 2 2 0 0 0 0 2 1
 0 0 0 2 0 0 2 0 2 0 2 1 1 0 1 0 0 1 2 2 0 2 1 1 1 2 2 2 1 0 0 0 0 0 0 0 0
 0 1 2 0 1 1 2 0 1 0 2 2 2 2 2 2 0 2 0 2 2 0 2 1 0 1 2 2 0 2 1 1 1 0 0 2 0
 2 2 1 0 0 1 1 2 2 2 0 2 0 2 2 0 0 1 2 0 2 2 2 1 1 0 2 2 0 2 2 2 2 0 1 0 0
 1 2 0 2 0 2 0 0 0 2 2 2 2 2 2 0 2 2 1 0]

========== Cluster 5 ==========

Labels: [0 0 2 1 0 2 2 0 0 1 2 2 0 1 0 0 0 1 0 2 0 1 0 1 2 0 0 2 0 0 0 0 0 0 1 0 0
 1 0 2 2 1 0 0 1 2 0 0 0 1 0 0 1 2 1 1 2 1 0 2 2 2 1 0 2 2 2 0 0 2 2 2 0 1
 0 2 0 0 2 2 2 0 0 0 1 0 2 1 1 2 2 0 0 2 2 2 0 2 2 0 0 0 0 2 0 2 1 2 1 0 0
 2 0 1 2 0 2 1 0 2 2 0 2 0 0 1 0 1 2 0 0 0 0 2 0 1 2 0 2 0 0 1 0 0 1 0 2 1
 0 0 0 1 2 1 1 1 2 0 2 0 0 0 2 0 0 0 2 1 2 1 2 0 0 0 0 0 2 0 0 0 2 2 1 1 1
 2 2 0 1 0 0 0 0 1 2 2 0 0 0 2 0 0 1 0 1 2 0 0 0 1 2 0 1 2 0 0 0 1 2 1 1 0
 1 1 1 1 1 0 2 1 2 1 0 2 2 0 0 0 1 0 2 2 0 0 2 0 2 0 0 2 2 0 2 0 0 1]

