Clustering algorithm selected: kmeans
=====================================

Clustering evaluation metric: dbc_ss
Clustering evaluation value: 0.30916531233293

========== Cluster 0 ==========

Base classifier: GaussianNB()

Minority Class: 1

Selected Features: [ 0  1  2  3  4  5  6  7  8  9 10 11 12 13 14 15 16 17 18 19 20 21 22 23
 24 25 26 27 28 29 30 31 32 33 34 35 36 37]

Labels: [1 0 0 0 1 1 1 1 1 0 0 0 1 0 1 0 0 1 0 0 0 1 1 0 1 0 1 1 1 1 0 1 1 0 1 1 1
 1 1 1 0 1 1 0 0 0 1 0 1 0 0 0 1 1 0 1 0 1 1 0 0 1 0 0 0 0 1 1 0 1 1 1 1 0
 0 1 1 0 1 0 1 0 1 1 1 0 0 1 0 1 0 0 1 1 1 0 1 0 0 1 0 1 0 0 1 1 0 0 1 0 1
 1 1 1 1 0 1 1 0 0 0 1 0 0 1 0 1 0 0 1 0 0 0 0 1 1 1 0 0 0 0 0 0 0 0 0 0 1
 1 1 1 0 0 0 1 1 0 0 1 0 0 1 0 0 1 1 0 1 1 1 0 0 1 0 1 1 1 0 1 0 0 1 0 0 1
 1 0 1 1 1 0 1 1 0 1 1 1 0 1 1 1 0 0 0 0 1 0 0 0 0]

Synthetic samples indexes: [  0   4   8  12  14  21  24  26  27  28  31  32  34  35  36  37  38  39
  41  52  55  58  61  66  69  76  78  83  84  87  89  93  94  96 105 110
 112 113 114 117 121 129 134 136 148 149 150 154 155 158 164 165 167 168
 172 174 176 178 184 185 187 188 191 192 194 199 205]

========== Cluster 1 ==========

Base classifier: GaussianNB()

Minority Class: 1

Selected Features: [ 0  1  2  3  4  5  6  7  8  9 10 11 12 13 14 15 16 17 18 19 20 21 22 23
 24 25 26 27 28 29 30 31 32 33 34 35 36 37]

Labels: [1 0 0 1 0 0 1 1 1 1 0 0 1 0 1 1 1 0 0 0 1 1 1 1 1 0 1 1 1 0 1 1 0 1 1 1 0
 0 1 1 0 0 1 0 0 1 1 1 1 0 1 0 0 0 0 1 0 0 0 0 0 1 1 0 0 0 1 1 1 0 1 1 0 0
 0 1 0 0 0 0 1 0 0 1 1 1 0 0 0 1 1 1 0 1 1 0 1 0 1 0 0 0 0 1 0 0 0 0 1 0 0
 0 1 1 1 0 0 1 0 1 1 1 0 1 1 0 0 1 0 0 1 1 0 0 0 1 1 0 0 1 0 0 0 1 0 0 0 0
 0 1 1 0 1 0 1 0 0 1 0 0 0 1 0 0 0 1 1 1 1 1 0 1 0 0 0 0 0 1 0 1 1 0 1 0 1
 1 0 1 0 1 0 1 1 1 1 1 1 0 0 1 0 0 0 0 0 1 1 1 0 0 1 1 1 1 1 1 1 0 1 0 1 1
 1 0 1 0 1 1 1 1 1 1 1 0 0 0 1 0 0 0 0 1 0 1 0 1 0 1 0 1 0 1 1 0 1 1 1 1 0
 1 1 1 1 0 1 1 0 0 1 0 0 1 0 1 1 1 0 0 0 1 1 1 0 0 1 0 0 1 1 0 0 1 0 0 1 0
 0 0 1 1 0 0 1 0 1 1 1 1 0 0 1 0 1 1 0 0 1 0 1 0 1 1 0 1 1 0 0 1 0 0 1 0 0
 1 0 1 1 0 0 0 1 1 0 1 1 0 1 0 1 0 0 1 0 0 1 1 0 1 1 0 1 1 0 1 0 0 0 0 1 0
 1 1 0 0 1 0 0 0 0 1 0 0 0 0 1 1 0 1 1 1 0 1 0 1 0 1 1 0 1 1 1 0 0 1 1 1 1
 0 1 0 0 1 1 0 1 0 1 1 1 1 1 1 1 0 1 1 0 0 0 0 0 0 1 1 0 0 1 0 0 0 0 1 0 0
 1 1 0 0 1 1 0 0 0 1 0 1 0 1 1 0 1 0 1 0 0 1 1 0 0 0 0 1 1 1 0 0 0 1 1 1]

Synthetic samples indexes: [307 344]

