Clustering algorithm selected: fcm
=====================================

Clustering evaluation metric: dbc_rand
Clustering evaluation value: 0.29182994703830434

========== Cluster 0 ==========

Base classifier: DummyClassifier(strategy='most_frequent')

Minority Class: 0

Selected Features: [  0   1   2   3   4   5   6   7   8   9  10  11  12  13  14  15  16  17
  18  19  20  21  22  23  24  25  26  27  28  29  30  31  32  33  34  35
  36  37  38  39  40  41  42  43  44  45  46  47  48  49  50  51  52  53
  54  55  56  57  58  59  60  61  62  63  64  65  66  67  68  69  70  71
  72  73  74  75  76  77  78  79  80  81  82  83  84  85  86  87  88  89
  90  91  92  93  94  95  96  97  98  99 100 101 102 103 104 105 106 107
 108 109 110 111 112 113 114 115 116 117 118 119 120 121 122 123 124 125
 126 127 128 129 130 131 132 133 134 135 136 137 138 139 140 141 142 143
 144 145 146 147 148 149 150 151 152 153 154 155 156 157 158 159 160 161
 162 163 164 165 166 167 168 169 170 171 172 173 174 175 176 177 178 179
 180 181 182 183 184 185 186 187 188 189 190 191 192 193 194 195 196 197
 198 199 200 201 202 203 204 205 206 207 208 209 210 211 212 213 214 215
 216 217 218 219 220 221 222 223 224]

Labels: [0]

========== Cluster 1 ==========

Base classifier: RandomForestClassifier()

Minority Class: 1

Selected Features: [ 37 136 214  95 131   2  74 213 208 168 202   3 204 102  66 133  42  45
 109 110 146  33 212 152 111 162 130  83 192 104 125 217  44  84  56  11
  71  86 174 196  25 119   1  14 215 179 100 139  79  53 209 124  24 223
 154 211  39 203   4  16 195  41 128  92   6  64 103  34 106 143  70  73
 186 175   0 142  60 191  75  57 157 151 112  46  47 194 165  93 132  65
  49  35  62 105  15  78  55  58 193  36 199  38 198  40 197 184  43  63
  61 190 187 185  48  59  50  51 189  54 188  52 141 200   8 210  13  12
 216  10   9   7  17 218   5 219 220 221 222 207  18  67  27 201  32  31
  30  29  28  26  19 205 206  23  22  21  20 183 182  68 115 121 120 156
 118 117 116 114  69 113 158]

Labels: [0 0 0 0 1 0 0 1 0 0 0 0 0 0 0 1 0 0 0 0 1 0 0 0 0 1 0 0 0 1 0 0 0 1 0 0 1
 0 0 1 1 0 0 0 0 0 0 0 0 0 1 1 0 0 0 0 1 0 0 0 0 0 1 0 0 0 0 1 1 0 0 0 0 0
 0 0 0 0 0 0 1 1 0 1 1 0 0 1 1 1 0 0 0 0 0 0 1 1 0 0 1 0 0 0 1 0 0 0 1 1 0
 1 0 0 0 1 0 1 0 0 0 1 0 0 0 0 1 1 0 1 0 0 0 0 1 0 1 0 0 1 0 0 0 0 0 0 0 1
 0 0 1 0 1 0 0 0 1 0 0 0 0 0 1 0 0 0 0 0 0 0 0 0 0 0 0 1 0 0 0 1 0 0 0 0 0
 0 1 0 0 0 0 0 0 0 0 1 0 0 1 1 0 0 0 1 1 1 0 0 0 1 1 1 0 0 0 0 0 0 1 0 0 0
 1 0 0 0 0 0 0 0 0 0 0 0 0 1 0 1 0 0 0 0 0 0 0 0 0 0 0 0 0 0 1 1 0 0 0 1 1
 0 1 1 0 1 0 0 0 0 1 0 0 0 0 0 0 0 0 0 0 1 0 0 0 0 1 0 1 0 0 0 0 0 0 0 1 1
 0 1 0 1 0 0 0 0 0 0 0 0 1 1 0 0 1 1 1 0 0 0 1 0 0 1 1 0 0 0 0 0 0 0 0 0 0
 1 0 0 0 0 0 0 0 0 0 0 0 0 0 0 1 0 0 0 1 0 0 0 0 1 0 0 0 1 0 0 0 0 0 1 1 0
 0 1 0 0 0 0 0 0 0 1 1 0 1 0 0 1 0 0 0 0 0 0 0 0 0 1 0 0 0 0 0 0 0 0 0 0 1
 0]

========== Cluster 2 ==========

Base classifier: SVC(probability=True)

Minority Class: 1

Selected Features: [206 205 217 141 220 210 215 176  29   0 189 173 213   6 202 128  46 191
 163 154 187 212  47  40 200 153 147  27 175 152  87 216 108 218 134 166
   5 119 133   4 171 182 178  38  13 138  30 129 132  15 183 179 114  50
 145 142 151  90 157  70 139  62 162 100  74  72 201  51  54 150 131  86
  73  97   3  31  79  66 130  32  17 180  19  41  58  61  60  59   9  63
  64  65  67  68  69  71  75  76  77  78  80  81  82  57  43  56  20  26
  25  24  23  22  21   7  33  18  16  14  12  11   8  28  34  55  45  53
  52  49   1  48   2  44  35  10  42  84  39  37  36  83 224  85 168 185
 184 181 177 174 172 170 169 167  88 165 164 161 160 159 158 156 155 186
 188 190 192 222 221 219 214 211 209 208 207 204 203 199 198 197 196 195
 194 193 149 148 146 111 109 107 106 105 104 103 102 101  99  98  96  95
  94  93  92  91  89 110 223 144 113]

Labels: [1 0 0 1 0 0 0 0]

========== Cluster 3 ==========

Base classifier: SVC(probability=True)

Minority Class: 1

Selected Features: [214  12 191 143 182  36 118 195  18 170   0 176 192  38   3  48  70 173
  90 121   9 122 117  62  66  40   1  31 178  15 196  42 148  51  54  72
 131 185 108  37 160 142  29  56  52  76  16 210  39 169  87  83 211  11
 209 153  21  27 138 100 171  99 187 208  78   7 120  57  58  85 129 125
 204 119 110  60  24 190 144  50 189  68 221  69 128  49 126 157 102 104
 205 159  63  33 147  45  34 162 218 116  75 220   2   8 207 217  30 198
 180  61  64  71  74  73  65  77   5  67   4  26   6  41  28  25  32  35
  23  80  22  20  19  17  59  43  44  46  47  14  13  53  10  55  79 224
  81 150 179 177 175 174 172 168 167 166 165 164 163 161 158 156 155 154
 152 181 183 184 203 222 219 216 215 213 212 206]

Labels: [1 0 0 0 0 0 0 0 0 1 0 1 1 1 1 0 0 0 0 0 0 0 1 1 1 0 1 0 0 1 0 0 1 0 0 0 0
 0 1 0 0 0 1 1 0 1 0 0 0 0 1 1 1 0 0 0 0 0 0 1 1 0 0 1 1 0 0 0 1 1 0 1 1 0
 0 0 1 0 0 1 0 1 0 0 1 1 0 0 0 0 0 1 1 0 1 0 0 0 0 0 0 0 0 0 0 1 0 0 1 1 0
 1 1 0 1 0 0 1 0 0 1 0 1 1 0 0 0 1 0 0 0 0 0 0 0 0 0 0 0 0 0 1 0 0 0 0 0 0
 0 0 0 0 1 0 0 1 0 1 0 0 0 1 1 0 1 1 0 0 0 0 0 1 1 0 0 0 1 0 0 1 0 1 1 0 0
 0 1 0 1 0 0 1 0 0 0 1 0 0 1 0 1 0 1 0 0 0 0 0 0 0 0 1 0 0 0 1 0 0 1 1 1 0
 0 1 1 0 0 0 0 0 1 0 0 0 0 0 1 0 1 0 0 0 0 1 0 1 0 0 0 0 1 1 1 0 0 0 1 0 0
 0 1 1 0 1 0 0 0 0 0 1 0 1 0 0 1 1 1 1 1 0 1 0 1 0 1 1 1 0 0 0 1 1 1 0 0 0
 1 0 0 1 0 1 1 1 0 1 0 0 0 1 0 1 1 0 0 0 0 0 0 0 0 0 1 1 0 1 1 1 0 0 0 0 0
 0 1 0 0 0 0 0 1 0 0 1 0 0 1 0 1 0 1 0 0 0 0 1 1 1 0 0 0 1 0 0 0 0 0 1 0 0
 1 1 0 1 0 0 0 0 0 0 1 0 0 0 1 1 1 0 0 0 1 0 0 1 0 0 1 0 0 0 0 0 0 1 0 1 0
 1 0 0 0 1 1 0 0 0 0 0 0 1 1 0 1 1 0 0 0 0 0 1 0 1 0 0 0 1 0 0 1 0 1 0 1 0
 0 0 0 1 1 0 0 1 1 1 0 0 0 1 0 1 0 1 0 1 1 0 1 0 1 1 0 0 1 1 0 1 0 1 1 1 0
 1 0]

