Clustering algorithm selected: fcm
=====================================

Clustering evaluation metric: dbc_rand
Clustering evaluation value: 0.32618942713599597

========== Cluster 0 ==========

Base classifier: GaussianNB()

Minority Class: 1

Selected Features: [204 208 212 206 210 221 200 217 220  74  67  72  77  71  75  70  78  69
  76  68  73 224  66  65  80  64  63  62  61  60  59  58  57  56  55  79
  85  81  82 105 104 103 102 101 100  99  98  97  96  95  94  93  92  91
  90  89  88  87  86  53  84  83  54  48  52  25  23  22  21  20  19  18
  17  16  15  14  13  12  11  10   9   8   7   6   5   4   3   2   1  24
  26  51  27  50  49 107  47  46  45  44  43  42  41  40  39  38  37  36
  35  34  33  32  31  30  29  28 106 112 108 188 186 185 184 183 182 181
 180 179 178 177 176 175 174 173 172 171 170 169 168 167 166 165 164 187
 189 162 190 222 219 218 216 215 214 213 211 209 207 205 203 202 201 199
 198 197 196 195 194 193 192 191 163 161 109 134 132 131 130 129 128 127
 126 125 124 123 122 121 120 119 118 117 116 115 114 113 223 111 110 133
 135 160 136 159 158 157 156 155 154 153 152 151 150 149 148 147 146 145
 144 143]

Labels: [0 0 0 0 0 0 0 1]

========== Cluster 1 ==========

Base classifier: DummyClassifier(strategy='most_frequent')

Minority Class: 1

Selected Features: [  0   1   2   3   4   5   6   7   8   9  10  11  12  13  14  15  16  17
  18  19  20  21  22  23  24  25  26  27  28  29  30  31  32  33  34  35
  36  37  38  39  40  41  42  43  44  45  46  47  48  49  50  51  52  53
  54  55  56  57  58  59  60  61  62  63  64  65  66  67  68  69  70  71
  72  73  74  75  76  77  78  79  80  81  82  83  84  85  86  87  88  89
  90  91  92  93  94  95  96  97  98  99 100 101 102 103 104 105 106 107
 108 109 110 111 112 113 114 115 116 117 118 119 120 121 122 123 124 125
 126 127 128 129 130 131 132 133 134 135 136 137 138 139 140 141 142 143
 144 145 146 147 148 149 150 151 152 153 154 155 156 157 158 159 160 161
 162 163 164 165 166 167 168 169 170 171 172 173 174 175 176 177 178 179
 180 181 182 183 184 185 186 187 188 189 190 191 192 193 194 195 196 197
 198 199 200 201 202 203 204 205 206 207 208 209 210 211 212 213 214 215
 216 217 218 219 220 221 222 223 224]

Labels: [1]

========== Cluster 2 ==========

Base classifier: DummyClassifier(strategy='most_frequent')

Minority Class: 0

Selected Features: [224 111  81  80  79  78  77  76  75  74  73  72  71  70  69  68  67  66
  65  64  63  62  61  60  59  58  57  82  83  84  98 109 108 107 106 105
 104 103 102 101 100  99  97  85  96  95  94  93  92  91  90  89  88  87
  86  56  55  54  13  24  23  22  21  20  19  18  17  16  15  14  12  26
  11  10   9   8   7   6   5   4   3   2   1  25  27  53  41  52  51  50
  49  48  47  46  45  44  43  42  40  28  39  38  37  36  35  34  33  32
  31  30  29 110 112 223 113 194 193 192 191 190 189 188 187 186 185 184
 183 182 181 180 179 178 177 176 175 174 173 172 171 170 195 196 197 211
 222 221 220 219 218 217 216 215 214 213 212 210 198 209 208 207 206 205
 204 203 202 201 200 199 169]

Labels: [0 0 0 0 0 0 0 0 0 0 0]

========== Cluster 3 ==========

Base classifier: GradientBoostingClassifier()

Minority Class: 1

Selected Features: [ 63 221 194   6 135   3  44 158  83  39  43 155 147 111 170 208  73  59
 132 110  86  20 121 200  76 131  48  88 176 100   2 171  53  60 209 101
 116  91 126   0  33 118 184 103 109  96 212 182 149 187 204  65 136  19
 123 146 142  18 143  23 153 102  58  41  42 203 120  84  81   8 167  22
 156 198 183  85 175 201 117 150 188  71 207 211 214 186  27  92 224 215
  55 205 134  89 160  36 199 115 195 137  77 173  68  82 222 128  57 189
  37  38 202  40 190 197 196  56  45  54  46 191  47  35  49  50  51  52
 192 193  32  34  62   1 220   4   5 219   7 218   9  10  11  12  13  14
  15  16  17 217 216  21 213 210  24  25  26 206  28  29  30]

Labels: [1 0 0 0 0 0 0 0 1 0 1 1 1 1 0 0 0 0 0 0 0 1 1 1 0 1 0 0 1 0 0 1 0 0 0 0 0
 1 0 0 0 1 1 0 1 0 0 0 0 1 1 1 0 0 0 0 0 0 1 1 0 0 1 1 0 0 0 1 1 1 1 0 0 0
 1 0 0 1 0 1 0 0 1 1 0 0 0 0 1 1 0 1 0 0 0 0 0 0 0 0 0 0 1 0 1 1 0 1 1 0 1
 0 0 1 0 0 1 0 1 1 0 0 0 1 0 0 0 0 0 0 0 0 0 0 0 0 1 0 0 0 0 0 0 0 0 0 0 1
 0 0 1 0 1 0 0 0 1 1 0 1 1 0 0 0 0 0 1 1 1 0 0 0 1 0 0 0 1 0 1 1 0 0 0 1 0
 1 0 0 1 0 0 0 1 0 0 1 0 1 0 1 0 0 0 0 0 0 0 0 1 0 0 0 1 0 0 1 1 1 0 0 1 1
 0 0 0 0 1 0 0 0 0 0 1 0 1 0 0 0 0 1 0 1 0 0 0 0 1 1 1 1 0 0 0 1 0 0 0 1 1
 0 1 0 0 0 0 0 1 0 1 0 0 1 1 1 1 1 0 1 0 1 0 1 1 1 0 0 0 1 1 1 0 0 0 1 0 0
 1 0 1 1 1 0 1 0 0 0 1 0 1 1 0 0 1 0 1 0 1 1 1 1 0 0 0 0 1 0 1 0 0 0 0 0 0
 1 0 0 0 1 0 1 0 0 0 1 1 0 0 0 1 0 0 1 0 0 0 0 1 0 0 0 1 0 1 1 0 1 1 1 0 1
 1 1 0 0 0 0 0 1 0 0 0 0 0 1 0 0 1 0 0 1 0 1 0 1 0 0 0 0 1 1 1 0 0 0 1 0 0
 0 0 0 1 0 0 1 1 0 1 0 0 0 0 0 0 1 0 0 0 1 1 1 0 0 0 1 0 0 1 0 0 1 0 0 0 0
 0 0 1 0 1 0 0 0 0 0 1 1 0 0 0 0 0 0 1 1 0 1 1 1 1 1]

========== Cluster 4 ==========

Base classifier: GradientBoostingClassifier()

Minority Class: 1

Selected Features: [ 38 145 112  34   6  18   0 139  65 224   3 130 164  50 143 174 107 120
  44  46 153 211  79 154   4 181 214 207 223 134  22 192 185 222 129 147
 178  78 213  27  63  45 206  89 217 180 152  94  90  37  99  57  76 151
  51  55  12  86 101  40 187  93 157 138  36  53  88 149  54 165 209 193
 126 210 144  84 137  20  73 179 204  83 114 197 128  17 146 100  95 161
 173  13   2  85  25  16 119 183 115  24  19 170  96  91  59 212 105  10
  48 203 106 190 162 135  15 167  42  60  39 171  52 202  41 168 219 166
  58  43 205  56 169  49  47 140  30 172 175   1 215   5 177   7   8   9
  11 176  14 221  21  35 182  23  26 208  28  29  62  31  32  33 220  61
  70 201 121]

Labels: [0 0 0 0 1 0 0 1 0 0 0 0 0 0 0 1 0 0 0 1 0 0 0 0 1 0 0 0 1 0 0 0 1 0 0 1 0
 0 1 1 0 0 0 0 0 0 0 0 0 1 1 0 0 0 0 1 0 0 0 0 0 1 0 0 0 0 1 1 0 0 0 0 0 0
 0 0 0 0 0 1 1 0 1 1 0 0 1 1 1 0 0 0 0 0 0 1 1 0 0 1 0 0 0 1 0 0 0 1 1 0 1
 0 0 0 1 0 1 0 0 0 1 0 0 0 0 1 1 0 1 0 0 0 0 1 0 1 0 0 1 0 0 0 0 0 0 0 1 0
 0 1 0 1 0 0 0 1 0 0 0 0 0 1 0 0 0 0 0 0 0 0 0 0 0 0 1 0 0 0 1 0 0 0 0 0 0
 1 0 0 0 0 0 0 0 0 1 0 0 1 1 0 0 0 1 1 1 0 0 0 1 1 1 0 0 0 0 0 1 0 0 0 0 0
 0 0 0 0 0 0 0 0 0 0 1 0 1 0 0 0 0 0 0 0 0 0 0 0 0 0 0 1 1 0 0 0 1 1 0 1 1
 0 1 0 0 0 0 1 0 0 0 1 0 0 1 1 0 1 0 0 0 0 0 0 0 0 0 0 1 1 0 1 0 0 1 0 0 0
 0 0 0 1 0 0 0 1 0 0 0 0 0 0 0 0 0 0 0 0 0 0 0 0 1 0 0 0 0 0 1 0 0 0 0 0 1
 0 0 0 0 0 0 0 1 1 0 1 0 1 0 0 0 0 0 0 0 0 1 1 0 0 1 1 1 0 0 0 1 0 0 1 1 0
 0 0 0 0 0 0 0 0 0 1 0 0 0 0 0 0 0 0 0 0 0 0 0 0 1 0 0 0 1 0 0 0 0 1 0 0 0
 1 1 1]

