Clustering algorithm selected: fcm
=====================================

Clustering evaluation metric: dbc_rand
Clustering evaluation value: 0.30014245985536797

========== Cluster 0 ==========

Base classifier: GaussianNB()

Minority Class: 1

Selected Features: [204 208 217 220 201 224 140  68  67  97  96  93  91  88  66  87  86  82
  99  78  76  75  74  80 107 101 106 138 135 134 133 128 123 122 121 120
 119 114 113 223 110  63  64  58  61  23  21  20  19  18  17  16  14  11
  10   8   7   6   3   2   1  22  25  60  31 143  57  56  53  52  50  48
  45  44  43  42  39  38  35  34 141 112   0 160 200 162 185 163 164 165
 166 167 198 197 168 170 195 194 193 173 192 174 175 191 144 190 177 178
 189 180 188 187 183 161 186 219 207 215 216 151 153 211 155 147 221 209
 213 146 156 159 205 145 206 158 218   9  55  46  47  49   5   4  54 222
 214  51 202 212  12 210 203  26  27  28  30 199  32  33  13  15  36  37
 196  24  40  41  29 142 184 103 105 108 109 111 157 115 116 117 118 154
 152 124 125 126 127 150 129 130 131 132 149 148 136 137 139 104 102  59
 100 182  62 181  65 179  69  70  72  73 176  77  79 172  81 171  83  84
  85 169]

Labels: [0 0 0 1 0 0]

========== Cluster 1 ==========

Base classifier: DummyClassifier(strategy='most_frequent')

Minority Class: 0

Selected Features: [200 205 220 206 210 212 141 224  75  67  97  96  94  66  92  90  89  88
  68  77  85  69  84 100  83  70  81  79  98 107 103 116 125 124 123 122
 121 120 119 118 115 104 114 113 223 111 109 108  62 106  63  56  61  59
  27  26  25  24  23  22  21  20  16  15  14  11  10   9   6   5   3   2
   1  28  29  30  47 127  55  54  52  51  50  49  48  46  32  45  44  42
  41  38  37  36  35 126 112   0 166 195 196 170 169 168 167 202 203 174
 165 204 164 207 163 208 161 129 194 159 183 189 188 191 187 186 185 184
 182 175 181 180 192 193 178 177 176 160 162 148 147 145 218 144 142 140
 138 221 137 136 222 134 133 132 131 130 146 190 158 209 156 215 151 211
 213 154 153 216  12  17  39  13 219   4 214   8 201 199  34  33 198  31
  19 217   7 197  18 128  40 102  91  93 155  95 152  99 101 150  87 149
 105 110 143 139 117 135 157  86  43  65 179  53  57  58  60]

Labels: [0 0 0 0]

========== Cluster 2 ==========

Base classifier: DummyClassifier(strategy='most_frequent')

Minority Class: 0

Selected Features: [212 221 204 208 210  34  30 118  31 114 113 223   0  28 108  37  39  40
 103  41 101 100  99  29 124 122 123  54 139  21 137 136  22  23 133 132
 131  24 127  27 125  97  98  94  96  45  47  71  70  69  68  67  48  64
  50  51  61  52  59  53  57  73  77  95  78  20  93  92  91  90  88  87
  86  43  84  83  82  81  80  79 141 140 143 176 195 194   5   6 191 190
   7 188   8 186 185 184   9  10  11 180 144 196 197 198 214 222 220 219
 218 217 216 215   1 199 211 209 207 206 202   4 200 178 179  56 155 153
 156 152 157 151 158  13 160  17  16 163 164 165 166 150 149 167 148 168
 169 170  19 146  15  14 145 173 174 154  49  12  25  26   2   3  46  44
  32  33  42  35  36  38  18 224  55 175 130 134 135 138 142 147 159 161
 162 171 172 177 128 181 182 183 187 189 192 193 201 203 205 213 129 126
  58 102  60  62  63  65  66  72  74  75  76  85  89 104 121]

Labels: [0 0 0]

========== Cluster 3 ==========

Base classifier: GaussianNB()

Minority Class: 1

Selected Features: [206 212 220 217 208 205 200   3 141   6 215 106 101 100  99  96  94 109
  93  86  92  91 223  82  81  80  78  71 111 224 113 114 134 133 132 131
 129 128 127 126 125 124 122 121  66 120 118  68  56  65  28  26  25  21
  19  18  17  16  14  13  12  11  10   4   2   1  27  29  64  30  63  57
 136  53  52  51  47  46  45  43  42  40  37  36  35 135 112 175 185 182
 181 178 177 176 138 174 173 172 171 170 169 168 166 165 183 186 163 190
 221 219 218 214 211 207 203 202 201 199 198 196 195 194 191 164   0 162
 152 149 148 157 156 155 146 145 160 158 150 139 140 142 143  38  31 123
  44 188 151 189  41  32  33 153  34  39 192 193  24 197 119 222   5 216
   7   8   9 213 144 210 209  15 130 204  20 147  22  23 187  49 154  87
  77 159  79 108 107  83  84  85 105  88  75  89  90 104 167 103 102  95
 161  97  76  74  48  58  98  50 184 117 116  54  55 115 180]

Labels: [1 0 0 0 0 0]

========== Cluster 4 ==========

Base classifier: LogisticRegression()

Minority Class: 1

Selected Features: [ 41  36  83  21  18 191   0 219  10  51  90 208  94   1 118 112 113 153
  39 127  25 221 205 102  22  33  24 144 212  72  95 101 213 186 189   5
  87 146  55 198  76 204 149 105  68  81 104  42  61  48 110 111  96 131
  64 151 217 148  86   4  79 159 117 150  65 200 222 194 158 214 175  15
  46   3  80 173 154  62  50 152 143  14  88 169  49 121 176 156 210  20
  73  56 201 180 174 133 115 183  75 135 107  43 139 142  13 145 166 187
 164 206  66  69  60  70  67  59  58   2  57   6  63  17   7  11 220  19
 218  16  23  26  27  28  29  30  12  31  71  34   8  35  37  38  40   9
 216  44  45  47 215  52  53  54  32 209]

Labels: [0 1 0 0 1 0 0 0 1 1 0 1 1 0 0 0 1 0 0 1 0 1 0 0 1 1 0 0 0 0 0 1 1 0 1 0 0
 0 0 0 0 0 0 0 1 0 0 1 1 0 1 1 0 1 0 0 1 0 0 1 1 1 0 0 0 1 0 0 0 0 0 0 0 0
 0 0 0 0 1 0 0 0 0 0 0 0 0 0 0 1 0 0 1 1 0 0 0 1 1 0 1 1 0 0 0 0 0 1 1 0 0
 0 1 0 0 0 1 0 1 1 0 0 0 1 0 1 0 0 1 0 0 0 1 0 0 1 0 1 0 1 0 0 0 0 0 0 0 0
 1 0 0 0 1 0 0 1 1 1 0 0 1 1 0 0 0 0 1 0 0 0 0 0 1 0 1 0 0 0 0 1 0 1 0 0 0
 0 1 1 1 0 0 0 1 0 0 0 1 1 0 1 0 0 0 0 0 1 0 1 0 0 1 1 1 1 1 0 1 0 1 0 1 1
 1 0 0 0 1 1 1 0 0 0 1 0 0 1 0 1 1 1 0 1 0 0 0 1 0 1 1 0 0 0 1 0 1 1 1 1 0
 0 0 0 1 0 1 0 0 0 0 0 1 0 0 0 0 1 0 1 0 0 0 1 1 0 0 0 1 0 0 1 0 0 0 0 1 0
 0 0 1 0 1 1 0 1 1 0 1 1 1 0 0 0 0 1 0 0 0 0 0 1 0 0 1 0 0 1 0 1 0 1 0 0 0
 0 1 1 1 0 0 0 1 0 0 0 0 0 1 0 0 1 1 0 1 0 0 0 0 0 0 1 0 0 0 1 1 1 0 0 0 1
 0 0 1 0 0 1 0 0 0 0 0 0 1 0 1 0 0 0 0 0 1 1 0 0 0 0 0 0 1 1 0 1 1 0 0 0 0
 0 1 0 1 0 0 0 1 0 0 1 0 1 0 1 0 0 0 0 1 1 0 0 1 1 1 0 0 0 1 1 0 1 0 1 1 0
 1 0 1 1 0 0 1 1 0 1 0 1 1 1 0 1 0]

========== Cluster 5 ==========

Base classifier: RandomForestClassifier()

Minority Class: 1

Selected Features: [  8  56 135   7 223 216 156   0 193  25 117 185  57  18 173   4 165   1
 125  87 107  76  60  11 130   5 141 112 151 144  10 214 202 184 205 219
   3 101  36  93  73  34  94  67  97  65 113  41 183  51 131   2  40 119
  53 118  88 163  61 106 191 134 148   6 199 150 190  50 217 206 138 105
  12  66  14  96  77  85  31  42 166  45 100 196 142 213 182  72  22  90
 204  29 170  78  63 192  21  83 121 120  26  30 181 186 164 187  86  33
 177  70 123 145 143  98 189   9 140  48 220 124  59 203  35  37 162 167
 200  39  32 168 169  38 110 161 171 159  43  44 158  46  47  49 157 160
 172  28  27 222 194 197 221 188 218 198 180 179  13]

Labels: [0 0 0 0 0 0 0 0 1 1 0 0 0 0 1 0 0 0 0 0 1 0 0 0 0 1 1 0 0 0 0 0 0 0 0 0 0
 0 1 1 0 1 1 0 0 1 1 1 0 0 0 0 0 0 1 1 0 0 1 0 0 0 1 0 0 0 1 1 0 1 0 0 0 1
 0 1 0 0 0 1 0 0 0 0 1 1 0 1 0 0 0 0 1 0 1 0 0 1 0 0 0 0 0 0 0 1 0 0 1 0 1
 0 0 0 1 0 0 0 0 0 1 0 0 0 0 0 0 0 0 0 0 0 0 1 0 0 0 1 0 0 0 0 0 0 1 0 0 0
 0 0 0 0 0 1 0 0 1 1 0 0 0 1 1 1 0 0 0 1 1 1 0 0 0 0 0 0 1 0 0 0 1 0 0 0 0
 0 0 0 0 0 0 0 0 1 0 1 0 0 0 0 0 0 0 0 0 0 0 0 0 1 1 0 0 0 1 1 0 1 1 0 1 0
 0 0 0 1 0 0 0 1 0 0 1 1 0 1 0 0 0 0 0 0 0 0 0 0 1 1 0 1 0 0 1 0 0 0 0 0 1
 0 0 0 1 0 0 0 0 0 0 0 0 0 0 0 0 0 0 0 0 1 0 0 0 0 0 1 0 0 0 0 0 1 0 0 0 0
 0 0 0 1 1 0 1 0 1 0 0 0 0 0 0 0 0 1 1 0 0 1 1 1 0 0 0 1 0 0 1 1 0 0 0 0 0
 0 0 0 0 0 1 0 0 0 0 0 0 0 0 0 0 0 0 0 0 1 0 0 0 1 0 0 0 0 1 0 0 0 1 0 0 0
 0 0 1 1 0 1 0 0 0 0 0 0 1 1 0 1 0 0 1 0 0 0 0 0 0 0 0 1 0 0 0 0 0 0 0 0 0
 0 1 0]

========== Cluster 6 ==========

Base classifier: SVC(probability=True)

Minority Class: 1

Selected Features: [220 206 205 208 210 200 224 217 141 153 189 140  74 136 118  81  12  55
 139 138 219  13 170  61 137  42  62  80 116 158  54  48 114  43  77 149
 213  91 113  82 183  87 175 131 145  56  94 209  36  21 110  46 216 194
   5 215 181  23  52 127 150 126  50  53 154 207  37 167  32 159  34 124
 125 196 147 109  96 103  30  65  68  67  66   6  24  69  70  85  84  83
   1   2   3  79  78  76  75   4  73  63  72  71  64  10   7  35  20  22
  41  40  39  38  33   8  31  29  28  27  26  25  44  86  19  47  18  17
  49  51  16  15  14  11   9  57  58  59  60  45 112  88 173 184 182 180
 179 178 177 176 174 172 186 171 169 168 166 165 164 163 162 185 187  89
 202 222 221 218 214 212 211 204 203 201 188 199 198 197 195 193 192 191
 190 161 160 157 102 115 223 111 108 107 106 105 104 101 156 100  99  98
  97  95  93  92  90 117 119 120 121 155 152 151 148]

Labels: [0 1 1 0 0 1 0 0 0 1]

