============== Classifiers Parameters ==============
[{'n_estimators': 67, 'max_depth': 5, 'min_samples_split': 8, 'min_samples_leaf': 4, 'learning_rate': 0.27723676878229797}, {'n_estimators': 81, 'max_depth': 6, 'min_samples_split': 4, 'min_samples_leaf': 8, 'learning_rate': 0.11415987662936633}]

Optimal clusterer: kmeans

External clustering metrics:
adjusted_rand_score: 0.34061268645978654
normalized_mutual_info_score: 0.27966258057223886
v_measure_score: 0.2796625805722389
fowlkes_mallows_score: 0.6723992315585748

Internal clustering metrics:
silhouette: 0.11018488603480334
davies_bouldin: 2.8230223723106507
calinski_harabasz_score: 76.02085596285262

Base classifier: gb
========== Cluster 0 ==========

Labels: [1 0 1 1 0 0 0 0 0 1 1 0 0 0 0 0 0 0 0 0 0 1 0 1 0 0 0 0 0 1 1 1 0 0 0 0 0
 0 1 0 0 0 0 0 0 1 0 0 1 1 0 0 0 0 0 0 1 1 0 1 0 0 0 1 0 0 0 0 0 0 0 0 1 0
 0 1 1 0 0 0 1 1 0 0 0 1 0 0 1 1 0 1 0 0 0 0 0 1 0 0 1 1 1 1 0 0 0 0 0 0 1
 0 1 1 0 0 1 0 0 0 0 1 0 0 1 0 0 0 0 0 0 1 0 0 0 0 0 1 1 1 0 0 0 1 0 0 0 1
 0 0]

========== Cluster 1 ==========

Labels: [1 0 1 1 0 1 0 0 1 0 0 1 1 0 0 0 0 1 0 0 0 0 0 0 0 1 0 1 0 0 0 0 0 0 0 0 1
 0 0 0 1 0 0 1 1 1 0 1 1 0 1 1 0 0 1 1 1 0 0 1 0 0 1 1 0 0 1 0 0 0 1 1 1 0
 1 0 1 1 1 0 0 0 1 0 0 0 1 1 0 0 0 0 0 1 1 1 0 0 1 1 0 0 0 1 1 1 0 1 1 0 0
 0 1 0 1 1 0 0 1 0 1 0 1 1 0 1 1 0 0 0 0 0 0 0 1 0 0 1 1 1 1 0 1 1 0 1 1 1
 1 0 1 0 0 1 0 0 0 0 0 1 1 0 1 1 1 0 1 0 1 1 0 1 1 0 0 0 1 0 0 1 0 1 1 0 0
 0 1 1 1 1 0 0 1 1 1 1 1 1 1 1 1 1 1 1 1 1 1 1 1 1 1 1 0 0 0 0 0 0 0 0 0 0
 0 0 0 1 1 0 0 1 1 0 0 0 1 0 0 0 0 0 1 1 0 0 0 1 1 0 0 0 0 1 1 0 1 0 0 0 1
 0 0 0 1 0 0 1 0 0 1 1 1 0 1 0 1 0 0 1 0 1 0 1 1 1 0 0 1 1 0 1 0 0 1 0 0 0
 1 1 1 1 0 0 0 1 1 0 1 0 1 0 0 1 1 0 0 1 1 0 1 0 0 1 1 1 0 1 1 0 1 1 1 0 0
 1 1 0 0 1 1 1 0 0 1 0 1 1 1 0 0 0 1 0 1 1 0 0 1 0 1 0 0 1 1 0 0 1 1 1 0 1
 1 1 0 1 0 0 1 0 1 0 0 0 1 0 0 0 1 0 0 0 1 1 1 1 0 1 1 0 0 0 0 1 1 1 1 1 1
 1 0 1 1 1 0 0 0 1 0 1 0 0 1 1 1 0 0 1 1 1 0 0 0 1 1 1 0 0 1 1 0 0 1 1 0 1
 0 1 1 1 0 0 1 1 1 1 0 0 1 1 1 0 1 0 1 1 1 0 0 1 0 1 1]

